1 0.0009765625 0.12301113208134969 0.0009765625 0.13909661769866943 0.0009765625 0.1602111558119456 0.0009765625 0.17640743652979532 0.0009765625 0.19686303536097208 0.0009765625 0.21991479396820068 0.0009765625 0.2296206752459208 0.0009765625 0.23356042305628458 0.0009765625 0.21180673440297446 0.0009765625 0.17730083068211874 0.0009765625 0.14841763178507486
1 0.0009765625 0.2422749400138855 0.0009765625 0.23224947849909464 0.002551741898059845 0.24506702025731406 0.017340615391731262 0.2564103802045186 0.02367095835506916 0.27404818932215375 0.030818292871117592 0.2915099064509074 0.02992783486843109 0.3118220369021098 0.026165679097175598 0.3361065785090129 0.02923770807683468 0.38909820715586346 0.034594494849443436 0.41253483295440674 0.021605802699923515 0.42986591657002765 0.0009765625 0.43824108441670734 0.0009765625 0.4464590946833293 0.0009765625 0.39289291699727374 0.0009765625 0.36130277315775555 0.0009765625 0.28166643778483075 0.0009765625 0.2602142095565796
1 0.0009765625 0.500442902247111 0.016698654741048813 0.5069332917531332 0.03607631102204323 0.5284653902053833 0.04591427743434906 0.5542894204457601 0.043150171637535095 0.566063125928243 0.03340493515133858 0.5894018014272054 0.028561623767018318 0.6116837660471598 0.02292582020163536 0.6274299224217733 0.024907061830163002 0.6437696218490601 0.024197669699788094 0.6517471075057983 0.020195836201310158 0.6671409606933594 0.015708284452557564 0.6830922762552897 0.0029748317319899797 0.5780767202377319
1 0.03778456524014473 0.321306308110555 0.060709185898303986 0.30295119682947796 0.08680380135774612 0.3107396761576335 0.10288900882005692 0.3396882216135661 0.0889267548918724 0.36281808217366535 0.05917757749557495 0.387115478515625 0.04811152070760727 0.39956096808115643 0.04349825158715248 0.3960842688878377 0.0403282605111599 0.36994067827860516 0.03921298682689667 0.34000082810719806
1 0.0009765625 0.11260080337524414 0.023358622565865517 0.09862276911735535 0.05862116068601608 0.092139333486557 0.053092945367097855 0.11568676431973775 0.047877874225378036 0.12798880537350973 0.025325017049908638 0.1563238799571991 0.011807987466454506 0.16929771502812704 0.0036626069340854883 0.1643468141555786 0.0009765625 0.14228640993436178 0.0009765625 0.12679456671079
1 0.06966272741556168 0.08640583356221516 0.06300438940525055 0.12137475609779358 0.058063115924596786 0.17050480842590332 0.060068849474191666 0.1801325480143229 0.0862465649843216 0.20243434111277261 0.09392222762107849 0.22425333658854166 0.10517898947000504 0.2341224749883016 0.12255091220140457 0.24602681398391724 0.14995671808719635 0.23005908727645874 0.18634937703609467 0.2121541698773702 0.1994456648826599 0.2026243805885315 0.20248879492282867 0.15166794260342917 0.20279230177402496 0.10577319065729777 0.17118433117866516 0.08017077545324962 0.1520155370235443 0.06851965188980103
1 0.1800880879163742 0.0637202262878418 0.2101941853761673 0.09076417485872905 0.2450849413871765 0.07430078585942586 0.25449255108833313 0.06891951461633046 0.25574877858161926 0.04615881542364756
1 0.2173904925584793 0.0948018729686737 0.24927747249603271 0.08122156063715617 0.21196985244750977 0.12615062793095908
1 0.2168228030204773 0.1385179857412974 0.2587926685810089 0.08364160855611165 0.2911345362663269 0.09455457329750061 0.28582149744033813 0.13370466232299805 0.28393301367759705 0.16652760903040567 0.28697091341018677 0.19158188501993814 0.2815992534160614 0.20950661102930704 0.26101797819137573 0.2195320725440979 0.24317637085914612 0.22449582815170288 0.22514402866363525 0.20714491605758667 0.2188136875629425 0.18950708707173666 0.2134568840265274 0.16607046127319336
1 0.3463512361049652 0.2872072656949361 0.3759193420410156 0.2752445936203003 0.38357049226760864 0.30377556880315143 0.3815743923187256 0.32879720131556195 0.3876160681247711 0.3509684006373088 0.39125579595565796 0.36024391651153564 0.37703898549079895 0.41584455966949463 0.34359151124954224 0.4096410671869914 0.33509886264801025 0.38799818356831867 0.34075915813446045 0.3655401070912679 0.3496874272823334 0.342377503712972 0.3495212197303772 0.3133508563041687
1 0.2651868462562561 0.04649404684702555 0.2879303991794586 0.04047363499800364 0.31433817744255066 0.037016729513804116 0.3235892057418823 0.037258148193359375 0.3307120203971863 0.06143187483151754 0.3356970548629761 0.07488854229450226 0.359017938375473 0.05980137983957926 0.38086140155792236 0.039443748692671456 0.397465318441391 0.038100168108940125 0.4013446867465973 0.05626632273197174 0.38930508494377136 0.07451062897841136 0.3641936779022217 0.09557270010312398 0.34118592739105225 0.0994144876797994 0.31833478808403015 0.09763357043266296 0.3029930889606476 0.08864497145016988 0.27840036153793335 0.07941495875517528 0.2664342224597931 0.07752323150634766 0.26347941160202026 0.06698229412237804
1 0.030114123597741127 0.22347660859425864 0.07579194009304047 0.23375044266382852 0.061995893716812134 0.2859070301055908 0.03610683232545853 0.25907182693481445
1 0.08309584110975266 0.24558947483698526 0.10172997415065765 0.2471616268157959 0.11691510677337646 0.2617729107538859 0.10595662891864777 0.2820197542508443 0.0944698229432106 0.29790929953257245 0.07720550149679184 0.2938063144683838 0.06879594922065735 0.2866767843564351
1 0.12835291028022766 0.2593073646227519 0.15520590543746948 0.24569439888000488 0.17065520584583282 0.26248433192571 0.18475915491580963 0.27509307861328125 0.17936302721500397 0.299729843934377 0.1537136435508728 0.2817852894465129 0.14448711276054382 0.2748318711916606 0.11697372049093246 0.282998263835907
1 0.10519825667142868 0.3034211993217468 0.14050976932048798 0.28351374467213947 0.17498944699764252 0.3051437735557556 0.19148574769496918 0.29599887132644653 0.19383876025676727 0.32231857379277545 0.15613488852977753 0.363979697227478 0.14081768691539764 0.34827907880147296 0.11867593973875046 0.33852072556813556
1 0.024536117911338806 0.447118878364563 0.11180239915847778 0.3578869899113973 0.13465355336666107 0.35966793696085614 0.14385558664798737 0.3733333746592204 0.126429483294487 0.4508637587229411 0.0888821929693222 0.4869021972020467 0.0634479969739914 0.4845603307088216 0.049162957817316055 0.48428622881571454 0.044887326657772064 0.46285216013590497
1 0.17150108516216278 0.36625627676645917 0.198295459151268 0.331417977809906 0.2139013111591339 0.3425852060317993 0.22179217636585236 0.3800068298975627 0.2193998247385025 0.4017604986826579 0.21255077421665192 0.41441476345062256 0.19104494154453278 0.41681500275929767 0.19069768488407135 0.40012303988138836 0.17427483201026917 0.38913194338480633
1 0.22602404654026031 0.33885423342386883 0.26083171367645264 0.30787750085194904 0.279226154088974 0.30055902401606244 0.27453944087028503 0.3172183434168498 0.27841880917549133 0.3353844881057739 0.28640761971473694 0.34595807393391925 0.29669082164764404 0.3616260290145874 0.29756641387939453 0.3826752503712972 0.2693288028240204 0.4401804606119792 0.23471702635288239 0.4174611171086629 0.22862635552883148 0.4087139368057251 0.22938473522663116 0.3873124917348226 0.22647890448570251 0.36334753036499023 0.22325994074344635 0.35062793890635174
1 0.24911046028137207 0.23886571327845255 0.2781502306461334 0.22254576285680136 0.2938540577888489 0.2068649729092916 0.2924990952014923 0.16803445418675741 0.297283798456192 0.12452710668245952 0.29706859588623047 0.10892445842425029 0.30550265312194824 0.10934197902679443 0.31689149141311646 0.1203004519144694 0.3428487777709961 0.20301034053166708 0.3360583782196045 0.23688995838165283 0.32797160744667053 0.2531643907229106 0.3015638291835785 0.2566212813059489 0.2779543101787567 0.27624183893203735 0.25578805804252625 0.273195485273997 0.24534830451011658 0.2631502151489258 0.24281425774097443 0.24916523694992065
1 0.3223707377910614 0.11017704010009766 0.3547370731830597 0.11437800526618958 0.40003350377082825 0.08002251883347829 0.40896177291870117 0.05685996015866598 0.40444642305374146 0.026535215477148693 0.4436618387699127 0.0180819071829319 0.45049601793289185 0.046789005398750305 0.45927733182907104 0.06389849881331126 0.47230011224746704 0.07450475295384724 0.4554417133331299 0.10831904411315918 0.4369737505912781 0.13577356934547424 0.4319983720779419 0.15696625908215842 0.40715113282203674 0.18020695447921753 0.3687282204627991 0.19519617160161337 0.3506469130516052 0.19126927852630615 0.3447128236293793 0.1768994132677714 0.33324089646339417 0.15142759680747986
1 0.4446249306201935 0.16430456439654031 0.46121925115585327 0.12831162412961325 0.4827154278755188 0.0912620226542155 0.48859092593193054 0.08440655469894409 0.5052534341812134 0.10428831974665324 0.516461193561554 0.12758148709932962 0.47376713156700134 0.231796662012736 0.4609839618206024 0.23008106152216592 0.45178189873695374 0.21641562382380167 0.4536459147930145 0.190304696559906
1 0.5280311107635498 0.12620525558789572 0.557246744632721 0.17356135447820029 0.5749168992042542 0.21558165550231934 0.579192578792572 0.23701576391855875 0.5523885488510132 0.23720473051071167 0.511803388595581 0.24818887313206991 0.48934850096702576 0.24967590967814127 0.48054268956184387 0.23927843570709229 0.4947349727153778 0.19038981199264526 0.5143330097198486 0.15151379505793253
1 0.5111000537872314 0.0013020833333333333 0.5888458490371704 0.0013020833333333333 0.5919327735900879 0.0013020833333333333 0.5790761113166809 0.007894276330868403 0.56205153465271 0.012681903938452402 0.547370195388794 0.009139889230330786 0.5303211212158203 0.020639530072609585 0.5179097056388855 0.028903881708780926 0.5130812525749207 0.009824516251683235
1 0.526568591594696 0.07957342267036438 0.5543364882469177 0.038936302065849304 0.5803725123405457 0.025499438246091206 0.6147935390472412 0.025904126465320587 0.6392296552658081 0.04075683901707331 0.6554959416389465 0.05737064282099406 0.6651284098625183 0.10224137703577678 0.6492286324501038 0.17161824305852255 0.6314945816993713 0.18438331286112467 0.6195626258850098 0.21042895317077637 0.6163532137870789 0.23235875368118286 0.6036776900291443 0.23844446738560995 0.585860550403595 0.23669620354970297 0.5837717652320862 0.21255511045455933 0.5682393312454224 0.1812518835067749 0.5509653687477112 0.14249950647354126 0.5416557192802429 0.12103274464607239 0.5379083752632141 0.10395591457684834 0.5349536538124084 0.09341496229171753
1 0.6833173036575317 0.11396960417429607 0.7080910801887512 0.11086491743723552 0.731759250164032 0.11246971289316814 0.7573010325431824 0.12261294325192769 0.769193708896637 0.14464069406191507 0.7764976024627686 0.1564797063668569 0.7971619367599487 0.16096757849057516 0.8044903874397278 0.16609459122021994 0.8041282296180725 0.19076400995254517 0.8075379133224487 0.225798229376475 0.8057228326797485 0.2384851574897766 0.7775490283966064 0.24120495716730753 0.7718545794487 0.23572574059168497 0.7750149965286255 0.2272199591000875 0.7855037450790405 0.2238412102063497 0.7923772931098938 0.20447494586308798 0.7890262007713318 0.19066605965296426 0.773395836353302 0.18621081113815308 0.760216474533081 0.18122726678848267 0.7489352226257324 0.17807010809580484 0.746831476688385 0.19529042641321817 0.7319936752319336 0.1973710854848226 0.7269597053527832 0.1973384221394857 0.7281239628791809 0.21385429302851358 0.7221408486366272 0.2129084269205729 0.6885612607002258 0.20561563968658447 0.6646289825439453 0.2018321951230367 0.6603043675422668 0.1938221057256063 0.6564004421234131 0.18236796061197916 0.6641154885292053 0.15611356496810913 0.6707493662834167 0.12785664200782776
1 0.3817703127861023 0.27510114510854083 0.41112324595451355 0.2475358247756958 0.42435163259506226 0.23909535010655722 0.4475744962692261 0.2508562207221985 0.46671250462532043 0.26349765062332153 0.4707484543323517 0.27604111035664874 0.45533326268196106 0.2871885299682617 0.4402312934398651 0.2870905598004659 0.4234952926635742 0.2873448332150777 0.39039504528045654 0.2978333036104838
1 0.4524371027946472 0.29787294069925946 0.4730183482170105 0.28784747918446857 0.4813202917575836 0.2871756951014201 0.5021263957023621 0.3274022539456685 0.5162400007247925 0.3746603727340698 0.49368712306022644 0.4029954671859741 0.47613412141799927 0.40342581272125244 0.44232451915740967 0.421891729036967 0.4208773076534271 0.4455173412958781 0.4088866710662842 0.45033760865529376 0.39375051856040955 0.42230228583017987 0.38836923241615295 0.40557769934336346 0.39700883626937866 0.3869485060373942 0.3986673057079315 0.3798842827479045 0.42472776770591736 0.3597354094187419 0.43908628821372986 0.33987343311309814 0.45017683506011963 0.32071592410405475 0.45307302474975586 0.310031533241272
1 0.5186471939086914 0.3115453322728475 0.5525398850440979 0.307592769463857 0.5728815197944641 0.288676659266154 0.5975966453552246 0.26434661944707233 0.6101155877113342 0.2638836105664571 0.6160593628883362 0.31290284792582196 0.6130896806716919 0.34372325738271076 0.5997047424316406 0.3577864170074463 0.5844461917877197 0.36331117153167725 0.5651271343231201 0.3630044460296631 0.5311022996902466 0.36586769421895343 0.5228738784790039 0.34640347957611084
1 0.6286325454711914 0.22300507624944052 0.6439987421035767 0.22528167565663657 0.6587386131286621 0.2500490148862203 0.677108645439148 0.2494425376256307 0.6889426708221436 0.250244935353597 0.7204089164733887 0.24010868867238364 0.7318956851959229 0.22421910365422568 0.7537977695465088 0.2250868280728658 0.7598639726638794 0.24054602781931558 0.7602943181991577 0.27175132433573407 0.7562680244445801 0.2938572367032369 0.7471832036972046 0.32264244556427 0.7292680740356445 0.347742239634196 0.714909553527832 0.36760417620340985 0.6984133124351501 0.37674911816914874 0.6776168346405029 0.37117187182108563 0.6635128855705261 0.3585631052652995 0.642104983329773 0.33411534627278644 0.6282555460929871 0.2890358368555705 0.6233440041542053 0.25544313589731854
1 0.5149287581443787 0.39841659863789874 0.5463460683822632 0.4017043113708496 0.5600292682647705 0.41775719324747723 0.5922390818595886 0.4275808334350586 0.6037013530731201 0.4184032678604126 0.6180205345153809 0.44661470254262287 0.6101734638214111 0.471779743830363 0.5929187536239624 0.5023261308670044 0.5905264019966125 0.5240797599156698 0.5389240980148315 0.5340854326883951 0.5203144550323486 0.5258012612660726 0.49579522013664246 0.4964352448781331 0.49377983808517456 0.4521581331888835 0.5002816319465637 0.42281190554300946
1 0.634311318397522 0.4565165042877197 0.6429018974304199 0.45131131013234455 0.6556605696678162 0.4597389300664266 0.663938045501709 0.4657791455586751 0.6702439188957214 0.4901289939880371 0.6660854816436768 0.5111455917358398 0.6573383212089539 0.521973450978597 0.6502251029014587 0.5324490865071615 0.6281664371490479 0.5372040669123331 0.6167286038398743 0.5396695931752523 0.6063132882118225 0.5229123036066691 0.6100754737854004 0.49862778186798096 0.6244584918022156 0.47205384572347003
1 0.10422388464212418 0.4958908160527547 0.13386546075344086 0.463792085647583 0.1572694331407547 0.4632182518641154 0.17257700860500336 0.44426949818929035 0.1909959614276886 0.4302390416463216 0.20665079355239868 0.42798225084940594 0.21916978061199188 0.4275192419687907 0.24073421955108643 0.4463443358739217 0.2553665339946747 0.4633103609085083 0.26246488094329834 0.494196097056071 0.2626896798610687 0.5444480975468954 0.25655969977378845 0.5837742884953817 0.23888425529003143 0.6177647113800049 0.21074455976486206 0.6484218835830688 0.18401402235031128 0.6284748315811157 0.14028333127498627 0.6066033840179443 0.11450186371803284 0.5875694751739502 0.10350926965475082 0.5798790057500204 0.10056931525468826 0.5279766321182251
1 0.06384865194559097 0.5984883308410645 0.07833923399448395 0.5797156890233358 0.09584323316812515 0.5927093426386515 0.10936988890171051 0.6143848498662313 0.10853805392980576 0.6559223333994547 0.09777027368545532 0.6984838644663492 0.06738518178462982 0.7106226285298666 0.048066139221191406 0.7103159427642822 0.051011305302381516 0.6862074534098307 0.059807468205690384 0.6619555950164795 0.056769564747810364 0.636901338895162 0.06298268586397171 0.6120884815851847
1 0.035796474665403366 0.7543189525604248 0.061485204845666885 0.7241900761922201 0.0929514616727829 0.7140538692474365 0.10528936982154846 0.7259255250295004 0.11415378004312515 0.7575483322143555 0.12059171497821808 0.7829874356587728 0.10175203531980515 0.800462007522583 0.08019722253084183 0.8162863254547119 0.061117857694625854 0.8248702685038248 0.046666618436574936 0.7955694993336996 0.03561541065573692 0.7666536172231039
1 0.029402295127511024 0.791466474533081 0.054581962525844574 0.8262791633605957 0.06362742930650711 0.8455672264099121 0.06437094509601593 0.8655271530151367 0.05557478219270706 0.8897790114084879 0.05210128426551819 0.9095301628112793 0.04527673125267029 0.9154724280039469 0.03197099268436432 0.8172143300374349
1 0.0736219733953476 0.8657685915629069 0.09739769995212555 0.8751746813456217 0.10739225149154663 0.8953759670257568 0.11699055135250092 0.9123094081878662 0.10521508753299713 0.932732343673706 0.09348861128091812 0.9397312800089518 0.06675807386636734 0.9197842280069987 0.06069190055131912 0.904325008392334 0.06706158071756363 0.8738894462585449
1 0.0475466288626194 0.9272788365681967 0.0802602469921112 0.9481717745463053 0.09233398735523224 0.9578647613525391 0.09579263627529144 0.9794750213623047 0.0967172160744667 0.9871002038319906 0.058030158281326294 0.9999107519785563 0.05409989133477211 0.9997162024180094 0.04629802331328392 0.9353724320729574
1 0.10624725371599197 0.9481588204701742 0.12102650105953217 0.9248528480529785 0.14962105453014374 0.9186890125274658 0.1706230491399765 0.9052194754282633 0.18488359451293945 0.9122056166330973 0.19105736911296844 0.9354660511016846 0.19804812967777252 0.9585505326588949 0.19528402388095856 0.9703241984049479 0.15920448303222656 0.9769837061564127 0.1312948316335678 0.9818821748097738 0.10694180428981781 0.9815428256988525
1 0.12650655210018158 0.728058656056722 0.13646696507930756 0.7203226089477539 0.14336499571800232 0.694244384765625 0.1669500321149826 0.6813357671101888 0.19419926404953003 0.670990784962972 0.2065371721982956 0.6828624407450358 0.20822976529598236 0.7037355899810791 0.19197311997413635 0.7217710812886556 0.1633295863866806 0.7413589954376221 0.14612388610839844 0.7584814230600992 0.13547855615615845 0.7674827575683594 0.12819913029670715 0.7489317258199056
1 0.22186924517154694 0.6572017272313436 0.25488635897636414 0.6321998834609985 0.2820034921169281 0.6207655270894369 0.3052509129047394 0.6258144378662109 0.32739266753196716 0.6355727513631185 0.34988170862197876 0.6620230674743652 0.3519950211048126 0.6794521808624268 0.34357061982154846 0.7136839230855306 0.3362518548965454 0.7432063420613607 0.3195158541202545 0.7434605757395426 0.3006175756454468 0.7397097746531168 0.29202693700790405 0.7449149290720621 0.2743663787841797 0.7375439802805582 0.24523386359214783 0.7047012646993002 0.24433377385139465 0.6903640429178873 0.2251713126897812 0.6844345728556315 0.2197410613298416 0.6811339855194092 0.21773532032966614 0.6715062459309896
1 0.14346736669540405 0.7780563831329346 0.17977693676948547 0.7456381320953369 0.21279405057430267 0.7206362883249918 0.23380567133426666 0.7418161233266195 0.2554777264595032 0.7684425512949625 0.25946468114852905 0.7944100697835287 0.25278186798095703 0.8360910415649414 0.2301214039325714 0.8566247622172037 0.1971532553434372 0.8682025273640951 0.16895493865013123 0.8776343663533529 0.15400950610637665 0.8719136714935303 0.14596207439899445 0.8401147524515787 0.1403656154870987 0.8077874978383383
1 0.2321857511997223 0.8874777952829996 0.2704424262046814 0.8434619108835856 0.3057294487953186 0.8302664756774902 0.3377240300178528 0.8244875272115072 0.3613187074661255 0.8462283611297607 0.3879416584968567 0.8583741188049316 0.39804378151893616 0.886376698811849 0.40761759877204895 0.9100220998128256 0.41181010007858276 0.916942834854126 0.39613077044487 0.9259116649627686 0.3490096926689148 0.9383047421773275 0.26704680919647217 0.9537371794382731 0.22279740869998932 0.9621578057607015 0.22671614587306976 0.9322505791982015
1 0.37046295404434204 0.6519976456960043 0.3911859095096588 0.6777108510335287 0.4068993926048279 0.696679433186849 0.4032203257083893 0.7354772090911865 0.40446770191192627 0.7665064334869385 0.35025787353515625 0.782663106918335 0.344348281621933 0.7615811824798584 0.3530368208885193 0.729528029759725 0.3569800555706024 0.692908763885498 0.3649592101573944 0.6688330173492432
1 0.27744966745376587 0.45184338092803955 0.3003987967967987 0.4267762502034505 0.330891489982605 0.4224387804667155 0.3612276017665863 0.4237240155537923 0.3848467469215393 0.43875284989674884 0.39592245221138 0.4609566926956177 0.38520365953445435 0.4900941848754883 0.378486692905426 0.5038377443949381 0.3678658902645111 0.5061271985371908 0.35289594531059265 0.5071185429890951 0.3380090892314911 0.5226232608159384 0.3255242705345154 0.5510236024856567 0.3038618266582489 0.5590465466181437 0.28535977005958557 0.5585637092590332 0.27926912903785706 0.5498165289560953 0.2747196853160858 0.49155441919962567 0.27344784140586853 0.4672372341156006
1 0.40868109464645386 0.4693843126296997 0.4379115700721741 0.4753790299097697 0.44563624262809753 0.48377402623494464 0.42743247747421265 0.5134071509043375 0.40501168370246887 0.542831540107727 0.3825909197330475 0.5722559293111166 0.37634366750717163 0.5691314538319906 0.37876051664352417 0.5406657457351685 0.3789660632610321 0.5216190417607626 0.3892396092414856 0.5026376644770304 0.40156787633895874 0.47985994815826416
1 0.45894768834114075 0.4898469050725301 0.4704441428184509 0.5086066722869873 0.47648584842681885 0.5307778517405192 0.4829237461090088 0.5562170346577963 0.4946257472038269 0.5559300978978475 0.4771313965320587 0.5775858163833618 0.451838880777359 0.6109825770060221 0.443223774433136 0.6228997707366943 0.42161035537719727 0.6174986759821574 0.41367053985595703 0.593501091003418 0.39577028155326843 0.577239473660787 0.4042778015136719 0.5575209856033325 0.43887028098106384 0.5109415849049886 0.4504891633987427 0.49614135424296063
1 0.4983975291252136 0.5662949482599894 0.4625428318977356 0.6232064962387085 0.4728260338306427 0.6388744115829468 0.48745831847190857 0.6558404763539633 0.5061169266700745 0.6507006486256918 0.5142868161201477 0.6489395300547282 0.5209206938743591 0.6206825971603394 0.5091601014137268 0.5997442007064819 0.5031183958053589 0.5775729417800903
1 0.5575188994407654 0.583730936050415 0.5910888314247131 0.5563743909200033 0.5953889489173889 0.5710964997609457 0.5841419100761414 0.5958766937255859 0.5722832679748535 0.6017863353093466 0.559607744216919 0.6078720490137736 0.5572057962417603 0.5949763456980387
1 0.5639078617095947 0.6225941181182861 0.5916023254394531 0.6020930608113607 0.607247531414032 0.5651868979136149 0.6188419461250305 0.5570986270904541 0.6566874980926514 0.5511761903762817 0.6724499464035034 0.5567207336425781 0.6851350665092468 0.5852843920389811 0.6948409676551819 0.6100190877914429 0.6999091506004333 0.6379891236623129 0.6891072392463684 0.6526132424672445 0.6666278839111328 0.660812258720398 0.6533260345458984 0.6893887519836426 0.6213410496711731 0.7298171520233154 0.5854426026344299 0.7241419951121012 0.5705216526985168 0.7117092609405518 0.5628949403762817 0.6764663060506185 0.5474701523780823 0.6529643932978312
1 0.41868969798088074 0.634895126024882 0.4535069763660431 0.6385677258173624 0.4554978609085083 0.6895568370819092 0.45925480127334595 0.7412830193837484 0.45701903104782104 0.7574140230814616 0.4339868128299713 0.7679677804311117 0.4246037006378174 0.7666370868682861 0.41821473836898804 0.727773904800415 0.4183616638183594 0.6875018278757731 0.41490304470062256 0.6658916473388672 0.4138708710670471 0.6504650910695394
1 0.46582481265068054 0.7678115367889404 0.5013418793678284 0.7288573582967123 0.5371327996253967 0.7267312208811442 0.584048330783844 0.7333848476409912 0.6082202792167664 0.7460589408874512 0.6129997372627258 0.7785623073577881 0.6154603362083435 0.8126832644144694 0.6203963756561279 0.8395640055338541 0.6217172145843506 0.8504571119944254 0.6110963821411133 0.8527465661366781 0.5951284170150757 0.8662487665812174 0.5882548689842224 0.8856150309244791 0.5446658730506897 0.899482250213623 0.5088750123977661 0.901608387629191 0.4844196140766144 0.8174570401509603 0.4705212116241455 0.7858014901479086 0.4679626524448395 0.7785285313924154
1 0.35416173934936523 0.7941172122955322 0.40428662300109863 0.7788410981496176 0.4078773558139801 0.8015406926472982 0.399345338344574 0.8279711405436198 0.38733020424842834 0.8395034472147623 0.35379961133003235 0.8187867005666097 0.3452579975128174 0.8105678558349609
1 0.6131089925765991 0.4130219618479411 0.6206673979759216 0.39239029089609784 0.6291993856430054 0.3659597635269165 0.6354956030845642 0.3556602398554484 0.6569280028343201 0.37339603900909424 0.6691093444824219 0.3908903996149699 0.6573583483695984 0.4046013355255127 0.6470847725868225 0.4235827128092448 0.6376771926879883 0.4289640188217163 0.6229714751243591 0.4321339925130208
1 0.681339681148529 0.39496076107025146 0.6999983191490173 0.3898208936055501 0.7154720425605774 0.39989880720774335 0.7216703295707703 0.41644732157389325 0.7107118368148804 0.4366941452026367 0.6961382031440735 0.44095345338185626 0.6843530535697937 0.42672701676686603 0.6804492473602295 0.41527287165323895
1 0.7459796071052551 0.35419996579488117 0.7540663480758667 0.3379255533218384 0.7763892412185669 0.3353492021560669 0.7914667129516602 0.3421591520309448 0.8032028675079346 0.3698095877965291 0.8096407651901245 0.3952487309773763 0.8137598037719727 0.4223055839538574 0.8027768731117249 0.4492643674214681 0.7912901043891907 0.46515393257141113 0.7782427668571472 0.4612596829732259 0.7669029235839844 0.4368772506713867 0.7595159411430359 0.410524845123291 0.7518157362937927 0.39541788895924884 0.7466986179351807 0.38087189197540283
1 0.6944255232810974 0.5374524195988973 0.7167142033576965 0.5069387356440226 0.7563992738723755 0.4816173315048218 0.7701560258865356 0.47753413518269855 0.7853997349739075 0.5133707920710245 0.7976641654968262 0.5453784863154093 0.7941662073135376 0.5718416372934977 0.7730321288108826 0.5842218399047852 0.7333129048347473 0.581605871518453 0.7041559219360352 0.555475115776062
1 0.7604641318321228 0.5981088876724243 0.7972285747528076 0.5901838938395182 0.8033192157745361 0.598931074142456 0.7933098673820496 0.6200911204020182 0.7842739820480347 0.6354523499806722 0.7691965103149414 0.6286424398422241 0.7557529211044312 0.6214802265167236 0.753615140914917 0.610763152440389
1 0.8117042779922485 0.6127726236979166 0.7996156811714172 0.6444409290949503 0.799385666847229 0.6701997121175131 0.8016065955162048 0.6954301198323568 0.8074085712432861 0.7087105909983317 0.8283860683441162 0.7019530932108561 0.8460466861724854 0.70932404200236 0.8535561561584473 0.7021164099375407 0.839814305305481 0.6648381948471069 0.8263365626335144 0.6297386487325033
1 0.7841768264770508 0.4756295680999756 0.7961430549621582 0.47752130031585693 0.8068224787712097 0.49645721912384033 0.8166604042053223 0.5222812493642172 0.8271833062171936 0.5468398332595825 0.8245023488998413 0.5731268723805746 0.8154419660568237 0.5952001412709554 0.8054229617118835 0.5817107756932577 0.8061813116073608 0.560309370358785 0.804801881313324 0.528190811475118 0.7938827276229858 0.5003643035888672 0.7890297770500183 0.4879969358444214
1 0.6271185874938965 0.7498096625010172 0.6388450264930725 0.7428107261657715 0.6606395244598389 0.7358771165211996 0.7113417387008667 0.711534341176351 0.7279946804046631 0.6967666943868002 0.7466532588005066 0.691626787185669 0.7741177082061768 0.6968844731648763 0.7901442646980286 0.7046075661977133 0.7909122705459595 0.7178555329640707 0.7866217494010925 0.7377827962239584 0.777140736579895 0.7633001009623209 0.7529293894767761 0.7986993789672852 0.7359879016876221 0.818000316619873 0.6590983271598816 0.7853920459747314 0.6320791244506836 0.7699783643086752
1 0.7076073288917542 0.0013020833333333333 0.7203904986381531 0.0013020833333333333 0.7318623661994934 0.009610962743560473 0.7393229007720947 0.015827289472023647 0.7476248741149902 0.015155494213104248 0.749474048614502 0.030405926207701366 0.7320041060447693 0.04534963766733805 0.7243380546569824 0.058180014292399086 0.7006699442863464 0.05657521386941274 0.6918641924858093 0.04617772499720255 0.6948093175888062 0.022069305181503296 0.705239474773407 0.0013020833333333333
1 0.7581135630607605 0.011776749044656754 0.7569493055343628 0.0013020833333333333 0.7557606101036072 0.0013020833333333333 0.765119194984436 0.0013020833333333333 0.7748740911483765 0.004810473881661892 0.7771684527397156 0.009904842202862104 0.7685288786888123 0.028534019986788433 0.761043906211853 0.02902970214684804
1 0.7947266697883606 0.0013020833333333333 0.9129256010055542 0.0013020833333333333 0.9003087282180786 0.0013020833333333333 0.8853974342346191 0.0013020833333333333 0.851719856262207 0.0013020833333333333 0.8273178339004517 0.0013020833333333333 0.8108949661254883 0.0013020833333333333 0.8026664853096008 0.0013020833333333333 0.7953625917434692 0.0013020833333333333
1 0.8344651460647583 0.005378425121307373 0.8738861083984375 0.0013020833333333333 0.900714635848999 0.0013020833333333333 0.9360847473144531 0.0013020833333333333 0.9434962272644043 0.0013020833333333333 0.9433737993240356 0.025495712955792744 0.9280416965484619 0.05115648607412974 0.9165059328079224 0.08047006030877431 0.9140304923057556 0.08771040042241414 0.8950001001358032 0.0828703095515569 0.8719092607498169 0.07219875355561574 0.8498751521110535 0.07024172445138295 0.8360598087310791 0.05309957762559255 0.8310161232948303 0.018417568256457646
1 0.7964140176773071 0.030347588161627453 0.8184236884117126 0.03901661932468414 0.8322389721870422 0.05615876615047455 0.8332712054252625 0.07158530255158742 0.816774845123291 0.08073020974795024 0.8044466376304626 0.10350788633028667 0.8007333874702454 0.11436840891838074 0.7829897403717041 0.09248411655426025 0.7900443077087402 0.06078313787778219
1 0.8158109784126282 0.12117836872736613 0.8360545635223389 0.129110316435496 0.8659699559211731 0.13383959730466208 0.8888210654258728 0.1356205145517985 0.9037175178527832 0.15476518869400024 0.9047497510910034 0.17019172509511313 0.8850930333137512 0.18784238894780478 0.8749516010284424 0.2079131007194519 0.8792272210121155 0.22934720913569132 0.8825293183326721 0.256580114364624 0.8948671817779541 0.2684518098831177 0.89579176902771 0.2760770122210185 0.876101016998291 0.26579034328460693 0.8341363668441772 0.24465598662694296 0.8199003338813782 0.2309578855832418 0.8167303204536438 0.2048142949740092 0.8144018054008484 0.1717825929323832 0.8143676519393921 0.1438452402750651 0.8171318173408508 0.13207153479258218
1 0.9491757750511169 0.03877628594636917 0.9523575305938721 0.061698113878568016 0.9606669545173645 0.13354680935541788 0.9617565274238586 0.13921386003494263 0.9684557914733887 0.19446398814519247 0.9523991942405701 0.16215594609578451 0.9360253214836121 0.13774080077807108 0.9238684773445129 0.113534410794576 0.9277381896972656 0.0970512330532074 0.9324004650115967 0.08710392316182454 0.9330267310142517 0.06461314857006073 0.9408248066902161 0.052872096498807274
1 0.9195045232772827 0.15359771251678467 0.9253799915313721 0.14674224456151327 0.9389556050300598 0.15499375263849893 0.9513766169548035 0.18137876192728677 0.9689637422561646 0.20888572931289673 0.9714760780334473 0.21937302748362222 0.9738752841949463 0.24247845013936362 0.9542431235313416 0.25341711441675824 0.9344788193702698 0.2632664442062378 0.9222729802131653 0.2524840831756592 0.9058011770248413 0.2549169858296712 0.8984482884407043 0.2565019726753235 0.8885027170181274 0.22287662823994955 0.890078067779541 0.20129905144373575 0.91013103723526 0.18691633145014444 0.9176895022392273 0.16628464063008627
1 0.9383826851844788 0.27472056945164997 0.9730093479156494 0.256078581015269 0.9792906641960144 0.28714040915171307 0.9820286631584167 0.30640212694803876 0.9847646951675415 0.35302770137786865 0.9713797569274902 0.3670908610026042 0.9573588967323303 0.36899542808532715 0.9471833109855652 0.3611287673314412 0.9440622925758362 0.32156121730804443 0.941865861415863 0.2896187702814738
1 0.8210986852645874 0.2754111091295878 0.8396252393722534 0.2691819469134013 0.855519711971283 0.27581578493118286 0.8814823031425476 0.2825149695078532 0.8908408880233765 0.2905577023824056 0.8878957033157349 0.31466609239578247 0.887558102607727 0.3326235016187032 0.8924110531806946 0.3449908494949341 0.8984526991844177 0.367162028948466 0.9005905389785767 0.3778791030248006 0.8983547687530518 0.394010066986084 0.8825188279151917 0.4086015621821086 0.8482053875923157 0.4159982204437256 0.8325750231742859 0.41154301166534424 0.8230257034301758 0.3811855713526408 0.8205651640892029 0.3470645745595296 0.825564980506897 0.3191598653793335 0.8241611123085022 0.29375336567560834 0.8232365250587463 0.2861281633377075
1 0.8042052984237671 0.46795888741811115 0.8180599808692932 0.4370276133219401 0.8463658690452576 0.4353971481323242 0.8730623126029968 0.4274068276087443 0.9005756378173828 0.41924047470092773 0.92345130443573 0.4143093427022298 0.9370514750480652 0.41584885120391846 0.9365572333335876 0.43942896525065106 0.9343214631080627 0.45555996894836426 0.9234950542449951 0.47689608732859295 0.911851704120636 0.49840831756591797 0.9068763256072998 0.519601027170817 0.9030309915542603 0.5293722152709961 0.8770440220832825 0.5293850898742676 0.8519815802574158 0.537023146947225 0.8369871377944946 0.5447265307108561 0.8259114623069763 0.5225226481755575 0.8156527876853943 0.5001426935195923 0.8109564185142517 0.48215266068776447
1 0.9642420411109924 0.38427849610646564 0.9897348880767822 0.40784573554992676 0.9973860383033752 0.43637673060099286 1.0 0.5324126482009888 1.0 0.5529336134592692 0.992165744304657 0.5246895551681519 0.9866768717765808 0.5001635551452637 0.9736295938491821 0.49626930554707843 0.9774162173271179 0.46527278423309326 0.9778859615325928 0.4484047492345174 0.9749556183815002 0.4311517874399821 0.9673875570297241 0.4171341260274251 0.9540761113166809 0.41106124718983966 0.9567080736160278 0.3981982469558716
1 0.9745987057685852 0.3798104524612427 0.9902045726776123 0.3909777005513509 0.9875874519348145 0.3624793291091919
1 0.4184150695800781 0.7847379048665365 0.4429246783256531 0.7794545491536459 0.45555126667022705 0.7867929140726725 0.4669986963272095 0.8189767201741537 0.48934081196784973 0.8856991132100424 0.49390509724617004 0.9025998115539551 0.45890671014785767 0.911261796951294 0.43276312947273254 0.9168973763783773 0.4217950403690338 0.9024948279062907 0.40715309977531433 0.8508795102437338 0.4151322841644287 0.8268037637074789
1 0.8388363122940063 0.5599768956502279 0.8839272260665894 0.5446681578954061 0.9315521121025085 0.5433443784713745 0.966188371181488 0.5593517223993937 0.9903603196144104 0.5720258156458536 0.9843868613243103 0.6057293017705282 0.9682133793830872 0.6382782061894735 0.9422360062599182 0.6729403336842855 0.9021546244621277 0.694993813832601 0.8790148496627808 0.697746197382609 0.863937258720398 0.6909363269805908 0.8457387685775757 0.6445587078730265 0.8324421048164368 0.5971244970957438 0.8352552056312561 0.5719267527262369
1 0.9657571911811829 0.71481720606486 1.0 0.6880216598510742 1.0 0.6964492797851562 1.0 0.7088166077931722 1.0 0.7624018987019857 1.0 0.7823944091796875 1.0 0.7925307750701904 0.9561877846717834 0.8018319606781006 0.9478272199630737 0.7812783718109131 0.9507723450660706 0.7571699619293213 0.9598327279090881 0.7350966930389404
1 0.8049086332321167 0.7226629257202148 0.8421769142150879 0.725807269414266 0.8505130410194397 0.7530728181203207 0.845669686794281 0.775354782740275 0.8543775677680969 0.8126003742218018 0.8555663228034973 0.822404146194458 0.755605161190033 0.8484230041503906 0.7544654011726379 0.8251952330271403 0.7680314183235168 0.7987973690032959 0.7942484617233276 0.7730257511138916 0.8001974821090698 0.7460342248280843
1 0.8630223274230957 0.717960516611735 0.9134455323219299 0.7328003247578939 0.9220947623252869 0.7488205432891846 0.9269232153892517 0.7678998311360677 0.9277743101119995 0.7956611315409342 0.9211894273757935 0.8104940255482992 0.8962835669517517 0.812509298324585 0.8843908905982971 0.7904815673828125 0.8684132695198059 0.7693344751993815 0.8617111444473267 0.7417166233062744
0 0.0009765625 0.1780903935432434 0.009464621543884277 0.17762736479441324 0.0067346361465752125 0.2173384428024292 0.017306489869952202 0.2284730076789856 0.019287733361124992 0.24481276671091715 0.0009765625 0.2272204359372457 0.0009765625 0.20472965637842813 0.0009765625 0.19204274813334146
0 0.02335340529680252 0.17463348309199014 0.05262322351336479 0.13255483905474344 0.04918385297060013 0.18024333318074545 0.0816919133067131 0.2201829751332601 0.03124425746500492 0.21205512682596842 0.02243845723569393 0.2016576329867045
0 0.17199087142944336 0.23201610644658408 0.19241556525230408 0.22761334975560507 0.21949337422847748 0.26425238450368244 0.19898557662963867 0.25414182742436725 0.17927028238773346 0.25056715806325275
0 0.202532559633255 0.21425463755925497 0.21478736400604248 0.21161297957102457 0.22559890151023865 0.2316382129987081 0.2471729815006256 0.2851126591364543 0.22993312776088715 0.27429765462875366 0.21318751573562622 0.2399025559425354 0.20506662130355835 0.228239635626475
0 0.1974347084760666 0.2690073649088542 0.22350484132766724 0.28350786368052167 0.20680296421051025 0.31169946988423664 0.19883863627910614 0.29441386461257935
1 0.21481627225875854 0.31556105613708496 0.22769737243652344 0.29042863845825195 0.24509377777576447 0.29562095801035565 0.25281843543052673 0.30401591459910077 0.22962963581085205 0.3201923966407776 0.2188522219657898 0.32810453573862713
0 0.28349217772483826 0.28734376033147174 0.3050469756126404 0.2715195020039876 0.32995283603668213 0.2695041298866272 0.33953630924224854 0.32779888312021893 0.33617037534713745 0.35535136858622235 0.32481566071510315 0.37233022848765057 0.33215367794036865 0.41210659344991046 0.2977081537246704 0.4184139569600423 0.3063722252845764 0.39307276407877606 0.3105306327342987 0.3720561663309733 0.29826620221138 0.34004847208658856 0.2849792242050171 0.32726357380549115 0.2825772166252136 0.3143679102261861
0 0.33189114928245544 0.03658635914325714 0.35423848032951355 0.027297998468081158 0.37208008766174316 0.022334255278110504 0.37571981549263 0.03160976618528366 0.3661556541919708 0.04261372983455658 0.34228193759918213 0.06005564332008362 0.3369837701320648 0.05784435570240021 0.33374032378196716 0.05183678865432739
0 0.451724112033844 0.008519480004906654 0.5022451877593994 0.0013020833333333333 0.5105568170547485 0.030488880972067516 0.49675115942955017 0.04799608886241913 0.48621341586112976 0.06479886174201965 0.46341124176979065 0.04959393541018168 0.4600846469402313 0.02907303472359975
0 0.5211531519889832 0.03491145124038061 0.5430797338485718 0.029067151248455048 0.537155270576477 0.04934663077195486 0.5222439765930176 0.07156333327293396 0.5255215167999268 0.10550825794537862 0.5310593843460083 0.11661016941070557 0.5138440728187561 0.099083145459493 0.5021079182624817 0.07143271962801616 0.5061097145080566 0.05603883663813273
0 0.35315650701522827 0.21196629603703818 0.4092889428138733 0.19092402855555216 0.43300604820251465 0.17910480499267578 0.4435534179210663 0.19695138931274414 0.4347817599773407 0.21449126799901327 0.4503630995750427 0.2323704957962036 0.4497857987880707 0.24143725633621216 0.42316287755966187 0.22929149866104126 0.4051891565322876 0.23316593964894614 0.3857966363430023 0.252995232741038 0.37280794978141785 0.2703263560930888 0.3476134240627289 0.276875098546346 0.3409944176673889 0.2637706398963928 0.3405150771141052 0.24598934253056845 0.3499716520309448 0.2271840771039327
0 0.14952552318572998 0.38552459081013996 0.17477867007255554 0.4002012014389038 0.18276748061180115 0.410774827003479 0.17971470952033997 0.4270819028218587 0.16595801711082458 0.43116509914398193 0.16264107823371887 0.4452935457229614 0.14548435807228088 0.448991854985555 0.13607674837112427 0.4543731212615967 0.14244645833969116 0.4239375988642375 0.1445746272802353 0.400005300839742
0 0.0009765625 0.46382371584574383 0.024090886116027832 0.45727495352427167 0.03658537194132805 0.4635239044825236 0.04057234898209572 0.48949142297108966 0.045004554092884064 0.5053028265635172 0.04524422809481621 0.5141934553782145 0.01972692832350731 0.4973382155100505 0.009179562330245972 0.4794916311899821 0.002247417578473687 0.4776325623194377
0 0.05686311423778534 0.4993932247161865 0.08611807972192764 0.4986759026845296 0.0867295190691948 0.517546534538269 0.08470892161130905 0.5492801268895467 0.08885248005390167 0.5696249405543009 0.07403911650180817 0.5649935801823934 0.06363346427679062 0.5828857024510702 0.05706344172358513 0.556357224782308 0.05526326224207878 0.5276827812194824
0 0.04749927297234535 0.5673611958821615 0.05675993114709854 0.6022519667943319 0.04846761375665665 0.6375731229782104 0.04852622374892235 0.6587984561920166 0.04010181874036789 0.6930302778879801 0.03256787359714508 0.7069500287373861 0.02115453965961933 0.7027035554250082 0.03221096843481064 0.6556086540222168 0.03436364233493805 0.6249643564224243 0.04112958163022995 0.5977967580159506 0.04499933496117592 0.5813135703404745
0 0.021394217386841774 0.7115941842397054 0.05197001248598099 0.7217700481414795 0.027651092037558556 0.7493680318196615
0 0.07100480049848557 0.837270180384318 0.11042574793100357 0.8097702662150065 0.12259745597839355 0.7926152547200521 0.12858052551746368 0.793561061223348 0.13248440623283386 0.8050152460734049 0.12869775295257568 0.83601180712382 0.13676966726779938 0.8610986868540446 0.1386188268661499 0.876349131266276 0.13300751149654388 0.8853832085927328 0.11991122364997864 0.8949130376180013 0.09502021223306656 0.8555669784545898 0.07570117712020874 0.8552602926890055
0 0.12832076847553253 0.902042547861735 0.14402459561824799 0.8863617579142252 0.16321155428886414 0.8855791886647543 0.17067202925682068 0.8917954762776693 0.15349081158638 0.9022058645884196 0.13591334223747253 0.9093481699625651
0 0.18102869391441345 0.8873274326324463 0.2249063402414322 0.8689268430074056 0.2196177840232849 0.901364803314209 0.22102172672748566 0.9267714023590088 0.21361985802650452 0.9417804082234701 0.2019178718328476 0.9420673052469889 0.1987723857164383 0.9092117150624593 0.18669863045215607 0.8995185693105062
0 0.12057767808437347 0.637678066889445 0.14197590947151184 0.6274764537811279 0.16467049717903137 0.6348801056543986 0.2117767333984375 0.6638484001159668 0.1825217604637146 0.6645656824111938 0.15788006782531738 0.6687596638997396 0.1395931988954544 0.683879534403483 0.13150642812252045 0.7001539071400961 0.13064046204090118 0.7137540976206461 0.12368382513523102 0.7186070283253988 0.11395345628261566 0.700584332148234 0.1088363453745842 0.6860383351643881 0.11763250082731247 0.6617864767710367
0 0.4659808576107025 0.24686036507288614 0.4965616762638092 0.25911104679107666 0.5397601127624512 0.25201594829559326 0.5674352049827576 0.24715866645177206 0.5831961035728455 0.25373679399490356 0.589259922504425 0.25575484832127887 0.5811101198196411 0.27081237236658734 0.5654072761535645 0.285281240940094 0.5558168292045593 0.2884569764137268 0.5362186431884766 0.2982235352198283 0.5163827538490295 0.2991741895675659 0.5104014277458191 0.31154749790827435 0.5025621652603149 0.3154541254043579 0.4941408932209015 0.29399313529332477 0.4853023588657379 0.27594725290934247 0.47455739974975586 0.2627459168434143
0 0.5317456722259521 0.37788379192352295 0.5563112497329712 0.37480517228444415 0.5798047780990601 0.36974088350931805 0.5969482660293579 0.367153803507487 0.6161535382270813 0.3541467587153117 0.6263989210128784 0.35637183984120685 0.6131845712661743 0.3913638194402059 0.6039627194404602 0.4044356346130371 0.5858538150787354 0.4127727746963501 0.5686035752296448 0.40762412548065186 0.5573347210884094 0.3901021083196004 0.5372369289398193 0.38889241218566895
0 0.4192063808441162 0.4575626055399577 0.4461442232131958 0.4329131444295247 0.47791850566864014 0.41387152671813965 0.49088045954704285 0.41107741991678876 0.4875185489654541 0.4450539747873942 0.486456036567688 0.4774264494578044 0.49469777941703796 0.511118491490682 0.5029638409614563 0.5381549596786499 0.503749668598175 0.5446359316507975 0.4905257523059845 0.5452696879704794 0.4795917272567749 0.5099412202835083 0.4636659622192383 0.4745803674062093 0.4318578243255615 0.46591941515604657
0 0.27270013093948364 0.565622886021932 0.29141533374786377 0.575997789700826 0.3216760754585266 0.5650411446889242 0.33913010358810425 0.5513031880060831 0.3552986979484558 0.5201080242792765 0.3678434491157532 0.5207290252049764 0.3698904514312744 0.5513228178024292 0.368304044008255 0.5793746709823608 0.39269012212753296 0.5885271231333414 0.4043518602848053 0.6092896064122518 0.4053025245666504 0.6445533037185669 0.402275413274765 0.6607233683268229 0.37563854455947876 0.6398637692133585 0.35797110199928284 0.6381301879882812 0.35360997915267944 0.6501542329788208 0.3358844518661499 0.6273736953735352 0.3026356101036072 0.6068309545516968 0.27064794301986694 0.6104010343551636 0.23668093979358673 0.6387825409571329 0.2540283203125 0.6173088153203329 0.26533615589141846 0.5871613820393881
0 0.2166508436203003 0.6929779847462972 0.2353903353214264 0.6966973145802816 0.24702781438827515 0.7241153717041016 0.2748677432537079 0.7480408350626627 0.290890634059906 0.7567792733510336 0.30547285079956055 0.7536359628041586 0.31935158371925354 0.7584029038747152 0.3294174075126648 0.7728590965270996 0.34392672777175903 0.7896826267242432 0.3361455798149109 0.8146361509958903 0.30632632970809937 0.8155221144358317 0.27282512187957764 0.8271772066752116 0.26456862688064575 0.8344988822937012 0.2615562677383423 0.8096551895141602 0.2705404460430145 0.7877674102783203 0.2591891884803772 0.7558540503184 0.23485170304775238 0.7333904902140299 0.2214387208223343 0.711897055308024
0 0.4642133116722107 0.6573475201924642 0.4964143633842468 0.6692489782969157 0.5300222635269165 0.6653295755386353 0.5498095154762268 0.6776901086171468 0.5630672574043274 0.7047589619954427 0.5411697030067444 0.7161296208699545 0.5017842650413513 0.7135356267293295 0.4688650369644165 0.7505583763122559 0.4667113423347473 0.7122287750244141 0.46738094091415405 0.6766157944997152
0 0.5076111555099487 0.5216356515884399 0.5385606288909912 0.5437823931376139 0.5798767805099487 0.5348762273788452 0.5922905802726746 0.5344171126683553 0.5809003114700317 0.5501731634140015 0.5527594685554504 0.5717567602793375 0.5440372228622437 0.5958048502604166 0.5540544390678406 0.6235721508661906 0.5372552871704102 0.6427109241485596 0.5293917059898376 0.6532731850941976 0.524448573589325 0.6399296124776205 0.5274513959884644 0.630415161450704 0.526034951210022 0.6118777592976888 0.5151832699775696 0.5909406344095866 0.5081202983856201 0.5669700702031454 0.5092652440071106 0.548988938331604
0 0.6642317771911621 0.41472025712331134 0.6863523125648499 0.45317935943603516 0.723773181438446 0.43957090377807617 0.7293615937232971 0.4239571491877238 0.7228710651397705 0.39099597930908203 0.7222647666931152 0.372283935546875 0.7378123998641968 0.3633905251820882 0.7396460175514221 0.37851281960805255 0.7462917566299438 0.4058984915415446 0.754295825958252 0.43077460924784344 0.7630857825279236 0.46213169892628986 0.7438805103302002 0.47513874371846515 0.7082932591438293 0.5038694938023885 0.6852508187294006 0.5332212448120117 0.6745639443397522 0.5410668849945068 0.6655458807945251 0.535252054532369 0.6855274438858032 0.4943677584330241 0.6788817048072815 0.46698208649953205 0.6610009074211121 0.44977696736653644 0.6540202498435974 0.44019778569539386
0 0.7325690984725952 0.21045386791229248 0.7682967782020569 0.217161496480306 0.78397536277771 0.20934822161992392 0.7801043391227722 0.19799031813939413 0.7577314376831055 0.19172910849253336 0.751201868057251 0.20643736918767294
0 0.5991911888122559 0.0013020833333333333 0.647798478603363 0.0013020833333333333 0.6300095915794373 0.0013020833333333333 0.63694167137146 0.01825554296374321 0.5890620946884155 0.014167378346125284 0.598987340927124 0.0013020833333333333
0 0.6534208059310913 0.0013020833333333333 0.6678962707519531 0.0013020833333333333 0.6788788437843323 0.0013020833333333333 0.6873244643211365 0.0018530067366858323 0.6899924874305725 0.010145043333371481 0.687096357345581 0.02739526331424713 0.6842002272605896 0.04464548329512278 0.6750269532203674 0.04440608620643616 0.6589459180831909 0.014620675394932428 0.650631308555603 0.0013020833333333333 0.652431070804596 0.0013020833333333333
0 0.684312105178833 0.0013020833333333333 0.7013489603996277 0.0013020833333333333 0.6936745047569275 0.0013020833333333333
0 0.7385321259498596 0.0013020833333333333 0.7274038195610046 0.0013020833333333333 0.729188859462738 0.0013020833333333333 0.7406129240989685 0.0025584385730326176 0.7514064908027649 0.0024485631535450616 0.748525083065033 0.0013020833333333333 0.7586637735366821 0.0013020833333333333 0.7723629474639893 0.0013020833333333333 0.782525897026062 0.0013020833333333333 0.7992279529571533 0.0013020833333333333 0.7964774966239929 0.0013020833333333333 0.788866400718689 0.0013020833333333333 0.7865912914276123 0.0013020833333333333
0 0.7782714366912842 0.0013020833333333333 0.7996547222137451 0.016432820508877437 0.8158085942268372 0.026251415411631267 0.8203831315040588 0.02969890336195628 0.824530839920044 0.0022033415734767914 0.8048745393753052 0.0013020833333333333 0.788017213344574 0.0013020833333333333
0 0.6644710898399353 0.05333188672860464 0.6809354424476624 0.051999613642692566 0.6935626268386841 0.06701200703779857 0.7241919636726379 0.06595149636268616 0.7421941757202148 0.0498785674571991 0.7584208846092224 0.03973036011060079 0.7774952054023743 0.025643127659956615 0.7830593585968018 0.016684936980406444 0.7928875088691711 0.022325148185094196 0.7773833274841309 0.0932793418566386 0.7819092869758606 0.11003803213437398 0.7889965176582336 0.12735302249590555 0.8001101613044739 0.15045044819513956 0.780977725982666 0.14349070191383362 0.7679818868637085 0.11858219901720683 0.7501011490821838 0.10137710968653361 0.7064031362533569 0.09749594330787659 0.6766905784606934 0.1061176061630249 0.6762394905090332 0.08183014889558156 0.6690213084220886 0.06343499819437663
0 0.8142898678779602 0.10970842838287354 0.8222019672393799 0.08583498001098633 0.8403109312057495 0.07749782502651215 0.8601224422454834 0.0832027792930603 0.8856048583984375 0.08768532673517863 0.8975771069526672 0.09729691346486409 0.9122660160064697 0.10188933213551839 0.9173158407211304 0.12296868364016215 0.923748254776001 0.13488285740216574 0.9150745868682861 0.1456197202205658 0.8986344933509827 0.14029640952746072 0.890868067741394 0.12423621614774068 0.849183201789856 0.12324629227320354 0.8251900672912598 0.11733431617418925
0 0.7702128291130066 0.2466751535733541 0.8060715794563293 0.2544629176457723 0.8141485452651978 0.2593722144762675 0.8139203786849976 0.2849144736925761 0.8173257112503052 0.3129987319310506 0.8153221011161804 0.3444656531016032 0.8176553249359131 0.37056422233581543 0.8014190793037415 0.3463542064030965 0.7862548828125 0.32412993907928467 0.7634647488594055 0.3212838371594747 0.7598313689231873 0.3187418778737386 0.7657060027122498 0.29863282044728595 0.7699604630470276 0.27887298663457233 0.7700332999229431 0.25890618562698364
0 0.6319734454154968 0.19666969776153564 0.6473900079727173 0.18669613202412924 0.6539291143417358 0.20634605487187704 0.6366303563117981 0.21450857321421304 0.6316629648208618 0.2078205943107605
0 0.916650652885437 0.26831183830897015 0.9016026854515076 0.2881815234820048 0.8987889289855957 0.31982312599817914 0.9079717397689819 0.3544207016626994 0.9134145379066467 0.37874050935109455 0.903203010559082 0.40421803792317706 0.9365246891975403 0.4047939380009969 0.9451497793197632 0.407368262608846 0.9533239006996155 0.38565516471862793 0.9501319527626038 0.3730424642562866 0.9396246671676636 0.36865707238515216 0.9347301125526428 0.342002272605896 0.9318972229957581 0.30492748816808063 0.9315771460533142 0.2817201813062032
0 0.9507720470428467 0.4194570779800415 0.9637097120285034 0.4233185847600301 0.9693658351898193 0.46310997009277344 0.9672070145606995 0.5001523494720459 0.983598530292511 0.5187869071960449 0.9947121143341064 0.5418843428293864 1.0 0.5591992934544882 0.9775443077087402 0.551127036412557 0.9426266551017761 0.5442447662353516 0.9158344864845276 0.5289605855941772 0.9225435853004456 0.5020212729771932 0.9404148459434509 0.48486820856730145 0.946003258228302 0.4692544142405192 0.9493409395217896 0.44193347295125324
0 0.389790415763855 0.3109450340270996 0.4098057746887207 0.2977633277575175 0.43248918652534485 0.29287368059158325 0.440304160118103 0.29562264680862427 0.4418758451938629 0.30858461062113446 0.43913498520851135 0.3202593723932902 0.4268035888671875 0.3351098696390788 0.4149961471557617 0.3542810281117757 0.4009135663509369 0.3684006134668986 0.39092060923576355 0.33397769927978516
0 0.6886803507804871 0.5546498696009318 0.7092534303665161 0.573491374651591 0.7389998435974121 0.592572291692098 0.7478868961334229 0.5973069667816162 0.7470524907112122 0.6041372219721476 0.727478563785553 0.6072482268015543 0.7184363007545471 0.6080889701843262 0.7194840908050537 0.6167302926381429 0.7343282103538513 0.6157472531000773 0.7456456422805786 0.61995796362559 0.7536982893943787 0.6315228939056396 0.7683628797531128 0.6427709261576334 0.7837066054344177 0.6527642011642456 0.7901147603988647 0.6713339487711588 0.7922103404998779 0.6886165142059326 0.7756149172782898 0.6888686815897623 0.7463681697845459 0.6807639598846436 0.7220644950866699 0.6860028902689616 0.6993325352668762 0.7042037645975748 0.6674272418022156 0.7221652666727701 0.6429683566093445 0.7329796155293783 0.6633428335189819 0.695335865020752 0.6783908009529114 0.6754661401112875 0.7005746364593506 0.6596002181371053 0.7113100290298462 0.638443390528361 0.7042712569236755 0.6078172127405802 0.6968978047370911 0.5949975252151489 0.6935749053955078 0.581304669380188 0.6876907348632812 0.5670555432637533
0 0.9997134208679199 0.5762748718261719 1.0 0.5743539730707804 1.0 0.6127159595489502 1.0 0.6582573254903158 1.0 0.6863416035970052 1.0 0.6786509354909261 0.9632136821746826 0.7071746985117594 0.9455801248550415 0.7331436475118002 0.9395744800567627 0.7521725495656332 0.9327491521835327 0.7370179494222006 0.9027165174484253 0.7224322954813639 0.8857524991035461 0.7127883434295654 0.9046715497970581 0.7042765617370605 0.9354804158210754 0.6909849643707275 0.9612976908683777 0.6776610215504965 0.9767870903015137 0.6477205753326416 0.9865814447402954 0.6256582339604696 0.9939454197883606 0.6041197379430135 0.995876133441925 0.5926195780436198
0 0.6319805979728699 0.7863343556722006 0.6606791615486145 0.7967739899953207 0.6889605522155762 0.8106286525726318 0.7167180776596069 0.8201627731323242 0.7373397946357727 0.8256931304931641 0.7443447113037109 0.8286166985829672 0.74604731798172 0.8426588376363119 0.7457367777824402 0.8538097540537516 0.7260319590568542 0.8558406035105387 0.691327691078186 0.8644298712412516 0.6820476651191711 0.8564546902974447 0.6692895293235779 0.8403621514638265 0.6540524959564209 0.8381046454111735 0.6347648501396179 0.8367203076680502 0.6287981867790222 0.8080797990163168
0 0.5976397395133972 0.8801916440327963 0.622205376625061 0.8771130243937174 0.6413863301277161 0.8707616329193115 0.6380634903907776 0.8570687770843506 0.614152729511261 0.8655482133229574 0.6084818243980408 0.8667706648508707
0 0.8605754375457764 0.7725268205006918 0.8797659873962402 0.8005335330963135 0.8905109763145447 0.8137349287668864 0.8741775155067444 0.8161474068959554 0.8686376810073853 0.8184499740600586 0.8593819737434387 0.8038191795349121 0.8541768789291382 0.7883152961730957 0.8529981374740601 0.7785938580830892
0 0.8972769379615784 0.0013020833333333333 0.93153977394104 0.0013020833333333333 0.9402645230293274 0.0013020833333333333 0.9327775835990906 0.0013020833333333333 0.917389452457428 0.0013020833333333333 0.9104427695274353 0.0013020833333333333
