1 0.5026323199272156 0.2686491012573242 0.46810421347618103 0.2845682104428609 0.5181447267532349 0.2912200689315796 0.4759797155857086 0.3171202937761943 0.510854184627533 0.3387209971745809 0.5040003061294556 0.34367553393046063 0.44841545820236206 0.34757224718729657 0.47310513257980347 0.32377829154332477 0.4310893416404724 0.3339213530222575 0.47840192914009094 0.29630013306935626 0.4958610236644745 0.27692238489786786
1 0.5870243310928345 0.32447075843811035 0.6375258564949036 0.38229091962178546 0.6248267292976379 0.34757224718729657 0.6287645101547241 0.3580729166666667 0.6248267292976379 0.3717237710952759 0.6177387833595276 0.38222448031107586 0.6154659986495972 0.4370899200439453 0.5752110481262207 0.39797548453013104 0.5670056343078613 0.4222886562347412 0.5548668503761292 0.42515118916829425 0.5248078107833862 0.41162633895874023 0.5129945874214172 0.4032258192698161 0.5284544825553894 0.3851211468378703 0.49881866574287415 0.3643733263015747 0.5279580354690552 0.34652217229207355 0.5964502096176147 0.3638406991958618
1 0.09618155658245087 0.016842929025491078 0.11215420812368393 0.0078304602454106 0.04282699152827263 0.16696067651112875 0.15479888021945953 0.019234233846267063 0.16851817071437836 0.049858346581459045 0.0766916573047638 0.21211357911427817 0.056215349584817886 0.2289146582285563 0.11408855766057968 0.06555519998073578 0.019988028332591057 0.22996471325556436 0.011324974708259106 0.22261424859364828 0.08867882192134857 0.03578034043312073
1 0.02313823066651821 0.1165574590365092 0.038889240473508835 0.11340725421905518 0.05542779713869095 0.11970766385396321 0.1639886498451233 0.0013020833333333333 0.1626083105802536 0.0026089660823345184 0.1610393226146698 0.009655451402068138 0.05070249363780022 0.15856014688809714 0.1220044493675232 0.0013020833333333333 0.11873684823513031 0.0013020833333333333 0.02392578125 0.13335853815078735
1 0.21520715951919556 0.4341921806335449 0.22868888080120087 0.5502352317174276 0.24680253863334656 0.5617859363555908 0.2594033479690552 0.5796370903650919 0.2682325541973114 0.5022826592127482 0.2783045470714569 0.6079889138539633 0.27751702070236206 0.6300403277079264 0.24295209348201752 0.5678558349609375 0.23281867802143097 0.5912287632624308 0.2169521450996399 0.6145229736963908 0.20822259783744812 0.62421182791392 0.21451297402381897 0.7245463530222574 0.1806483119726181 0.7161458333333334 0.1323707103729248 0.5700883070627848 0.15465915203094482 0.6814936002095541 0.13504880666732788 0.517475446065267 0.15702180564403534 0.6457913319269816 0.17236153781414032 0.504861315091451 0.1888885647058487 0.5081173181533813 0.2026997208595276 0.6090389887491862 0.20033706724643707 0.593287984530131 0.20427481830120087 0.5659862359364828
1 0.38522058725357056 0.2867990533510844 0.3775359094142914 0.3580729166666667 0.42938682436943054 0.3393336931864421 0.3917118310928345 0.396925409634908 0.40116241574287415 0.4273773431777954 0.4066752791404724 0.45677924156188965 0.415867418050766 0.4369465510050456 0.37373003363609314 0.4158852895100911 0.35230740904808044 0.41616817315419513 0.34880369901657104 0.43559324741363525 0.3326455354690552 0.5134828488032023 0.30744391679763794 0.5460349321365356 0.29248046875 0.5428847471872965 0.2838174104690552 0.5113827387491862 0.28527918457984924 0.3962077299753825 0.2983854413032532 0.3521043062210083 0.2806672155857086 0.4137264887491862 0.3027186095714569 0.3874748150507609 0.3532162606716156 0.31246819098790485 0.3350082039833069 0.35912299156188965
1 0.930396318435669 0.2520161271095276 0.9848766326904297 0.44201640288035077 0.9972040057182312 0.4567544062932332 0.9776493310928345 0.30241936445236206 1.0 0.5057181914647421 0.9872472882270813 0.5272979736328125 0.9626858830451965 0.36332325140635174 0.9374842643737793 0.38327451546986896 0.9198294878005981 0.5718099276224772 0.8981067538261414 0.41162633895874023 0.875267744064331 0.3937751849492391 0.8705424666404724 0.3717237710952759 0.8840625286102295 0.4963113069534302 0.8768428564071655 0.3307711680730184 0.9219416379928589 0.4663954973220825 0.941889762878418 0.446907639503479 0.9562698602676392 0.43397871653238934
1 0.8382529020309448 0.5544354915618896 0.815122127532959 0.7100022633870443 0.8233088254928589 0.7285780111948649 0.8452268242835999 0.7482078075408936 0.8648799061775208 0.7669409910837809 0.8846510052680969 0.7703857421875 0.9374842643737793 0.6079889138539633 0.9035374522209167 0.7482869625091553 0.9037145376205444 0.7253543535868326 0.8929561376571655 0.7035698890686035 0.8839318752288818 0.6813764572143555 0.8894436955451965 0.5229334831237793 0.8474686145782471 0.6680380503336588 0.8243944644927979 0.6720487276713053
1 0.6917685270309448 0.08400537570317586 0.7837340235710144 0.17946930726369223 0.7847602367401123 0.20068748792012533 0.781504213809967 0.2300688624382019 0.7774696946144104 0.24818841616312662 0.7004315853118896 0.1638104816277822 0.7446042895317078 0.2592769265174866 0.6728672981262207 0.1764112909634908 0.7305192947387695 0.23398486773173013 0.7324540019035339 0.2216063141822815 0.6783801913261414 0.11130712429682414
1 0.5188751220703125 0.4908658266067505 0.5386461615562439 0.4943106174468994 0.5527666807174683 0.5009954770406088 0.5712733268737793 0.5082325140635172 0.5818567872047424 0.5585159858067831 0.5956873893737793 0.5481350819269816 0.5767861604690552 0.5638860861460367 0.5384332537651062 0.6059536933898926 0.5058980584144592 0.6303172906239828 0.4846996068954468 0.6295936107635498 0.4583342969417572 0.611489494641622 0.4512917697429657 0.5988434553146362 0.45205873250961304 0.5695721705754598 0.4759797155857086 0.5418346722920736 0.4869533181190491 0.5198537111282349 0.4950694739818573 0.5055406093597412 0.5102871060371399 0.49622925122578937
1 0.4814925789833069 0.6342405875523885 0.4829064905643463 0.6376467148462931 0.514674723148346 0.6425544023513794 0.5425384044647217 0.6207230488459269 0.5599974989891052 0.6013453404108683 0.5848057866096497 0.5969257752100626 0.6350648999214172 0.5502352317174276 0.6752299666404724 0.5407845973968506 0.710669755935669 0.5449848969777426 0.7089529633522034 0.6592129866282145 0.7405966520309448 0.5880376497904459 0.7256332039833069 0.6132392485936483 0.7083070874214172 0.6331905126571655 0.68310546875 0.6615423361460367 0.6332773566246033 0.7223634719848633 0.608870267868042 0.7028437455495199 0.5748371481895447 0.697039524714152 0.5323811173439026 0.7032362620035807 0.5586724877357483 0.7014448642730713 0.4869877099990845 0.7115564346313477 0.4996062219142914 0.7098454634348551 0.4799174666404724 0.7035450140635172 0.4696792960166931 0.68359375 0.46889176964759827 0.6594421863555908
1 0.7390215396881104 0.0063004034260908766 0.8309560418128967 0.14448888103167215 0.8421037197113037 0.17190430561701456 0.7657982707023621 0.0693044364452362 0.8651068806648254 0.2051080067952474 0.8868362903594971 0.20713722705841064 0.8169890642166138 0.05460349222024282 0.8225018978118896 0.011550739407539368 0.9174016118049622 0.14365604519844055
1 0.0009765625 0.5643144845962524 0.01658700592815876 0.5735476414362589 0.030813613906502724 0.5945142110188802 0.08377961069345474 0.8064516385396322 0.025080101564526558 0.6645388205846151 0.011926784180104733 0.6867163181304932 0.039676789194345474 0.866305430730184 0.0009765625 0.6558401584625244 0.0009765625 0.6087795495986938 0.0009765625 0.5800745884577433
1 0.3124570846557617 0.6873796780904134 0.3497343063354492 0.6933727264404297 0.4263640344142914 0.7465977668762207 0.44211503863334656 0.7791498502095541 0.38254034519195557 0.7600317001342773 0.3970736265182495 0.7833104133605957 0.39955076575279236 0.8127705256144205 0.48779296875 0.8705057303110758 0.41023820638656616 0.8717693487803141 0.2899720370769501 0.8252581755320231 0.2772083580493927 0.7829632759094238 0.2687739133834839 0.7544311682383219 0.32792022824287415 0.8138020833333334 0.2898547351360321 0.7003400325775146
1 0.5154879689216614 0.7754155794779459 0.6082881689071655 0.7371471722920736 0.573326826095581 0.7665451367696127 0.5871641635894775 0.7818808555603027 0.5932391285896301 0.8357678254445394 0.655541181564331 0.8043514887491862 0.5672746300697327 0.8638277053833008 0.6271893978118896 0.8285030523935953 0.6043504476547241 0.8127520084381104 0.5901744961738586 0.8054015636444092 0.5728484392166138 0.7696992556254069
1 0.41455078125 0.09765625 0.5522850751876831 0.10099619626998901 0.5669364333152771 0.10898655652999878 0.5723744630813599 0.14728625615437826 0.5777889490127563 0.17462297280629477 0.5703452229499817 0.18591618537902832 0.5436612963676453 0.19507012764612833 0.518487274646759 0.2048217455546061 0.4106130301952362 0.20476311445236206 0.38698652386665344 0.18901209036509195 0.39486202597618103 0.1690608263015747 0.4019499719142914 0.14175906777381897 0.4841597080230713 0.09703192114830017
1 0.7860685586929321 0.42356471220652264 0.7831243872642517 0.3339213530222575 0.8012380003929138 0.34757224718729657 0.8036923408508301 0.4809277852376302 0.7802995443344116 0.5121964613596598 0.7610729336738586 0.43682793776194256 0.7532734274864197 0.5376454591751099 0.7376194000244141 0.519399881362915 0.7177577018737793 0.42632726828257245 0.7217177152633667 0.49119798342386883 0.7410524487495422 0.4670859177907308 0.7545124888420105 0.44722052415211994 0.7484721541404724 0.32867103815078735
1 0.9990220665931702 0.1792510747909546 0.9807994961738586 0.0013020833333333333 1.0 0.21245527267456055 1.0 0.23604836066563925 1.0 0.23551340897878012 0.9390593767166138 0.04305275777975718 1.0 0.21844732761383057 0.9177954792976379 0.02730174611012141
1 0.7965127229690552 0.09345598022143047 0.8106886148452759 0.07560484111309052 0.8288022875785828 0.06720430155595143 0.9135082960128784 0.2275534669558207 0.9074329137802124 0.24376980463663736 0.8217143416404724 0.10920698444048564 0.8130512833595276 0.11235718925793965 0.7973002791404724 0.10605678955713908
1 0.5098443627357483 0.04200268785158793 0.49330583214759827 0.08085517585277557 0.5749344825744629 0.10996182759602864 0.5011813044548035 0.13230846325556436 0.5098443627357483 0.13965893785158792 0.5947996973991394 0.1572585105895996 0.5271704792976379 0.1071068545182546 0.631688117980957 0.0875173310438792 0.5326833128929138 0.04200268785158793 0.5232327580451965 0.0346522182226181
1 0.38346901535987854 0.0853028694788615 0.47433337569236755 0.05261368056138357 0.38698652386665344 0.06405410170555115 0.3980122208595276 0.05670362710952759 0.40510016679763794 0.07560484111309052 0.4066752791404724 0.09345598022143047 0.4043126404285431 0.10395664970080058 0.3940744698047638 0.1071068545182546 0.3861989676952362 0.09975637992223103
1 0.10721080750226974 0.12965003649393717 0.13430757820606232 0.13709000746409097 0.14755505323410034 0.15876442193984985 0.08220451325178146 0.3307711680730184 0.07432900369167328 0.3381216526031494 0.1158929094672203 0.1681385040283203 0.052277594804763794 0.30661962429682416
1 0.2562531530857086 0.1837617556254069 0.30680936574935913 0.12979339559872946 0.21372543275356293 0.24256553252538046 0.2090001255273819 0.2509660522143046 0.21845072507858276 0.28351813554763794 0.22790133953094482 0.33602150281270343 0.2727164626121521 0.2718399365743001 0.24601499736309052 0.384324590365092 0.3027741312980652 0.2881195346514384 0.2861800789833069 0.3454720973968506 0.29799333214759827 0.3087197542190552 0.36058974266052246 0.19818276166915894 0.3632323443889618 0.1641770899295807 0.35259199142456055 0.12710419297218323 0.3409370481967926 0.1093462606271108
1 0.8374653458595276 0.6352906624476115 0.8133170008659363 0.7476255098978678 0.8355417251586914 0.7695674101511637 0.9138577580451965 0.6384408473968506 0.8490604162216187 0.8121612071990967 0.9020444750785828 0.679393450419108 0.8957440853118896 0.6909441947937012 0.8097659349441528 0.8152279059092203 0.7967190146446228 0.7815838654836019
1 0.8464090824127197 0.24480734268824259 0.8362992405891418 0.2791432539621989 0.783911943435669 0.194262425104777 0.8257526755332947 0.35602553685506183 0.7697359919548035 0.26776713132858276 0.7962844967842102 0.4035105307896932 0.7943497896194458 0.41588910420735675 0.8102279305458069 0.43312803904215497 0.8138388395309448 0.34442206223805744 0.8256520628929138 0.3528225819269816 0.8492786288261414 0.3496723969777425 0.8610918521881104 0.34757224718729657 0.9154328107833862 0.25726646184921265 0.9177954792976379 0.24046538273493448 0.9655187129974365 0.38506221771240234 0.92724609375 0.18691196044286093 0.9674182534217834 0.3211875359217326 0.8839308023452759 0.12180779377619426 0.9425277709960938 0.25218502680460614 0.8532163500785828 0.09765625 0.832740068435669 0.11760752399762471 0.8067508935928345 0.12075772881507874 0.7925750017166138 0.11025705933570862
1 0.6748747825622559 0.2108630140622457 0.6161636710166931 0.14070900281270346 0.63427734375 0.14175906777381897 0.6508159041404724 0.14910954236984253 0.7258713841438293 0.24748017390569052 0.6736548542976379 0.1879620353380839 0.6697171330451965 0.2026629646619161 0.7086009383201599 0.28445841868718463 0.631127119064331 0.2142137090365092 0.6799706816673279 0.26545774936676025 0.6106508374214172 0.196362574895223 0.6051380038261414 0.192162295182546 0.6019877791404724 0.17221103111902872
1 0.6186130046844482 0.9542531172434489 0.7122448086738586 0.8505544662475586 0.7138199210166931 0.8222026030222574 0.6460168361663818 0.8939019044240316 0.7524098753929138 0.8484543164571127 0.7665858268737793 0.8684055805206299 0.7689484357833862 0.8936072190602621 0.7185452580451965 0.8936072190602621
1 0.4106130301952362 0.3643733263015747 0.4271515905857086 0.35492273171742755 0.4413274824619293 0.3559727668762207 0.5051445960998535 0.3496052821477254 0.5145936012268066 0.35882246494293213 0.5184155702590942 0.38224267959594727 0.5035439729690552 0.4095262289047241 0.5106319189071655 0.43262767791748047 0.5118445158004761 0.44864964485168457 0.48464277386665344 0.4578293164571126 0.4448634088039398 0.45061516761779785 0.4302120506763458 0.4426247676213582 0.4303065538406372 0.41637341181437176 0.42738115787506104 0.38892658551534015 0.4286789000034332 0.36096076170603436
1 0.14284589886665344 0.8127520084381104 0.18773625791072845 0.8274529774983724 0.19403666257858276 0.8526545365651449 0.1177537739276886 0.753800630569458 0.1562342494726181 0.891507069269816 0.07469631731510162 0.7258029778798422 0.13733303546905518 0.8400537967681885
1 0.17058251798152924 0.0627245306968689 0.19460032880306244 0.07661329706509908 0.14363344013690948 0.2247143785158793 0.13497038185596466 0.23941532770792642 0.19483605027198792 0.1161397894223531 0.18289794027805328 0.10703268647193909 0.17420388758182526 0.09811438123385112 0.08771736174821854 0.21736391385396323
1 0.32800933718681335 0.0013020833333333333 0.3593423664569855 0.0013020833333333333 0.2800682783126831 0.03168767442305883 0.2767857015132904 0.07326680918534596 0.2767857015132904 0.1268820067246755 0.27760636806488037 0.17721464236577353 0.325783908367157 0.08291381100813548 0.22508534789085388 0.14438900351524353 0.21605829894542694 0.107186625401179
1 0.674796462059021 0.6761642297108968 0.6583836674690247 0.7046131292978922 0.6493566036224365 0.723214308420817 0.5967139601707458 0.8076515992482504 0.6059698462486267 0.8352846304575602 0.6296814680099487 0.8595088322957357 0.7223936319351196 0.7976190249125162 0.677240252494812 0.861213763554891 0.7100237011909485 0.8639184633890787 0.8315388560295105 0.7647933959960938 0.7987861037254333 0.8728024164835612 0.8313729166984558 0.8571669260660807 0.8865218162536621 0.7068014939626058 0.8129346370697021 0.8361716270446777 0.8051906228065491 0.8171267509460449 0.7845767140388489 0.7713009516398112 0.7711167931556702 0.7625487645467123 0.7666791677474976 0.7824785709381104 0.743299126625061 0.8028999169667562 0.7255861163139343 0.7901813983917236 0.7708114385604858 0.6783525943756104 0.7552192807197571 0.6794467767079672 0.6848005056381226 0.7580571969350179 0.7092633843421936 0.6663165092468262 0.6594294905662537 0.729751984278361 0.6395528316497803 0.7344392935434977
1 0.45322346687316895 0.7735469341278076 0.4893316626548767 0.7636992136637369 0.4747503995895386 0.7479592164357504 0.5016213059425354 0.7426164150238037 0.5099554657936096 0.7436327139536539 0.5672925710678101 0.7483805815378824 0.5074599385261536 0.7894418239593506 0.5779608488082886 0.8009015719095866 0.516211748123169 0.8385618527730306 0.5252096056938171 0.8558201789855957 0.6230961084365845 0.8490458329518636 0.5522031188011169 0.9075954755147299 0.5508263111114502 0.9253126780192057 0.6427915096282959 0.8993785381317139 0.5156828165054321 0.921673854192098 0.48319438099861145 0.9099549452463785 0.533646285533905 0.8993785381317139 0.505744457244873 0.9004727204640707 0.41380491852760315 0.8448216915130615 0.47702205181121826 0.8238795598347982 0.4008369445800781 0.7723464171091715 0.39515796303749084 0.7632501125335693 0.3941991925239563 0.7560222943623861
1 0.006794905290007591 0.4562325080235799 0.027310924604535103 0.4540441036224365 0.07502071559429169 0.2941089669863383 0.07244616746902466 0.4879639546076457 0.08557641506195068 0.49781163533528644 0.12865161895751953 0.3415903647740682 0.15182256698608398 0.3336415688196818 0.14630383253097534 0.46498600641886395 0.18809694051742554 0.3514246940612793 0.1824120283126831 0.49781163533528644 0.1925956755876541 0.396578311920166 0.17172333598136902 0.4134267171223958 0.15204831957817078 0.5558035771052042 0.12529538571834564 0.4258660872777303 0.08773022890090942 0.42925838629404706 0.06374803930521011 0.4254721800486247 0.03059348650276661 0.5908175706863403 0.0035123424604535103 0.5820640722910563 0.0009765625 0.5361081759134928 0.0035123424604535103 0.5 0.0010504202218726277 0.4660801887512207
1 0.1994820386171341 0.0013020833333333333 0.19120901823043823 0.0013020833333333333 0.1774415224790573 0.0013020833333333333 0.06834296137094498 0.11375174919764201 0.036337971687316895 0.10171568393707275 0.02074579894542694 0.08858543634414673 0.008436187170445919 0.07545518378416698 0.001871060929261148 0.06013655662536621 0.006794905290007591 0.017463235805432003 0.004339138045907021 0.0013020833333333333 0.1678418517112732 0.0013020833333333333 0.0642397552728653 0.0013020833333333333
1 0.08721769601106644 0.017463235805432003 0.23179836571216583 0.0013020833333333333 0.25274428725242615 0.0013020833333333333 0.15286895632743835 0.02074579770366351 0.32444483041763306 0.0013020833333333333 0.3307875096797943 0.0013020833333333333 0.3126193881034851 0.0013020833333333333 0.304321825504303 0.04474205275376638 0.2103138118982315 0.16189601023991904 0.19472163915634155 0.18377975622812906 0.15697216987609863 0.21113445361455283 0.1479451209306717 0.21113445361455283 0.1233258917927742 0.1980042060216268 0.17935867607593536 0.05234571794668833 0.17120902240276337 0.027433328330516815 0.1699061542749405 0.006372584650913875 0.07819065451622009 0.12578781445821127 0.08393513411283493 0.107186625401179 0.08803834021091461 0.07545518378416698 0.08721769601106644 0.04700630406538645
1 0.2874540388584137 0.5864408413569132 0.29976364970207214 0.5765931208928426 0.3211003243923187 0.5919117530186971 0.3332306444644928 0.5492659012476603 0.3448221683502197 0.5664095878601074 0.31031739711761475 0.6406381527582804 0.34489890933036804 0.7374387582143148 0.2852655351161957 0.6877910296122233 0.3145352005958557 0.7735469341278076 0.24006690084934235 0.6870203018188477 0.1993304044008255 0.6777433554331461 0.2019365131855011 0.64681609471639 0.20890627801418304 0.6347369352976481 0.2652967572212219 0.7100840409596761 0.27760636806488037 0.6586571931838989 0.28499212861061096 0.644432783126831 0.27288806438446045 0.5242382685343424
1 0.366703063249588 0.43353863557179767 0.3811587989330292 0.4301296869913737 0.39413735270500183 0.48249300320943195 0.4130120873451233 0.48358718554178876 0.428815633058548 0.4775291283925374 0.4397064447402954 0.49781962235768634 0.45322346687316895 0.5361081759134928 0.43238013982772827 0.5268784364064535 0.4302455484867096 0.5590861241022745 0.3949379622936249 0.5143400430679321 0.3777245283126831 0.539390762646993 0.36541491746902466 0.5240721305211385 0.3596704304218292 0.5065651337305704
1 0.43136024475097656 0.45456719398498535 0.45978859066963196 0.4759278694788615 0.49507614970207214 0.46498600641886395 0.5024619102478027 0.4759278694788615 0.5016348958015442 0.4926574230194092 0.4835871756076813 0.5076593160629272 0.47045692801475525 0.5350139935811361 0.45240283012390137 0.5186011791229248 0.4376313090324402 0.5043767690658569
1 0.35146403312683105 0.4879639546076457 0.36623555421829224 0.5470500787099203 0.41031545400619507 0.5375479459762573 0.4056442975997925 0.5585266749064127 0.41465336084365845 0.6061362028121948 0.39331671595573425 0.6137955188751221 0.3711594045162201 0.6105129718780518 0.3293067216873169 0.5842524369557699 0.3087907135486603 0.5678396224975586 0.3020454943180084 0.4855589071909587 0.3252035081386566 0.5350139935811361 0.3458307087421417 0.45038700103759766 0.34818145632743835 0.5010941823323568
1 0.6222754716873169 0.5109418630599976 0.6559217572212219 0.4627976020177205 0.6788997054100037 0.4507615566253662 0.7018776535987854 0.46389182408650714 0.7232142686843872 0.4715511401494344 0.7650669813156128 0.47373950481414795 0.7864035964012146 0.4792104164759318 0.7953947186470032 0.611223061879476 0.8069196343421936 0.5142244497934977 0.7970719337463379 0.5470500787099203 0.7641843557357788 0.6821901003519694 0.7452419400215149 0.6826816399892172 0.7650669813156128 0.5864408413569132 0.7511160969734192 0.5897233883539835 0.7322413325309753 0.548144261042277 0.7141872644424438 0.5372023979822794 0.687926709651947 0.5328256289164225 0.6411502361297607 0.5415791273117065 0.6114903688430786 0.5875054995218912 0.6222754716873169 0.5295430819193522
1 0.3549878001213074 0.5784233013788859 0.38485798239707947 0.5788333415985107 0.43516936898231506 0.6105129718780518 0.4342482388019562 0.591535766919454 0.4446474313735962 0.6025005578994751 0.44035735726356506 0.6179232199986776 0.43032678961753845 0.6322149435679117 0.4548647701740265 0.6783525943756104 0.4005301594734192 0.6660757064819336 0.42860424518585205 0.7133665879567465 0.4195772111415863 0.7319677670796713 0.3568679690361023 0.685316801071167 0.3249327540397644 0.6749582290649414 0.3572085201740265 0.736344575881958 0.31051400303840637 0.6589781840642294 0.31527116894721985 0.6414576768875122 0.3637736439704895 0.67507004737854 0.36623555421829224 0.6477153301239014 0.36951813101768494 0.635679284731547
1 0.4151579737663269 0.669583241144816 0.44583770632743835 0.7078956762949625 0.43845194578170776 0.7188374996185303 0.4335280954837799 0.7254026730855306 0.4310661852359772 0.7352503140767416 0.4417344927787781 0.7516631285349528 0.3950843811035156 0.7289792696634928 0.4606092572212219 0.7396271228790283 0.4720982015132904 0.7221201260884603 0.4753807783126831 0.7078956762949625 0.4260857403278351 0.6704847812652588
1 0.5985329747200012 0.8494616349538168 0.6846441626548767 0.8096551100413004 0.7002363204956055 0.8216911951700846 0.623953104019165 0.9006141026814779 0.7002363204956055 0.8764005502065023 0.7002363204956055 0.8993785381317139 0.5723253488540649 0.9440953731536865 0.6526392102241516 0.9004727204640707 0.6460740566253662 0.8643644650777181 0.5652084946632385 0.8876329263051351 0.5702852606773376 0.8725216388702393 0.5809549689292908 0.8630485534667969 0.5898177027702332 0.854001522064209
1 0.13973870873451233 0.6542804638544718 0.09640812128782272 0.5171562830607096 0.09050026535987854 0.6947654088338217 0.049623627215623856 0.5465753475824991 0.03827773779630661 0.5706189473470052 0.04066236689686775 0.5829768180847168 0.08803834021091461 0.7779236634572347 0.04554219916462898 0.6225742896397909 0.09296218305826187 0.7998073895772299 0.13153229653835297 0.8052783807118734 0.1545102447271347 0.8074667453765869 0.12568745017051697 0.6816926002502441 0.19225971400737762 0.8238795598347982 0.20621061325073242 0.8282562891642252 0.21687893569469452 0.8074667453765869 0.17936775088310242 0.6789724032084147 0.18992693722248077 0.6546173890431722 0.23411239683628082 0.7385329405466715 0.1739717572927475 0.6186255613962809 0.1856945902109146 0.7308735847473145 0.1651785671710968 0.7264968554178873 0.14712446928024292 0.7089898586273193 0.12511052191257477 0.5228110154469808
1 0.1814327985048294 0.6889209747314453 0.22262342274188995 0.8216911951700846 0.14808376133441925 0.7156685988108317 0.20128676295280457 0.8567051887512207 0.12215916067361832 0.7590518792470297 0.16370689868927002 0.78006378809611 0.1906883716583252 0.7896028359731039 0.29237788915634155 0.8960959116617838 0.23451018333435059 0.8080907662709554 0.23012197017669678 0.7778190771738688 0.22395136952400208 0.759397029876709 0.2162073403596878 0.7403520743052164 0.1974494755268097 0.7169474760691324 0.18868517875671387 0.6986401081085205
1 0.31617647409439087 0.8260679244995117 0.3087907135486603 0.8435749212900797 0.2390708029270172 0.7722302277882894 0.2395869493484497 0.7929795583089193 0.32027968764305115 0.8939075469970703 0.3399750590324402 0.9004727204640707 0.2747180461883545 0.8274310429890951 0.28415849804878235 0.8311679363250732 0.27126410603523254 0.7929635047912598 0.26515498757362366 0.7665759722391764 0.26393815875053406 0.7489734490712484
1 0.19093474745750427 0.6846924622853597 0.26447609066963196 0.8085609277089437 0.21892401576042175 0.7243066628774008 0.2973017394542694 0.8391981919606527 0.25071170926094055 0.7391723791758219 0.32356223464012146 0.8041841983795166 0.2719406187534332 0.7053442001342773 0.3153558373451233 0.781206210454305 0.30304622650146484 0.7801120281219482 0.2874540388584137 0.7877713839213053 0.22727061808109283 0.694510300954183 0.26857930421829224 0.7910539309183756 0.20218214392662048 0.6880033016204834
1 0.0035123424604535103 0.2516193985939026 0.08476942032575607 0.11192135016123454 0.03305540978908539 0.3096113403638204 0.05028886720538139 0.3325892885526021 0.06834296137094498 0.3533788522084554 0.0708048865199089 0.36103816827138263 0.10884932428598404 0.23445083697636923 0.09663072228431702 0.25472476085027057 0.05603335052728653 0.42997197310129803 0.0775408148765564 0.259723424911499 0.026490284129977226 0.4354429244995117 0.001871060929261148 0.4420080582300822 0.001871060929261148 0.39058125019073486 0.0035123424604535103 0.3446253538131714 0.06815017014741898 0.13273610671361288 0.005153623875230551 0.2669380307197571
1 0.18897715210914612 0.5798757076263428 0.15702161192893982 0.44869716962178546 0.13720649480819702 0.44541903336842853 0.12085779011249542 0.44579585393269855 0.08212482929229736 0.4544328848520915 0.07490808516740799 0.6269257863362631 0.056853991001844406 0.6389618317286173 0.027448780834674835 0.46931421756744385 0.008297373540699482 0.4822782675425212 0.015001312829554081 0.6936712265014648 0.010898109525442123 0.71555495262146 0.0009765625 0.5354953606923422 0.022387079894542694 0.7429096698760986 0.00885013584047556 0.5566874345143636 0.05275078862905502 0.7407213052113851 0.0642397552728653 0.7352503140767416 0.06332959979772568 0.5234660704930624 0.09874369949102402 0.5066669384638468 0.10824563354253769 0.502438505490621 0.14876575767993927 0.6334908803304037 0.15333370864391327 0.48832738399505615 0.1897977888584137 0.6159838835398356 0.18490031361579895 0.47342948118845624
1 0.002938347402960062 0.4025424321492513 0.02143813855946064 0.4155723651250203 0.06013655290007591 0.6028536558151245 0.07654936611652374 0.605042020479838 0.06259847432374954 0.6170780658721924 0.0535714291036129 0.6258315642674764 0.04946822300553322 0.6302083333333334 0.029772846028208733 0.6499036947886149 0.01910451613366604 0.6630339622497559 0.0009765625 0.4804425636927287 0.0009765625 0.48770304520924884 0.00269170175306499 0.6903886795043945 0.0009765625 0.4899114767710368 0.0009765625 0.4899114767710368 0.0009765625 0.43265020847320557
1 0.040871039032936096 0.6435530185699463 0.00604669563472271 0.7153723239898682 0.13973870873451233 0.8950017293294271 0.07141700387001038 0.7024414539337158 0.07850978523492813 0.674431562423706 0.08116494119167328 0.6663514773050944
1 0.5304504632949829 0.0018523080895344417 0.5093445777893066 0.019749655077854793 0.40726760029792786 0.04700630406538645 0.5096147656440735 0.07236053546269734 0.5502036809921265 0.08614461620648702 0.5708915591239929 0.09319236874580383 0.5905715823173523 0.07016504804293315 0.6044495701789856 0.05397215982278188 0.5024619102478027 0.006521358465154965 0.4786633551120758 0.004332983245452245 0.4606092572212219 0.005427171165744464 0.5489257574081421 0.003458665373424689 0.5392517447471619 0.0013020833333333333
1 0.44627323746681213 0.0013020833333333333 0.4550005793571472 0.006227671479185422 0.4691362977027893 0.07345826923847198 0.3883928656578064 0.13891807198524475 0.38675156235694885 0.157519261042277 0.37280067801475525 0.18377975622812906 0.4204954206943512 0.15350502729415894 0.3942391574382782 0.1522427797317505 0.30632877349853516 0.2209821343421936 0.28909531235694885 0.18377975622812906 0.37843191623687744 0.0386949305733045 0.291557252407074 0.02512254814306895 0.4093596935272217 0.0013020833333333333 0.43855372071266174 0.0013020833333333333
1 0.9934250712394714 0.22164215644200644 0.9431459903717041 0.06451330582300822 0.9538143277168274 0.07983193298180898 0.962020754814148 0.11594012379646301 1.0 0.3274706204732259 0.9480698704719543 0.14657737811406454 0.98601233959198 0.32029157876968384 0.978649377822876 0.2956905961036682 0.9666277170181274 0.26125574111938477 0.8889837265014648 0.0896796186765035 0.8922662734985352 0.07545518378416698
1 0.44677621126174927 0.1661908725897471 0.41137078404426575 0.22426470120747885 0.43599003553390503 0.2319240172704061 0.49765345454216003 0.24910674492518106 0.49531787633895874 0.2595961292584737 0.4261423349380493 0.3139880895614624 0.42203912138938904 0.33040090401967365 0.40070247650146484 0.3194590409596761 0.43219712376594543 0.2585793733596802 0.42635852098464966 0.21175400416056314 0.4305625855922699 0.19287312030792236 0.44476020336151123 0.17908954620361328
1 0.4573266804218292 0.22535890340805054 0.5511741638183594 0.20865750312805176 0.49753808975219727 0.19581582148869833 0.5721816420555115 0.21811453501383463 0.5733984112739563 0.2357170581817627 0.5619665384292603 0.2563024163246155 0.49179360270500183 0.28116246064503986 0.47373950481414795 0.2767857114473979 0.5088148713111877 0.24895934263865152 0.45322346687316895 0.2363007664680481
1 0.21934086084365845 0.1629901925722758 0.3189862072467804 0.1019093890984853 0.20949317514896393 0.2319240172704061 0.20292805135250092 0.24396008253097534 0.20785188674926758 0.2669380307197571 0.26769015192985535 0.19003623723983765 0.21277573704719543 0.3052345911661784 0.21687893569469452 0.3347776730855306 0.26290804147720337 0.2691819667816162 0.22344405949115753 0.37745098272959393 0.21113444864749908 0.3938637971878052 0.21886475384235382 0.2939791480700175 0.20793694257736206 0.29307760794957477 0.15533088147640228 0.4255952437718709 0.167802631855011 0.30800825357437134 0.15375252068042755 0.3172847032546997 0.11758140474557877 0.46826855341593426 0.11557271331548691 0.3272820512453715 0.07326680421829224 0.48249300320943195 0.054392069578170776 0.4540441036224365 0.05849527195096016 0.4420080582300822 0.11123396456241608 0.24680864810943604 0.08393513411283493 0.3676033020019531 0.14701706171035767 0.18221726020177206 0.0954241082072258 0.3107055226961772 0.109375 0.3008578419685364 0.1854674220085144 0.1517819662888845 0.13481485843658447 0.2669380307197571 0.2086753398180008 0.1244442065556844 0.15368960797786713 0.2319240172704061 0.2471502125263214 0.10543253024419148 0.19225971400737762 0.2023809552192688 0.20538996160030365 0.18596814076105753 0.296061247587204 0.0779966413974762
1 0.21113444864749908 0.4058998425801595 0.23329176008701324 0.4201242923736572 0.2587316036224365 0.4376312891642253 0.28455427289009094 0.35650638739267987 0.2780146300792694 0.3858766158421834 0.26857930421829224 0.5076593160629272 0.28168970346450806 0.4501078128814697 0.28433242440223694 0.4728403488794963 0.28254997730255127 0.48469003041585285 0.2410392314195633 0.4442891279856364 0.22262342274188995 0.5350139935811361 0.2037486881017685 0.5207895835240682 0.2041996419429779 0.3829094171524048 0.17010241746902466 0.46170341968536377 0.18758076429367065 0.3306753834088643 0.1651785671710968 0.44857319196065265 0.16599921882152557 0.4288777907689412 0.18323266506195068 0.421218474706014
1 0.8179148435592651 0.48317070802052814 0.8561580777168274 0.36432071526845294 0.8889268040657043 0.5717739264170328 0.9226300120353699 0.43872547149658203 0.9410333037376404 0.6414797306060791 0.9604303240776062 0.669702927271525 0.9644826650619507 0.5021883646647135 0.9341189861297607 0.526260495185852 0.9300157427787781 0.5284488598505656 0.9004727005958557 0.5153186321258545 0.8480668663978577 0.6514766216278076 0.8422071933746338 0.5317314465840658 0.8241531252861023 0.5470500787099203 0.7912642955780029 0.6643747886021932 0.813484787940979 0.5021883646647135 0.8032742142677307 0.5835245847702026 0.7806591391563416 0.4551382859547933 0.7682291269302368 0.552531361579895 0.7861637473106384 0.5219647884368896 0.7987633943557739 0.49613475799560547
1 0.9915637969970703 0.31617647409439087 1.0 0.51909867922465 1.0 0.5297281742095947 1.0 0.5592697064081827 0.9981289505958557 0.3872986634572347 0.995667040348053 0.41574756304423016 0.9964876770973206 0.48905813694000244 0.9874606132507324 0.48577555020650226 0.9735097289085388 0.47045691808064777 0.9349856972694397 0.6071269114812216 0.9277948141098022 0.5894424120585123 0.924271285533905 0.41793592770894367 0.9390428066253662 0.39933474858601886 0.9587382078170776 0.381827712059021 0.9735097289085388 0.3599439859390259 1.0 0.5235565503438314
1 0.864364504814148 0.8271621068318685 0.9332982897758484 0.8216911951700846 0.9858193397521973 0.8304446538289388 0.9067242741584778 1.0 0.9973083138465881 0.8654586474100748 0.982536792755127 0.8818714618682861 0.8659992218017578 1.0 0.9341189861297607 0.8993785381317139 0.9004727005958557 0.9004727204640707 0.8865218162536621 0.8993785381317139 0.8758534789085388 0.8709296385447184
1 0.6742684841156006 0.28249414761861164 0.6657694578170776 0.2209821343421936 0.6772584319114685 0.2166053851445516 0.7374628186225891 0.3177816867828369 0.6920299530029297 0.2603728969891866 0.7251212000846863 0.35398638248443604 0.674796462059021 0.3008578419685364 0.6624868512153625 0.3260241548220317 0.6793199777603149 0.40205689271291095 0.6452534198760986 0.3380602200826009 0.6493392586708069 0.3867650826772054 0.5943737030029297 0.31179972489674884 0.6203912496566772 0.33992310365041095 0.6298686265945435 0.3242710034052531 0.6058626770973206 0.26584382851918537 0.6670897006988525 0.3070458173751831 0.6247373819351196 0.23739494880040488
1 0.7763312458992004 0.26240132252375287 0.8003624677658081 0.28903476397196454 0.8252419233322144 0.3080142140388489 0.7740939855575562 0.2023809552192688 0.766708254814148 0.22645308574040732 0.8011487722396851 0.3623949686686198 0.7527573704719543 0.26256128152211505 0.777424693107605 0.3689833879470825 0.721572995185852 0.26584382851918537 0.753713071346283 0.3447592655817668 0.7474809885025024 0.3343025843302409 0.7377333641052246 0.2973437507947286 0.6805409789085388 0.19909838835398355 0.7486736178398132 0.26743266979853314 0.7670628428459167 0.26558083295822144
1 0.5459558963775635 0.04481792946656545 0.5689338445663452 0.04262954990069071 0.701890230178833 0.07770530382792155 0.7158789038658142 0.0763942797978719 0.725466787815094 0.07562403380870819 0.6657694578170776 0.0076155463854471845 0.7734187245368958 0.11400912205378215 0.6871060729026794 0.051383053263028465 0.7761105298995972 0.15958884358406067 0.7640148997306824 0.16393199563026428 0.669052004814148 0.09733893473943074 0.6600249409675598 0.11703431606292725 0.6559217572212219 0.1356355051199595 0.6337644457817078 0.13235293825467428 0.6116071343421936 0.13454131285349527 0.6795791983604431 0.1932851473490397 0.5935530662536621 0.14767157038052878 0.5812434554100037 0.14110644658406576 0.5697544813156128 0.13672968745231628 0.6292302012443542 0.17335482438405356 0.5377494692802429 0.13782387971878052 0.5295430421829224 0.13344713052113852 0.533646285533905 0.109375 0.5402113795280457 0.0853028694788615 0.5451352596282959 0.05685398976008097
1 0.5878420472145081 0.19007192055384317 0.5287224054336548 0.16955532630284628 0.5402113795280457 0.16189601023991904 0.6240673661231995 0.1850078304608663 0.6374413371086121 0.19030181566874185 0.5746783018112183 0.15533088644345602 0.662787914276123 0.2071834603945414 0.5935530662536621 0.1651785671710968 0.5943737030029297 0.1761204401652018 0.6560147404670715 0.23760263125101724 0.6488728523254395 0.24276530742645264 0.631737470626831 0.24283071358998617 0.5500590801239014 0.2133228381474813 0.595192551612854 0.24548550446828207 0.5279017686843872 0.2209821343421936 0.5172334313392639 0.20347513755162558 0.5770248174667358 0.2040522297223409
1 0.5811424851417542 0.2547619541486104 0.6160524487495422 0.25944972038269043 0.641202449798584 0.2579912543296814 0.6075039505958557 0.21441702047983804 0.6658483147621155 0.27801966667175293 0.6549450159072876 0.2885417342185974 0.591911792755127 0.2559961477915446 0.6220631003379822 0.3131915330886841 0.6150072813034058 0.3218124310175578 0.6089963316917419 0.3411194086074829 0.5967531800270081 0.349969744682312 0.5711975693702698 0.3455606698989868 0.5379469990730286 0.344953974088033 0.4958967864513397 0.33696603775024414 0.5255072712898254 0.3354642391204834 0.5232701897621155 0.31859922409057617 0.5370622277259827 0.29894810914993286 0.5090270638465881 0.2735031445821126 0.5172334313392639 0.26256128152211505
1 0.5156236886978149 0.45482198397318524 0.5390896797180176 0.43785889943440753 0.5512900352478027 0.41465338071187335 0.6008090972900391 0.44516925017038983 0.595604658126831 0.41574756304423016 0.5871031284332275 0.46827856699625653 0.5627790093421936 0.4540441036224365 0.5480074882507324 0.4660801887512207 0.5299533605575562 0.469362735748291 0.5203069448471069 0.47607942422231037
1 0.6066833138465881 0.4069940646489461 0.6329438090324402 0.381827712059021 0.6386882662773132 0.35228466987609863 0.6810654997825623 0.40959616502126056 0.6944918632507324 0.2899159590403239 0.6953125 0.27897409598032635 0.7447027564048767 0.3583134412765503 0.7223936319351196 0.2756915291150411 0.7355238795280457 0.28116246064503986 0.7437303066253662 0.2921043435732524 0.7511160969734192 0.31179972489674884 0.7429096698760986 0.3227415879567464 0.7494471669197083 0.44465434551239014 0.7125459313392639 0.37745098272959393 0.708442747592926 0.40480566024780273 0.7092633843421936 0.4277836084365845 0.7199317216873169 0.4573266903559367 0.6977744102478027 0.4507615566253662 0.6780790686607361 0.44857319196065265 0.6515020132064819 0.5154568354288737 0.6283556222915649 0.5348292589187622 0.6148896813392639 0.5120360453923544 0.6140690445899963 0.5317314465840658 0.6099658608436584 0.548144261042277 0.605042040348053 0.5339198112487793 0.59765625 0.5109418630599976 0.5751178860664368 0.524027943611145 0.5656512379646301 0.48030463854471844 0.5811658501625061 0.4853319724400838 0.5952159762382507 0.4760555426279704 0.5984768867492676 0.421218474706014
1 0.8093815445899963 0.5853466192881266 0.8315388560295105 0.5776873429616293 0.8119887113571167 0.7250823179880778 0.8120132684707642 0.73650590578715 0.7958365678787231 0.7437992095947266 0.7790207266807556 0.746273914972941 0.7646265625953674 0.7417174180348715 0.7995339035987854 0.6247373819351196 0.800354540348053 0.6028536558151245
1 0.9718684554100037 0.5153186321258545 0.9293429851531982 0.7247392336527506 0.9505317807197571 0.5776873429616293 0.9488905072212219 0.6061362028121948 0.9685858488082886 0.6236431996027628 0.9948464035987854 0.6477153301239014 0.9990234375 0.6219567855199178 0.9973083138465881 0.54376749197642 0.9730051755905151 0.7054981390635172 0.995667040348053 0.5120360453923544
1 0.9365808963775635 0.6269257863362631 0.9587382078170776 0.6334908803304037 0.9219056963920593 0.8119650681813558 0.9351566433906555 0.8331898053487142 0.9331651329994202 0.8575120766957601 0.9146528840065002 0.8752946853637695 0.8946042656898499 0.8730655511220297 0.9365808963775635 0.692577044169108 0.8713352084159851 0.8353198369344076 0.9201680421829224 0.6641281445821127 0.9209886789321899 0.6466211477915446
1 0.686532735824585 0.9425067106882731 0.7277119159698486 0.9382622241973877 0.7607533931732178 0.951341470082601 0.7674526572227478 0.9597001870473226 0.8610819578170776 0.8567051887512207 0.8668264150619507 0.8753063678741455 0.7700828909873962 1.0 0.764194905757904 1.0 0.7293464541435242 1.0 0.6994516849517822 0.9921347300211588 0.7831210494041443 0.8928133646647135 0.6806323528289795 0.9766955375671387
1 0.728958785533905 0.8030900160471598 0.7880449295043945 0.7833945751190186 0.7522966861724854 0.8932071526845297 0.8081035017967224 0.892470121383667 0.8375435471534729 0.8755889733632406 0.9086790680885315 0.6914828618367513 0.8639843463897705 0.8529551029205322 0.9480698704719543 0.7177433172861735 0.9776129126548767 0.7144607702891032 0.9309401512145996 0.8828833103179932 0.9948464035987854 0.7352503140767416 0.9135093092918396 0.9650118350982666 0.9932050704956055 0.816220204035441 0.8901292681694031 0.9854331016540527 0.8365474343299866 0.9607988993326823 0.7906851172447205 0.9437859853108724 0.8479517102241516 0.8195028305053711 0.7309201955795288 0.9315423965454102 0.7814797759056091 0.8348214626312256 0.7683495283126831 0.8391981919606527 0.7478334903717041 0.8238795598347982
1 0.5175398588180542 0.7249485651652018 0.548491895198822 0.7166556517283121 0.6140690445899963 0.6816351413726807 0.6567423939704895 0.6663165092468262 0.6178447008132935 0.7281290690104166 0.6509978771209717 0.6969537734985352 0.6427915096282959 0.71555495262146 0.5738874673843384 0.7563844521840414 0.5321552157402039 0.7592686812082926 0.5235874652862549 0.7593013445536295
1 0.0880516842007637 0.06642362475395203 0.12328126281499863 0.07352069020271301 0.1518976390361786 0.07571717103322347 0.16387024521827698 0.08730477094650269 0.1650010645389557 0.10144907236099243 0.08311449736356735 0.25709033012390137 0.07244616746902466 0.26803221305211383 0.05603335052728653 0.27897409598032635 0.1079648956656456 0.11539618174235027 0.029772846028208733 0.27240896224975586 0.09241534024477005 0.08527179559071858
1 0.3725801110267639 0.1687797705332438 0.42847299575805664 0.1715009609858195 0.416623055934906 0.21703139940897623 0.35884979367256165 0.2866334120432536 0.38667890429496765 0.25539936621983844 0.31699711084365845 0.3194590409596761 0.3038668632507324 0.3238357901573181 0.3574603199958801 0.22899532318115234 0.311252623796463 0.2581845323244731
1 0.39282500743865967 0.262397825717926 0.4107225835323334 0.2512202262878418 0.3711594045162201 0.29101016124089557 0.3842896521091461 0.31836483875910443 0.4500943422317505 0.3204505840937297 0.4387854337692261 0.32510515054066974 0.38264837861061096 0.35228466987609863 0.398762047290802 0.2818688154220581
1 0.26922619342803955 0.2830968499183655 0.25380778312683105 0.38948702812194824 0.29566046595573425 0.3511904875437419 0.3014049232006073 0.3697916666666667 0.2882746756076813 0.3927696148554484 0.2767857015132904 0.4102766116460164 0.29111844301223755 0.33855974674224854 0.24067752063274384 0.41137079397837323 0.2545614540576935 0.2989783485730489 0.25642991065979004 0.29058684905370075
1 0.30222558975219727 0.34353117148081463 0.3565996587276459 0.267461895942688 0.32766544818878174 0.32492997248967487 0.384896457195282 0.26724908749262494 0.3840482532978058 0.2749030788739522 0.3293067216873169 0.34900208314259845 0.317817747592926 0.36432071526845294 0.34274616837501526 0.29507837692896527
1 0.7404477596282959 0.6006652514139811 0.7650669813156128 0.5962885220845541 0.7555550932884216 0.6901881694793701 0.7954306602478027 0.58753502368927 0.7880449295043945 0.6148897012074789 0.7913274765014648 0.6323966979980469 0.761590301990509 0.7553536097208658 0.8028164505958557 0.667410691579183 0.7433361411094666 0.7835109233856201 0.7256845235824585 0.7628269195556641 0.7535780072212219 0.6641281445821127 0.7182904481887817 0.6597514152526855 0.6621706485748291 0.7251301606496176 0.7232142686843872 0.635679284731547 0.7009405493736267 0.6971041361490885
1 0.6788997054100037 0.006521358465154965 0.7838424444198608 0.13639751076698303 0.7895705103874207 0.1683410406112671 0.787603497505188 0.2040869196256002 0.786361813545227 0.24810959895451865 0.7248555421829224 0.16408438483874002 0.8061644434928894 0.2822003165880839 0.8281306028366089 0.2988852063814799 0.8316094875335693 0.2717275420824687 0.7716320753097534 0.11594012379646301 0.8379649519920349 0.19320464134216309 0.8264719247817993 0.14870653549830118 0.8232516050338745 0.11319008469581604 0.6961331367492676 0.0013020833333333333
1 0.6143696308135986 0.02479863663514455 0.6180325746536255 0.04679360489050547 0.6378722190856934 0.0614953339099884 0.6549461483955383 0.06939532856146495 0.6897701025009155 0.07062485317389171 0.6017594337463379 0.0076155463854471845 0.6580439209938049 0.047793760895729065 0.5311843752861023 0.004332983245452245 0.6275100111961365 0.03114155928293864 0.5164127945899963 0.0013020833333333333
1 0.2103138118982315 0.002144607870529095 0.21605829894542694 0.018557423104842503 0.3365279734134674 0.0013020833333333333 0.3619975447654724 0.0013020833333333333 0.3800671696662903 0.0013020833333333333 0.3934166133403778 0.0013020833333333333 0.28499212861061096 0.0076155463854471845 0.2792476415634155 0.004332983245452245 0.37497830390930176 0.0013020833333333333 0.347210168838501 0.0013020833333333333
1 0.9226096868515015 0.1513789395491282 0.9175329208374023 0.16649017731348673 0.9146687388420105 0.18704281250635782 0.9173114895820618 0.20977532863616943 0.9223142862319946 0.23344208796819052 0.9364134669303894 0.24701285362243652 0.8799566626548767 0.0874912440776825 0.9698485136032104 0.2237234115600586 0.903755247592926 0.04262954990069071 0.9934005737304688 0.21021854877471924 0.9021139740943909 0.013086484124263128 0.8988314270973206 0.004332983245452245 0.9572246670722961 0.16508102416992188 0.9370039105415344 0.15593539675076803
1 0.9878438115119934 0.33128905296325684 0.9834921956062317 0.35467708110809326 0.9341189861297607 0.19691002368927002 0.9669220447540283 0.3983390728632609 0.9649920463562012 0.414695938428243 0.9814513921737671 0.4292009671529134 0.9587382078170776 0.25380776325861615 0.9759716391563416 0.2516193985939026 1.0 0.41849879423777264 0.9554556012153625 0.20456931988398233 0.954634964466095 0.1870623230934143 1.0 0.34882616996765137 1.0 0.3424505790074666
