1 0.1413707137107849 0.0013020833333333333 0.0439949668943882 0.0028910664841532707 0.1709938496351242 0.0013020833333333333 0.02661546692252159 0.037098340690135956 0.1320258527994156 0.0013020833333333333 0.1363375037908554 0.0013020833333333333
1 0.17916297912597656 0.0013020833333333333 0.08206435292959213 0.026063735286394756 0.22420227527618408 0.0013020833333333333 0.21856547892093658 0.0013020833333333333 0.0928230956196785 0.061374470591545105 0.21678614616394043 0.0013020833333333333 0.2133965939283371 0.0013020833333333333 0.1102025955915451 0.14744438727696738 0.11185778677463531 0.17061706384023032 0.10606461763381958 0.18275511264801025 0.1805155873298645 0.031011347969373066 0.1696961671113968 0.021773310999075573 0.05889168381690979 0.1662032107512156 0.05061573162674904 0.15406515200932822 0.14923307299613953 0.0013020833333333333 0.15208588540554047 0.0013020833333333333 0.1552237868309021 0.0013020833333333333 0.15656663477420807 0.0013020833333333333 0.03323622792959213 0.03820180147886276 0.17055737972259521 0.0013020833333333333
1 0.25709500908851624 0.0013020833333333333 0.18468616902828217 0.0823402206103007 0.30701613426208496 0.0013020833333333333 0.2053760588169098 0.10661634802818298 0.18468616902828217 0.11434057354927063 0.173927441239357 0.1342028578122457 0.2615206837654114 0.04463775455951691 0.2540396749973297 0.028712384402751923 0.14992716908454895 0.1353063186009725 0.242482990026474 0.0013020833333333333 0.12923729419708252 0.12647863229115805 0.1275821030139923 0.09999558329582214 0.12840969860553741 0.08785752455393474 0.13751323521137238 0.08896098534266154
1 0.1814711093902588 0.04879271984100342 0.2149537205696106 0.04682664076487223 0.2371469885110855 0.04121412088473638 0.24632275104522705 0.04280273119608561 0.25093522667884827 0.05982386569182078 0.16565148532390594 0.2081347107887268 0.2444411814212799 0.11960888902346294 0.1573755294084549 0.25116966168085736 0.13585804402828217 0.25227312246958417 0.11682336032390594 0.24013505379358926 0.10192663967609406 0.2257900834083557 0.09613347798585892 0.21144509315490723
1 0.06882283091545105 0.2721354166666667 0.1710350513458252 0.10690000653266907 0.1938987672328949 0.11663088202476501 0.20736847817897797 0.1293135086695353 0.14496159553527832 0.2765492598215739 0.20820602774620056 0.16210274895032248 0.14413399994373322 0.3184807499249776 0.18713536858558655 0.2029424508412679 0.1497284471988678 0.17775543530782065 0.1382051706314087 0.14968482653299967 0.06965042650699615 0.28648040692011517
1 0.0009765625 0.3151703675587972 0.02164989337325096 0.2908942500750224 0.10750854015350342 0.11461230119069417 0.11706965416669846 0.12910637259483337 0.06468485295772552 0.32289459307988483 0.0762711837887764 0.34606726964314777 0.06385725736618042 0.36041224002838135 0.10701895505189896 0.20011907815933228 0.0936317965388298 0.22337931394577026 0.03323622792959213 0.3990333875020345 0.010063559748232365 0.37917109330495197 0.05703099071979523 0.17305248975753784 0.06048739328980446 0.15135728319485983 0.06634243577718735 0.13415787617365518
1 0.048625919967889786 0.19727478424708048 0.05976384878158569 0.21243993441263834 0.019167108461260796 0.4166887203852336 0.015856726095080376 0.42882680892944336 0.03966640681028366 0.24558566013971964 0.0009765625 0.430504043896993 0.0009765625 0.430504043896993 0.0467047281563282 0.2010903755823771
1 0.10413271933794022 0.22669021288553873 0.12401191145181656 0.19808483123779297 0.08289194852113724 0.3559983968734741 0.14570188522338867 0.19457473357518515 0.15662157535552979 0.21428024768829346 0.11103019118309021 0.37917109330495197 0.15427206456661224 0.24223814407984415 0.1452299952507019 0.25460614760716754 0.09613347798585892 0.4222060441970825 0.12038641422986984 0.256774107615153 0.10767168551683426 0.24093782901763916
1 0.2177671492099762 0.17659680048624674 0.18468616902828217 0.32289459307988483 0.22538182139396667 0.20647883415222168 0.22662241756916046 0.2266981601715088 0.17972061038017273 0.36041224002838135 0.20909272134304047 0.22734562555948892 0.14744438230991364 0.3482741912206014 0.1433064043521881 0.34165342648824054 0.14992716908454895 0.32620497544606525 0.15323755145072937 0.316273828347524
1 0.1904793381690979 0.36261916160583496 0.2581408619880676 0.2655954162279765 0.27905815839767456 0.2907142639160156 0.22772113978862762 0.40896451473236084 0.24448436498641968 0.3153821627298991 0.20041048526763916 0.44206833839416504 0.1896517425775528 0.4497925440470378 0.20014891028404236 0.30462106068929035 0.16316869854927063 0.41227487723032635 0.16151350736618042 0.39020570119222003 0.20875650644302368 0.24689388275146484 0.17061705887317657 0.373653769493103 0.18220339715480804 0.3703434069951375
1 0.1896517425775528 0.33613614241282147 0.25572651624679565 0.23213509718577066 0.2690114378929138 0.25284723440806073 0.27380868792533875 0.2618388533592224 0.28075292706489563 0.27637747923533124 0.29009583592414856 0.29541194438934326 0.26579052209854126 0.40234375 0.3099396228790283 0.317757248878479 0.323309063911438 0.3199724157651265 0.29806673526763916 0.3835849364598592 0.29806673526763916 0.3537914752960205 0.342568963766098 0.25403743982315063 0.34111011028289795 0.23835847775141397 0.32936859130859375 0.21482827266057333 0.26744571328163147 0.2776527206103007 0.26248013973236084 0.26441119114557904 0.31172290444374084 0.17604372898737589 0.2252383530139923 0.2721354166666667 0.21696239709854126 0.2754457990328471 0.2698863744735718 0.1802459160486857 0.20206567645072937 0.3052392204602559 0.19544491171836853 0.3206876715024312
1 0.3557615280151367 0.04652264714241028 0.3644673824310303 0.05370283623536428 0.36112895607948303 0.06039017935593923 0.3520534634590149 0.06926906108856201 0.3514321744441986 0.08637932936350505 0.3536459803581238 0.09890465935071309 0.3521694242954254 0.10870106021563213 0.34388235211372375 0.1179154912630717 0.33250847458839417 0.13276605804761252 0.24179024994373322 0.21254855394363403 0.23268669843673706 0.20372086763381958 0.21447961032390594 0.20041048526763916 0.21116922795772552 0.1915827989578247 0.22027277946472168 0.17723780870437622 0.3162056505680084 0.07022849222024281 0.2384798675775528 0.149651308854421 0.24427303671836853 0.13972016175587973 0.25089380145072937 0.13089247544606528
1 0.19792769849300385 0.0227533554037412 0.20123808085918427 0.006201447919011116 0.20666435360908508 0.0013020833333333333 0.21778999269008636 0.0013020833333333333 0.35818183422088623 0.0013020833333333333 0.37394991517066956 0.0013020833333333333 0.37569382786750793 0.0013020833333333333 0.377689391374588 0.0013020833333333333 0.38642871379852295 0.0013020833333333333 0.39879152178764343 0.0013020833333333333 0.401542067527771 0.0013020833333333333 0.29475635290145874 0.06909869114557902 0.29723915457725525 0.07461599508921306 0.38803696632385254 0.027826415995756786 0.37716639041900635 0.04057456801335017 0.37122878432273865 0.021831117570400238 0.3597389757633209 0.0013020833333333333 0.3434341251850128 0.0013020833333333333 0.31882649660110474 0.0013020833333333333 0.19875529408454895 0.05696062743663788
1 0.3826223611831665 0.0013020833333333333 0.3939785361289978 0.0013020833333333333 0.2889631986618042 0.016132591913143795 0.41908949613571167 0.0013020833333333333 0.42212510108947754 0.0013020833333333333 0.4187021553516388 0.004969924998780091 0.30054953694343567 0.05916754901409149 0.40513214468955994 0.0013020833333333333 0.3992280066013336 0.0013020833333333333 0.26744571328163147 0.023856816192468006 0.2591697573661804 0.01392567033569018
1 0.022301826626062393 0.3181188503901164 0.03654661029577255 0.49393097559611004 0.07016052305698395 0.31416306893030804 0.08190203458070755 0.3376932938893636 0.07958156615495682 0.5292417208353678 0.09973254054784775 0.36844829718271893 0.08537473529577255 0.5502074559529623 0.07914949208498001 0.3782211144765218 0.06527671962976456 0.37810834248860675 0.050045378506183624 0.37278417746225995 0.017720811069011688 0.3590267101923625 0.0009765625 0.5480005343755087
1 0.14289622008800507 0.3115285634994507 0.16118091344833374 0.3077274560928345 0.17666390538215637 0.31200043360392254 0.18411147594451904 0.32443666458129883 0.19420933723449707 0.3403174877166748 0.19573502242565155 0.36297476291656494 0.18357273936271667 0.3774898052215576 0.1709071546792984 0.394107182820638 0.15240995585918427 0.5468970537185669 0.13751323521137238 0.5678628285725912 0.12787914276123047 0.4105437596638997 0.1085474044084549 0.5601385831832886 0.10440942645072937 0.5502074559529623 0.11657410860061646 0.37793274720509845 0.11765095591545105 0.5204140345255533 0.13724172115325928 0.34966293970743817 0.11930614709854126 0.49172405401865643
1 0.2053760588169098 0.5016551812489828 0.25822144746780396 0.3559781312942505 0.26484718918800354 0.3645896514256795 0.24427303671836853 0.4895171324412028 0.25374069809913635 0.4073535203933716 0.24841101467609406 0.5292417208353678 0.2533766031265259 0.5480005343755087 0.2533766031265259 0.5623455047607422 0.24879005551338196 0.46432046095530194 0.23268669843673706 0.5711731910705566 0.22094425559043884 0.45362746715545654 0.21282441914081573 0.5601385831832886 0.20206567645072937 0.5524143775304159 0.19875529408454895 0.5237243970235189 0.2114185392856598 0.3881827195485433
1 0.11333396285772324 0.44952746232350665 0.12840969860553741 0.5998631715774536 0.1408236175775528 0.6009666124979655 0.16316869854927063 0.6009666124979655 0.18137580156326294 0.5954493284225464 0.19215863943099976 0.4541176954905192 0.20454846322536469 0.5733801126480103 0.22110037505626678 0.5811043580373129 0.22010472416877747 0.4752781391143799 0.2244107574224472 0.6031735340754191 0.21282441914081573 0.6153116226196289 0.19710010290145874 0.626346230506897 0.18385857343673706 0.6351739168167114 0.15753373503684998 0.5007718006769816 0.15240995585918427 0.6395877599716187 0.13916842639446259 0.6395877599716187 0.11366818845272064 0.4844191074371338 0.12427171319723129 0.6285531520843506
1 0.42075082659721375 0.0013020833333333333 0.4535787105560303 0.0013020833333333333 0.3212394118309021 0.01171875 0.30965307354927063 0.015029131124416987
1 0.3171014189720154 0.03599487990140915 0.32786017656326294 0.023856816192468006 0.3402740955352783 0.016132591913143795 0.3502052426338196 0.01944297303756078 0.48326870799064636 0.0013020833333333333 0.38082626461982727 0.037098340690135956 0.48977646231651306 0.020161331941684086 0.4814559519290924 0.02588659276564916 0.36344677209854126 0.06358139216899872 0.34192928671836853 0.06909869114557902 0.43898239731788635 0.01823452611764272 0.3228946030139923 0.05916754901409149
1 0.42249277234077454 0.0181663582722346 0.44416502118110657 0.040131588776906334 0.3568260073661804 0.09006444613138835 0.3684123456478119 0.09778866171836853 0.3700675368309021 0.10440942645072937 0.46320271492004395 0.08761673172314961 0.3692399263381958 0.13751324017842612 0.4450851380825043 0.10886366168657939 0.4318159818649292 0.11711601416269939 0.4148898422718048 0.1261285642782847 0.3179290294647217 0.18275511264801025 0.31213584542274475 0.18054819107055664 0.3911040127277374 0.10210548837979634 0.3022047281265259 0.13972016175587973 0.3961883783340454 0.059095208843549095 0.3976649045944214 0.04929880301157633 0.4025467336177826 0.039793396989504494
1 0.393015056848526 0.13766822218894958 0.3386189043521881 0.18496203422546387 0.3510328531265259 0.17392744620641074 0.37586069107055664 0.149651308854421 0.4718908965587616 0.12027227878570557 0.48252546787261963 0.1375398337841034 0.4904763698577881 0.14787364999453226 0.4056541323661804 0.17723780870437622 0.384964257478714 0.19378972053527832 0.439412921667099 0.17247339089711508 0.41882985830307007 0.18224618832270303 0.39222466945648193 0.1917725404103597 0.38512903451919556 0.18875261147816977 0.31296345591545105 0.24896274010340372 0.31213584542274475 0.23241084814071655 0.3879484236240387 0.15520318349202475
1 0.5008258819580078 0.1627032458782196 0.44124072790145874 0.1915827989578247 0.5142444968223572 0.19737207889556885 0.5044474005699158 0.21289374430974325 0.4313095808029175 0.24123851458231607 0.47829440236091614 0.2423038681348165 0.40813690423965454 0.2787561813990275 0.44194328784942627 0.24536571900049844 0.4289768636226654 0.23058066765467325 0.3518604338169098 0.26992849508921307 0.3369637131690979 0.26330773035685223 0.3526880443096161 0.2456523577372233 0.4328363239765167 0.19631558656692505 0.4463571608066559 0.18701201677322388 0.4577978849411011 0.179139773050944 0.39406779408454895 0.20261740684509277 0.40648171305656433 0.1926862597465515 0.4911802113056183 0.16670620441436768
1 0.527319073677063 0.004865133203566074 0.5493943691253662 0.014260464658339819 0.451171875 0.02827065686384837 0.4652409851551056 0.04371910293896993 0.5492076277732849 0.07672987381617229 0.5384038686752319 0.09645634889602661 0.5237250328063965 0.12148341536521912 0.42551642656326294 0.1518582304318746 0.49894827604293823 0.13062967856725058 0.37999868392944336 0.1353063186009725 0.37917107343673706 0.10771980881690979 0.4770597517490387 0.058764949440956116 0.3841366469860077 0.07461599508921306 0.49571406841278076 0.03890477865934372 0.5086981654167175 0.02821447451909383
1 0.4668961763381958 0.0602710098028183 0.4834480881690979 0.06468485295772552 0.5980218052864075 0.09055547912915547 0.5989104509353638 0.10135852297147115 0.49172404408454895 0.09116790692011516 0.482620507478714 0.10220250487327576 0.5515708327293396 0.13217636942863464 0.5339565873146057 0.15132089455922446 0.5220459699630737 0.16478470961252847 0.4313095808029175 0.1628928283850352 0.44206833839416504 0.12316825985908508 0.5395107865333557 0.10271901885668437 0.5540048480033875 0.08572147289911906 0.45944783091545105 0.07240907351175944
1 0.482620507478714 0.005097987440725167 0.6254507899284363 0.030413950483004253 0.5248278379440308 0.0039945269624392194 0.6389539241790771 0.04658574859301249 0.6290900111198425 0.05512907604376475 0.6113755106925964 0.06380611161390941 0.5951709747314453 0.06617589791615804 0.5846700668334961 0.0628649890422821 0.5850731134414673 0.05029507974783579 0.5880930423736572 0.037680615981419883 0.47931012511253357 0.018339512248833973
1 0.4660685956478119 0.19599664211273193 0.5514174103736877 0.19813493887583414 0.49586203694343567 0.18165165185928345 0.5016551613807678 0.17172052462895712 0.5082759261131287 0.14854784806569418 0.5907885432243347 0.18245863914489746 0.5124139189720154 0.17944473028182983 0.5115863084793091 0.19710010290145874 0.5157243013381958 0.20372086763381958 0.5322762131690979 0.20041048526763916 0.5380693674087524 0.19820356369018555 0.6044076085090637 0.23806244134902954 0.6027128100395203 0.252399206161499 0.5438625812530518 0.23351430892944336 0.611585795879364 0.2770252029101054 0.6169866919517517 0.29438189665476483 0.6123231053352356 0.2993469436963399 0.5941386818885803 0.3136155605316162 0.5726335048675537 0.30909613768259686 0.5513466000556946 0.30003635088602704 0.49089646339416504 0.28206656376520794 0.5278124809265137 0.27496206760406494 0.4635857939720154 0.2743423382441203 0.505518913269043 0.27010711034138996 0.44620630145072937 0.26882503430048627 0.4486891031265259 0.24234197537104288 0.5191754102706909 0.22032034397125244 0.46110302209854126 0.2059277892112732
1 0.6314335465431213 0.19049082199732462 0.5711731910705566 0.163996289173762 0.5777939558029175 0.17834126949310303 0.6433244943618774 0.2569422125816345 0.5868974924087524 0.23682469129562378 0.6249709725379944 0.30820486942927044 0.6242002844810486 0.2823939522107442 0.5546212792396545 0.22799700498580933 0.6159151196479797 0.23716851075490317 0.6234138607978821 0.22761855522791544 0.6287322044372559 0.20903241634368896
1 0.5786215662956238 0.042615642150243126 0.6026217937469482 0.02827065686384837 0.6183461546897888 0.008408368875583013 0.6572431325912476 0.0013020833333333333 0.7653993964195251 0.1316758096218109 0.7650966644287109 0.15471322337786356 0.6704846620559692 0.07351253430048625 0.7340126633644104 0.1611750821272532 0.6274496912956238 0.07240907351175944 0.7044229507446289 0.13236522674560547 0.5902078747749329 0.06689177453517914 0.5786215662956238 0.06799523532390594
1 0.6688294410705566 0.0013020833333333333 0.6742171049118042 0.0013020833333333333 0.6911745071411133 0.009511829043428103 0.7894212007522583 0.12568318843841553 0.782811164855957 0.1460361878077189 0.7758491635322571 0.15697291493415833 0.6762778162956238 0.03820180147886276 0.7712544798851013 0.11447643240292867 0.6688294410705566 0.012822210788726807
1 0.7110368013381958 0.005097987440725167 0.7383474707603455 0.0028910664841532707 0.7731064558029175 0.0013020833333333333 0.8780920505523682 0.14720542232195535 0.8767826557159424 0.1744476556777954 0.7921411395072937 0.0602710098028183 0.8942769169807434 0.22475085655848184 0.8882370591163635 0.24997979402542114 0.807037889957428 0.1353063186009725 0.802072286605835 0.15737553437550864 0.8567146062850952 0.3199622631072998 0.7913135886192322 0.2048243284225464 0.7333818674087524 0.1926862597465515 0.7773040533065796 0.28153159221013385 0.7019332647323608 0.17172052462895712 0.7752927541732788 0.2355013887087504 0.6961401104927063 0.1099267303943634 0.7761499881744385 0.18837539354960123 0.6961401104927063 0.06799523532390594 0.7963653802871704 0.14022178451220194 0.7068988084793091 0.018339512248833973
1 0.5910354852676392 0.12427172064781189 0.7038173675537109 0.17844001452128092 0.6406912207603455 0.10661634802818298 0.6415188312530518 0.1364097793896993 0.6448292136192322 0.15847898523012796 0.6456567645072937 0.1904793381690979 0.6382084488868713 0.2235831618309021 0.6820388436317444 0.3093268871307373 0.6604000329971313 0.29085083802541095 0.6532041430473328 0.2773634195327759 0.5893803238868713 0.19378972053527832 0.588552713394165 0.163996289173762 0.6681032180786133 0.19335609674453735
1 0.7383734583854675 0.1792474389076233 0.7668739557266235 0.17631930112838745 0.6903469562530518 0.13199593623479208 0.6936573386192322 0.1662032107512156 0.7462888956069946 0.24053194125493368 0.660553514957428 0.14854784806569418 0.732081949710846 0.2055275837580363
1 0.5910354852676392 0.2467558185259501 0.6175185441970825 0.258893887201945 0.6100701689720154 0.2908942500750224 0.5984838604927063 0.3195842107137044 0.5711731910705566 0.32620497544606525 0.6013836860656738 0.3595566352208455 0.5711731910705566 0.30082539717356366 0.5761387944221497 0.28317002455393475 0.6312782168388367 0.31088924407958984 0.6369819045066833 0.30520854393641156
1 0.37834349274635315 0.29861847559611004 0.4470924735069275 0.2637736201286316 0.4006885588169098 0.31075652440388996 0.39572298526763916 0.33944650491078693 0.3866194486618042 0.3515845537185669 0.42239829897880554 0.30886270602544147 0.4183560013771057 0.29671748479207355 0.42105740308761597 0.27817589044570923 0.37420549988746643 0.31075652440388996
1 0.41144728660583496 0.29641155401865643 0.48294028639793396 0.26281418402989704 0.4503442943096161 0.30634268124898273 0.4652409851551056 0.3206876715024312 0.47848251461982727 0.33613614241282147 0.5130647420883179 0.34745065371195477 0.4948803186416626 0.361719290415446 0.44620630145072937 0.39130914211273193 0.45770737528800964 0.3609563906987508 0.4480459988117218 0.3359948396682739 0.4428968131542206 0.3175869385401408 0.45051345229148865 0.29302910963694256 0.40979209542274475 0.30744614203770954
1 0.25999733805656433 0.4211025635401408 0.31956756114959717 0.33922966321309406 0.3022047281265259 0.4387579361597697 0.31544622778892517 0.482896367708842 0.31756800413131714 0.43104366461435956 0.3034593164920807 0.46094663937886554 0.2906183898448944 0.5546212991078695 0.26413533091545105 0.5623455047607422 0.26598551869392395 0.42878135045369464 0.2677314281463623 0.39245835940043133 0.27653956413269043 0.35566620031992596 0.28132110834121704 0.3356932799021403
1 0.32868775725364685 0.5160001913706461 0.3411017060279846 0.5435866912206014 0.3420734107494354 0.5028638442357382 0.3510328531265259 0.5855182011922201 0.34441208839416504 0.6009666124979655 0.32786017656326294 0.5987596909205118 0.31627383828163147 0.5888285636901855 0.3018648028373718 0.4857509136199951 0.31130826473236084 0.545793612798055 0.3269443213939667 0.4535672664642334
1 0.31213584542274475 0.41006795565287274 0.3639541566371918 0.3280045787493388 0.3922029733657837 0.32612762848536175 0.41812005639076233 0.3267332116762797 0.4297278821468353 0.3363068103790283 0.4391041696071625 0.35883041222890216 0.41061970591545105 0.4155852794647217 0.4147285223007202 0.40984662373860675 0.3825867772102356 0.44249947865804035 0.353515625 0.477379043896993 0.33117055892944336 0.45972371101379395 0.31627383828163147 0.44317177931467694
1 0.42634400725364685 0.4177922010421753 0.46110302209854126 0.41006795565287274 0.5044571757316589 0.4051778316497803 0.5224056243896484 0.42092498143513996 0.5148966908454895 0.42993024984995526 0.5231726765632629 0.4486891031265259 0.530606210231781 0.4846474329630534 0.5264830589294434 0.5115863482157389 0.509635865688324 0.5359546343485514 0.5049655437469482 0.5358624458312988 0.46759873628616333 0.5192218621571859 0.45613744854927063 0.5314486424128214 0.44433194398880005 0.5220608711242676 0.43815845251083374 0.5333331425984701 0.430459201335907 0.5219481388727824 0.4213784337043762 0.5502074559529623 0.40365347266197205 0.5105394919713339 0.40234375 0.5424832105636597 0.39820578694343567 0.5237243970235189 0.39158502221107483 0.5104828675587972 0.399143248796463 0.4495459794998169 0.4089403450489044 0.4340243339538574 0.4231826961040497 0.4180780251820882 0.4180680513381958 0.4343440930048625
1 0.6828410029411316 0.3930668036142985 0.6891639828681946 0.42471571763356525 0.6902197599411011 0.4529645840326945 0.6908056139945984 0.486805001894633 0.6788950562477112 0.500268816947937 0.6506223678588867 0.4696548382441203 0.6299324631690979 0.482896367708842 0.60944664478302 0.5182021856307983 0.6083908081054688 0.4899533192316691 0.611092209815979 0.47141170501708984 0.6237244009971619 0.4513051112492879 0.6200013160705566 0.37586069107055664 0.6558327078819275 0.4151630798975627 0.646484375 0.3350326617558797
1 0.6895193457603455 0.23020392656326294 0.7102091908454895 0.2213762402534485 0.7193127870559692 0.23130738735198975 0.7317267060279846 0.253376583258311 0.7449682354927063 0.26992849508921307 0.7424854636192322 0.28317002455393475 0.7679395079612732 0.3968522946039836 0.7217955589294434 0.28537694613138836 0.7135195732116699 0.26661811272303265 0.6944848895072937 0.25227312246958417 0.681243360042572 0.24896274010340372
1 0.708003044128418 0.39682598908742267 0.7263212203979492 0.39651405811309814 0.7347754240036011 0.4047454595565796 0.736267626285553 0.42391355832417804 0.7176575660705566 0.34275686740875244 0.7251059412956238 0.3383430242538452 0.755525529384613 0.4124184846878052 0.744140625 0.32399805386861164 0.7524165511131287 0.34496378898620605 0.7491061687469482 0.36261916160583496 0.7532920241355896 0.47980837027231854 0.7346220016479492 0.47070403893788654 0.7226288318634033 0.4482249816258748 0.6870365738868713 0.350481112798055 0.6771054267883301 0.34717071056365967 0.7053016424179077 0.41536760330200195
1 0.6878641247749329 0.4199991226196289 0.7324061989784241 0.5126185417175293 0.7375198602676392 0.4233094851175944 0.744140625 0.4343440930048625 0.7377559542655945 0.5519614617029825 0.7275887131690979 0.48068944613138836 0.7155449390411377 0.5830493370691935 0.709381639957428 0.4873102108637492 0.6944848895072937 0.47075827916463214 0.6842113137245178 0.5361225605010986 0.6828985810279846 0.4376544952392578
1 0.255859375 0.5877251227696737 0.2748940587043762 0.5755870342254639 0.28430166840553284 0.48290924231211346 0.29806673526763916 0.5777939558029175 0.28933289647102356 0.5163249969482422 0.2767341434955597 0.5399207671483358 0.28317001461982727 0.6451050440470377 0.2480999231338501 0.5288922389348348 0.2421623170375824 0.510148803393046
1 0.29558396339416504 0.6583465735117594 0.2929721176624298 0.5410401026407877 0.304412841796875 0.5331679185231527 0.3344809412956238 0.6142081419626871 0.31855300068855286 0.5611939430236816 0.3402740955352783 0.6616569757461548 0.29666048288345337 0.5982089440027872 0.2761954069137573 0.5929738680521647 0.2659461796283722 0.5886117617289225 0.26638263463974 0.5795309940973917
1 0.35848119854927063 0.6075873772303263 0.3857918381690979 0.5987596909205118 0.3854513466358185 0.5502834717432658 0.39315056800842285 0.5616684754689535 0.38199493288993835 0.5719786485036215 0.3899298310279846 0.6594500541687012 0.3833090662956238 0.6682777404785156 0.33702048659324646 0.6038031578063965 0.33215638995170593 0.5878332455952963 0.33614951372146606 0.567524790763855
1 0.39429089426994324 0.5714203119277954 0.4039989411830902 0.6428981224695841 0.35944774746894836 0.6226147413253784 0.382093220949173 0.6368860006332397 0.39044713973999023 0.6346499522527059 0.39541351795196533 0.6066474914550781
1 0.40995872020721436 0.5676637490590414 0.43958553671836853 0.6075873772303263 0.44620630145072937 0.6230358282725016 0.42268913984298706 0.6124645074208578 0.4486891031265259 0.6539327303568522 0.4362751543521881 0.6682777404785156 0.39989227056503296 0.6097119649251302 0.4020903706550598 0.5932728052139282 0.40507689118385315 0.5771691799163818
1 0.0009765625 0.4123917818069458 0.017511917278170586 0.6428981224695841 0.03158103674650192 0.6594500541687012 0.030753443017601967 0.6693811416625977 0.015856726095080376 0.68924347559611 0.013373940251767635 0.7080023288726807 0.008408368565142155 0.7245542208353678 0.004270392004400492 0.728968063990275 0.0009765625 0.4912767807642619 0.0017876059282571077 0.6616569757461548 0.0009765625 0.6440016031265259
1 0.06882283091545105 0.6660707791646322 0.06349342316389084 0.519821842511495 0.07674489170312881 0.537044882774353 0.10689221322536469 0.7245542208353678 0.07399234175682068 0.5775727033615112 0.08018160611391068 0.5952648719151815 0.13006488978862762 0.7675891717274984 0.12178892642259598 0.7731064955393473 0.09613347798585892 0.7775203386942545 0.07213321328163147 0.7808307011922201 0.06965042650699615 0.758761485417684 0.028701379895210266 0.5490301847457886 0.019928673282265663 0.5348716576894125 0.0009765625 0.534557064374288 0.01226287242025137 0.5269758303960165 0.028652239590883255 0.5165764888127645 0.059719279408454895 0.6925538380940756 0.04307946935296059 0.4926005999247233
1 0.029925847426056862 0.7499337991078695 0.008236302062869072 0.543795108795166 0.016657080501317978 0.5485373735427856 0.020211761817336082 0.5917495091756185 0.061374470591545105 0.7896583875020345 0.04730534926056862 0.7951756318410238 0.03323622792959213 0.79296875 0.0009765625 0.5741672913233439 0.0009765625 0.5654220978418986 0.0009765625 0.5580637057622274
1 0.14800405502319336 0.5442067782084147 0.20123808085918427 0.6826226711273193 0.19836165010929108 0.5552142858505249 0.24662140011787415 0.593128482500712 0.27820444107055664 0.7035884857177734 0.2682732939720154 0.7135195732116699 0.2566869556903839 0.728968063990275 0.24261784553527832 0.7433129946390787 0.19131316244602203 0.6390879154205322 0.23516948521137238 0.7797272205352783 0.17383261024951935 0.6721890767415365 0.20951403677463531 0.7907618681589762 0.19958288967609406 0.7775203386942545 0.18303097784519196 0.7642788092295328 0.16647908091545105 0.7488303184509277 0.12475299090147018 0.5760103066762289 0.16151350736618042 0.7135195732116699 0.16896186769008636 0.70138152440389
1 0.12840969860553741 0.7896583875020345 0.13916842639446259 0.7918652693430582 0.11174920201301575 0.6666158437728882 0.13048608601093292 0.6826984882354736 0.13402505218982697 0.6969461441040039 0.131475031375885 0.7039690017700195 0.11032181233167648 0.7088658809661865 0.1590307205915451 0.8635902404785156 0.13751323521137238 0.8591763973236084 0.12178892642259598 0.8404175440470377 0.11599576473236084 0.8161414464314779 0.12178892642259598 0.8017964363098145
1 0.0009765625 0.6598523457845052 0.051443327218294144 0.8536590735117594 0.008802496828138828 0.6575507720311483 0.08206435292959213 0.8470383485158285 0.026717551052570343 0.6698087056477865 0.09613347798585892 0.8768317699432373 0.033425845205783844 0.7143630981445312 0.010847220197319984 0.7070701122283936 0.0009765625 0.700783888498942 0.0009765625 0.6937373479207357
1 0.16730667650699615 0.9022113482157389 0.10607700794935226 0.7302255630493164 0.12013457715511322 0.7223087151845297 0.13612090051174164 0.7244793574015299 0.21944518387317657 0.8657971223195394 0.16435204446315765 0.7480777899424235 0.24675582349300385 0.8823490142822266 0.25089380145072937 0.89669402440389 0.23682467639446259 0.8977975050608317 0.21447961032390594 0.8977975050608317 0.1904793381690979 0.8989009857177734
1 0.166434183716774 0.6922065416971842 0.24427303671836853 0.8216586907704672 0.2566869556903839 0.8315898577372233 0.255859375 0.8470383485158285 0.24841101467609406 0.8536590735117594 0.1668352335691452 0.7340764999389648 0.2235831618309021 0.850348711013794 0.21034163236618042 0.8437279065450033
1 0.2897907793521881 0.7068988482157389 0.2564499080181122 0.6355359156926473 0.30054953694343567 0.7499337991078695 0.3046875 0.758761485417684 0.3204118013381958 0.7620718479156494 0.27577266097068787 0.6854589780171713 0.27073943614959717 0.7064831256866455 0.25424981117248535 0.7064149379730225 0.29972192645072937 0.8028999169667562 0.2889631986618042 0.8095206419626871 0.28151482343673706 0.8139344851175944 0.20219743251800537 0.7097442150115967 0.19102607667446136 0.6910898685455322 0.18203513324260712 0.6814716657002767 0.19208385050296783 0.6648988723754883 0.20105908811092377 0.6455524762471517 0.2098829448223114 0.637724757194519 0.2267756164073944 0.6252230008443197 0.27820444107055664 0.7157265345255533
1 0.05619923397898674 0.4414271116256714 0.08371954411268234 0.6075873772303263 0.09179539233446121 0.4415188630421956 0.09861625730991364 0.6462085247039795 0.0651056319475174 0.4695422649383545 0.07130561769008636 0.6428981224695841
1 0.4635857939720154 0.5877251227696737 0.47599974274635315 0.6009666124979655 0.44478219747543335 0.5963844855626425 0.4358246624469757 0.5902554988861084 0.45613744854927063 0.6042770147323608 0.4528270661830902 0.59765625
1 0.3700675368309021 0.7168300151824951 0.3651494085788727 0.6713739236195883 0.4379303455352783 0.7190368970235189 0.4652409851551056 0.7234507401784261 0.468551367521286 0.7400026321411133 0.4129215478897095 0.7403550942738851 0.4710341691970825 0.7885549068450928 0.3885124623775482 0.7878821690877279 0.37520983815193176 0.7926453749338785 0.35313454270362854 0.7832500139872233 0.3379366099834442 0.7814149856567383 0.3866194486618042 0.8194518089294434 0.29484376311302185 0.7364332675933838 0.3502052426338196 0.7973825931549072 0.2900642156600952 0.7019663651784261 0.35848119854927063 0.7499337991078695
1 0.255859375 0.8635902404785156 0.20233112573623657 0.7237008412679037 0.27985963225364685 0.8249691327412924 0.2350253313779831 0.7213991483052572 0.322066992521286 0.8095206419626871 0.3353085219860077 0.8028999169667562 0.3402740955352783 0.8106241226196289 0.27763256430625916 0.7430078983306885 0.34606727957725525 0.8393140633900961 0.2690427005290985 0.775259812672933 0.3377913236618042 0.8657971223195394 0.31296345591545105 0.8602797985076904 0.29310116171836853 0.8558660348256429 0.28151482343673706 0.8602797985076904 0.20263192057609558 0.7551032702128092
1 0.3857918381690979 0.8933836619059244 0.3059462904930115 0.8025492032368978 0.3208256959915161 0.7984570662180582 0.4147576689720154 0.8481417496999105 0.3545933663845062 0.7989288965861002 0.37588027119636536 0.8079887231191 0.3861629366874695 0.8158400853474935 0.4693789780139923 0.8646936416625977 0.468551367521286 0.8878663380940756 0.4677237868309021 0.8989009857177734 0.3407186269760132 0.8532560666402181 0.4155852794647217 0.9000043869018555
1 0.47268936038017273 0.8315898577372233 0.49006885290145874 0.7918652693430582 0.4354490637779236 0.7696341673533121 0.4506469666957855 0.7714691956837972 0.46623024344444275 0.7862097422281901 0.5455177426338196 0.7962791124979655 0.48409414291381836 0.8204538822174072 0.5645524263381958 0.8282794952392578 0.4878670573234558 0.8591256936391195 0.5744835734367371 0.8580729166666666 0.5744835734367371 0.8724179267883301 0.5662076473236084 0.8834524949391683 0.5504832863807678 0.8790386517842611 0.534758985042572 0.8768317699432373 0.5297934412956238 0.8878663380940756 0.5240002870559692 0.8955905437469482 0.41662368178367615 0.8809282779693604 0.48841366171836853 0.89669402440389 0.47765493392944336 0.8735213279724121 0.4710341691970825 0.844831387201945
1 0.5016551613807678 0.68924347559611 0.5231726765632629 0.6726915836334229 0.505487322807312 0.676661491394043 0.5711731910705566 0.6649673382441202 0.5844147205352783 0.6737949848175049 0.5436315536499023 0.7241702874501547 0.5968286395072937 0.7201403776804606 0.5325584411621094 0.7704233328501383 0.5092071294784546 0.7917593320210775 0.4980180859565735 0.7985804080963135 0.48360854387283325 0.797080914179484 0.5331038236618042 0.7742098967234293 0.5182070732116699 0.7675891717274984 0.4465712904930115 0.7558348178863525 0.44715914130210876 0.7352353731791178 0.5016551613807678 0.7201403776804606
1 0.4530181586742401 0.6091562509536743 0.4870217740535736 0.5796124537785848 0.4945538640022278 0.573551615079244 0.5306210517883301 0.545793612798055 0.5330362915992737 0.5470722913742065 0.5604144334793091 0.5160001913706461 0.5670351982116699 0.5171036322911581 0.5769663453102112 0.5391728480656942 0.5674901604652405 0.591852068901062 0.5868974924087524 0.59765625 0.5552255511283875 0.6503394444783529 0.5769663453102112 0.6395877599716187 0.5686904191970825 0.6462085247039795 0.5071821212768555 0.6623247861862183 0.5182070732116699 0.6583465735117594 0.5041379928588867 0.6583465735117594 0.49089646339416504 0.6528292894363403 0.4842756986618042 0.6351739168167114
1 0.5860699415206909 0.5027586619059244 0.59765625 0.49062057336171466 0.606759786605835 0.4873102108637492 0.6098653674125671 0.5345967610677084 0.6299324631690979 0.4994482596715291 0.6398636102676392 0.5160001913706461 0.6481395363807678 0.5468970537185669 0.6269055008888245 0.6194560925165812 0.6423463821411133 0.574483593304952 0.6357256174087524 0.5755870342254639 0.5962914228439331 0.6203263998031616 0.6075873970985413 0.5733801126480103 0.5831245183944702 0.5846063693364462 0.5815988183021545 0.561949094136556
1 0.6383147835731506 0.5536548296610514 0.6578911542892456 0.5480868419011434 0.6721398234367371 0.47075827916463214 0.6845537424087524 0.477379043896993 0.6913895010948181 0.5750853220621744 0.7041376829147339 0.5944107373555502 0.7259335517883301 0.5215174754460653 0.7084473371505737 0.6344692707061768 0.730071485042572 0.5678628285725912 0.730071485042572 0.5877251227696737 0.7275887131690979 0.6064839363098145 0.7226231694221497 0.6252427498499552 0.6765218377113342 0.717021624247233 0.6623973846435547 0.7179601192474365 0.6845537424087524 0.6428981224695841 0.6250239610671997 0.6962622801462809 0.6522775292396545 0.6219323873519897 0.6222575902938843 0.6533856789271036 0.6539327502250671 0.574483593304952 0.6352594494819641 0.6172200043996176 0.6365020275115967 0.5829994678497314
1 0.6170710325241089 0.7403683662414551 0.681243360042572 0.6815192699432373 0.6536227464675903 0.7582414944966634 0.7234507203102112 0.6848296324412028 0.7457957863807678 0.6903469562530518 0.6989470720291138 0.790273110071818 0.7375198602676392 0.7344853083292643 0.6585851311683655 0.8391187985738119 0.6419775485992432 0.8540585041046143 0.6284566521644592 0.8633620738983154 0.6043012738227844 0.8553980191548666 0.5826957821846008 0.840411106745402 0.5787203311920166 0.8352441787719727 0.5693441033363342 0.8127206166585287 0.6332428455352783 0.7388991514841715 0.5796621441841125 0.769621213277181 0.5898111462593079 0.7635157903035482 0.660553514957428 0.6991746425628662
1 0.6315876841545105 0.8492452303568522 0.5525339245796204 0.8611651261647543 0.6357256174087524 0.8150379657745361 0.6473119854927063 0.8194518089294434 0.5697608590126038 0.8835550944010416 0.5693912506103516 0.899614175160726 0.6613810658454895 0.8724179267883301 0.5694738030433655 0.935556968053182 0.5543092489242554 0.9372111161549886 0.6390359997749329 0.88455597559611 0.6282773017883301 0.8635902404785156
1 0.48546651005744934 0.9090696970621744 0.5123056173324585 0.9239675203959147 0.5303720831871033 0.9247066974639893 0.6200013160705566 0.8834524949391683 0.5134636163711548 0.9082439740498861 0.49378702044487 0.9033443927764893
2 0.9220736026763916 0.6285531520843506 0.9295219779014587 0.631863514582316 0.9320047497749329 0.6219323873519897 0.880769670009613 0.7819422086079916
1 0.7514458894729614 0.505663792292277 0.7507613897323608 0.3879987796147664 0.7590373158454895 0.37475725015004474 0.7640029191970825 0.36151572068532306 0.7924606204032898 0.49763695398966473 0.7846928238868713 0.39572298526763916 0.7954515218734741 0.4155852794647217 0.7994874119758606 0.5481184323628744 0.7925254702568054 0.5590551296869913 0.7810179591178894 0.5599490404129028 0.7631753087043762 0.4387579361597697 0.753244161605835 0.4354475736618042 0.7555215954780579 0.5212982098261515
1 0.7739340662956238 0.3559983968734741 0.7880032062530518 0.3306188186009725 0.8037275075912476 0.3151703675587972 0.8153138160705566 0.31296344598134357 0.8260725736618042 0.32951535781224567 0.8572454452514648 0.4846686124801636 0.8652631640434265 0.501980741818746 0.8824900388717651 0.5243706703186035 0.8806938529014587 0.3891022205352783 0.8778756260871887 0.561789353688558 0.8566935658454895 0.4166887203852336 0.8395623564720154 0.5512746969858805 0.8136586546897888 0.4166887203852336 0.7979342937469482 0.4045506715774536 0.8020217418670654 0.5121310154596964
1 0.8349813222885132 0.5921825567881266 0.8633143305778503 0.4553098678588867 0.8649695515632629 0.46303407351175946 0.8509499430656433 0.6198285023371378 0.8430658578872681 0.6164729992548624 0.8401417136192322 0.4696548382441203 0.8264091610908508 0.5989590485890707
1 0.7565545439720154 0.4519994656244914 0.7797272205352783 0.45751678943634033 0.7846571803092957 0.5846641858418783 0.8111758232116699 0.47848252455393475 0.8006591796875 0.6157992680867513 0.7794725298881531 0.6172070105870565 0.7780720591545105 0.504965583483378 0.7880032062530518 0.5182071129480997 0.746275007724762 0.6216110388437907 0.737032413482666 0.6130441029866537 0.7271862030029297 0.596112052599589 0.7353730797767639 0.5764301220575968
1 0.7470102906227112 0.6983726024627686 0.7584844827651978 0.6939895153045654 0.8053826689720154 0.5800008773803711 0.7837802171707153 0.7117053667704264 0.8351761102676392 0.5965528090794882 0.8351761102676392 0.6164150635401408 0.7794842720031738 0.7550512154897054 0.8161414265632629 0.6506223678588867 0.8136586546897888 0.6782088279724121 0.7530284523963928 0.8074987729390463 0.7618011832237244 0.8216572602589926 0.8053826689720154 0.7068988482157389 0.7219445109367371 0.8139606316884359 0.7120648622512817 0.7935394446055094 0.7598649263381958 0.6760019461313883 0.7640029191970825 0.6539327303568522 0.7714512944221497 0.6307600736618042 0.7408033609390259 0.7061556975046793
1 0.7048512697219849 0.8055274486541748 0.7032233476638794 0.8268425464630127 0.7648305296897888 0.7444164752960205 0.7548993825912476 0.7653822104136149 0.6701083779335022 0.8671894073486328 0.7391750812530518 0.7885549068450928 0.7333818674087524 0.7907618681589762 0.7308990955352783 0.7731064955393473 0.7383474707603455 0.7466234366099039 0.6850566267967224 0.8156357606252035
1 0.7036755681037903 0.8467262585957845 0.7237041592597961 0.8610421021779379 0.7946239113807678 0.7708995342254639 0.699446439743042 0.8970504601796468 0.6867808699607849 0.9136678377787272 0.6753401756286621 0.921540101369222 0.667926013469696 0.9125931262969971 0.7491061687469482 0.8128310044606527 0.7524165511131287 0.787451426188151 0.7590373158454895 0.7675891717274984
1 0.6135752201080322 0.9218939940134684 0.730071485042572 0.8657971223195394 0.7507613897323608 0.8514521916707357 0.6820484399795532 0.9660944143931071 0.7904859781265259 0.8856594562530518 0.7995895147323608 0.891176700592041 0.6776188015937805 0.9954836368560791 0.6305996179580688 0.9777887662251791 0.6037939190864563 0.9663801987965902 0.6944848895072937 0.8856594562530518 0.6961401104927063 0.8680040836334229
1 0.9063493013381958 0.59765625 0.880702793598175 0.7749638557434082 0.9576601982116699 0.626346230506897 0.98828125 0.6417946815490723 0.9949020147323608 0.6638638575871786 0.927802562713623 0.8830414613087972 0.9116313457489014 0.8889005184173584 0.9634534120559692 0.7245542208353678 0.883213460445404 0.9277714093526205 0.8659688234329224 0.9308569431304932 0.9262115955352783 0.7631753285725912 0.9080045223236084 0.7333819071451823 0.8922801613807678 0.7300714651743571 0.8029987215995789 0.8600407441457113 0.8029495477676392 0.8275870482126871 0.8185171484947205 0.8133629957834879 0.8423717617988586 0.7899245421091715 0.899728536605835 0.6086908578872681
1 0.8575211763381958 0.7002780437469482 0.8649695515632629 0.7256577014923096 0.8856594562530518 0.735588788986206 0.7924801707267761 0.8822051684061686 0.7875649333000183 0.8882214228312174 0.8641419410705566 0.7609683672587076 0.8724179267883301 0.7697960535685221 0.7996917963027954 0.9246571063995361 0.7956317663192749 0.9379872481028239 0.7877300381660461 0.9601070880889893 0.7792246341705322 0.9738619327545166 0.8682799339294434 0.8613832791646322 0.8641419410705566 0.8691074848175049 0.8368313312530518 0.8702109654744467 0.7154130935668945 0.9791362285614014 0.7257134914398193 0.9615121682484945 0.8219345808029175 0.832693338394165 0.8335209488868713 0.8172448476155599 0.8368313312530518 0.7918652693430582 0.8401417136192322 0.7697960535685221 0.7754871249198914 0.8842394351959229 0.782700777053833 0.8722515106201172 0.7872641086578369 0.8568189938863119
1 0.8057964444160461 0.9608463446299235 0.9195908308029175 0.8028999169667562 0.850501537322998 0.9555484453837076 0.953522264957428 0.7808307011922201 0.9725569486618042 0.7830375830332438 0.8905253410339355 0.9806908766428629 0.9891088604927063 0.8117276032765707 0.9849708676338196 0.8249691327412924 0.9775224924087524 0.8437279065450033 0.9725569486618042 0.8657971223195394 0.9717293381690979 0.891176700592041 0.9684189558029175 0.8977975050608317 0.9344875812530518 0.9011078675587972 0.7966344356536865 1.0 0.7699132561683655 1.0 0.8864870071411133 0.8415210247039795
0 0.8542107939720154 0.9000043869018555 0.8591763973236084 0.8856594562530518 0.8724179267883301 0.8878663380940756 0.773267388343811 1.0
1 0.8086930513381958 0.8801421324412028 0.8517280220985413 0.8801421324412028 0.7385441660881042 1.0 0.7080481052398682 1.0
1 0.8624867796897888 0.48841365178426105 0.8873659372329712 0.6781848271687826 0.884294867515564 0.7127854824066162 0.8744643926620483 0.7248179912567139 0.8749006986618042 0.568966269493103 0.850900411605835 0.5777939558029175 0.8150666952133179 0.6717386245727539 0.8213916420936584 0.6489476760228475
1 0.876555860042572 0.4376544952392578 0.8881422281265259 0.4188956419626872 0.9055216908454895 0.4034471909205119 0.9229994416236877 0.5728860298792521 0.9328323602676392 0.4067575931549072 0.9328323602676392 0.4233094851175944 0.9278668165206909 0.4519994656244914 0.9005561470985413 0.4928274949391683 0.8625912070274353 0.6328912178675333 0.8749006986618042 0.4508960247039795
1 0.9256477952003479 0.6307705243428549 0.9477290511131287 0.4696548382441203 0.9386255145072937 0.4839998086293538 0.9493842720985413 0.50606902440389 0.9659361839294434 0.522620956103007 0.9474517703056335 0.7211322784423828 0.9609214663505554 0.7338148752848307 0.9982123970985413 0.5502074559529623 0.9474173188209534 0.819180409113566 0.9874536395072937 0.6153116226196289 0.9352206587791443 0.7831088701883951 0.9229758381843567 0.7616810003916422 0.9113680124282837 0.7521073818206787 0.9172229766845703 0.7349080244700114 0.9286943674087524 0.5491039752960205 0.9195908308029175 0.5148967107137045 0.8930026888847351 0.6655258337656657 0.904124915599823 0.6517264445622762 0.9270392060279846 0.4696548382441203
1 0.9300264716148376 0.15888405839602152 0.8177965879440308 0.0028910664841532707 0.9132674336433411 0.18534245093663534 0.9132497310638428 0.21081779400507608 0.9378416538238525 0.20970108111699423 0.9706361293792725 0.21786693731943765 0.904694139957428 0.045926024516423546 0.9328323602676392 0.05033986767133077 0.9469015002250671 0.04702948530515035 0.9526946544647217 0.01944297303756078 1.0 0.21203424533208212 1.0 0.2030190428098043 0.9071769118309021 0.006201447919011116 0.8566935658454895 0.006201447919011116
1 0.9160671234130859 0.23170822858810425 0.945859432220459 0.22701321045557657 0.970484733581543 0.22938563426335654 0.9055216908454895 0.058064088225364685 1.0 0.25050153334935504 0.9962326884269714 0.2669852574666341 0.9063493013381958 0.08896098534266154 0.9639238119125366 0.282192329565684 0.8856594562530518 0.11544403433799744 0.8699350953102112 0.11544403433799744 0.8566935658454895 0.11103019118309021 0.8459348678588867 0.09778866171836853 0.91853266954422 0.24318238099416098
1 0.9369703531265259 0.07461599508921306 0.9543498158454895 0.061374470591545105 0.9675913453102112 0.061374470591545105 1.0 0.28488202889760333 1.0 0.30065011978149414 1.0 0.3217187523841858 1.0 0.3329910437266032 0.9684189558029175 0.1353063186009725 1.0 0.368910272916158 0.9526946544647217 0.1684101422627767 0.9402807354927063 0.1507547696431478 0.9344875812530518 0.14192708333333334 0.9328323602676392 0.11654749512672424 0.9328323602676392 0.10220250487327576 0.9344875812530518 0.08565060297648112
1 0.9651085734367371 0.005097987440725167 0.9940744042396545 0.0013020833333333333 1.0 0.23789236942927042 1.0 0.25155802567799884 0.9816604852676392 0.016132591913143795
1 0.86528480052948 0.3676256736119588 0.8384864926338196 0.20041048526763916 0.9090678095817566 0.3480355342229207 0.8889698386192322 0.17944473028182983 0.9055216908454895 0.17834126949310303 0.9718884825706482 0.3759305477142334 0.9812647700309753 0.3984541098276774 0.9353151321411133 0.23461776971817017 0.9311771988868713 0.24896274010340372 0.9270392060279846 0.2611008087793986 0.9179356694221497 0.28537694613138836 0.9296291470527649 0.4726178248723348 0.9070505499839783 0.4653249184290568 0.8542107939720154 0.2919977108637492 0.8692917227745056 0.43072160085042316 0.8302105665206909 0.28648040692011517 0.8574990630149841 0.4291775623957316 0.8482564687728882 0.42061062653859455 0.8045550584793091 0.2732388774553935 0.8004171252250671 0.2555835048357646 0.8028998970985413 0.23792815208435059 0.8086930513381958 0.22689354419708252
1 0.9444186687469482 0.28096310297648114 0.9584878087043762 0.26441119114557904 1.0 0.46615858872731525 0.9808328747749329 0.2776527206103007 0.9891088604927063 0.2919977108637492 1.0 0.5152978499730428 0.9950156211853027 0.5224544604619344 0.9817464351654053 0.5307068030039469 0.9477290511131287 0.34606726964314777 0.9411082863807678 0.3328257401784261 0.9402807354927063 0.321791132291158 0.9444186687469482 0.31185998519261676 0.948556661605835 0.3041357795397441
1 1.0 0.5739871263504028 0.9990234375 0.3913690646489461 0.9928823113441467 0.6292695999145508 0.9850808382034302 0.661857008934021 0.9752660393714905 0.7028539975484213 0.9697295427322388 0.7259805202484131 0.9717293381690979 0.5126897891362509 0.9350063800811768 0.6787695089975992 0.9493842720985413 0.4851032892862956 0.9543498158454895 0.47075827916463214 0.9419860243797302 0.6423573891321818 0.9479079246520996 0.632136344909668 0.9628719091415405 0.6095471779505411 0.9758673310279846 0.3990333875020345 0.9898467063903809 0.5839618047078451
1 0.9949020147323608 0.1695136030515035 1.0 0.4129062493642171 0.9899364113807678 0.22027277946472168 1.0 0.45844364166259766 1.0 0.46895567576090497 1.0 0.4702087640762329 1.0 0.464871605237325 0.9982123970985413 0.22689354419708252 1.0 0.43563055992126465 0.9990234375 0.18275511264801025 1.0 0.38959479331970215
0 1.0 0.2289662758509318 0.9924192428588867 0.03268449753522873 1.0 0.2627353072166443 0.9990234375 0.10440942645072937 1.0 0.3580586115519206 0.9990234375 0.15516861279805502 1.0 0.38069899876912433 1.0 0.404921293258667 0.9841432571411133 0.2059277892112732 1.0 0.4058597485224406 0.9617981910705566 0.1893758773803711 1.0 0.378662109375 0.9766949415206909 0.15737553437550864 0.9816604852676392 0.1342028578122457 0.9841432571411133 0.10771980881690979 1.0 0.30013630787531537 1.0 0.27734533945719403 0.9642809629440308 0.03820180147886276
0 0.7846928238868713 0.0017876060058673222 0.8061440587043762 0.0013020833333333333 0.8120034337043762 0.007304908086856206 0.8120034337043762 0.029374117652575176 0.9046441912651062 0.21410512924194336 0.8893125057220459 0.1983134150505066 0.8847001194953918 0.18129227558771768 0.8852879405021667 0.16069284081459045
0 0.9045595526695251 0.23260211944580078 0.9123924970626831 0.2579437891642253 0.9165350198745728 0.28055649995803833 0.8707627058029175 0.1342028578122457 0.8757283091545105 0.14303054412206015 0.8773834705352783 0.15516861279805502 0.9364614486694336 0.3388447364171346 0.8616591691970825 0.17613434791564941 0.901905357837677 0.33803725242614746 0.8235898017883301 0.19599664211273193 0.8588438630104065 0.3509846131006877 0.8592469692230225 0.3384147087732951 0.866645336151123 0.3183972438176473 0.8778855204582214 0.2895900408426921 0.8177965879440308 0.12316825985908508 0.8194518089294434 0.09889212250709534
0 0.6613810658454895 0.163996289173762 0.6853813529014587 0.17392744620641074 0.7102091908454895 0.1904793381690979 0.7160024046897888 0.19710010290145874 0.7193127870559692 0.20703125 0.7506142854690552 0.30955501397450763 0.6820709705352783 0.2213762402534485 0.7279688715934753 0.29528377453486127 0.7298818230628967 0.27640660603841144 0.6680018305778503 0.17834126949310303
0 0.7241290807723999 0.24963364998499551 0.7243630290031433 0.2740577856699626 0.7224833965301514 0.29642409086227417 0.6729674339294434 0.23020392656326294 0.7254011034965515 0.32778199513753253 0.6737950444221497 0.2566869656244914 0.6680018305778503 0.258893887201945 0.6481395363807678 0.2555835048357646 0.6905599236488342 0.32453662157058716 0.6440016031265259 0.23792815208435059 0.7078556418418884 0.29946498076121014 0.7139957547187805 0.28470351298650104 0.7198508381843567 0.26750413576761883
1 0.6815178394317627 0.3369046449661255 0.655587911605835 0.26882503430048627 0.7036600112915039 0.35327831904093426 0.660553514957428 0.293101171652476 0.6572431325912476 0.30082539717356366 0.6506223678588867 0.29972193638483685 0.6846203207969666 0.36023302872975665
0 0.7185394167900085 0.3491862217585246 0.7376459240913391 0.34920982519785565 0.744556725025177 0.3602592945098877 0.7468373775482178 0.3797629674275716 0.7151747941970825 0.3151703675587972 0.7459467053413391 0.4233997662862142 0.7380470037460327 0.39107978343963623 0.7259358167648315 0.38360861937205 0.713103175163269 0.3827802340189616 0.6979720592498779 0.38792351881663006 0.6688294410705566 0.2942046324412028 0.6713122129440308 0.28537694613138836
0 0.6224840879440308 0.2787561813990275 0.637380838394165 0.2908942500750224 0.6784133315086365 0.36801616350809735 0.6678279042243958 0.3832022349039714 0.6332428455352783 0.33613614241282147 0.649492084980011 0.4089895486831665 0.6469597816467285 0.3905371030171712 0.6533181071281433 0.3712352514266968 0.6208289265632629 0.29861847559611004
0 0.5620696544647217 0.34386034806569415 0.6180404424667358 0.3770706256230672 0.5984838604927063 0.3328257401784261 0.606759786605835 0.3493776321411133 0.6403497457504272 0.4108901023864746 0.6142081618309021 0.3648260831832886 0.611725389957428 0.37475725015004474 0.6042770147323608 0.3857918580373128 0.6077381372451782 0.4491345485051473 0.5860699415206909 0.4177922010421753 0.5786215662956238 0.41006795565287274 0.5753111839294434 0.3891022205352783 0.5931123495101929 0.39773555596669513
1 0.5802973508834839 0.371431827545166 0.5562765002250671 0.38027453422546387 0.5736559629440308 0.4166887203852336 0.5932440161705017 0.46613208452860516 0.5877251029014587 0.44758562246958417 0.5918630957603455 0.477379043896993 0.5764339566230774 0.5145767132441202 0.5728284120559692 0.45972371101379395 0.5678628087043762 0.4376544952392578 0.5768055319786072 0.444077730178833 0.5666742324829102 0.4247078100840251 0.5536410212516785 0.4029444058736165 0.539724588394165 0.3670330047607422
0 0.46110302209854126 0.2886873284975688 0.48841366171836853 0.2953080932299296 0.5478233695030212 0.3147532343864441 0.5722638964653015 0.32515519857406616 0.5874283909797668 0.32350107034047443 0.5587592720985413 0.2897907892862956 0.5587592720985413 0.30082539717356366 0.5868405699729919 0.34410051504770917 0.5364142060279846 0.3306188186009725 0.5557231307029724 0.34707319736480713 0.4983448088169098 0.33613614241282147 0.4842756986618042 0.33613614241282147 0.47351694107055664 0.3151703675587972 0.4644134044647217 0.29972193638483685
0 0.5272226333618164 0.35000137488047284 0.5256554484367371 0.34165342648824054 0.5322762131690979 0.34165342648824054 0.5581709146499634 0.38402271270751953 0.5215174555778503 0.3846883773803711 0.5400867462158203 0.40875879923502606 0.5057931542396545 0.3979299068450928 0.49337923526763916 0.39572298526763916 0.5035685300827026 0.3943748076756795 0.44041314721107483 0.41006795565287274 0.4890587329864502 0.3824078639348348 0.5091384649276733 0.3747374614079793 0.5221225619316101 0.36404716968536377
0 0.5182070732116699 0.41006795565287274 0.5297934412956238 0.3990333875020345 0.5438625812530518 0.4067575931549072 0.5689883232116699 0.44770057996114093 0.5587592720985413 0.4376544952392578 0.5688526630401611 0.48818381627400714 0.5637248158454895 0.4895171324412028 0.5590379238128662 0.5291808048884074 0.5441250801086426 0.5297837257385254 0.5223450660705566 0.5446901321411133 0.5317956805229187 0.5268529653549194 0.5382208824157715 0.5145294666290283 0.5405521988868713 0.4740686813990275 0.5364142060279846 0.4398614168167114 0.5425345301628113 0.4457082748413086 0.5231726765632629 0.4222060441970825
0 0.32703256607055664 0.47296520074208576 0.3538523316383362 0.4210035006205241 0.36344677209854126 0.4950344165166219 0.3824814558029175 0.4994482596715291 0.3833090662956238 0.5137932697931925 0.36254045367240906 0.4536590576171875 0.3411017060279846 0.50606902440389 0.33979472517967224 0.42892030874888104
0 0.3402740955352783 0.5160001913706461 0.3692399263381958 0.5204140345255533 0.3905199468135834 0.47830863793691 0.39125725626945496 0.5006303787231445 0.38744890689849854 0.5129092931747437 0.39241260290145874 0.5700697501500448 0.39158502221107483 0.5833112796147665 0.36413100361824036 0.5377345085144043 0.3444543182849884 0.5328350067138672 0.3500576913356781 0.5166867971420288 0.3493204414844513 0.49436505635579425 0.3480464220046997 0.4706565539042155
0 0.3961213529109955 0.5166003306706747 0.41088277101516724 0.5275160868962606 0.42037707567214966 0.5350318352381388 0.4528270661830902 0.5755870342254639 0.45862022042274475 0.5811043580373129 0.4495166838169098 0.5877251227696737 0.4187825322151184 0.5598361094792684 0.408784955739975 0.5544227759043375 0.41310247778892517 0.5800008773803711 0.39313483238220215 0.5327039559682211
0 0.46027541160583496 0.545793612798055 0.47747838497161865 0.5396430095036825 0.49567848443984985 0.5543389320373535 0.4966896176338196 0.574483593304952 0.4650467336177826 0.5806845823923746 0.47434455156326294 0.5844147205352783 0.45008474588394165 0.5488338470458984 0.44421398639678955 0.5370687246322632
0 0.4260118901729584 0.5768126646677653 0.4668961763381958 0.6307600736618042 0.47682732343673706 0.6517258087793986 0.4809653162956238 0.6693811416625977 0.4842756986618042 0.6969676812489828 0.43727952241897583 0.7148141860961914 0.4983448088169098 0.7620718479156494 0.4867584705352783 0.7764168580373129 0.4801377058029175 0.7455199559529623 0.47517213225364685 0.7091057300567627 0.42860907316207886 0.6566832860310873 0.45696502923965454 0.6726915836334229 0.46110302209854126 0.6561396519343058 0.45944783091545105 0.6362773577372233 0.4264640510082245 0.5966964562733968
0 0.2660798728466034 0.6025684277216593 0.29676076769828796 0.6086764732996622 0.31346866488456726 0.6042042175928751 0.36013638973236084 0.6704846223195394 0.37420549988746643 0.6914503574371338 0.3692399263381958 0.7002780437469482 0.32096534967422485 0.6490941445032755 0.31002792716026306 0.6548639535903931 0.3510328531265259 0.7311749458312988 0.3007008135318756 0.6647940874099731 0.3394465148448944 0.7466234366099039 0.32868775725364685 0.7499337991078695 0.3179290294647217 0.7499337991078695 0.3071702718734741 0.728968063990275 0.26441848278045654 0.6203943490982056
0 0.384964257478714 0.6837261517842611 0.3740577697753906 0.645049254099528 0.39061427116394043 0.6520957549413046 0.4149879515171051 0.6555193662643433 0.47186174988746643 0.7179334163665771 0.4544822573661804 0.7135195732116699 0.4371027648448944 0.7102092107137045 0.37346991896629333 0.6656486590703329 0.39406779408454895 0.7091057300567627 0.33720332384109497 0.6502134799957275 0.38165387511253357 0.695864200592041
0 0.12768076360225677 0.0013020833333333333 0.020822299644351006 0.05144332846005758 0.02496027573943138 0.07020215193430583 0.03323622792959213 0.10661634802818298 0.14030896127223969 0.0013020833333333333 0.03820180147886276 0.15406515200932822 0.13913322985172272 0.0013020833333333333 0.05723649263381958 0.18496203422546387 0.0770987793803215 0.19930702447891235 0.08537473529577255 0.21254855394363403 0.09778866171836853 0.24013505379358926 0.08868511766195297 0.24896274010340372 0.07296080142259598 0.22689354419708252 0.06468485295772552 0.22027277946472168 0.049788136035203934 0.21916931867599487 0.02330508455634117 0.21916931867599487 0.10172431915998459 0.029910291234652202 0.012546345591545105 0.19710010290145874 0.10702689737081528 0.0013020833333333333 0.10947666317224503 0.0013020833333333333 0.11732926964759827 0.0013020833333333333 0.0009765625 0.06689177453517914
0 0.0034427966456860304 0.23020392656326294 0.015856726095080376 0.2224797010421753 0.02496027573943138 0.23351430892944336 0.10288037359714508 0.06862663229306538 0.01833951286971569 0.26772157351175946 0.08149120956659317 0.10353923837343852 0.0739256739616394 0.1061108907063802 0.0017876059282571077 0.26772157351175946 0.08194538950920105 0.06898313760757446 0.004270392004400492 0.24344543615976968
0 0.12181977182626724 0.05120442807674408 0.14582382142543793 0.07068714499473572 0.07130561769008636 0.2445488969484965 0.1418975293636322 0.09797391295433044 0.13231870532035828 0.10895520448684692 0.12399818748235703 0.1146804690361023 0.1142522469162941 0.10821593801180522 0.10759308934211731 0.0961152712504069 0.03158103674650192 0.253376583258311 0.11381776630878448 0.06285680333773296
0 0.05889168381690979 0.0017876060058673222 0.20445652306079865 0.0013020833333333333 0.20246317982673645 0.0013020833333333333 0.05889168381690979 0.016132591913143795
0 0.22651834785938263 0.0013020833333333333 0.10109904408454895 0.006201447919011116 0.10275423526763916 0.0172360527018706 0.2230285257101059 0.0013020833333333333 0.2174762785434723 0.0013020833333333333
0 0.24203477799892426 0.0013020833333333333 0.13337527215480804 0.0013020833333333333 0.26556891202926636 0.0013020833333333333 0.26107245683670044 0.0013020833333333333 0.1416512131690979 0.061374470591545105 0.1416512131690979 0.07461599508921306 0.11847855150699615 0.07351253430048625 0.1085474044084549 0.06247793138027191 0.22723792493343353 0.0013020833333333333 0.23315981030464172 0.0013020833333333333 0.11185778677463531 0.01944297303756078
0 0.22861221432685852 0.0013020833333333333 0.12427171319723129 0.08675406376520793 0.12261652201414108 0.12647863229115805 0.13585804402828217 0.13751324017842612 0.24189512431621552 0.01775204762816429 0.1408236175775528 0.15627207358678183 0.21267305314540863 0.027322980264822643 0.11516816914081573 0.12868555386861166 0.11103019118309021 0.11434057354927063 0.11103019118309021 0.09227136770884196
0 0.1408236175775528 0.005097987440725167 0.1590307205915451 0.010615289211273193 0.3035971522331238 0.0013020833333333333 0.18799655139446259 0.0039945269624392194 0.1896517425775528 0.05144332846005758 0.18799655139446259 0.07682291666666667 0.1598583161830902 0.07461599508921306 0.2637718915939331 0.0013020833333333333 0.14992716908454895 0.04813294609387716 0.14744438230991364 0.027167196075121563
0 0.3152698278427124 0.0013020833333333333 0.33457687497138977 0.0013020833333333333 0.24592822790145874 0.08785752455393474 0.362908273935318 0.027556384603182476 0.3622201383113861 0.03768832981586456 0.3407484292984009 0.03665808836619059 0.3285704255104065 0.02220859130223592 0.21613480150699615 0.10440942645072937 0.2078588455915451 0.08675406376520793
0 0.18303097784519196 0.12978901465733847 0.30283817648887634 0.013573482632637024 0.3172811269760132 0.01856213187177976 0.3292408585548401 0.03755198915799459 0.3353298604488373 0.04477674265702566 0.22772113978862762 0.14744438727696738 0.21447961032390594 0.1662032107512156 0.2053760588169098 0.18054819107055664 0.28228655457496643 0.08127529422442119 0.2651599049568176 0.06935288508733113 0.2603960633277893 0.06385043760140736 0.1764102280139923 0.15627207358678183 0.17972061038017273 0.14303054412206015
0 0.1755826324224472 0.19710010290145874 0.19792769849300385 0.20261740684509277 0.20041048526763916 0.21034163236618042 0.19792769849300385 0.2213762402534485 0.26537615060806274 0.11925239364306132 0.18137580156326294 0.24123851458231607 0.17723782360553741 0.21365201473236084
0 0.24628537893295288 0.14819329977035522 0.25990647077560425 0.14935722947120667 0.20703125 0.25006620089213055 0.2964424192905426 0.13826586802800497 0.23599708080291748 0.2213762402534485 0.3067428171634674 0.1206417977809906 0.297281950712204 0.11661522587140401 0.21199682354927063 0.2235831618309021 0.27723562717437744 0.12777477502822876 0.26472145318984985 0.13287348548571268 0.25457245111465454 0.1389788587888082
0 0.23709189891815186 0.17208003997802734 0.18468616902828217 0.3140669067700704 0.19378972053527832 0.2908942500750224 0.21116922795772552 0.2710319558779399 0.29932665824890137 0.16613460580507913 0.31556466221809387 0.16725397109985352 0.26413533091545105 0.24896274010340372 0.3316020965576172 0.14743837714195251 0.323432981967926 0.14164495468139648 0.2376522719860077 0.23130738735198975 0.30618834495544434 0.14473037918408713 0.2219279706478119 0.25227312246958417 0.21365201473236084 0.2577904264132182 0.2730576694011688 0.15611274043718973 0.26549214124679565 0.15868439277013144 0.25036105513572693 0.16382768750190735
0 0.3581090271472931 0.07300464808940887 0.3731732666492462 0.06088302036126455 0.38196367025375366 0.04956618448098501 0.2914459705352783 0.14523746569951376 0.37773460149765015 0.09989037116368611 0.3756190538406372 0.15227238337198892 0.363338828086853 0.1817952593167623 0.29641154408454895 0.30634268124898273 0.28068724274635315 0.293101171652476 0.2748940587043762 0.2599973479906718 0.2691009044647217 0.23130738735198975 0.2707560956478119 0.2092381715774536 0.27820444107055664 0.1882724165916443 0.27737686038017273 0.1684101422627767 0.36032286286354065 0.08552998304367065
0 0.3764388859272003 0.21053695678710938 0.40460318326950073 0.2271570364634196 0.42778539657592773 0.24281503756841025 0.4095990061759949 0.3115234971046448 0.3502052426338196 0.3670330047607422 0.322066992521286 0.3846883773803711 0.33721524477005005 0.3235743045806885 0.3079978823661804 0.36151572068532306 0.35877349972724915 0.2516676386197408 0.3602834641933441 0.24536041418711343 0.37449243664741516 0.22592492898305258
0 0.1619732826948166 0.1991832653681437 0.13337527215480804 0.350481112798055 0.14413399994373322 0.35820531845092773 0.19815531373023987 0.2331154743830363 0.15240995585918427 0.3857918580373128 0.15158236026763916 0.4012403090794881 0.1565479338169098 0.4211025635401408 0.18932949006557465 0.2953830162684123 0.17362825572490692 0.2956504027048747 0.14950624108314514 0.2911755442619324 0.109375 0.4376544952392578 0.1456153392791748 0.26751162608464557 0.15522758662700653 0.2600195010503133 0.12013374269008636 0.3979299068450928 0.1672227531671524 0.22805865605672201 0.11599576473236084 0.36041224002838135
0 0.027443060651421547 0.41117143630981445 0.0884983241558075 0.23393591245015463 0.08916875720024109 0.24927932024002075 0.053098518401384354 0.44758562246958417 0.054753705859184265 0.45972371101379395 0.0783139318227768 0.29099200169245404 0.0439949668943882 0.4795859654744466 0.02164989337325096 0.4895171324412028 0.0009765625 0.4994482596715291 0.0009765625 0.49381621678670246 0.03402961045503616 0.25824467341105145 0.04818745702505112 0.2607953945795695 0.057799700647592545 0.25330326954523724 0.0655166357755661 0.2392128904660543
0 0.10102824121713638 0.25780171155929565 0.08289194852113724 0.44206833839416504 0.09199550002813339 0.44427525997161865 0.10606461763381958 0.44648218154907227 0.1102025955915451 0.4564133087793986 0.13088534772396088 0.31452486912409466 0.10358183085918427 0.482896367708842 0.10440942645072937 0.4972413380940755 0.12179213762283325 0.3488791386286418 0.11873878538608551 0.3580044110616048 0.09944385290145874 0.5215174754460653 0.10397735238075256 0.34708865483601886 0.09176594018936157 0.3291500012079875 0.08056116849184036 0.30700647830963135 0.08178605139255524 0.29826128482818604 0.06302966177463531 0.45751678943634033 0.1006251871585846 0.2703715960184733
0 0.009685376659035683 0.3671899636586507 0.03240863233804703 0.5733801126480103 0.04151218384504318 0.574483593304952 0.0745193362236023 0.38667527834574383 0.09835626929998398 0.38871220747629803 0.09696107357740402 0.5700697501500448 0.09696107357740402 0.5866216421127319 0.08453264087438583 0.42105313142140705 0.06829466670751572 0.4199337561925252 0.05893407762050629 0.4263746738433838 0.04494333639740944 0.44126983483632404 0.051443327218294144 0.6451050440470377 0.0439949668943882 0.6440016031265259 0.023974934592843056 0.43813713391621906 0.01431355345994234 0.4131755828857422 0.00629582442343235 0.39586345354715985
0 0.00250121857970953 0.4915467898050944 0.043167371302843094 0.6760019461313883 0.032511696219444275 0.4823114077250163 0.02694174461066723 0.5019487539927164 0.046477753669023514 0.7068988482157389 0.010082471184432507 0.5179396470387777 0.02661546692252159 0.7245542208353678 0.0009765625 0.5301949580510458 0.01833951286971569 0.7234507401784261 0.0199947040528059 0.7046918869018555
0 0.002615201286971569 0.7841410636901855 0.00923596415668726 0.7885549068450928 0.0009765625 0.587631106376648 0.0009765625 0.6028409004211426 0.04565015807747841 0.8106241226196289 0.06882283091545105 0.8095206419626871 0.07296080142259598 0.8139344851175944 0.023799868300557137 0.638450821240743 0.07792637497186661 0.8337968190511068 0.0009765625 0.642139196395874 0.03571901470422745 0.844831387201945 0.01833951286971569 0.8492452303568522 0.0009765625 0.629902203877767 0.0009765625 0.6110695997873942 0.0017876059282571077 0.8073137601216634
0 0.0017876059282571077 0.8591763973236084 0.0009765625 0.6495631535847982 0.030753443017601967 0.8669006029764811 0.03489141911268234 0.8823490142822266 0.0009765625 0.687228282292684 0.0009765625 0.6805618604024252 0.010063559748232365 0.8889698187510172 0.00923596415668726 0.8757282892862955
0 0.07213321328163147 0.7973825931549072 0.042639002203941345 0.6105611324310303 0.09944385290145874 0.8040033181508383 0.10358183085918427 0.8183483282725016 0.109375 0.8360037008921305 0.056140169501304626 0.681172768274943 0.1275821030139923 0.8669006029764811 0.0642247349023819 0.7054632504781088 0.05145888403058052 0.7116131782531738 0.04360826686024666 0.7117468516031901 0.03956596553325653 0.6996016502380371 0.09861625730991364 0.8547625541687012 0.09613347798585892 0.8337968190511068 0.037420980632305145 0.6396147807439169 0.03280853107571602 0.6225936015446981
0 0.0697435513138771 0.7078120708465576 0.08876553922891617 0.7263326644897461 0.08624891936779022 0.7368447780609131 0.06581726670265198 0.7350988388061523 0.125099316239357 0.89669402440389 0.13503044843673706 0.8878663380940756
0 0.10516483336687088 0.44373401006062824 0.12261652201414108 0.6594500541687012 0.10479322820901871 0.5142329136530558 0.109375 0.6815192699432373 0.06970038264989853 0.512038787206014 0.08123675733804703 0.6649673382441202 0.10027144849300385 0.6561396519343058 0.09669291973114014 0.4609779914220174
0 0.12136740237474442 0.49580411116282147 0.16730667650699615 0.649518887201945 0.1747550368309021 0.6616569757461548 0.1450686752796173 0.5383241971333822 0.1598583161830902 0.6936573187510172 0.15406514704227448 0.7080023288726807 0.11567749083042145 0.5848891735076904 0.16316869854927063 0.7653822104136149 0.14383980631828308 0.6559491157531738 0.15346777439117432 0.677421490351359 0.15747663378715515 0.6860775947570801 0.2078588455915451 0.8293829758961996 0.191306933760643 0.8161414464314779 0.11845950782299042 0.6567302942276001 0.14496159553527832 0.79296875 0.08955790847539902 0.6177884737650553 0.142478808760643 0.7631753285725912 0.09635274112224579 0.5894059340159098 0.12096133828163147 0.7433129946390787 0.12427171319723129 0.7223472595214844 0.1267545074224472 0.7057953675587972 0.09682463109493256 0.5293744802474976 0.10808053612709045 0.5295317570368449 0.1399960219860077 0.6804157892862955 0.1408236175775528 0.6693811416625977
0 0.2384798675775528 0.4067575931549072 0.24758341908454895 0.40896451473236084 0.24675582349300385 0.4211025635401408 0.2409626543521881 0.44537870089213055 0.21861758828163147 0.4663444757461548 0.20123808085918427 0.4873102108637492 0.20796412229537964 0.3554380734761556 0.18634136021137238 0.4663444757461548 0.2216697782278061 0.3381049633026123 0.23346242308616638 0.3396490414937337 0.21613480150699615 0.44648218154907227 0.2503551244735718 0.32714728514353436 0.22937633097171783 0.42661988735198975
0 0.18551376461982727 0.49062057336171466 0.19627250730991364 0.4928274949391683 0.20155462622642517 0.3967260917027791 0.1904793381690979 0.5524143775304159 0.19388684630393982 0.44327008724212646 0.17431044578552246 0.4488380750020345 0.158203125 0.5855182011922201 0.13990573585033417 0.43651195367177326 0.13172008097171783 0.5855182011922201 0.10976157337427139 0.43179066975911456 0.10640741884708405 0.4095134735107422 0.12740924954414368 0.416135311126709 0.1374736726284027 0.4285269578297933 0.1555401235818863 0.42926621437072754 0.1709739863872528 0.4010855356852214 0.17972061038017273 0.5148967107137045
0 0.16365616023540497 0.5114856958389282 0.1913682520389557 0.5082220236460367 0.22689354419708252 0.6175185441970825 0.22751885652542114 0.48422519365946454 0.23734934628009796 0.4721926848093669 0.24344544112682343 0.6075873772303263 0.23258352279663086 0.5211301247278849 0.24350318312644958 0.5408356189727783 0.25199082493782043 0.5525561968485514 0.24531397223472595 0.5659308433532715 0.26082494854927063 0.6737949848175049 0.21904495358467102 0.555908997853597 0.2235831618309021 0.6638638575871786 0.1743910163640976 0.5392207304636637 0.15865634381771088 0.5359989802042643 0.18054820597171783 0.660553495089213
0 0.2931489944458008 0.750770092010498 0.37999868392944336 0.8337968190511068 0.39406779408454895 0.8371071815490723 0.3990333676338196 0.8404175440470377 0.3866194486618042 0.8525555928548177 0.30193743109703064 0.7938930988311768 0.37751588225364685 0.8823490142822266 0.2954276502132416 0.8247136274973551 0.36344677209854126 0.890073299407959 0.27432557940483093 0.807624340057373 0.3543432056903839 0.8680040836334229 0.3551708161830902 0.856969436009725 0.2877638339996338 0.7623778978983561
0 0.2575145661830902 0.8779351711273193 0.212696373462677 0.7674949169158936 0.23240646719932556 0.7758835951487223 0.32786017656326294 0.8757282892862955 0.26060420274734497 0.7959928512573242 0.3402740955352783 0.890073299407959 0.3336533308029175 0.8955905437469482 0.31130826473236084 0.8955905437469482 0.20902171730995178 0.7937304973602295 0.26661810278892517 0.8944871425628662 0.18186405301094055 0.7729055881500244
0 0.5413797497749329 0.0039945269624392194 0.6464684009552002 0.06600030263264973 0.548828125 0.042615642150243126 0.6596864461898804 0.0797341416279475 0.6737774014472961 0.07530649503072102 0.6808062195777893 0.07134809096654256 0.6814943552017212 0.06121616065502167
0 0.5074483752250671 0.05696062743663788 0.6354975700378418 0.06828096508979797 0.5430349707603455 0.04702948530515035 0.5529661178588867 0.06799523532390594 0.5546212792396545 0.08344368139902751 0.5471729636192322 0.10661634802818298 0.6171597242355347 0.1485081116358439 0.6123958826065063 0.14300566911697388 0.6158189177513123 0.11782130599021912 0.6088077425956726 0.09630433718363444
0 0.5074483752250671 0.09006444613138835 0.5148966908454895 0.11544403433799744 0.5049655437469482 0.14082362254460654 0.4983448088169098 0.1628928283850352 0.4817928969860077 0.1650997499624888 0.4635857939720154 0.1695136030515035 0.5369253754615784 0.1606926123301188 0.4693789780139923 0.14634092648824057 0.4859308898448944 0.11985787749290466
0 0.3510328531265259 0.008408368875583013 0.37420549988746643 0.0227533554037412 0.39406779408454895 0.03599487990140915 0.5181098580360413 0.0013020833333333333 0.5364279747009277 0.0013020833333333333 0.43958553671836853 0.009511829043428103 0.5667726993560791 0.025131667653719585 0.5750420689582825 0.041392592092355095 0.587104082107544 0.016410091271003086 0.5700108408927917 0.007976839318871498 0.4387579560279846 0.0028910664841532707 0.42303362488746643 0.0028910664841532707 0.5085487961769104 0.0013020833333333333 0.36013638973236084 0.0028910664841532707
0 0.6035720705986023 0.15083334843317667 0.6170752048492432 0.1670051415761312 0.6217544674873352 0.19100461403528848 0.6188348531723022 0.21408655246098837 0.5422073602676392 0.18275511264801025 0.5306210517883301 0.1893758773803711 0.589009165763855 0.2152924140294393 0.5248278379440308 0.1695136030515035 0.5966769456863403 0.16874839862187704 0.5968284010887146 0.15722971161206564
0 0.5537936687469482 0.10220250487327576 0.6526890397071838 0.1416215499242147 0.6688601970672607 0.13576261202494302 0.6835213899612427 0.13621089855829874 0.6059321761131287 0.08013329903284709 0.7153760194778442 0.15555990735689798 0.7217501401901245 0.16522263487180075 0.6075873970985413 0.09999558329582214 0.5960010886192322 0.10330596566200256 0.6719961166381836 0.1625801424185435 0.5802767276763916 0.12206479907035828 0.5802767276763916 0.13751324017842612 0.6566625237464905 0.20122834046681723 0.6541124582290649 0.20825121800104776 0.5670351982116699 0.14744438727696738 0.5562765002250671 0.13861670096715292 0.6267877221107483 0.16998050610224405 0.624322235584259 0.15850638349850973 0.5455177426338196 0.11654749512672424
0 0.6564148664474487 0.09339981277783711 0.6643322706222534 0.10024444262186687 0.5720008015632629 0.0602710098028183 0.5695180296897888 0.0812367598215739 0.6551054120063782 0.12064201633135478 0.5604144334793091 0.06247793138027191
0 0.730071485042572 0.20261740684509277 0.7590373158454895 0.21365201473236084 0.7904859781265259 0.2224797010421753 0.8453230857849121 0.36028818289438885 0.7954515218734741 0.2467558185259501 0.7846928238868713 0.258893887201945 0.8110343813896179 0.3873940706253052 0.7590373158454895 0.26992849508921307 0.7466233968734741 0.2555835048357646 0.7827029824256897 0.3533281882603963 0.7785603404045105 0.3307154377301534 0.7789968848228455 0.3216347098350525
0 0.7557269334793091 0.28096310297648114 0.8307445049285889 0.39578274885813397 0.8387287259101868 0.4096057017644246 0.8473166227340698 0.4317937692006429 0.8458066582679749 0.43810101350148517 0.8206780552864075 0.43783096472422284 0.8105290532112122 0.4439363479614258 0.7928479313850403 0.45610253016153973 0.7482786178588867 0.3140669067700704 0.7416578531265259 0.29751501480738324
0 0.6984399557113647 0.43677182992299396 0.7124130725860596 0.4473520517349243 0.7212191820144653 0.4649997552235921 0.7302435040473938 0.4781070550282796 0.7292439341545105 0.3891022205352783 0.750020444393158 0.4934740463892619 0.7383474707603455 0.41117143630981445 0.7267611026763916 0.41006795565287274 0.7201948165893555 0.49467988808949787 0.7036383152008057 0.4876333872477214 0.6982374787330627 0.47027671337127686 0.7004021406173706 0.45034833749135333
0 0.8823490738868713 0.13089247544606528 0.9752131700515747 0.2858388026555379 0.9973730444908142 0.2767370939254761 0.9905447363853455 0.30163047711054486 0.9861485362052917 0.33450881640116376 0.993796706199646 0.36788006623586017 1.0 0.38203855355580646 0.9971174001693726 0.38666804631551105 0.9336599707603455 0.18496203422546387 0.9088320732116699 0.17172052462895712 0.890625 0.15737553437550864 0.9474833607673645 0.3145778576533
0 1.0 0.393937349319458 0.9510394334793091 0.21585893630981445 0.9469015002250671 0.23792815208435059 0.9773541688919067 0.4547053972880046 0.9948170781135559 0.4470795790354411 1.0 0.46148455142974854 0.9800053238868713 0.258893887201945 0.979177713394165 0.23461776971817017 0.9758673310279846 0.21475547552108765 1.0 0.4108693599700928
0 0.8614233732223511 0.4563306172688802 0.8451072573661804 0.30634268124898273 0.8839685916900635 0.4601343870162964 0.8840042352676392 0.31075652440388996 0.8947629928588867 0.31185998519261676 0.9398784637451172 0.47697993119557697 0.9633634686470032 0.4696005582809448 0.9661140441894531 0.48351263999938965 0.9245564341545105 0.32399805386861164 0.9336599707603455 0.34165342648824054 0.9429121017456055 0.5477698644002279 0.9307163953781128 0.5587957302729288 0.8972457647323608 0.39461954434712726 0.8931077718734741 0.39572298526763916 0.8978216648101807 0.5401623646418253 0.8910622000694275 0.5175941785176595 0.8828263282775879 0.5048224131266276 0.8692896962165833 0.4851615031560262 0.8401417136192322 0.32510151465733844
0 0.9559630155563354 0.5440578858057658 0.9865771532058716 0.5431875785191854 0.9899364113807678 0.32510151465733844 0.9957296252250671 0.3206876715024312 0.9940744042396545 0.34496378898620605 1.0 0.5676798820495605 0.985267698764801 0.570429801940918 0.9675913453102112 0.3813780148824056 0.9626713395118713 0.5886122385660807 0.9568326473236084 0.4199991226196289 0.9397721886634827 0.6298320293426514 0.9427635073661804 0.4321371714274089 0.9402807354927063 0.39461954434712726 0.9375937581062317 0.5663560231526693
0 0.8045550584793091 0.42882680892944336 0.8380858302116394 0.5610710779825846 0.8666247129440308 0.42551640669504803 0.8579295873641968 0.5834163824717203 0.8356694579124451 0.582050641377767 0.8293829560279846 0.44648218154907227 0.8302105665206909 0.4696548382441203 0.835852324962616 0.628460963567098 0.8106725215911865 0.6501771211624146 0.8032582998275757 0.64123006661733 0.8227621912956238 0.4928274949391683 0.8161414265632629 0.47075827916463214 0.8037275075912476 0.46303407351175946 0.7962791323661804 0.45862023035685223 0.7923740148544312 0.5705738464991251
0 0.7457957863807678 0.5303451617558798 0.7497471570968628 0.6288803418477377 0.7772444486618042 0.5259313186009725 0.773063063621521 0.6584949493408203 0.8062102794647217 0.5435866912206014 0.7937963604927063 0.5137932697931925 0.8012446761131287 0.5093794266382853 0.7933275699615479 0.6427950461705526 0.8177965879440308 0.5303451617558798 0.8058909773826599 0.6701500415802002 0.8335209488868713 0.5656559069951376 0.8335209488868713 0.5833112796147665 0.7783793807029724 0.6943487326304117 0.7578808665275574 0.6856245199839274 0.7398144006729126 0.6848851839701334 0.7573821544647217 0.568966269493103 0.7258924841880798 0.6523187557856241 0.7276206612586975 0.6414711475372314
0 0.7366922497749329 0.5524143775304159 0.72486811876297 0.6819989681243896 0.7323825359344482 0.7014134724934896 0.7197504043579102 0.7215201059977213 0.7499337792396545 0.6528292894363403 0.698998212814331 0.768286943435669 0.7375198602676392 0.6771054267883301 0.7068988084793091 0.6682777404785156 0.7135195732116699 0.6528292894363403 0.7267611026763916 0.6406912008921305 0.6974233984947205 0.7131759325663248 0.7366922497749329 0.6009666124979655 0.7093183398246765 0.6707476774851481 0.7391750812530518 0.5656559069951376
0 0.6042770147323608 0.5866216421127319 0.6056677103042603 0.6428500016530355 0.6440016031265259 0.6296565930048624 0.608919620513916 0.709099531173706 0.6132469773292542 0.723682721455892 0.6055300235748291 0.7377730210622152 0.646484375 0.6980711619059244 0.5869268774986267 0.7356470425923666 0.5885547995567322 0.7143320242563883 0.5886059403419495 0.6923457781473795 0.5808733105659485 0.6774716377258301 0.606759786605835 0.6307600736618042 0.6009666323661804 0.6186219851175944
0 0.5819319486618042 0.6539327303568522 0.5595864057540894 0.6684118111928304 0.5739781856536865 0.6953866481781006 0.5802008509635925 0.7165679931640625 0.6233116984367371 0.6980711619059244 0.6108977794647217 0.7201403776804606 0.6034494042396545 0.68924347559611 0.5910354852676392 0.6671742598215739
0 0.5440325736999512 0.7660402456919352 0.5608072876930237 0.7685463428497314 0.5559746026992798 0.8105054696400961 0.5643442869186401 0.8372338612874349 0.6390359997749329 0.8017964363098145 0.6224840879440308 0.8205552895863851 0.6183461546897888 0.8371071815490723 0.5299710035324097 0.8828367392222086 0.6133805513381958 0.8680040836334229 0.5114346742630005 0.8876890341440836 0.588552713394165 0.8580729166666666 0.5001296401023865 0.8550781408945719 0.5720008015632629 0.8172448476155599 0.49528321623802185 0.8136328061421713 0.50435870885849 0.8047539393107096 0.5868974924087524 0.7808307011922201 0.5943458676338196 0.7697960535685221 0.5391841530799866 0.7790348529815674
0 0.6588982939720154 0.8073137601216634 0.6147510409355164 0.880695104598999 0.6151029467582703 0.8901114463806152 0.6953125 0.8459348678588867 0.6886917352676392 0.8657971223195394 0.6853813529014587 0.8856594562530518 0.6746225953102112 0.8746248086293539 0.5798587203025818 0.8994359175364176 0.5780479311943054 0.8743406931559244 0.6580706834793091 0.8183483282725016
0 0.7118644118309021 0.8150379657745361 0.6442915797233582 0.8770512739817301 0.7342094779014587 0.827176014582316 0.6539018154144287 0.9239990711212158 0.6445412635803223 0.9304400285085043 0.6264079213142395 0.9227224191029867 0.7060712575912476 0.8426245053609213 0.6201518774032593 0.8980517387390137
0 0.7106040716171265 0.8323003451029459 0.7293409109115601 0.8483830293019613 0.7343053221702576 0.8748204708099365 0.7571690678596497 0.8845513661702474 0.8434520363807678 0.7400026321411133 0.8434520363807678 0.7135195732116699 0.8360037207603455 0.7091057300567627 0.8194518089294434 0.7135195732116699 0.7330824732780457 0.8291258017222086 0.719713032245636 0.826910654703776
0 0.8088243007659912 0.7304724852244059 0.8583487868309021 0.5899320443471273 0.8806938529014587 0.5833112796147665 0.853914737701416 0.7380799452463785 0.8543335199356079 0.7544745604197184 0.8840042352676392 0.6153116226196289 0.8310156464576721 0.779299815495809 0.8194235563278198 0.7986907164255778 0.855866014957428 0.6848296324412028 0.7821994423866272 0.8199140230814616 0.7742819786071777 0.8130693435668945 0.8260725736618042 0.6804157892862955 0.7766314744949341 0.7851115067799886 0.8343484997749329 0.6428981224695841 0.7949004173278809 0.75234587987264
0 0.7996426224708557 0.8922034104665121 0.8229427933692932 0.892853577931722 0.9055216908454895 0.7499337991078695 0.9179356694221497 0.7631753285725912 0.8453189134597778 0.9336514472961426 0.9245564341545105 0.787451426188151 0.8208272457122803 0.9452356497446696 0.8110813498497009 0.9387710094451904 0.8051437139511108 0.9200276533762614 0.8031815886497498 0.906451145807902
0 0.7239381074905396 0.8854662577311198 0.8194518089294434 0.7852445443471273 0.7394034266471863 0.9152146180470785 0.8161414265632629 0.8205552895863851 0.7138205766677856 0.9495006402333578 0.8053826689720154 0.856969436009725 0.698889970779419 0.9755789438883463 0.7780720591545105 0.8525555928548177 0.6846495866775513 0.9370853900909424 0.7038072347640991 0.9151227474212646 0.7180496454238892 0.8991764386494955
0 0.8738765120506287 0.7454174359639486 0.8901479244232178 0.7500259876251221 0.9020074009895325 0.7585483392079672 0.9186307191848755 0.7725731531778971 0.9725569486618042 0.5965528090794882 0.9800053238868713 0.6219323873519897 0.9076088070869446 0.7968400319417318 0.9386255145072937 0.6075873772303263 0.8750502467155457 0.7586584091186523
