1 0.1711321622133255 0.24099149306615195 0.18043456971645355 0.24755789836247763 0.1875481903553009 0.26069072882334393 0.1919257938861847 0.26798675457636517 0.200133815407753 0.2760123610496521 0.21490824222564697 0.2869563698768616 0.23022986948490143 0.3073852260907491 0.2471931129693985 0.3256252606709798 0.2630619406700134 0.33875807126363117 0.2701755464076996 0.3497021198272705 0.2630619406700134 0.36940133571624756 0.261420339345932 0.3818045457204183 0.2597787380218506 0.39785579840342206 0.2493819147348404 0.4051518440246582 0.23351307213306427 0.4051518440246582 0.2203802466392517 0.40296300252278644 0.2121722400188446 0.36064612865448 0.20888902246952057 0.33656926949818927 0.1935673952102661 0.309574027856191 0.185359388589859 0.2847675879796346 0.18043456971645355 0.27966036399205524 0.16660133004188538 0.2782415747642517 0.16839614510536194 0.25850192705790204
1 0.24390989542007446 0.17240895827611288 0.243362694978714 0.1928377946217855 0.23460747301578522 0.20815942684809366 0.210530623793602 0.22566986083984375 0.19083139300346375 0.24463949600855509 0.19520899653434753 0.2577723264694214 0.2039642184972763 0.26798675457636517 0.21819144487380981 0.2803899645805359 0.2329658716917038 0.2986299991607666 0.24828751385211945 0.3117628296216329 0.2630619406700134 0.32416605949401855 0.2723643481731415 0.3270844618479411 0.2805723547935486 0.3030076026916504 0.29972440004348755 0.26798675457636517 0.3216124475002289 0.23442506790161133 0.34897249937057495 0.20815942684809366 0.36319971084594727 0.1928377946217855 0.376332551240921 0.17167935768763223 0.37742695212364197 0.1680313547452291 0.3414977192878723 0.16660133004188538 0.3144988417625427 0.16730175415674844 0.3064878284931183 0.16660133004188538 0.26634514331817627 0.16660133004188538 0.2510235011577606 0.16730175415674844
1 0.33857569098472595 0.2402618924776713 0.355538934469223 0.2636091311772664 0.36921894550323486 0.28111956516901654 0.3872765600681305 0.29571159680684406 0.38399335741996765 0.31395163138707477 0.39001259207725525 0.3343804677327474 0.3927485942840576 0.3416765133539836 0.37797415256500244 0.34824291865030926 0.3648413419723511 0.35043172041575116 0.34514209628105164 0.35043172041575116 0.3150460422039032 0.35116132100423175 0.29315799474716187 0.34313567479451496 0.2761947512626648 0.3343804677327474 0.2887803912162781 0.30592600504557294 0.3084796369075775 0.2716347575187683 0.3248956501483917 0.2512059211730957
0 0.3927485942840576 0.3030076026916504 0.4157310426235199 0.2862267692883809 0.4409022629261017 0.26871635516484577 0.45622390508651733 0.2577723264694214 0.4709983468055725 0.26433873176574707 0.4737343490123749 0.2818491856257121 0.4759231507778168 0.30154842138290405 0.4737343490123749 0.31832923491795856 0.46771514415740967 0.3270844618479411 0.45129910111427307 0.3278140624364217 0.4321470558643341 0.3248956600824992 0.4195614457130432 0.3343804677327474 0.3993149995803833 0.33802847067515057 0.3932957947254181 0.32635486125946045 0.39165419340133667 0.31395163138707477
0 0.6253090500831604 0.3416765133539836 0.634064257144928 0.3621053298314412 0.6378946900367737 0.3927485942840576 0.6335170269012451 0.3993149995803833 0.6225730180740356 0.3971261978149414 0.6171010136604309 0.3825341860453288 0.6143650412559509 0.3628349304199219 0.6171010136604309 0.3475133180618286
0 0.8316038846969604 0.6320578654607137 0.7905637621879578 0.6561346848805746 0.7697701454162598 0.6772931416829427 0.7582789063453674 0.6962627569834391 0.7495236992835999 0.7247172196706136 0.7445988655090332 0.7444164752960205 0.7456932663917542 0.7648452917734782 0.747882068157196 0.7816261450449625 0.7533540725708008 0.7896517912546793 0.7692229151725769 0.7881925900777181 0.7856389284133911 0.7903813521067301 0.8058854341506958 0.7757893403371176 0.8179238438606262 0.7699525356292725 0.8299622535705566 0.7648452917734782 0.8327475190162659 0.7512284914652506 0.8316038846969604 0.7305540243784586 0.8135462403297424 0.7130436102549235 0.8162822127342224 0.6940739949544271 0.8272262215614319 0.6772931416829427 0.8316038846969604 0.6736451784769694 0.8327475190162659 0.6599213679631551 0.8327475190162659 0.6349762280782064
0 0.8316038846969604 0.6824003855387369 0.8212069869041443 0.6962627569834391 0.8201125860214233 0.706477165222168 0.8228486180305481 0.7145028114318848 0.8316038846969604 0.7210691769917806 0.8326982855796814 0.7210691769917806 0.8321510553359985 0.6940739949544271
1 0.46388474106788635 0.17240895827611288 0.4649791121482849 0.20597062508265176 0.4770175516605377 0.2315066655476888 0.4912447929382324 0.2402618924776713 0.5049248337745667 0.24609869718551636 0.5169632434844971 0.25412432352701825 0.5300960540771484 0.2577723264694214 0.5645697116851807 0.2577723264694214 0.5804385542869568 0.2621499300003052 0.5957602262496948 0.2738235592842102 0.6045154333114624 0.29935959974924725 0.6171010136604309 0.32197723786036175 0.6264034509658813 0.33292126655578613 0.6389890909194946 0.33802847067515057 0.6608771085739136 0.3300028642018636 0.6778403520584106 0.3110332290331523 0.6931619644165039 0.27747156222661334 0.6915203928947449 0.2599611282348633 0.6778403520584106 0.23661388953526816 0.6745571494102478 0.22566986083984375 0.6581410765647888 0.21472583214441934 0.6198370456695557 0.1840825875600179 0.5957602262496948 0.17605696121851602 0.556908905506134 0.1753273606300354 0.5410929918289185 0.16660133004188538 0.5043776035308838 0.16660133004188538 0.47045114636421204 0.1680313547452291
0 0.6723683476448059 0.4897855917612712 0.7002755999565125 0.5043776035308838 0.7172388434410095 0.5189696153004965 0.7435044646263123 0.5445056756337484 0.7555428743362427 0.5663937330245972 0.7703173160552979 0.5955777963002523 0.7818085551261902 0.6269506613413492 0.7932997941970825 0.6437314748764038 0.7812613844871521 0.6583235263824463 0.7664869427680969 0.6692675749460856 0.7566373348236084 0.6816707452138265 0.7320132851600647 0.6707267761230469 0.7166916131973267 0.6502979199091593 0.70903080701828 0.6203842163085938 0.6975395679473877 0.5904705921808878 0.6811235547065735 0.5605569283167521 0.6619715094566345 0.537209669748942 0.6499330997467041 0.5182400147120158 0.6554051041603088 0.5014592011769613 0.6658018827438354 0.4934335947036743
0 0.34076449275016785 0.4671679337819417 0.35061410069465637 0.4773823420206706 0.347878098487854 0.5043776035308838 0.34076449275016785 0.5423168738683065 0.3276316523551941 0.5554496844609579 0.3144988417625427 0.5715009371439616 0.3210652470588684 0.5926593939463297 0.3292732536792755 0.6196546157201132 0.32872605323791504 0.6327874660491943 0.3254428505897522 0.6473795175552368 0.319423645734787 0.6678082942962646 0.309026837348938 0.6758339405059814 0.29808279871940613 0.6707267761230469 0.2986299991607666 0.6327874660491943 0.2986299991607666 0.5445056756337484 0.309026837348938 0.5021888017654419 0.3216124475002289 0.4897855917612712 0.33255648612976074 0.4773823420206706
1 0.26908114552497864 0.3912893931070964 0.28549718856811523 0.35772772630055744 0.30136600136756897 0.35772772630055744 0.32215964794158936 0.36064612865448 0.3435004949569702 0.366482933362325 0.37140774726867676 0.3642941315968831 0.39220139384269714 0.3766973813374837 0.4031454026699066 0.39420779546101886 0.40697580575942993 0.4117182493209839 0.40040940046310425 0.43944307168324787 0.3976733982563019 0.46206072966257733 0.3889181911945343 0.47446393966674805 0.376332551240921 0.48613754908243817 0.36703014373779297 0.5102144082387289 0.3599165380001068 0.5240768194198608 0.3522557020187378 0.5204288562138876 0.35499170422554016 0.49197439352671307 0.3544445037841797 0.4693567355473836 0.34240609407424927 0.46060152848561603 0.33091485500335693 0.4693567355473836 0.31997084617614746 0.4803007443745931 0.3073852062225342 0.4875967899958293 0.2986299991607666 0.4649791320164998 0.2882331907749176 0.4365246693293254 0.2805723547935486 0.4168254534403483 0.271817147731781 0.40296300252278644
1 0.16784894466400146 0.2847675879796346 0.17386816442012787 0.2862267692883809 0.18262337148189545 0.2942523956298828 0.19137859344482422 0.3168700536092122 0.19903941452503204 0.33656926949818927 0.20560581982135773 0.3518909215927124 0.2061530202627182 0.366482933362325 0.20888902246952057 0.3825341860453288 0.21107783913612366 0.40223340193430585 0.20286981761455536 0.4153662125269572 0.18809539079666138 0.4284990628560384 0.17386816442012787 0.44090227286020917 0.167301744222641 0.43871347109476727 0.16660133004188538 0.40882901350657147 0.16660133004188538 0.34824291865030926 0.16839614510536194 0.3146812319755554
1 0.47865915298461914 0.25266512235005695 0.4879615902900696 0.24609869718551636 0.5021888017654419 0.2555835247039795 0.5120384097099304 0.26871635516484577 0.5147744417190552 0.29279319445292157 0.5147744417190552 0.31395163138707477 0.5021888017654419 0.32416605949401855 0.48467835783958435 0.31614043315251666 0.47811195254325867 0.27455315987269086
1 0.48631998896598816 0.3358396689097087 0.4737343490123749 0.3343804677327474 0.46826234459877014 0.34459491570790607 0.48194238543510437 0.3708605368932088 0.49726399779319763 0.39785579840342206 0.5071136355400085 0.423391858736674 0.5087552070617676 0.4467390775680542 0.5071136355400085 0.4715455373128255 0.5021888017654419 0.49489279588063556 0.4917919933795929 0.5262656609217325 0.49890559911727905 0.537209669748942 0.5311904549598694 0.5379392703374227 0.5377568602561951 0.5525313218434652 0.5492480993270874 0.5663937330245972 0.558003306388855 0.5715009371439616 0.5689473152160645 0.562745730082194 0.5891937613487244 0.5430464744567871 0.5990433692932129 0.5277248620986938 0.6088929772377014 0.5145920515060425 0.6067041754722595 0.5014592011769613 0.6067041754722595 0.4897855917612712 0.5848161578178406 0.4854079484939575 0.5694945454597473 0.4766527811686198 0.5574561357498169 0.45987192789713544 0.5585505366325378 0.4401726722717285 0.5662113428115845 0.4160958528518677 0.5662113428115845 0.38837099075317383 0.5519840717315674 0.37961578369140625 0.5333792567253113 0.3635645310084025 0.5169632434844971 0.34240607420603436 0.5032832026481628 0.33875807126363117
1 0.38672935962677 0.35699812571207684 0.4036926031112671 0.34678371747334796 0.4283166527748108 0.3438652753829956 0.44746869802474976 0.34240607420603436 0.46607354283332825 0.3562685251235962 0.471545547246933 0.36940133571624756 0.4611487090587616 0.3803453842798869 0.4491102993488312 0.39420779546101886 0.44363829493522644 0.41244784990946454 0.4447326958179474 0.43360626697540283 0.4491102993488312 0.44965751965840656 0.4584127366542816 0.46570873260498047 0.4649791121482849 0.4715455373128255 0.48467835783958435 0.4693567355473836 0.49890559911727905 0.4467390775680542 0.501641571521759 0.4693567355473836 0.49507519602775574 0.4817599852879842 0.4912447929382324 0.5029184023539225 0.48905596137046814 0.5196992556254069 0.4912447929382324 0.5342912673950195 0.47428154945373535 0.5277248620986938 0.4529407024383545 0.5072960058848063 0.42722225189208984 0.49051519234975177 0.405881404876709 0.4730047384897868 0.41901424527168274 0.42120301723480225 0.41244781017303467 0.3912893931070964 0.4009566009044647 0.36940133571624756 0.3911069929599762 0.3635645310084025
1 0.6805763244628906 0.21837385495503744 0.6953507661819458 0.21472583214441934 0.7019172310829163 0.2176442543665568 0.7062947750091553 0.22348105907440186 0.7139555811882019 0.23296586672465006 0.7232580184936523 0.2402618924776713 0.7336548566818237 0.24463949600855509 0.7451460957527161 0.24390989542007446 0.765392541885376 0.23734349012374878 0.7949413657188416 0.2336954871813456 0.8086214065551758 0.22858826319376627 0.8294150233268738 0.22494026025136313 0.8327475190162659 0.22790243228276572 0.8327475190162659 0.24609869718551636 0.8228486180305481 0.2555835247039795 0.8113573789596558 0.2636091311772664 0.7949413657188416 0.2760123610496521 0.7872805595397949 0.2818491856257121 0.7714117169380188 0.2884155909220378 0.7528069019317627 0.2906043926874797 0.729824423789978 0.2847675879796346 0.7166916131973267 0.27966036399205524 0.7035588026046753 0.2672571341196696 0.6969923973083496 0.2533947229385376 0.6865955591201782 0.23880269130071005 0.6822179555892944 0.23004746437072754
1 0.7456932663917542 0.40442220369974774 0.7714117169380188 0.39420779546101886 0.7883749604225159 0.405881404876709 0.7976773977279663 0.4321470657984416 0.8162822127342224 0.45257588227589923 0.8326982855796814 0.4751935402552287 0.8327475190162659 0.476309855779012 0.8327475190162659 0.5736897389094034 0.8277734518051147 0.5787969827651978 0.8069798350334167 0.5795265833536783 0.785091757774353 0.5715009371439616 0.7577317357063293 0.5488832791646322 0.7500709295272827 0.5335616668065389 0.7560901045799255 0.5182400147120158 0.7621092796325684 0.4934335947036743 0.7456932663917542 0.4751935402552287 0.7292772531509399 0.45184632142384845 0.7331076860427856 0.42120301723480225
1 0.7276356220245361 0.4263102610905965 0.7046532034873962 0.44527987639109295 0.6969923973083496 0.45768312613169354 0.6986339688301086 0.4795711437861125 0.7046532034873962 0.49635199705759686 0.7161444425582886 0.5072960058848063 0.7369380593299866 0.5218880573908488 0.747882068157196 0.5196992556254069 0.7517125010490417 0.5029184023539225 0.7424100637435913 0.48613754908243817 0.729824423789978 0.4715455373128255 0.7243524789810181 0.4533054828643799
1 0.6991811990737915 0.2716347575187683 0.7177860140800476 0.2906043926874797 0.7276356220245361 0.3124924302101135 0.7259940505027771 0.34021727244059247 0.7166916131973267 0.35772772630055744 0.70903080701828 0.37815654277801514 0.6964451670646667 0.40223340193430585 0.6860483884811401 0.42120301723480225 0.6811235547065735 0.4321470657984416 0.6685379147529602 0.44527987639109295 0.6526691317558289 0.45768312613169354 0.6389890909194946 0.44163187344868976 0.634064257144928 0.4197438557942708 0.6378946900367737 0.4095294078191121 0.6433666944503784 0.39420779546101886 0.6378946900367737 0.35262052218119305 0.6373474597930908 0.34459491570790607 0.6461026668548584 0.34313567479451496 0.6668963432312012 0.335110068321228 0.6827651262283325 0.321247657140096 0.6904259324073792 0.30154842138290405 0.6969923973083496 0.2825787663459778
1 0.5311904549598694 0.28549718856811523 0.5623809099197388 0.2760123610496521 0.5842689275741577 0.28111956516901654 0.595212996006012 0.2942523956298828 0.6077985763549805 0.31759965419769287 0.6154594421386719 0.3372988700866699 0.6077985763549805 0.35480932394663495 0.596854567527771 0.3730493386586507 0.5798913836479187 0.3927485942840576 0.5738721489906311 0.39420779546101886 0.5673057436943054 0.3818045457204183 0.5470592975616455 0.3635645310084025 0.5290016531944275 0.32854366302490234 0.5290016531944275 0.30227800210316974
1 0.26470354199409485 0.4051518440246582 0.2844027876853943 0.44892791906992596 0.29315799474716187 0.4875967899958293 0.29096919298171997 0.49635199705759686 0.2592315375804901 0.48613754908243817 0.2411738932132721 0.49124475320180255 0.2329658716917038 0.5109440088272095 0.243362694978714 0.5306432644526163 0.2674395442008972 0.5481536785761515 0.2844027876853943 0.5583681265513102 0.28276118636131287 0.5678529342015585 0.26634514331817627 0.570771336555481 0.2367962747812271 0.562745730082194 0.21709704399108887 0.5539905230204264 0.19903941452503204 0.5445056756337484 0.17824576795101166 0.5350208679835001 0.16839614510536194 0.5299136638641357 0.1689433455467224 0.45987192789713544 0.16839614510536194 0.44746867815653485 0.18098177015781403 0.44527987639109295 0.200133815407753 0.4263102610905965 0.210530623793602 0.41463661193847656 0.21983304619789124 0.41098864873250324 0.24172109365463257 0.41244784990946454
1 0.167301744222641 0.5423168738683065 0.18809539079666138 0.5539905230204264 0.2203802466392517 0.5671233336130778 0.2570427358150482 0.5839041471481323 0.2734587490558624 0.5933889945348104 0.2860443890094757 0.602144201596578 0.2860443890094757 0.624032219250997 0.28932759165763855 0.6605123281478882 0.29808279871940613 0.684589147567749 0.30574363470077515 0.6991811593373617 0.3051964044570923 0.7123140494028727 0.2920635938644409 0.7356612682342529 0.2844027876853943 0.7524420420328776 0.2740059494972229 0.7597381273905436 0.24062669277191162 0.7502532800038656 0.23351307213306427 0.7539012432098389 0.23406028747558594 0.7684933344523112 0.23734349012374878 0.7808965841929117 0.23187147080898285 0.8005958398183187 0.22749386727809906 0.8261318206787109 0.21349692344665527 0.8325304190317789 0.16660133004188538 0.8299234708150228 0.16660133004188538 0.7305540243784586 0.17496256530284882 0.7232580979665121 0.195756196975708 0.7232580979665121 0.22147464752197266 0.7108547687530518 0.2389850914478302 0.688237190246582 0.2203802466392517 0.6634307305018107 0.18918979167938232 0.6612419287363688 0.1771513670682907 0.6546754837036133 0.16675454378128052 0.6378946701685587
1 0.18426498770713806 0.6824003855387369 0.20451141893863678 0.6853187878926595 0.21983304619789124 0.6948035558064779 0.21819144487380981 0.7028292020161947 0.20560581982135773 0.7086660067240397 0.19302019476890564 0.7130436102549235 0.18043456971645355 0.7072068055470785 0.17605696618556976 0.6926147937774658
1 0.39657899737358093 0.4832191864649455 0.3807101845741272 0.5014592011769613 0.3730493485927582 0.5211584568023682 0.3703133463859558 0.5430464744567871 0.385087788105011 0.5671233336130778 0.39603179693222046 0.5963073968887329 0.40697580575942993 0.6065218051274618 0.41846704483032227 0.607981006304423 0.4387134909629822 0.5984961986541748 0.45786553621292114 0.5831745465596517 0.4655263423919678 0.5474241177241007 0.4649791121482849 0.5269952615102133 0.4441854953765869 0.5102144082387289 0.4201086461544037 0.49489279588063556 0.40861743688583374 0.48467834790547687
1 0.3626525402069092 0.6225730180740356 0.3927485942840576 0.6152770519256592 0.4119006097316742 0.6262210607528687 0.4179198443889618 0.6641603310902914 0.4217502474784851 0.6955331961313883 0.41682544350624084 0.7115844090779623 0.39165419340133667 0.7232580979665121 0.3872765600681305 0.7356612682342529 0.3949373960494995 0.7531716823577881 0.39822059869766235 0.7772485415140787 0.39603179693222046 0.7976773579915365 0.3998622000217438 0.8246726195017496 0.39642441272735596 0.8325304190317789 0.3686717450618744 0.8325304190317789 0.3435004949569702 0.8325304190317789 0.30793243646621704 0.829779863357544 0.2844027876853943 0.829779863357544 0.28111955523490906 0.7852741082509359 0.2920635938644409 0.7611973285675049 0.3051964044570923 0.7247172196706136 0.3314620554447174 0.6860483487447103 0.3500669002532959 0.6627011299133301 0.3626525402069092 0.6386242707570394
1 0.42503345012664795 0.6145474513371786 0.44746869802474976 0.6181954542795817 0.4584127366542816 0.6269506613413492 0.47428154945373535 0.6473795175552368 0.48467835783958435 0.6663490931193033 0.4901503920555115 0.6838595867156982 0.5 0.7079363663991293 0.5021888017654419 0.7261764208475748 0.5049248337745667 0.7444164752960205 0.5082080364227295 0.7706820964813232 0.5082080364227295 0.7867333094278971 0.5071136355400085 0.7962181568145752 0.5054720044136047 0.8173766136169434 0.5059455633163452 0.8325304190317789 0.4305054545402527 0.8325304190317789 0.4053342342376709 0.8312390645345052 0.3998622000217438 0.8049733638763428 0.40205100178718567 0.7903813521067301 0.4047870337963104 0.7721412976582845 0.4091646373271942 0.7655749320983887 0.4244862496852875 0.7575492858886719 0.43926069140434265 0.7560900847117106 0.4502047002315521 0.7590084870656332 0.4409022629261017 0.7429572741190592 0.4337886869907379 0.7334725062052408 0.4365246593952179 0.7115844090779623 0.441996693611145 0.6962627569834391 0.43159985542297363 0.6590531269709269 0.423939049243927 0.6386242707570394 0.42284464836120605 0.6262210607528687
1 0.5837217569351196 0.4051518440246582 0.6045154333114624 0.3993149995803833 0.6127234101295471 0.3993149995803833 0.6242146492004395 0.4080702066421509 0.6351586580276489 0.4423614740371704 0.6461026668548584 0.46570873260498047 0.6636131405830383 0.45841272672017414 0.6778403520584106 0.44527987639109295 0.6855011582374573 0.43944307168324787 0.6865955591201782 0.4591422875722249 0.6849539875984192 0.4737343390782674 0.6778403520584106 0.4795711437861125 0.6658018827438354 0.4875967899958293 0.6575939059257507 0.49197439352671307 0.6471970677375793 0.5058368047078451 0.6450082659721375 0.5211584568023682 0.6389890909194946 0.5248064597447714 0.6247618198394775 0.5218880573908488 0.61600661277771 0.5167808135350546 0.6143650412559509 0.5007296005884806 0.6127234101295471 0.4883263905843099 0.5979489684104919 0.4781119426091512 0.5902881622314453 0.4708159367243449 0.5831745266914368 0.43944307168324787
1 0.47647035121917725 0.5466945171356201 0.4994527995586395 0.5539905230204264 0.5355680584907532 0.5729601383209229 0.5519840717315674 0.5817153453826904 0.577155351638794 0.5678529342015585 0.6088929772377014 0.5466945171356201 0.6242146492004395 0.5634753306706747 0.6274978518486023 0.5912001927693685 0.6269506812095642 0.6269506613413492 0.6231202483177185 0.6451906760533651 0.6105346083641052 0.6524866819381714 0.5880993604660034 0.6451906760533651 0.5727777481079102 0.6298690636952718 0.558003306388855 0.6233026186625162 0.5328320860862732 0.6254914601643881 0.518057644367218 0.6269506613413492 0.48905596137046814 0.6211138168970743 0.4693567156791687 0.5926593939463297 0.47209274768829346 0.5715009371439616 0.47647035121917725 0.5583681265513102
1 0.5131328701972961 0.6896963119506836 0.539945662021637 0.6583235263824463 0.554172933101654 0.6495683193206787 0.5716833472251892 0.653216282526652 0.5902881622314453 0.6605123281478882 0.6187426447868347 0.6634307305018107 0.630233883857727 0.6546754837036133 0.6395362615585327 0.6634307305018107 0.6417250633239746 0.6758339405059814 0.6368002891540527 0.6904260317484537 0.630233883857727 0.7006403605143229 0.6165538430213928 0.7239876588185629 0.6105346083641052 0.7393092314402262 0.5880993604660034 0.7546308835347494 0.5667585134506226 0.7517124811808268 0.5481536984443665 0.745146115620931 0.5344736576080322 0.7363909085591634 0.5229824781417847 0.725446859995524 0.5164160132408142 0.7057476043701172
0 0.5164160132408142 0.8254022598266602 0.5164160132408142 0.7947589556376139 0.5229824781417847 0.7736004988352457 0.538851261138916 0.7568197250366211 0.5651169419288635 0.7619268894195557 0.5886465907096863 0.7699525356292725 0.5995905995368958 0.782355785369873 0.6039682030677795 0.8027846018473307 0.6039682030677795 0.8283206621805826 0.6012321710586548 0.8319687048594157 0.5956142544746399 0.8325304190317789 0.5393984913825989 0.8325304190317789 0.5240768194198608 0.8325304190317789
1 0.6313282251358032 0.5357504685719808 0.6439139246940613 0.5401280721028646 0.6663491129875183 0.562745730082194 0.6822179555892944 0.5846337874730428 0.6948035955429077 0.6108994086583456 0.7041059732437134 0.6349762280782064 0.7002755999565125 0.653216282526652 0.6865955591201782 0.6670787334442139 0.6707267165184021 0.6721859773000082 0.6532163023948669 0.6670787334442139 0.6450082659721375 0.6568642854690552 0.6384418606758118 0.6378946701685587 0.6395362615585327 0.6057922045389811 0.6362530589103699 0.5882817506790161 0.632969856262207 0.5700417359670004 0.6313282251358032 0.5518017212549845
1 0.6291394829750061 0.7794373830159506 0.6411778926849365 0.7298244635264078 0.6428195238113403 0.7042884031931559 0.6493858695030212 0.6824003855387369 0.6816707253456116 0.6751043001810709 0.7008228302001953 0.6714563369750977 0.7227108478546143 0.6860483487447103 0.7407684922218323 0.7035588423411051 0.7363908886909485 0.7298244635264078 0.7369380593299866 0.7626565297444662 0.7445988655090332 0.7940293947855631 0.7730533480644226 0.8013254006703695 0.7976773977279663 0.7976773579915365 0.8075270056724548 0.7947589556376139 0.8184710144996643 0.8195653756459554 0.8184710144996643 0.829779863357544 0.7719588875770569 0.8319687048594157 0.7621275782585144 0.8325304190317789 0.6816707253456116 0.8312390645345052 0.6384418606758118 0.8290502230326334 0.6225730180740356 0.8268614610036215 0.6165538430213928 0.8129990100860596 0.617648184299469 0.7976773579915365 0.6242146492004395 0.7852741082509359
1 0.7095780372619629 0.21253703037897745 0.7216164469718933 0.18773059050242105 0.7407684922218323 0.17824576298395792 0.7615621089935303 0.16730175415674844 0.7867333292961121 0.1775161623954773 0.7976773977279663 0.18918979167938232 0.8157350420951843 0.19721539815266928 0.8327475190162659 0.20890074968338013 0.8310566544532776 0.2198330561319987 0.8086214065551758 0.22056265672047934 0.7845445871353149 0.2315066655476888 0.7686757445335388 0.2336954871813456 0.7549957036972046 0.23515468835830688 0.7385796308517456 0.2402618924776713 0.7243524789810181 0.2336954871813456 0.7139555811882019 0.22202185789744058
1 0.727088451385498 0.29133399327596027 0.7544484734535217 0.29571159680684406 0.7725061178207397 0.2979004184405009 0.7801669239997864 0.31978845596313477 0.785091757774353 0.33073246479034424 0.7911109924316406 0.34678371747334796 0.7949413657188416 0.36064612865448 0.7916581630706787 0.3708605368932088 0.7807141542434692 0.37961578369140625 0.7692229151725769 0.3788861433664958 0.7659397125244141 0.36502373218536377 0.7451460957527161 0.3540797233581543 0.72654128074646 0.3562685251235962 0.7205220460891724 0.3584573268890381 0.7325604557991028 0.34240607420603436 0.7352964878082275 0.321247657140096 0.7314660549163818 0.30592600504557294
1 0.7818085551261902 0.29133399327596027 0.7796197533607483 0.3051964243253072 0.7872805595397949 0.32197723786036175 0.7949413657188416 0.33802847067515057 0.8020550012588501 0.35699812571207684 0.8097158074378967 0.3642941315968831 0.823395848274231 0.35918692747751874 0.8327475190162659 0.3571087916692098 0.8326982855796814 0.26069072882334393 0.8299622535705566 0.25850192705790204 0.8179238438606262 0.2672571341196696 0.8058854341506958 0.278201162815094 0.7971302270889282 0.2847675879796346 0.7883749604225159 0.2884155909220378
1 0.7796197533607483 0.3869117895762126 0.7916581630706787 0.3788861433664958 0.7987717986106873 0.37159013748168945 0.82503741979599 0.37377893924713135 0.8327475190162659 0.37133129437764484 0.8327475190162659 0.4591422875722249 0.8327475190162659 0.4649791320164998 0.8190182447433472 0.44892791906992596 0.8075270056724548 0.4321470657984416 0.8009606003761292 0.41828465461730957 0.788922131061554 0.39785579840342206
1 0.8108102083206177 0.7889221509297689 0.823395848274231 0.77870774269104 0.8305094838142395 0.7903813521067301 0.8316038846969604 0.8057030042012533 0.8316038846969604 0.8188358147939047 0.8255846500396729 0.8217542171478271 0.8195654153823853 0.8137286504109701 0.8146406412124634 0.7991366386413574
