1 0.4666413366794586 0.34140336513519287 0.4772936701774597 0.3466360966364543 0.48065757751464844 0.3526163498560588 0.4829001724720001 0.369809627532959 0.4829001724720001 0.3870028654734294 0.4789756238460541 0.3922356367111206 0.4632774293422699 0.39148807525634766 0.4548676908016205 0.3870028654734294 0.45094314217567444 0.38177013397216797 0.45430704951286316 0.36681950092315674 0.4632774293422699 0.3488787015279134
1 0.5619518160820007 0.3750423590342204 0.5759680271148682 0.38251765569051105 0.5888630151748657 0.39148807525634766 0.5916662812232971 0.3989634116490682 0.5888630151748657 0.40868131319681805 0.583817183971405 0.41615668932596844 0.5692402720451355 0.42587459087371826 0.5535420775413513 0.4273696740468343 0.5339193344116211 0.4288647174835205 0.526070237159729 0.43409748872121173 0.5176604390144348 0.437087615331014 0.5092507004737854 0.4311073621114095 0.5019622445106506 0.4139140844345093 0.4991590082645416 0.4034486214319865 0.5199030637741089 0.3907405535380046 0.5451323390007019 0.3810226122538249
1 0.1509954333305359 0.27935810883839923 0.16052648425102234 0.26889262596766156 0.17454273998737335 0.26291237274805707 0.19136223196983337 0.26515495777130127 0.2053784728050232 0.2823482354482015 0.19865067303180695 0.2950563033421834 0.1840737760066986 0.30701682964960736 0.1706181913614273 0.30776435136795044 0.15828388929367065 0.30776435136795044 0.15211673080921173 0.302531639734904 0.1487528383731842 0.2943087617556254
1 0.16052648425102234 0.2270307739575704 0.17173948884010315 0.22478816906611124 0.18351313471794128 0.22927337884902954 0.19136223196983337 0.23450611035029092 0.19416548311710358 0.25169936815897626 0.19416548311710358 0.2569320996602376 0.18014922738075256 0.2569320996602376 0.1650116890668869 0.25618457794189453 0.16108714044094086 0.24945678313573202 0.16108714044094086 0.23899132013320923
1 0.2956431210041046 0.5320243438084921 0.30685609579086304 0.5357619921366373 0.3197510540485382 0.543984850247701 0.32872146368026733 0.556692918141683 0.34217703342437744 0.5641682545344034 0.34217703342437744 0.5768763224283854 0.3416164219379425 0.5925745169321696 0.33488860726356506 0.6157480478286743 0.33152469992637634 0.6344364086786906 0.32423627376556396 0.6546197732289633 0.3197510540485382 0.6635901927947998 0.29676440358161926 0.6598525047302246 0.27265647053718567 0.6538722515106201 0.2597615122795105 0.6471444368362427 0.2541550099849701 0.6292036374409994 0.25359436869621277 0.610515316327413 0.25583696365356445 0.6037875016530355 0.27714166045188904 0.5918269952138265 0.2889153063297272 0.5895843903223673 0.28835466504096985 0.5776238441467285 0.2866727113723755 0.5664108594258627 0.2894759476184845 0.5469749768575033
1 0.38927164673805237 0.3855077823003133 0.41281893849372864 0.3989634116490682 0.42739585041999817 0.409428874651591 0.4229106605052948 0.4266221523284912 0.42963844537734985 0.4483006000518799 0.4335629940032959 0.4692315260569255 0.4330023229122162 0.47969698905944824 0.4010452926158905 0.476706862449646 0.38646838068962097 0.4826871156692505 0.3870290517807007 0.49689026673634845 0.38086190819740295 0.5095983346303304 0.3629210889339447 0.5327718257904053 0.3522687554359436 0.530529260635376 0.3461016118526459 0.5081032514572144 0.3376918435096741 0.48717232545216876 0.33993443846702576 0.4535333315531413 0.3438590168952942 0.43858269850413006 0.359557181596756 0.41989433765411377 0.3713308274745941 0.4116714795430501 0.3825438618659973 0.3997109333674113
1 0.8063951730728149 0.3234625657399495 0.8220933675765991 0.329442818959554 0.8327457308769226 0.33617063363393146 0.8400341868400574 0.3593441645304362 0.8433980345726013 0.36831454435984295 0.8366702198982239 0.3870028654734294 0.8293818235397339 0.40270105997721356 0.8114410042762756 0.4169042110443115 0.7974247932434082 0.4355925718943278 0.783408522605896 0.437087615331014 0.7671496868133545 0.42437954743703205 0.7637857794761658 0.40868131319681805 0.7615431547164917 0.3937306801478068 0.7682709693908691 0.3795275290807088 0.7828478813171387 0.36308181285858154 0.7935002446174622 0.3443934917449951 0.8013492822647095 0.3316854238510132
1 0.7407991290092468 0.5387521187464396 0.7469663023948669 0.558188001314799 0.7553760409355164 0.5686534643173218 0.7733168005943298 0.5761287609736124 0.7895756959915161 0.583604097366333 0.8035919070243835 0.5806139707565308 0.8114410042762756 0.5768763224283854 0.8131229281425476 0.5604305664698283 0.8097590804100037 0.5447323719660441 0.7991067171096802 0.5327718257904053 0.7895756959915161 0.5200637976328532 0.7772414088249207 0.5163261493047079 0.7626644968986511 0.5208113193511963 0.7475269436836243 0.529781699180603
1 0.6365182399749756 0.20385724306106567 0.644927978515625 0.2046047846476237 0.648852527141571 0.21880791584650675 0.6510951519012451 0.23973884185155234 0.6510951519012451 0.2531944314638774 0.6426854133605957 0.2606697678565979 0.6303511261940002 0.26964016755421955 0.6230626702308655 0.26964016755421955 0.6168954968452454 0.25618457794189453 0.616334855556488 0.24721417824427286 0.6269872188568115 0.22329310576121011
1 0.5114933252334595 0.48866740862528485 0.5255095958709717 0.4856772820154826 0.5361618995666504 0.4864248037338257 0.5507388114929199 0.5058606465657552 0.5647550225257874 0.517821192741394 0.5681189894676208 0.5342669089635214 0.554663360118866 0.545479933420817 0.5423290729522705 0.5619256496429443 0.5238276124000549 0.5873417854309082 0.5092507004737854 0.5925745169321696 0.4885066747665405 0.5873417854309082 0.4817788600921631 0.5806139707565308 0.47785434126853943 0.5604305664698283 0.4829001724720001 0.529781699180603 0.49411317706108093 0.5170736312866211 0.49747708439826965 0.5051131248474121 0.506447434425354 0.49464766184488934
1 0.48682475090026855 0.5955646435419718 0.5092507004737854 0.598554770151774 0.531676709651947 0.5933220386505127 0.5473749041557312 0.5708960294723511 0.5563453435897827 0.5529552300771078 0.5726041793823242 0.5432373285293579 0.5961514711380005 0.5357619921366373 0.6247445940971375 0.5290341774622599 0.6499738693237305 0.5320243438084921 0.6667933464050293 0.5522077083587646 0.6712785363197327 0.5626732110977173 0.660626232624054 0.5806139707565308 0.6482918858528137 0.5948171218236288 0.6303511261940002 0.6150004863739014 0.6247445940971375 0.6157480478286743 0.6051218509674072 0.6090202331542969 0.5810139179229736 0.6142529646555582 0.5529813766479492 0.6299511591593424 0.5417684316635132 0.6434067487716675 0.5232669711112976 0.6478919982910156 0.49971967935562134 0.6493870417277018 0.4857034385204315 0.6449018319447836 0.47841498255729675 0.6306987206141154 0.47785434126853943 0.6135054429372152
1 0.670157253742218 0.14853979150454202 0.67183917760849 0.16797566413879395 0.6836128234863281 0.18367385864257812 0.6892193555831909 0.19339178005854288 0.704356849193573 0.2001195748647054 0.7194944620132446 0.19563438495000204 0.72566157579422 0.1829263170560201 0.729586124420166 0.1522774597009023 0.7307074666023254 0.1440545916557312
1 0.15828388929367065 0.6830259958902994 0.1812705248594284 0.6807834307352701 0.19416548311710358 0.691248893737793 0.20369653403759003 0.718160072962443 0.20089328289031982 0.7405861218770345 0.19528678059577942 0.759274403254191 0.17230013012886047 0.7607694466908773 0.1543593406677246 0.7525466283162435 0.14538893103599548 0.7211502393086752 0.14819218218326569 0.6987241903940836
1 0.4004846215248108 0.6785408655802408 0.42683517932891846 0.6725606123606364 0.4475792348384857 0.6755506992340088 0.45879223942756653 0.6987241903940836 0.45935288071632385 0.7091897328694662 0.47280848026275635 0.7211502393086752 0.4789756238460541 0.7405861218770345 0.4913099408149719 0.7637596130371094 0.49523448944091797 0.7779627641042074 0.4060911238193512 0.7787102858225504 0.39095360040664673 0.7532941500345866 0.38086190819740295 0.7361008326212565 0.37749800086021423 0.7233928044637045 0.3870290517807007 0.693491538365682
1 0.5524207353591919 0.6837735176086426 0.5770893692970276 0.6688229242960612 0.5905449390411377 0.6620951096216837 0.6023185849189758 0.6688229242960612 0.6146529316902161 0.7039570013682047 0.6107283234596252 0.7166650295257568 0.6011973023414612 0.730120579401652 0.5905449390411377 0.7338582674662272 0.5742861032485962 0.7226452827453613 0.56419438123703 0.7174125512441 0.5518601536750793 0.6919964154561361
1 0.4391694962978363 0.21357518434524536 0.47505107522010803 0.21357518434524536 0.48626407980918884 0.21507024765014648 0.4957951307296753 0.23973884185155234 0.5036442279815674 0.2569320996602376 0.5002803206443787 0.2666500409444173 0.48346084356307983 0.28010563055674237 0.46776261925697327 0.2935612400372823 0.4363662302494049 0.28982357184092206 0.4195467531681061 0.27861056725184125 0.4251532554626465 0.2644074360529582 0.4301990866661072 0.24497157335281372 0.4279564917087555 0.22927337884902954
1 0.6836128234863281 0.37055714925130206 0.7015536427497864 0.38177013397216797 0.7144485712051392 0.39148807525634766 0.704356849193573 0.40494366486867267 0.693143904209137 0.4326024055480957 0.6858554482460022 0.45502837498982746 0.6785669922828674 0.4572710196177165 0.6651114225387573 0.44904812177022296 0.6550197005271912 0.4475530783335368 0.6499738693237305 0.43409748872121173 0.6595048904418945 0.41241904099782306 0.6656720638275146 0.39522576332092285 0.6768850684165955 0.37803248564402264
1 0.7918182611465454 0.14629718661308289 0.8422767519950867 0.14480212330818176 0.8484439253807068 0.14853979150454202 0.8417161107063293 0.16872318585713705 0.8293818235397339 0.17320839564005533 0.8125623464584351 0.17470345894495645 0.8030312657356262 0.1709657907485962 0.7974247932434082 0.16349045435587564
1 0.7110846638679504 0.21058503786722818 0.7211763858795166 0.19787698984146118 0.7340713143348694 0.19189671675364176 0.7407991290092468 0.20236217975616455 0.7391171455383301 0.21507024765014648 0.7290254831314087 0.221798042456309 0.7228583097457886 0.22404064734776816 0.7116453647613525 0.21955543756484985
1 0.5070081353187561 0.17395591735839844 0.49523448944091797 0.20161465803782144 0.49187058210372925 0.21357518434524536 0.500840961933136 0.2382437785466512 0.5070081353187561 0.2434765100479126 0.5126146078109741 0.24048636356989542 0.5193424224853516 0.22030297915140787 0.5271915197372437 0.1829263170560201 0.5232669711112976 0.17395591735839844 0.5165392160415649 0.16872318585713705
1 0.41704267263412476 0.20478091637293497 0.414500892162323 0.20161465803782144 0.4195467531681061 0.18965411186218262 0.42739585041999817 0.18442138036092123 0.43244168162345886 0.19787698984146118 0.4335629940032959 0.21058503786722818 0.43188104033470154 0.21806037425994873 0.4245925843715668 0.22030297915140787 0.41898608207702637 0.21507024765014648
1 0.1756640374660492 0.3533639113108317 0.19528678059577942 0.35112130641937256 0.20762108266353607 0.36233429114023846 0.20257523655891418 0.3795275290807088 0.19696871936321259 0.3847603003184001 0.18743768334388733 0.3772849639256795 0.1812705248594284 0.36233429114023846
1 0.32647886872291565 0.27487289905548096 0.3119019567966461 0.2995414932568868 0.29620376229286194 0.31673477093378705 0.2928398549556732 0.32271502415339154 0.29956766963005066 0.34588853518168133 0.3062954545021057 0.383265217145284 0.31022000312805176 0.4056911865870158 0.3191904127597809 0.4176517327626546 0.3332066535949707 0.40868131319681805 0.34778356552124023 0.3899929920832316 0.35619330406188965 0.3638293345769246 0.35899657011032104 0.3316854238510132 0.3556326627731323 0.30776435136795044 0.34273770451545715 0.2853383620580037 0.33208534121513367 0.2763679623603821
1 0.7402384877204895 0.5963121652603149 0.7514514923095703 0.584351658821106 0.7699529528617859 0.5933220386505127 0.7946215271949768 0.598554770151774 0.7856510877609253 0.6187382141749064 0.7862117886543274 0.6277085542678833 0.781726598739624 0.6359314123789469 0.7593005895614624 0.6314462423324585 0.7452843189239502 0.6120103597640991
1 0.6976290941238403 0.2322635054588318 0.6959471702575684 0.2584271828333537 0.7021142840385437 0.2823482354482015 0.7004323601722717 0.31374462445576984 0.6920225620269775 0.33467555046081543 0.6875373721122742 0.3541114330291748 0.6880980134010315 0.36308181285858154 0.7015536427497864 0.37055714925130206 0.7234190106391907 0.38924551010131836 0.7318286895751953 0.39522576332092285 0.7486482262611389 0.3929831584294637 0.7570579648017883 0.39148807525634766 0.7957428097724915 0.3272002140680949 0.7974247932434082 0.31523968776067096 0.8002280592918396 0.29580382506052655 0.8041525483131409 0.2771155039469401 0.7918182611465454 0.25169936815897626 0.7733168005943298 0.23076844215393066 0.7643464207649231 0.21133257945378622 0.7514514923095703 0.21357518434524536 0.7368745803833008 0.22777831554412842 0.7183731198310852 0.23002090056737265 0.7082814574241638 0.22254558404286703
1 0.5754073858261108 0.2554370363553365 0.5826958417892456 0.2442240317662557 0.5955908298492432 0.24497157335281372 0.6073644757270813 0.25020430485407513 0.6157742142677307 0.2666500409444173 0.6236233115196228 0.2778630455334981 0.6208200454711914 0.28832848866780597 0.6096071004867554 0.29655136664708454 0.5933482050895691 0.29655136664708454 0.587181031703949 0.2913186351458232 0.5787712931632996 0.2838432987531026 0.5748468041419983 0.28085317214330036 0.5726041793823242 0.2666500409444173
1 0.6499738693237305 0.7779627641042074 0.6510951519012451 0.7495565414428711 0.6522164344787598 0.729373057683309 0.6595048904418945 0.729373057683309 0.6796882748603821 0.7480614185333252 0.6897799968719482 0.7622645696004232 0.6914619207382202 0.7802053292592367 0.6555803418159485 0.7802053292592367
1 0.4363662302494049 0.4034486214319865 0.44813987612724304 0.39672080675760907 0.4582315683364868 0.39746832847595215 0.48065757751464844 0.39597328503926593 0.4885066747665405 0.3997109333674113 0.49467381834983826 0.41466160615285236 0.5025229454040527 0.4355925718943278 0.5075687766075134 0.4520382483800252 0.5002803206443787 0.4617561896642049 0.48906734585762024 0.4699790875116984 0.4548676908016205 0.48119207223256427 0.4436546862125397 0.47969698905944824 0.43973013758659363 0.4617561896642049 0.4335629940032959 0.4438153902689616 0.4301990866661072 0.42437954743703205
1 0.24574527144432068 0.7226452827453613 0.27770230174064636 0.7331107457478842 0.2821875214576721 0.7510515054066976 0.27770230174064636 0.7764676411946615 0.25527632236480713 0.7787102858225504 0.24406331777572632 0.7689923445383707 0.24182072281837463 0.7420811653137207
1 0.20874238014221191 0.29057109355926514 0.2272438257932663 0.2935612400372823 0.246305912733078 0.3040267030398051 0.24013876914978027 0.3144921660423279 0.23341096937656403 0.3204724391301473 0.22387991845607758 0.3174822926521301 0.216591477394104 0.31374462445576984 0.20649977028369904 0.2987939715385437
1 0.304290771484375 0.19465466340382895 0.3235695958137512 0.1767389973004659 0.34343263506889343 0.16661275426546732 0.34109580516815186 0.19621256987253824 0.34109580516815186 0.23438072204589844 0.34168002009391785 0.2702120741208394 0.31772753596305847 0.2624226411183675 0.304290771484375 0.24684379498163858 0.29786449670791626 0.2203597625096639
1 0.6244360208511353 0.6254096825917562 0.6127519011497498 0.6456621885299683 0.6063255667686462 0.658904234568278 0.6127519011497498 0.6838303407033285 0.6232675909996033 0.7001880804697672 0.6431306004524231 0.7103143533070883 0.6583200097084045 0.7118722597757975 0.6758461594581604 0.6986302534739176 0.6986302733421326 0.6916197935740153 0.736019492149353 0.6885039806365967 0.760556161403656 0.6737040678660074 0.7804191708564758 0.65423051516215 0.7751613259315491 0.6472200949986776 0.7646455764770508 0.6448832750320435 0.7564667463302612 0.6339780886967977 0.7354352474212646 0.6082729498545328 0.7249195575714111 0.6059361298878988 0.7249195575714111 0.6207360029220581 0.7120670080184937 0.6409885088602701 0.6980460286140442 0.6370938221613566 0.6927881836891174 0.6269675890604655 0.6816882491111755 0.6277465025583903 0.6653304696083069 0.6261886358261108 0.6489726901054382 0.618399182955424 0.6437148451805115 0.6137255827585856 0.630862295627594 0.6222939491271973
1 0.4667002260684967 0.6947355270385742 0.4924052953720093 0.6877250671386719 0.5204471945762634 0.6760408878326416 0.5379734039306641 0.6651357412338257 0.5438154935836792 0.6635778347651163 0.5479049682617188 0.6768198808034261 0.5490733981132507 0.6955145200093588 0.5554996132850647 0.7142090797424316 0.562510073184967 0.7266721725463867 0.5712732076644897 0.7360194524129232 0.5876309871673584 0.7484825452168783 0.5975624918937683 0.7640613714853922 0.5993151068687439 0.7765244642893473 0.6016519665718079 0.7843139171600342 0.5747784376144409 0.7835349241892496 0.5508259534835815 0.7843139171600342 0.5239524841308594 0.7843139171600342 0.5040894150733948 0.785092830657959 0.49357372522354126 0.7586087385813395 0.48364222049713135 0.7305668989817301 0.47371071577072144 0.7126511732737223 0.4684528410434723 0.7079775333404541 0.4667002260684967 0.7033038934071859
1 0.14889182150363922 0.4688423077265422 0.1634969860315323 0.4672844012578328 0.17868636548519135 0.4742949406305949 0.195628359913826 0.49143163363138836 0.2049756497144699 0.4984421332677205 0.22250185906887054 0.492210586865743 0.2371070235967636 0.4805264472961426 0.2482069432735443 0.4750738541285197 0.26456472277641296 0.4828632672627767 0.2739120423793793 0.4984421332677205 0.27449625730514526 0.5124630530675253 0.2628121078014374 0.5295997858047485 0.2522963881492615 0.5397260586420695 0.23301757872104645 0.5506312449773153 0.20789669454097748 0.5630942980448405 0.19095470011234283 0.566989024480184 0.16583381593227386 0.5646522045135498 0.14655499160289764 0.5584206581115723 0.14421817660331726 0.5257050593694051 0.14655499160289764 0.5 0.14480237662792206 0.47585280736287433
1 0.19913358986377716 0.15103391806284586 0.20322303473949432 0.19699150323867798 0.19854938983917236 0.2219176491101583 0.19270731508731842 0.22503342231114706 0.16992326080799103 0.2164650559425354 0.15882334113121033 0.20711775620778403 0.15006023645401 0.19777043660481772 0.14538657665252686 0.18686525026957193 0.14889182150363922 0.15648651123046875 0.14714358747005463 0.1440545916557312 0.17459692060947418 0.1463602582613627 0.18978628516197205 0.14480237166086832
1 0.2061440646648407 0.15648651123046875 0.22191764414310455 0.1455813149611155 0.2388596385717392 0.1518128514289856 0.25288060307502747 0.15882333119710287 0.2943592667579651 0.16193910439809164 0.3025381565093994 0.17751795053482056 0.2949434816837311 0.20400198300679526 0.29728031158447266 0.24217015504837036 0.2937750518321991 0.2593068679173787 0.2826751470565796 0.27488571405410767 0.25580164790153503 0.2943592667579651 0.2493753582239151 0.2943592667579651 0.23184916377067566 0.2850119670232137 0.21315455436706543 0.2811172405878703 0.20380724966526031 0.26631734768549603 0.19971780478954315 0.2522963881492615 0.19971780478954315 0.2336017886797587 0.20380724966526031 0.2203597625096639 0.2067282795906067 0.19777043660481772 0.2061440646648407 0.17751795053482056
1 0.3486904799938202 0.561536431312561 0.3574535846710205 0.5545259316762289 0.37264296412467957 0.5654311180114746 0.39367440342903137 0.5786731640497843 0.4041901230812073 0.587241530418396 0.3919217586517334 0.6472200949986776 0.3895849585533142 0.669030507405599 0.3819902539253235 0.6861671606699625 0.3679693043231964 0.6947355270385742 0.35102730989456177 0.6978513399759928 0.32181698083877563 0.7025249004364014 0.31889596581459045 0.6807146072387695 0.32181698083877563 0.6705883344014486 0.33291691541671753 0.6495569149653116 0.34168002009391785 0.6129465897878011 0.3469378650188446 0.60282035668691 0.3486904799938202 0.5778942108154297
1 0.39893224835395813 0.4906526803970337 0.40827956795692444 0.48442113399505615 0.4246373474597931 0.4875369469324748 0.43807411193847656 0.4883158604303996 0.4480056166648865 0.5038947264353434 0.45852130651474 0.5147999127705892 0.4667002260684967 0.5257050593694051 0.4579371213912964 0.5366102854410807 0.45034244656562805 0.5420628786087036 0.43047940731048584 0.53816819190979 0.4129532277584076 0.5280419190724691 0.4041901230812073 0.5171367327372233 0.4001006782054901 0.5046736399332682
1 0.4462530016899109 0.4875369469324748 0.47137385606765747 0.4828632672627767 0.49649477005004883 0.4750738541285197 0.5017526149749756 0.4828632672627767 0.5 0.49454740683237713 0.4883158504962921 0.5054525931676229 0.4789685606956482 0.5249261458714803 0.4661160111427307 0.5132420063018799 0.4556002914905548 0.5031157732009888
1 0.39425861835479736 0.49143163363138836 0.4047743082046509 0.5334945122400919 0.4445003569126129 0.5498522917429606 0.4445003569126129 0.5654311180114746 0.43924251198768616 0.5755573908487955 0.4240531623363495 0.5810099840164185 0.40827956795692444 0.5786731640497843 0.3784850239753723 0.5599785248438517 0.36387985944747925 0.5482943852742513 0.36271142959594727 0.543620785077413 0.37556397914886475 0.5249261458714803 0.38724812865257263 0.507789413134257 0.3919217586517334 0.5007789532343546
1 0.5870468020439148 0.507789413134257 0.6109992861747742 0.47351594765981037 0.6273570656776428 0.4649476210276286 0.6437148451805115 0.4742949406305949 0.6589041948318481 0.4797475337982178 0.6886987686157227 0.48130540053049725 0.7038881182670593 0.4852000872294108 0.7184932827949524 0.49610527356465656 0.7184932827949524 0.5101262728373209 0.7114827632904053 0.5334945122400919 0.7079775333404541 0.5529680649439493 0.6951249837875366 0.5584206581115723 0.6886987686157227 0.561536431312561 0.6787672638893127 0.5638732512791952 0.6653304696083069 0.5342734654744467 0.6524779200553894 0.5264840523401896 0.6337832808494568 0.5233682791392008 0.6004835367202759 0.5295997858047485 0.589383602142334 0.5295997858047485 0.5870468020439148 0.5210314591725668
1 0.4129532277584076 0.5926941235860189 0.4334004521369934 0.5849047104517618 0.4538476765155792 0.5786731640497843 0.4690370559692383 0.5802310307820638 0.4778001606464386 0.5849047104517618 0.4772159457206726 0.5965888500213623 0.47254228591918945 0.6090519030888876 0.4678686559200287 0.6269675890604655 0.4573529064655304 0.6402095953623453 0.44917401671409607 0.651893695195516 0.44274774193763733 0.6651357412338257 0.43047940731048584 0.6651357412338257 0.40711116790771484 0.6666936079661051 0.3983480632305145 0.6682515144348145 0.39484280347824097 0.6596831480662028 0.39542701840400696 0.6464411417643229 0.4030217230319977 0.6246307690938314 0.4047743082046509 0.6051571766535441 0.40711116790771484 0.5965888500213623
1 0.4678686559200287 0.6386516888936361 0.46144235134124756 0.6479990084966024 0.4561845064163208 0.6557884216308594 0.45267927646636963 0.6604621013005575 0.45092666149139404 0.6674725214640299 0.45852130651474 0.6791567007700602 0.46319499611854553 0.6846093336741129 0.47195810079574585 0.6705883344014486 0.4801369607448578 0.6581252813339233 0.48247379064559937 0.6479990084966024 0.47546330094337463 0.6363149086634318
1 0.6203465461730957 0.7118722597757975 0.6314464807510376 0.7204406261444092 0.6425464153289795 0.7290089925130209 0.6454674601554871 0.7399141788482666 0.6425464153289795 0.7679560979207357 0.6425464153289795 0.7843139171600342 0.6168413162231445 0.7835349241892496 0.6086624264717102 0.785092830657959 0.603988766670227 0.759387731552124 0.6034045815467834 0.746924638748169 0.6045730113983154 0.7352405389149984 0.6104150414466858 0.7258931795756022 0.615088701248169 0.7173248926798502
1 0.24353329837322235 0.6098308563232422 0.2271755039691925 0.6207360029220581 0.20848089456558228 0.6386516888936361 0.19971780478954315 0.6534516016642252 0.195628359913826 0.6729251543680826 0.19913358986377716 0.6807146072387695 0.2067282795906067 0.6978513399759928 0.20848089456558228 0.7064197063446045 0.21023350954055786 0.7134301662445068 0.2376912236213684 0.7173248926798502 0.25404900312423706 0.7188827196756998 0.2721594274044037 0.7251142660776774 0.2809225022792816 0.7305668989817301 0.2908540368080139 0.7336826324462891 0.29844871163368225 0.7188827196756998 0.30838024616241455 0.7087565263112386 0.3118854761123657 0.6892828941345215 0.31071704626083374 0.6698094209035238 0.29552769660949707 0.669030507405599 0.27624887228012085 0.6643567879994711 0.2616437077522278 0.6612410147984823 0.2487911432981491 0.648777961730957 0.24762274324893951 0.6168413162231445
1 0.31130126118659973 0.7149880727132162 0.3025381565093994 0.7290089925130209 0.2926066517829895 0.7422509988149008 0.28734877705574036 0.753935178120931 0.2815067172050476 0.7788612842559814 0.3130538761615753 0.7819770177205404 0.33291691541671753 0.7811981042226156 0.35219573974609375 0.7819770177205404 0.36563247442245483 0.7819770177205404 0.3580377995967865 0.7625035444895426 0.35102730989456177 0.7515983581542969 0.34284842014312744 0.7406931718190511 0.3264906406402588 0.7297879854838053 0.31772753596305847 0.7196617126464844
1 0.3691377341747284 0.7321247259775797 0.36387985944747925 0.7445878187815348 0.36329567432403564 0.7562719980875651 0.36680087447166443 0.7702929178873698 0.3720587491989136 0.7804191907246908 0.38607972860336304 0.785092830657959 0.39601123332977295 0.7843139171600342 0.4030217230319977 0.7843139171600342 0.3884165287017822 0.7617245515187582 0.3802376389503479 0.7453667322794596 0.37673240900039673 0.7336826324462891
1 0.3171433210372925 0.7095354398091634 0.33233270049095154 0.7196617126464844 0.34226420521736145 0.7290089925130209 0.3557009696960449 0.741472085316976 0.3662166893482208 0.7305668989817301 0.37439557909965515 0.7165458997090658 0.37556397914886475 0.7017459869384766 0.3685535192489624 0.7001880804697672 0.3597904145717621 0.6994091669718424 0.3486904799938202 0.7048617998758951 0.34343263506889343 0.7064197063446045 0.3352537453174591 0.7071986198425293 0.3253222107887268 0.7087565263112386
1 0.14655499160289764 0.3231801390647888 0.15765492618083954 0.3473273515701294 0.16758643090724945 0.36446404457092285 0.17985478043556213 0.3808218638102214 0.19270731508731842 0.3956217368443807 0.1944599449634552 0.4010743300120036 0.19270731508731842 0.4244426091512044 0.18744945526123047 0.44157934188842773 0.1839442253112793 0.45014770825703937 0.17518112063407898 0.45014770825703937 0.1629127860069275 0.45404239495595294 0.14538657665252686 0.45871607462565106 0.14538657665252686 0.4221057891845703 0.14655499160289764 0.389390230178833 0.1494760364294052 0.36602195103963214 0.14772340655326843 0.33408530553181964
1 0.2785857021808624 0.5568627913792928 0.2581384778022766 0.5576417048772176 0.24411749839782715 0.5607574780782064 0.23301757872104645 0.5654311180114746 0.20789669454097748 0.5817889372507731 0.19738097488880157 0.5903573036193848 0.1845284253358841 0.5989256699879965 0.1728442907333374 0.6067150831222534 0.1617443710565567 0.6207360029220581 0.15473388135433197 0.6378727753957113 0.1518128514289856 0.6534516016642252 0.15531809628009796 0.6627989212671915 0.15999174118041992 0.6729251543680826 0.1734285056591034 0.6713672478993734 0.18160739541053772 0.6713672478993734 0.18978628516197205 0.6674725214640299 0.2055598646402359 0.6339780886967977 0.2271755039691925 0.6129465897878011 0.23301757872104645 0.607494036356608 0.2499595731496811 0.595030943552653 0.2616437077522278 0.5856836239496866 0.27916988730430603 0.5825678507486979 0.2809225022792816 0.566989024480184
1 0.14597079157829285 0.5677679777145386 0.1605759561061859 0.5716626644134521 0.18686525523662567 0.5732205708821615 0.19854938983917236 0.5747784376144409 0.18861787021160126 0.5833468039830526 0.18219159543514252 0.5895783503850301 0.17927056550979614 0.5926941235860189 0.16524960100650787 0.6067150831222534 0.15765492618083954 0.6160623629887899 0.1523970663547516 0.6230728626251221 0.14830762147903442 0.6300833225250244 0.14597079157829285 0.6355359554290771 0.1440545916557312 0.6334068377812704 0.1440545916557312 0.6334068377812704 0.14538657665252686 0.5903573036193848
1 0.20848089456558228 0.7219985326131185 0.195628359913826 0.7804191907246908 0.24353329837322235 0.7811981042226156 0.2382754385471344 0.753935178120931 0.2388596385717392 0.7329037189483643 0.2394438534975052 0.7266721725463867
1 0.4450845718383789 0.1518128514289856 0.4334004521369934 0.16972851753234863 0.4339846670627594 0.17751795053482056 0.44157934188842773 0.20555986960728964 0.47137385606765747 0.20400198300679526 0.48656323552131653 0.20322302977244058 0.49649477005004883 0.18219159046808878 0.5035052299499512 0.1673916975657145 0.5017526149749756 0.14869708816210428 0.48481065034866333 0.1471392015616099 0.47195810079574585 0.1479181448618571 0.4579371213912964 0.1479181448618571 0.45092666149139404 0.14869708816210428
1 0.3825744688510895 0.1518128514289856 0.39425861835479736 0.17518111069997153 0.4141216278076172 0.21724398930867514 0.4205479025840759 0.2429490884145101 0.41937947273254395 0.2561911145846049 0.40944796800613403 0.27488571405410767 0.3930901885032654 0.2850119670232137 0.37497976422309875 0.2912434935569763 0.36212724447250366 0.30136974652608234 0.3498588800430298 0.27488571405410767 0.3469378650188446 0.21802294254302979 0.35161152482032776 0.16193910439809164 0.35394832491874695 0.1463602582613627 0.37614819407463074 0.14869708816210428
1 0.7944401502609253 0.1767389973004659 0.8154715895652771 0.1899810234705607 0.823066234588623 0.2008862098058065 0.8289083242416382 0.22659130891164145 0.8335819840431213 0.23983331521352133 0.8189768195152283 0.24840168158213297 0.8043716549873352 0.24606486161549887 0.7956085205078125 0.23126494884490967 0.7821717858314514 0.2110124627749125 0.7769139409065247 0.20789668957392374 0.7792507410049438 0.19777043660481772
1 0.4129532277584076 0.28656985362370807 0.4369056820869446 0.3037065664927165 0.4544318914413452 0.30915917952855426 0.46027395129203796 0.32941166559855145 0.46027395129203796 0.3372010787328084 0.4474214017391205 0.3675798177719116 0.4445003569126129 0.379263957341512 0.42931100726127625 0.37147454420725506 0.41704267263412476 0.35355885823567706 0.40594273805618286 0.3231801390647888 0.40594273805618286 0.30915917952855426 0.4135374128818512 0.2959171533584595
1 0.4696212410926819 0.3044855197270711 0.4906527101993561 0.28734878698984784 0.4982473850250244 0.2834540804227193 0.5064262747764587 0.28812774022420246 0.5099315047264099 0.29981185992558795 0.5052579045295715 0.3169485926628113 0.49415794014930725 0.3442115783691406 0.48130539059638977 0.34109580516815186 0.4678686559200287 0.3262958923975627 0.4667002260684967 0.3122749328613281
1 0.30020132660865784 0.2600858211517334 0.3159749209880829 0.27722253402074176 0.2931908667087555 0.30915917952855426 0.28851720690727234 0.317727526028951 0.2920224368572235 0.33408530553181964 0.2943592667579651 0.35122203826904297 0.29552769660949707 0.36134831110636395 0.29844871163368225 0.3823797305425008 0.3031223714351654 0.40652696291605633 0.3031223714351654 0.412758469581604 0.2943592667579651 0.4244426091512044 0.27683305740356445 0.4353477954864502 0.2692383825778961 0.4376846154530843 0.25463321805000305 0.4470319350560506 0.24411749839782715 0.45871607462565106 0.23593860864639282 0.4688423077265422 0.2277597188949585 0.4774106740951538 0.21140192449092865 0.48597904046376544 0.1962125599384308 0.4875369469324748 0.1827758103609085 0.4672844012578328 0.18569684028625488 0.45871607462565106 0.1962125599384308 0.4322320222854614 0.20380724966526031 0.40574800968170166 0.21081772446632385 0.3784850041071574 0.21198613941669464 0.3652429978052775 0.22191764414310455 0.3582325379053752 0.23243336379528046 0.3473273515701294 0.24002805352210999 0.33408530553181964 0.24411749839782715 0.32240118583043414 0.25346481800079346 0.30915917952855426 0.26748576760292053 0.29903292655944824 0.2809225022792816 0.28812774022420246 0.2902698218822479 0.27644360065460205 0.29669609665870667 0.26709630091985065
1 0.2943592667579651 0.4330109755198161 0.31013286113739014 0.4431372086207072 0.3282432556152344 0.4556003014246623 0.33116427063941956 0.4602739413579305 0.33116427063941956 0.48208431402842206 0.3352537453174591 0.5054525931676229 0.34343263506889343 0.5249261458714803 0.3486904799938202 0.5397260586420695 0.3492746949195862 0.5482943852742513 0.3148064911365509 0.5319366455078125 0.3025381565093994 0.5249261458714803 0.28910142183303833 0.5147999127705892 0.280338317155838 0.5 0.26514893770217896 0.47273703416188556 0.2610594928264618 0.4688423077265422 0.2616437077522278 0.46338971455891925 0.2622279226779938 0.44936875502268475 0.27449625730514526 0.44391616185506183
1 0.7144038677215576 0.4026322364807129 0.7535456418991089 0.4034111499786377 0.776329755783081 0.44391616185506183 0.800866425037384 0.4563792149225871 0.8224820494651794 0.4774106740951538 0.8400082588195801 0.49143163363138836 0.8306609392166138 0.5015578667322794 0.8090453147888184 0.5186945994695028 0.8061242699623108 0.5202524662017822 0.785092830657959 0.5109051863352457 0.760556161403656 0.5093473196029663 0.743614137172699 0.5225893259048462 0.7307616472244263 0.5334945122400919 0.7237511277198792 0.5334945122400919 0.7231669425964355 0.5015578667322794 0.7196616530418396 0.4750738541285197 0.6997986435890198 0.4680633544921875 0.6910355687141418 0.46338971455891925 0.6986302733421326 0.4376846154530843 0.703303873538971 0.41665319601694745
1 0.84993976354599 0.3691377242406209 0.8546134233474731 0.37381136417388916 0.8552501797676086 0.3814527988433838 0.8551976084709167 0.4034111499786377 0.8546134233474731 0.4197689692179362 0.8528608083724976 0.44002147515614826 0.8534449934959412 0.492210586865743 0.8470187187194824 0.489873727162679 0.8370872139930725 0.4789685408274333 0.8131347298622131 0.4556003014246623 0.8055400252342224 0.4454740683237712 0.802034854888916 0.44157934188842773 0.8125505447387695 0.42833733558654785 0.826571524143219 0.4158742427825928 0.8370872139930725 0.4002954165140788 0.8452661037445068 0.3808218638102214
1 0.759387731552124 0.7329037189483643 0.80846107006073 0.7290089925130209 0.8458503484725952 0.7352405389149984 0.8552501797676086 0.7390004793802897 0.8540292382240295 0.7601666450500488 0.8435134887695312 0.7718508243560791 0.8347504138946533 0.7827560106913248 0.8090453147888184 0.7843139171600342 0.785092830657959 0.785092830657959 0.7751613259315491 0.7843139171600342 0.7675666213035583 0.7640613714853922
1 0.5858783721923828 0.3044855197270711 0.6180097460746765 0.30136974652608234 0.6261886358261108 0.29825397332509357 0.6343675255775452 0.3114959994951884 0.6367043852806091 0.32941166559855145 0.6314464807510376 0.3395379384358724 0.6244360208511353 0.3582325379053752 0.6156728863716125 0.37614818414052326 0.6074939966201782 0.38471655050913495 0.6034045815467834 0.38471655050913495 0.5847099423408508 0.3823797305425008 0.567183792591095 0.36602195103963214 0.5578364729881287 0.3582325379053752 0.5619258880615234 0.34499049186706543 0.5753626823425293 0.33330637216567993 0.5847099423408508 0.3231801390647888 0.5887994170188904 0.31305386622746784
1 0.6524779200553894 0.26320157448450726 0.6729251742362976 0.27488571405410767 0.6927881836891174 0.2811172405878703 0.6951249837875366 0.28812774022420246 0.6898671388626099 0.3052644729614258 0.6846092939376831 0.3247380057970683 0.6799356341362 0.33096955219904584 0.6694198846817017 0.335643212000529 0.6577357649803162 0.33330637216567993 0.6495568752288818 0.3255169590314229 0.6437148451805115 0.32006436586380005 0.6314464807510376 0.29747503995895386 0.62852543592453 0.28579090038935345 0.6343675255775452 0.27410678068796795 0.646635890007019 0.2678752342859904
1 0.5327155590057373 0.17596006393432617 0.5490733981132507 0.1744021773338318 0.5736100077629089 0.15726545453071594 0.58295738697052 0.1525917947292328 0.589383602142334 0.14947603146235147 0.6180097460746765 0.14947603146235147 0.6279412508010864 0.16271804769833884 0.6331990957260132 0.18063372373580933 0.6367043852806091 0.19309679667154947 0.6291096806526184 0.1993283232053121 0.6203465461730957 0.21334928274154663 0.613920271396637 0.22737024227778116 0.6109992861747742 0.24061226844787598 0.5952256917953491 0.23827542861302695 0.5794520974159241 0.23983331521352133 0.5759468674659729 0.24217015504837036 0.5665995478630066 0.24918063481648764 0.5578364729881287 0.24450697501500449 0.5496575832366943 0.24139120181401572 0.5385575890541077 0.24217015504837036 0.5268735289573669 0.24217015504837036 0.5210314393043518 0.2390543818473816 0.5239524841308594 0.2219176491101583 0.5286260843276978 0.20478091637293497 0.5321313738822937 0.18452843030293783
1 0.5128525495529175 0.26475948095321655 0.5204471945762634 0.26475948095321655 0.5286260843276978 0.2593068679173787 0.5368050336837769 0.25151745478312176 0.5467365384101868 0.25151745478312176 0.5531628131866455 0.25463322798411053 0.5665995478630066 0.2561911145846049 0.5665995478630066 0.2616436878840129 0.567183792591095 0.2694331208864848 0.5665995478630066 0.2787804404894511 0.562510073184967 0.284233033657074 0.5508259534835815 0.2889066735903422 0.5356366038322449 0.2959171533584595 0.5262892842292786 0.3005908131599426 0.5198630094528198 0.30136974652608234 0.5122683048248291 0.2889066735903422 0.5075947046279907 0.27722253402074176
1 0.5181103944778442 0.31071706612904865 0.5426470637321472 0.3044855197270711 0.5595890879631042 0.29669610659281415 0.5765310525894165 0.29669610659281415 0.5794520974159241 0.3037065664927165 0.5736100077629089 0.3138328194618225 0.5654311776161194 0.3262958923975627 0.5549154281616211 0.3395379384358724 0.5514101982116699 0.3473273515701294 0.5502417683601379 0.36212722460428876 0.5432313084602356 0.37147454420725506 0.5251209139823914 0.37536927064259845 0.5023368000984192 0.38393763701121014 0.49707895517349243 0.38393763701121014 0.4924052953720093 0.3808218638102214 0.4883158504962921 0.3699166774749756 0.49474215507507324 0.35277994473775226 0.5064262747764587 0.33875898520151776 0.5122683048248291 0.33096955219904584
1 0.5037973523139954 0.4649476210276286 0.5172340869903564 0.4470319350560506 0.5365129113197327 0.43924252192179364 0.560465395450592 0.4353477954864502 0.5680601000785828 0.44002147515614826 0.5546233057975769 0.4548213481903076 0.544691801071167 0.4672844012578328 0.5341761112213135 0.47585280736287433 0.5213235020637512 0.4781896273295085 0.5102236270904541 0.4781896273295085
1 0.5759468674659729 0.4337899287541707 0.5946414470672607 0.4158742427825928 0.5987309217453003 0.3948428233464559 0.6098308563232422 0.389390230178833 0.6384570002555847 0.3504430850346883 0.6390411853790283 0.34265367190043133 0.6454674601554871 0.3372010787328084 0.6583200097084045 0.3403168519337972 0.6676672697067261 0.3442115783691406 0.6735093593597412 0.35200099150339764 0.6787672638893127 0.36602195103963214 0.6729251742362976 0.37381136417388916 0.6618252396583557 0.3948428233464559 0.6513094902038574 0.412758469581604 0.6483885049819946 0.4322320222854614 0.6489726901054382 0.4485898017883301 0.656567394733429 0.4696212609608968 0.6407938003540039 0.4649476210276286 0.6267728805541992 0.46338971455891925 0.6057413816452026 0.4696212609608968 0.5928888916969299 0.4890948136647542 0.5817888975143433 0.5085683663686117 0.5812047123908997 0.5225893259048462 0.5782836675643921 0.5342734654744467 0.5747784376144409 0.5241471926371256 0.5695205926895142 0.507789413134257 0.5549154281616211 0.49610527356465656 0.5467365384101868 0.48597904046376544 0.5531628131866455 0.4680633544921875 0.5613417029380798 0.4579371213912964 0.5701047778129578 0.44391616185506183
1 0.720245897769928 0.5607574780782064 0.736019492149353 0.5553049246470133 0.7471193671226501 0.569325844446818 0.7488720417022705 0.5771152575810751 0.7389404773712158 0.5864625771840414 0.7278405427932739 0.5926941235860189 0.7173248529434204 0.5934730370839437 0.7132354378700256 0.5887993971506754 0.7138196229934692 0.5732205708821615
1 0.8359188437461853 0.5109051863352457 0.8271557092666626 0.5373891989390055 0.8207294344902039 0.5553049246470133 0.8195610046386719 0.5755573908487955 0.8335819840431213 0.5880204439163208 0.852276623249054 0.6051571766535441 0.8552501797676086 0.5868199268976847 0.8540292382240295 0.5311576922734579 0.8540292382240295 0.5124630530675253 0.8528608083724976 0.5085683663686117
1 0.810797929763794 0.5903573036193848 0.826571524143219 0.595030943552653 0.8353345990180969 0.5989256699879965 0.8476029634475708 0.6098308563232422 0.84993976354599 0.6269675890604655 0.8400082588195801 0.6441042820612589 0.8259873390197754 0.6479990084966024 0.810797929763794 0.6370938221613566 0.8043716549873352 0.628525455792745 0.7991137504577637 0.6168413162231445 0.799697995185852 0.6043782631556193
1 0.694540798664093 0.7515983581542969 0.7219985127449036 0.7375773588816324 0.7465351819992065 0.7375773588816324 0.7523772716522217 0.741472085316976 0.7570509314537048 0.753935178120931 0.7611403465270996 0.7671771844228109 0.7623087763786316 0.7773033777872721 0.7588035464286804 0.7811981042226156 0.7330984473228455 0.7819770177205404 0.7108985781669617 0.7819770177205404 0.7015512585639954 0.7796401977539062 0.695709228515625 0.7765244642893473
1 0.6629936695098877 0.715766986211141 0.7050565481185913 0.7017459869384766 0.7319300174713135 0.7001880804697672 0.7699034810066223 0.6846093336741129 0.7874296307563782 0.6651357412338257 0.7909348607063293 0.6363149086634318 0.802034854888916 0.6425464153289795 0.8189768195152283 0.6550094683965048 0.8400082588195801 0.6526726484298706 0.852276623249054 0.6448832750320435 0.852276623249054 0.6674725214640299 0.8528608083724976 0.70564071337382 0.8511081337928772 0.7251142660776774 0.8400082588195801 0.7258931795756022 0.799697995185852 0.7235563596089681 0.7658140063285828 0.7243353525797526 0.7477036118507385 0.7274511655171713 0.7231669425964355 0.7321247259775797 0.7003828883171082 0.738356351852417 0.6910355687141418 0.741472085316976 0.6764304041862488 0.7305668989817301
1 0.5461522936820984 0.648777961730957 0.566015362739563 0.6347570021947225 0.5812047123908997 0.6293043692906698 0.6115834712982178 0.618399182955424 0.615088701248169 0.6238518158594767 0.6074939966201782 0.6402095953623453 0.6016519665718079 0.6534516016642252 0.589383602142334 0.6550094683965048 0.5613417029380798 0.6682515144348145 0.5554996132850647 0.6705883344014486
1 0.15298126637935638 0.3153907060623169 0.17810215055942535 0.31071706612904865 0.19796517491340637 0.3044855197270711 0.20789669454097748 0.30915917952855426 0.21081772446632385 0.31850647926330566 0.20322303473949432 0.3270748456319173 0.195628359913826 0.3348642587661743 0.1839442253112793 0.34265367190043133 0.1740127056837082 0.34343262513478595 0.16524960100650787 0.3379800319671631 0.15882334113121033 0.3270748456319173
1 0.36271142959594727 0.30838022629419964 0.4012690782546997 0.2951382001241048 0.4001006782054901 0.32941166559855145 0.3995164632797241 0.34810630480448407 0.38549551367759705 0.36368513107299805 0.369721919298172 0.37147454420725506 0.3603746294975281 0.37459031740824383 0.36154302954673767 0.35355885823567706 0.36563247442245483 0.327853798866272
1 0.3907533586025238 0.3668009042739868 0.4012690782546997 0.35433781147003174 0.40827956795692444 0.35122203826904297 0.41762685775756836 0.3706955909729004 0.43865829706192017 0.3909480969111125 0.43164780735969543 0.39717964331309 0.41645845770835876 0.3948428233464559 0.39776381850242615 0.3784850041071574
1 0.30954864621162415 0.4143163760503133 0.3247380256652832 0.42132683595021564 0.3545325696468353 0.39406387011210126 0.3586219847202301 0.40730587641398114 0.3492746949195862 0.4236636559168498 0.34109580516815186 0.43612674872080487 0.33291691541671753 0.446252981821696 0.3153907060623169 0.4369057019551595 0.3019539713859558 0.4291162888209025 0.3019539713859558 0.422884742418925
1 0.3592061996459961 0.38861127694447833 0.36680087447166443 0.3800429105758667 0.3773166239261627 0.37536927064259845 0.38607972860336304 0.3722534974416097 0.38666391372680664 0.3777060906092326 0.3784850239753723 0.3925059636433919 0.370306134223938 0.4034111499786377 0.36154302954673767 0.4026322364807129
1 0.671172559261322 0.5716626644134521 0.6886987686157227 0.5685469309488932 0.703303873538971 0.5607574780782064 0.7103143930435181 0.5623153845469157 0.7050565481185913 0.5817889372507731 0.7073933482170105 0.5942519903182983 0.7173248529434204 0.6035993099212646 0.7155722379684448 0.6191781361897787 0.7091459631919861 0.6277465025583903 0.6939565539360046 0.618399182955424 0.6805198788642883 0.6168413162231445 0.655398964881897 0.6137255827585856 0.6448832750320435 0.6098308563232422 0.6589041948318481 0.5965888500213623 0.6670830845832825 0.5802310307820638
1 0.6273570656776428 0.14869708816210428 0.6384570002555847 0.17518111069997153 0.6472200751304626 0.1954336166381836 0.6513094902038574 0.2203597625096639 0.6571515798568726 0.2507385015487671 0.6600726246833801 0.2608647545178731 0.6758461594581604 0.2686541676521301 0.693372368812561 0.27410678068796795 0.6916197538375854 0.25463322798411053 0.693372368812561 0.22659130891164145 0.6840250492095947 0.1993283232053121 0.6694198846817017 0.17206535736719766 0.6618252396583557 0.14869708816210428 0.6396253705024719 0.14480237166086832
1 0.5058420896530151 0.14480237166086832 0.5116841197013855 0.15882333119710287 0.5274577140808105 0.16349699099858603 0.540310263633728 0.16427593429883322 0.5642626881599426 0.15570756793022156 0.572441577911377 0.14947603146235147 0.5391418933868408 0.14869708816210428 0.5221998691558838 0.1471392015616099 0.515773594379425 0.1455813149611155 0.5116841197013855 0.14480237166086832
1 0.2937750518321991 0.1455813149611155 0.29786449670791626 0.15726545453071594 0.3066276013851166 0.1767389973004659 0.3241538107395172 0.17050747076670328 0.3358379304409027 0.16271804769833884 0.34401682019233704 0.15492862462997437 0.3469378650188446 0.14947603146235147 0.34284842014312744 0.1471392015616099 0.3282432556152344 0.1455813149611155 0.30779603123664856 0.1463602582613627
1 0.7354352474212646 0.1479181448618571 0.7342668771743774 0.15960227449735007 0.7354352474212646 0.1744021773338318 0.7406931519508362 0.18920207023620605 0.7477036118507385 0.20400198300679526 0.759387731552124 0.20945457617441812 0.7704876661300659 0.20633880297342935 0.7786665558815002 0.18452843030293783 0.7874296307563782 0.1744021773338318 0.7926875352859497 0.1689495841662089 0.786261260509491 0.15337073802947998 0.783924400806427 0.1471392015616099 0.7611403465270996 0.1479181448618571 0.7459509968757629 0.1471392015616099
1 0.807292640209198 0.25307534138361615 0.8078768849372864 0.2702120741208394 0.8090453147888184 0.284233033657074 0.8032032251358032 0.3044855197270711 0.8043716549873352 0.31616965929667157 0.8178083896636963 0.3216222325960795 0.826571524143219 0.3247380057970683 0.8388398289680481 0.3231801390647888 0.8370872139930725 0.3060434063275655 0.824234664440155 0.28968560695648193 0.8236504793167114 0.27722253402074176 0.8224820494651794 0.2600858211517334 0.8183926343917847 0.25697004795074463
