1 0.0009765625 0.0050347136954466505 0.08176177740097046 0.0050347136954466505 0.116964191198349 0.003942075185477734 0.10858266800642014 0.030165401597817738 0.12031680345535278 0.08151941498120625 0.13456539809703827 0.09463107585906982 0.16138628125190735 0.07059302926063538 0.17731118202209473 0.06950039168198903 0.19994132220745087 0.09244580070177714 0.22089512646198273 0.12959551811218262 0.23765818774700165 0.152540922164917 0.2787276804447174 0.18750536441802979 0.31560638546943665 0.19952438275019327 0.3533232510089874 0.2060802181561788 0.3642192482948303 0.21700660387674967 0.3424272835254669 0.24541519085566202 0.31393009424209595 0.28475020329157513 0.285432904958725 0.31534407536188763 0.24603970348834991 0.3371968666712443 0.21921883523464203 0.34593796730041504 0.20077946782112122 0.32845574617385864 0.1915597915649414 0.29786185423533124 0.19742685556411743 0.25852688153584796 0.17479673027992249 0.21482133865356445 0.16306260228157043 0.208265483379364 0.1295364797115326 0.22684035698572794 0.116964191198349 0.24760047594706217 0.09684852510690689 0.2432299256324768 0.06918948888778687 0.23339617252349854 0.04823566600680351 0.23230353991190592 0.0180621687322855 0.21045076847076416 0.0021372654009610415 0.20498756567637125 0.0009765625 0.19952438275019327 0.0009765625 0.11357743541399638 0.0009765625 0.03344331681728363 0.0009765625 0.009405267735322317
0 0.13121280074119568 0.002849436365067959 0.12031680345535278 0.012683184196551641 0.11612604558467865 0.03344331681728363 0.12115494906902313 0.06294456124305725 0.1278601884841919 0.0771488646666209 0.1370798647403717 0.0826120525598526 0.1479758471250534 0.07059302926063538 0.15970999002456665 0.04655498266220093 0.1622244417667389 0.02142429103453954 0.16725336015224457 0.007219990715384483 0.1722487509250641 0.0013020833333333333 0.1513284593820572 0.0017567978550990422
1 0.20832283794879913 0.013775821775197983 0.20161761343479156 0.04327706495920817 0.20748469233512878 0.0684077541033427 0.21838067471981049 0.10227954387664795 0.23765818774700165 0.1317807932694753 0.2586120069026947 0.15144827961921692 0.28459471464157104 0.171115775903066 0.34158915281295776 0.1885979970296224 0.3767915368080139 0.1951538324356079 0.3969072103500366 0.14598509669303894 0.40780317783355713 0.10774274667104085 0.41367027163505554 0.0957237184047699 0.3751152455806732 0.09463107585906982 0.34997066855430603 0.06731511155764262 0.3223116099834442 0.03781387209892273 0.31057748198509216 0.0203316534558932 0.30471041798591614 0.003942075185477734 0.2782471179962158 0.0013020833333333333 0.2259240448474884 0.0017567978550990422 0.21828009188175201 0.0013020833333333333
1 0.3474562168121338 0.011590545376141867 0.3633810877799988 0.048740257819493614 0.37930601835250854 0.06512983640034993 0.4111558198928833 0.06950039168198903 0.4312714636325836 0.0684077541033427 0.42121362686157227 0.10665010412534077 0.406965047121048 0.14598509669303894 0.3969072103500366 0.17439369360605875 0.39020198583602905 0.18641273180643717 0.3834967613220215 0.208265483379364 0.38684937357902527 0.23230353991190592 0.3876875340938568 0.2650826970736186 0.3960690498352051 0.2869354883829753 0.412832111120224 0.2836575706799825 0.42624256014823914 0.2913060386975606 0.43881484866142273 0.29349130392074585 0.4622831344604492 0.26289743185043335 0.4731791317462921 0.23448882500330606 0.46815019845962524 0.21154340108235678 0.4765317142009735 0.18641273180643717 0.4966473877429962 0.12085439761479695 0.48491325974464417 0.07605622212092082 0.4983237087726593 0.029072764019171398 0.511734127998352 0.007219990715384483 0.5184393525123596 0.002849436365067959 0.4913334846496582 0.0013020833333333333 0.4913334846496582 0.0013020833333333333 0.4913334846496582 0.0013020833333333333 0.37008631229400635 0.0017567978550990422 0.3533232510089874 0.0017567978550990422
1 0.564537763595581 0.0050347136954466505 0.5695667266845703 0.0203316534558932 0.5930349230766296 0.030165401597817738 0.6005783081054688 0.08042677740255992 0.6005783081054688 0.11976176500320435 0.6081217527389526 0.14489245414733887 0.6332663297653198 0.16783785820007324 0.6810410022735596 0.18641273180643717 0.7103763222694397 0.18094950914382935 0.743064284324646 0.14707772930463156 0.7690470814704895 0.13833661874135336 0.7967060804367065 0.14707772930463156 0.8101165294647217 0.1580041249593099 0.8285558819770813 0.171115775903066 0.8562149405479431 0.17876424392064413 0.8243651390075684 0.12741024295488992 0.795867919921875 0.0869826078414917 0.7807812094688416 0.060759286085764565 0.7673707008361816 0.03235067923863729 0.7648562788963318 0.009405267735322317 0.7673707008361816 0.002849436365067959 0.6969659328460693 0.002849436365067959 0.6419328451156616 0.0013020833333333333 0.6419328451156616 0.0013020833333333333 0.5829771161079407 0.0017567978550990422
1 0.7782666683197021 0.0017567978550990422 0.7757522463798523 0.019239015877246857 0.7849719524383545 0.04218442738056183 0.8042494058609009 0.07277830441792806 0.8252032399177551 0.10992802182833354 0.8444808125495911 0.1503556470076243 0.860405683517456 0.16893051067988077 0.8889028429985046 0.1612820327281952 0.9106948375701904 0.16018940011660257 0.9400301575660706 0.1820421814918518 0.960145890712738 0.2060802181561788 0.9743944406509399 0.22246980667114258 0.9869667291641235 0.24869312842686972 0.9894812107086182 0.29349130392074585 1.0 0.3131587902704875 1.0 0.31643672784169513 1.0 0.23995200792948404 1.0 0.14598509669303894 1.0 0.1142985721429189 1.0 0.02360956867535909 1.0 0.003942075185477734 0.9857128858566284 0.0013020833333333333 0.8939318060874939 0.0013020833333333333 0.8444808125495911 0.0013020833333333333 0.8034113049507141 0.0013020833333333333 0.7791048288345337 0.0013020833333333333
0 0.9358394145965576 0.008312629535794258 0.9241052865982056 0.030165401597817738 0.9266197085380554 0.060759286085764565 0.9383538961410522 0.08916789293289185 0.9475736021995544 0.1132059395313263 0.9668510556221008 0.12959551811218262 0.9810997247695923 0.12741024295488992 0.991995632648468 0.10992802182833354 0.9903193116188049 0.07496358454227448 0.9844523072242737 0.04655498266220093 0.9710418581962585 0.029072764019171398 0.9618221521377563 0.015961099416017532 0.9517643451690674 0.007219990715384483
1 0.0009765625 0.26399006446202594 0.013033251278102398 0.2596195141474406 0.04572121053934097 0.24869312842686972 0.06667502969503403 0.24541519085566202 0.10690636187791824 0.2618047793706258 0.13205094635486603 0.28475020329157513 0.13037462532520294 0.3262704610824585 0.13121280074119568 0.35904963811238605 0.1421087682247162 0.3918287754058838 0.15384291112422943 0.4125889142354329 0.15551921725273132 0.4431827863057454 0.15719552338123322 0.48579569657643634 0.16557705402374268 0.5087411006291708 0.18317826092243195 0.5426129102706909 0.21251361072063446 0.5644656817118326 0.23430557548999786 0.5830405155817667 0.24101080000400543 0.5994300842285156 0.2477160394191742 0.6245607932408651 0.24352526664733887 0.6682662963867188 0.23179112374782562 0.6901191075642904 0.22089512646198273 0.6988601684570312 0.1915597915649414 0.6770074367523193 0.16641519963741302 0.6660810311635336 0.1354035586118698 0.6584325631459554 0.11193527281284332 0.6562472979227701 0.09852483123540878 0.654062032699585 0.08176177740097046 0.6081712245941162 0.06751317530870438 0.5677435795466105 0.062484260648489 0.4956294298171997 0.06332241743803024 0.44427541891733807 0.056617189198732376 0.4267932176589966 0.03566337376832962 0.41040364901224774 0.018900319933891296 0.4071257511774699 0.008004334755241871 0.4125889142354329 0.0009765625 0.4344416856765747 0.0009765625 0.4814251661300659 0.0009765625 0.47799424330393475 0.0009765625 0.47799424330393475 0.0009765625 0.39401404062906903 0.0009765625 0.3674410978953044 0.0009765625 0.2858428359031677 0.0009765625 0.27650076150894165
1 0.0009765625 0.6518767674763998 0.008004334755241871 0.648598829905192 0.03482522442936897 0.6562472979227701 0.08679069578647614 0.6584325631459554 0.11109711974859238 0.667173703511556 0.1588718444108963 0.6770074367523193 0.19742685556411743 0.6868411699930826 0.2167043685913086 0.7032308578491211 0.22089512646198273 0.728361447652181 0.21586622297763824 0.769881804784139 0.2058083862066269 0.8015682697296143 0.1789875030517578 0.8201431433359782 0.15551921725273132 0.8365327517191569 0.13791801035404205 0.8430885473887125 0.11947865039110184 0.8365327517191569 0.10774450749158859 0.8168651262919108 0.09852483123540878 0.7797154585520426 0.08762884140014648 0.7513068517049154 0.06583686918020248 0.7513068517049154 0.03482522442936897 0.7709743976593018 0.0021372654009610415 0.7928271293640137 0.0009765625 0.7993829250335693 0.0009765625 0.7611405849456787 0.0009765625 0.7479852835337321 0.0009765625 0.683563232421875
1 0.0009765625 0.8419958750406901 0.009680641815066338 0.8660339514414469 0.02057662606239319 0.9064615567525228 0.028119999915361404 0.9392406940460205 0.036501526832580566 0.9774830341339111 0.04236859828233719 0.9971505800882975 0.022361889481544495 0.9979918797810873 0.0009765625 0.9938726425170898 0.0009765625 0.9818536440531412 0.0009765625 0.9573566913604736 0.0009765625 0.8922572135925293 0.0009765625 0.8682192166646322
1 0.018900319933891296 0.817957878112793 0.043206751346588135 0.7950123945871989 0.073380246758461 0.7851787408192953 0.08679069578647614 0.7895492712656657 0.09852483123540878 0.8103093306223551 0.10774450749158859 0.8376253445943197 0.11780233681201935 0.8540149529774984 0.13959431648254395 0.8649412790934244 0.15970999002456665 0.9020910263061523 0.16473889350891113 0.9326848983764648 0.15216660499572754 0.9643714427947998 0.13624170422554016 0.9840389092763265 0.12420058995485306 0.9979918797810873 0.09014330804347992 0.9971505800882975 0.06667502969503403 0.9971505800882975 0.05075012519955635 0.9960579872131348 0.03985413908958435 0.9621860980987549 0.032310765236616135 0.9206658999125162 0.023929236456751823 0.8867940902709961 0.016385862603783607 0.8605707486470541 0.016385862603783607 0.8343474070231119
1 0.22340959310531616 0.3557717005411784 0.2552593946456909 0.3437527020772298 0.2929762899875641 0.3251778284708659 0.3239879310131073 0.29239867130915326 0.3424272835254669 0.2607121467590332 0.3608666658401489 0.2366740902264913 0.3759533762931824 0.22684035698572794 0.378467857837677 0.2596195141474406 0.3910401463508606 0.29786185423533124 0.40612688660621643 0.3087882399559021 0.41953733563423157 0.3218999107678731 0.4421674609184265 0.3415674368540446 0.4689883589744568 0.38090236981709796 0.4907803237438202 0.41040364901224774 0.5167630314826965 0.4530165195465088 0.5268208980560303 0.486888329188029 0.5310116410255432 0.5273159344991049 0.5217919945716858 0.5469834804534912 0.511734127998352 0.5579098463058472 0.48239877820014954 0.544798215230306 0.459768682718277 0.5284085671106974 0.4379766881465912 0.5021852652231852 0.41786104440689087 0.4661281903584798 0.3960690498352051 0.4278858502705892 0.3734389543533325 0.41040364901224774 0.35583773255348206 0.4093110164006551 0.34326544404029846 0.42460795243581134 0.33907467126846313 0.46285025278727215 0.3332076072692871 0.4912588993708293 0.30638670921325684 0.4923515319824219 0.2871091961860657 0.48798100153605145 0.26531723141670227 0.4541091521581014 0.2510686218738556 0.4169594844182332 0.23765818774700165 0.39401404062906903 0.23011480271816254 0.37543920675913495 0.22843851149082184 0.3666981061299642
1 0.45222529768943787 0.5939669211705526 0.47736987471580505 0.5950595537821451 0.5008381605148315 0.6289313634236654 0.5251445770263672 0.654062032699585 0.5502891540527344 0.6824706395467123 0.5670521855354309 0.6977675755818685 0.5695667266845703 0.7207130591074625 0.5553180575370789 0.7666037877400717 0.5318498611450195 0.8015682697296143 0.5033525824546814 0.8092167377471924 0.4656357169151306 0.8223284085591634 0.42875704169273376 0.8507370154062907 0.3742770850658417 0.8857014179229736 0.34075096249580383 0.8889793554941813 0.29213812947273254 0.8900719483693441 0.27202242612838745 0.8540149529774984 0.2753750681877136 0.821235736211141 0.29549071192741394 0.7971976598103842 0.331531286239624 0.769881804784139 0.3583521842956543 0.7349172433217367 0.38517308235168457 0.7119719187418619 0.4036124348640442 0.683563232421875 0.41367027163505554 0.6420429944992065 0.4329477846622467 0.6201902627944946
1 0.5184393525123596 0.6201902627944946 0.5335261225700378 0.6518767674763998 0.5494509935379028 0.6638957659403483 0.5737574696540833 0.6890265146891276 0.5854915976524353 0.7130645116170248 0.57459557056427 0.7480289141337076 0.564537763595581 0.7720670700073242 0.5980638861656189 0.7381952603658041 0.6131505966186523 0.7491215864817301 0.6299136281013489 0.7622332572937012 0.6424859166145325 0.7480289141337076 0.658410906791687 0.7097866535186768 0.6709831953048706 0.6726369063059489 0.6709831953048706 0.6496914625167847 0.6416478157043457 0.6387650966644287 0.6014164686203003 0.619097630182902 0.5620232820510864 0.6070785919825236 0.5377168655395508 0.6016154289245605 0.527658998966217 0.6048933267593384
1 0.8738161325454712 0.5885037183761597 0.9039896130561829 0.6016154289245605 0.9199145436286926 0.6103565295537313 0.9358394145965576 0.6234681606292725 0.960145890712738 0.6278387308120728 0.9936720132827759 0.619097630182902 1.0 0.6092638572057089 1.0 0.589850385983785 1.0 0.5579098463058472 0.9978627562522888 0.5513540108998617 0.9735562801361084 0.5437055428822836 0.9526024460792542 0.5426129102706909 0.9224289655685425 0.5458908478418986 0.9023132920265198 0.5600951115290324 0.8889028429985046 0.5721141497294108
1 0.7656943798065186 0.3874582052230835 0.7950297594070435 0.34593796730041504 0.8285558819770813 0.3076956073443095 0.8629201054573059 0.28475020329157513 0.8905791640281677 0.2836575706799825 0.9215908646583557 0.295676589012146 0.9442209601402283 0.3131587902704875 0.9651747345924377 0.3415674368540446 0.9752326011657715 0.37543920675913495 0.9626603126525879 0.41149628162384033 0.9559551477432251 0.4530165195465088 0.9542787671089172 0.48907363414764404 0.927457869052887 0.486888329188029 0.9123711585998535 0.49781473477681476 0.8930936455726624 0.5251306692759196 0.8721398115158081 0.5360570748647054 0.8528622984886169 0.5590024789174398 0.8402900099754333 0.5797626177469889 0.8260414004325867 0.5950595537821451 0.7925152778625488 0.5917816162109375 0.7606655359268188 0.5885037183761597 0.7564747929573059 0.5830405155817667 0.7522839903831482 0.5218527714411417 0.754798412322998 0.4595723549524943 0.7589892148971558 0.42023738225301105 0.7589892148971558 0.3961993058522542
1 0.6869080662727356 0.6628031333287557 0.7162433862686157 0.6343945662180582 0.7480932474136353 0.6092638572057089 0.7598273754119873 0.6027080615361532 0.7925152778625488 0.605985959370931 0.8268795609474182 0.6092638572057089 0.8260414004325867 0.6398577292760214 0.8285558819770813 0.6660810311635336 0.8444808125495911 0.6955823103586832 0.8520241379737854 0.7054161230723063 0.8428044319152832 0.7589553197224935 0.8319085240364075 0.7906418641408285 0.832746684551239 0.8190504709879557 0.8302321434020996 0.8343474070231119 0.8008968234062195 0.8376253445943197 0.7765904068946838 0.8398106098175049 0.73719722032547 0.8507370154062907 0.7061855792999268 0.8540149529774984 0.6927751302719116 0.8441811402638754 0.6734976172447205 0.821235736211141 0.6651160717010498 0.7436583836873373 0.6751739382743835 0.7021381060282389 0.680202841758728 0.6781001091003418
1 0.20999914407730103 0.8114020029703776 0.2586120069026947 0.8190504709879557 0.2619646191596985 0.8365327517191569 0.2711842954158783 0.8682192166646322 0.2862710654735565 0.8988130887349447 0.2946525812149048 0.9097394943237305 0.30806300044059753 0.9283142884572347 0.3206353187561035 0.9698346455891927 0.3298549950122833 0.9884094397226969 0.3257713317871094 0.9979918797810873 0.29381442070007324 0.9979918797810873 0.2602883279323578 0.9971505800882975 0.22340959310531616 0.9938726425170898 0.1731204241514206 0.9927799701690674 0.15073169767856598 0.9979918797810873 0.14713770151138306 0.9873168468475342 0.16557705402374268 0.943611224492391 0.1714441329240799 0.9195732275644938 0.1680915206670761 0.8933498859405518 0.17479673027992249 0.8660339514414469 0.17982564866542816 0.8452738126118978 0.18988348543643951 0.8310694694519043 0.19994132220745087 0.817957878112793
1 0.8352611064910889 0.6147270600001017 0.8595675230026245 0.5961521863937378 0.8654345870018005 0.5939669211705526 0.8838739991188049 0.6048933267593384 0.905665934085846 0.6114491621653239 0.9199145436286926 0.6234681606292725 0.9391920566558838 0.6322092612584432 0.970203697681427 0.6354871988296509 0.9961864352226257 0.6300239960352579 1.0 0.6207166512807211 1.0 0.6770074367523193 1.0 0.7425657908121744 1.0 0.7786228656768799 1.0 0.7895492712656657 0.9752326011657715 0.8070314725240072 0.9282960295677185 0.8365327517191569 0.8930936455726624 0.8398106098175049 0.8637582659721375 0.8299767971038818 0.8419662714004517 0.8223284085591634 0.8444808125495911 0.791734536488851 0.8570531010627747 0.7491215864817301 0.8637582659721375 0.7218056519826254 0.8629201054573059 0.6988601684570312 0.8436426520347595 0.6748221715291342 0.8360992670059204 0.6573399305343628 0.8344229459762573 0.6398577292760214
1 0.986128568649292 0.3951066732406616 1.0 0.41805211702982586 1.0 0.4781472285588582 1.0 0.5338718096415201 0.9978627562522888 0.5393350124359131 0.976070761680603 0.5262233018875122 0.9660128951072693 0.5043705701828003 0.9634984731674194 0.45520178476969403 0.9727181792259216 0.4224226474761963 0.9810997247695923 0.4038478136062622
1 0.8469952344894409 0.5830405155817667 0.8595675230026245 0.5579098463058472 0.8746542930603027 0.5469834804534912 0.8922554850578308 0.5327791372934977 0.9081804156303406 0.5163895686467489 0.9182382225990295 0.5032778978347778 0.9333249926567078 0.49781473477681476 0.9492498636245728 0.5010926326115926 0.9651747345924377 0.5142043034235636 0.9693655371665955 0.5305938720703125 0.9467354416847229 0.5273159344991049 0.92913419008255 0.5338718096415201 0.905665934085846 0.5437055428822836 0.8880647420883179 0.5579098463058472 0.8771687150001526 0.5710215171178182 0.8671108484268188 0.5797626177469889 0.8553767800331116 0.5841331481933594
1 0.7112144827842712 0.8704044818878174 0.7304919958114624 0.8660339514414469 0.7723996639251709 0.8551075458526611 0.7941916584968567 0.8518296877543131 0.8092783689498901 0.847459077835083 0.8201743960380554 0.8518296877543131 0.8411281704902649 0.8594780762990316 0.8612438440322876 0.8649412790934244 0.8780068755149841 0.8714971542358398 0.8889028429985046 0.8802382151285807 0.9039896130561829 0.8944424788157145 0.9249434471130371 0.914110024770101 0.9433828592300415 0.9304995536804199 0.9475736021995544 0.9370554288228353 0.9433828592300415 0.9676493008931478 0.927457869052887 0.9862241744995117 0.8947699666023254 0.9960579872131348 0.8562149405479431 0.9960579872131348 0.8126309514045715 0.9949652353922526 0.7899945378303528 0.9979918797810873 0.7221105098724365 0.9979918797810873 0.7087000608444214 0.9971505800882975 0.7078619003295898 0.9621860980987549 0.7078619003295898 0.9315923055013021 0.7045092582702637 0.9097394943237305 0.7045092582702637 0.8977204163869222 0.7078619003295898 0.8824235598246256
0 0.5435839295387268 0.8081240653991699 0.5519654750823975 0.7840859889984131 0.5704048275947571 0.7797154585520426 0.5796244740486145 0.7666037877400717 0.5913586020469666 0.7567700544993082 0.6030927896499634 0.754584789276123 0.615665078163147 0.7622332572937012 0.6248847842216492 0.7709743976593018 0.6131505966186523 0.8103093306223551 0.6056072115898132 0.8376253445943197 0.5972257256507874 0.8430885473887125 0.5779482126235962 0.8398106098175049 0.562861442565918 0.8354400793711344 0.5511273145675659 0.8277915318806967
1 0.958469569683075 0.9326848983764648 0.9903193116188049 0.9283142884572347 1.0 0.9381481011708578 1.0 0.9785757064819336 1.0 0.9960579872131348 0.9925215840339661 0.9979918797810873 0.9442209601402283 0.9979918797810873 0.9341631531715393 0.9979918797810873 0.9391920566558838 0.9884094397226969 0.9500880241394043 0.975297768910726 0.9509261846542358 0.9589081605275472 0.9526024460792542 0.9479818344116211
1 0.3164445757865906 0.9119247595469157 0.3549995720386505 0.90536896387736 0.3876875340938568 0.8922572135925293 0.42875704169273376 0.8649412790934244 0.45893049240112305 0.8496444225311279 0.48491325974464417 0.8387180169423422 0.5067052245140076 0.8398106098175049 0.5134104490280151 0.8452738126118978 0.5268208980560303 0.863848606745402 0.5385550260543823 0.8944424788157145 0.5494509935379028 0.9217584927876791 0.5611851811408997 0.9381481011708578 0.5687285661697388 0.9643714427947998 0.5653759241104126 0.9862241744995117 0.552803635597229 0.9938726425170898 0.5157883763313293 0.9979918797810873 0.42288994789123535 0.9979918797810873 0.3927164673805237 0.9979918797810873 0.36505740880966187 0.9979918797810873 0.34661802649497986 0.9979918797810873 0.3441035747528076 0.979668378829956 0.33069315552711487 0.9567228953043619 0.32314977049827576 0.9425186316172282 0.31728270649909973 0.9283142884572347
1 0.5368787050247192 0.8398106098175049 0.5712429881095886 0.8605707486470541 0.6005783081054688 0.8660339514414469 0.6173413395881653 0.873682419459025 0.6450004577636719 0.8955351511637369 0.6667923927307129 0.9283142884572347 0.6693068742752075 0.9709272384643555 0.674335777759552 0.9884094397226969 0.627399206161499 0.9905947049458822 0.5955494046211243 0.9938726425170898 0.5771100521087646 0.9949652353922526 0.5846534371376038 0.9742051760355631 0.5653759241104126 0.9304995536804199 0.5511273145675659 0.8955351511637369 0.5444221496582031 0.8802382151285807 0.5385550260543823 0.8649412790934244
1 0.6458386182785034 0.7786228656768799 0.6592490077018738 0.8114020029703776 0.6751739382743835 0.8441811402638754 0.690260648727417 0.8660339514414469 0.6927751302719116 0.8966277440388998 0.6894224882125854 0.9326848983764648 0.6927751302719116 0.9676493008931478 0.6936132907867432 0.9873168468475342 0.6793646812438965 0.985131581624349 0.674335777759552 0.9556303024291992 0.6726594567298889 0.9152026971181234 0.6550582051277161 0.8922572135925293 0.6374570727348328 0.8725897471110026 0.6064454317092896 0.8649412790934244 0.580462634563446 0.8551075458526611 0.6005783081054688 0.8540149529774984 0.6165032386779785 0.8430885473887125 0.6257228851318359 0.8168651262919108 0.6290755271911621 0.7982903321584066 0.6315900087356567 0.7906418641408285 0.6374570727348328 0.786271333694458
1 0.7866482138633728 0.18641273180643717 0.8268795609474182 0.176578958829244 0.8612438440322876 0.1885979970296224 0.8771687150001526 0.1951538324356079 0.9207527041435242 0.21154340108235678 0.9341631531715393 0.23230353991190592 0.9517643451690674 0.2727311650911967 0.964336633682251 0.3044176896413167 0.9693655371665955 0.3317336638768514 0.9467354416847229 0.31097350517908734 0.9249434471130371 0.28912075360616046 0.9014751315116882 0.2781943480173747 0.8721398115158081 0.2738237977027893 0.8503478169441223 0.28037963310877484 0.8252032399177551 0.2967692216237386 0.8025731444358826 0.31643672784169513 0.7941916584968567 0.3076956073443095 0.8025731444358826 0.27163853247960407 0.8084402084350586 0.2530636787414551 0.8076021075248718 0.23448882500330606 0.7916771173477173 0.21154340108235678 0.7816193699836731 0.19733911752700806
1 0.527658998966217 0.010497906555732092 0.546936571598053 0.02251693109671275 0.5653759241104126 0.049832895398139954 0.580462634563446 0.09790899356206258 0.5972257256507874 0.14379982153574625 0.6391333341598511 0.17876424392064413 0.6517056226730347 0.1951538324356079 0.611474335193634 0.21263603369394937 0.57459557056427 0.23339617252349854 0.5410694479942322 0.24650784333546957 0.5134104490280151 0.2519710461298625 0.48826587200164795 0.24650784333546957 0.4891040027141571 0.2071728507677714 0.5 0.14707772930463156 0.5108959674835205 0.09681636095046997 0.5075433850288391 0.0640371988217036 0.511734127998352 0.039999147256215416 0.5201156735420227 0.02360956867535909
1 0.44132933020591736 0.3131587902704875 0.46982648968696594 0.28475020329157513 0.49161848425865173 0.2727311650911967 0.5192775130271912 0.26836061477661133 0.5595088601112366 0.25087841351826984 0.6056072115898132 0.23339617252349854 0.6642779111862183 0.20935811599095663 0.6936132907867432 0.20170966784159342 0.7472550868988037 0.18094950914382935 0.768208920955658 0.1590967575709025 0.7941916584968567 0.16237467527389526 0.7757522463798523 0.19078328212102255 0.7723996639251709 0.2191918889681498 0.7874863743782043 0.25087841351826984 0.7799429893493652 0.2913060386975606 0.7615036368370056 0.3415674368540446 0.7480932474136353 0.37543920675913495 0.7439025044441223 0.39401404062906903 0.7413879632949829 0.44646068414052326 0.7405498027801514 0.5065558354059855 0.7380353808403015 0.5535393158594767 0.7380353808403015 0.5885037183761597 0.7221105098724365 0.619097630182902 0.6919369697570801 0.6365798314412435 0.6651160717010498 0.6311166286468506 0.6131505966186523 0.6092638572057089 0.562861442565918 0.5939669211705526 0.5326879620552063 0.587411085764567 0.5217919945716858 0.5753920475641886 0.5301734805107117 0.5480761130650839 0.5402313470840454 0.5010926326115926 0.5352024435997009 0.4617576201756795 0.4798843264579773 0.3666981061299642 0.4564160704612732 0.33282629648844403
1 0.12366940826177597 0.2552489638328552 0.1421087682247162 0.2377667228380839 0.16138628125190735 0.22684035698572794 0.1789875030517578 0.23885937531789145 0.1823401004076004 0.2661753296852112 0.18653085827827454 0.30551032225290936 0.1789875030517578 0.31862199306488037 0.1496521532535553 0.32299254337946576 0.14127062261104584 0.3306410113970439 0.14294691383838654 0.30223240454991657 0.1370798647403717 0.27600908279418945
1 0.0009765625 0.4923515319824219 0.006328029558062553 0.4694061279296875 0.007166182156652212 0.43771958351135254 0.019738472998142242 0.4169594844182332 0.040692295879125595 0.4278858502705892 0.05075012519955635 0.4562944571177165 0.04907381907105446 0.48579569657643634 0.05075012519955635 0.5163895686467489 0.054102737456560135 0.5535393158594767 0.05996980890631676 0.5764846801757812 0.06918948888778687 0.6136344273885092 0.07840916514396667 0.6354871988296509 0.07673285901546478 0.6475061972935995 0.04236859828233719 0.6387650966644287 0.019738472998142242 0.6354871988296509 0.0009765625 0.6322092612584432 0.0009765625 0.6267460982004801 0.0009765625 0.5797626177469889 0.0009765625 0.5349644422531128 0.0009765625 0.5054632027943929
1 0.1370798647403717 0.34703059991200763 0.15635737776756287 0.3382894992828369 0.17814934253692627 0.3317336638768514 0.1949124038219452 0.3382894992828369 0.21083730459213257 0.3612349033355713 0.22005698084831238 0.3863655726114909 0.23262926936149597 0.4158668518066406 0.25023049116134644 0.4573870897293091 0.2276003658771515 0.4825177987416585 0.20497022569179535 0.5131116708119711 0.1915597915649414 0.5305938720703125 0.17982564866542816 0.510926365852356 0.17060595750808716 0.48361043135325116 0.1731204241514206 0.45520178476969403 0.16557705402374268 0.41477421919504803 0.15551921725273132 0.3918287754058838 0.14378508925437927 0.37325390179951984
1 0.20329393446445465 0.5360570748647054 0.21921883523464203 0.5174822012583414 0.23765818774700165 0.48798100153605145 0.2552593946456909 0.47159143288930255 0.2661553621292114 0.47596196333567303 0.27956584095954895 0.49781473477681476 0.29213812947273254 0.5054632027943929 0.3114156424999237 0.5065558354059855 0.3273405134677887 0.5021852652231852 0.3474562168121338 0.4781472285588582 0.3566758930683136 0.44536805152893066 0.37176260352134705 0.43662695089975995 0.3910401463508606 0.4650355577468872 0.41953733563423157 0.49344416459401447 0.4379766881465912 0.5262233018875122 0.46479758620262146 0.5480761130650839 0.49329477548599243 0.5600951115290324 0.5092197060585022 0.5732067823410034 0.5142486095428467 0.5928742488225301 0.511734127998352 0.605985959370931 0.45725420117378235 0.5775773525238037 0.43713855743408203 0.5961521863937378 0.42288994789123535 0.6201902627944946 0.40780317783355713 0.6376724640528361 0.3960690498352051 0.6595252354939779 0.38852569460868835 0.6791927019755045 0.3533232510089874 0.7054161230723063 0.3332076072692871 0.7305467128753662 0.30471041798591614 0.7633258501688639 0.28459471464157104 0.7808081309000651 0.2695080041885376 0.8026609420776367 0.25023049116134644 0.8015682697296143 0.22843851149082184 0.7928271293640137 0.23262926936149597 0.7611405849456787 0.2351437360048294 0.7228983243306478 0.24520155787467957 0.6824706395467123 0.25945013761520386 0.6496914625167847 0.256935715675354 0.6114491621653239 0.24855418503284454 0.585225780804952 0.2351437360048294 0.5633730491002401 0.22173328697681427 0.5524466435114542
1 0.8754924535751343 0.8496444225311279 0.907342255115509 0.8485516707102457 0.9366775751113892 0.8441811402638754 0.9567932486534119 0.8310694694519043 0.9802615642547607 0.815772533416748 0.9970245957374573 0.8070314725240072 1.0 0.8004755973815918 1.0 0.8387180169423422 1.0 0.873682419459025 1.0 0.9042762915293375 1.0 0.9228511651357015 0.9810997247695923 0.914110024770101 0.958469569683075 0.9152026971181234 0.9324868321418762 0.90536896387736 0.9081804156303406 0.8824235598246256 0.895608127117157 0.8627560138702393 0.8847121000289917 0.8605707486470541
