1 0.9304690361022949 0.03439081211884817 0.9107736349105835 0.049709439277648926 0.898464024066925 0.0683106283346812 0.900105357170105 0.0923827588558197 0.9009259939193726 0.11973744630813599 0.9083117246627808 0.1459979514280955 0.9206213355064392 0.18976547320683798 0.9255452156066895 0.21383760372797647 0.9493438005447388 0.2225911021232605 0.9846312999725342 0.22587366898854574 1.0 0.22149691979090372 1.0 0.19523640473683676 1.0 0.15584564208984375 1.0 0.058462937672932945 1.0 0.03657918671766917 1.0 0.028919873138268787 0.9667865037918091 0.020210139453411102
1 0.1639905571937561 0.07487575213114421 0.19763682782649994 0.058462937672932945 0.2337450236082077 0.05627456307411194 0.25918489694595337 0.06612225373586018 0.2755976915359497 0.0704990029335022 0.28790730237960815 0.07925251126289368 0.293651819229126 0.11426650484402974 0.3076027035713196 0.1416212022304535 0.29201051592826843 0.15803401668866476 0.2829834818840027 0.18210615714391074 0.27395641803741455 0.20070733626683554 0.23538631200790405 0.233532985051473 0.20748451352119446 0.24775741497675577 0.18368592858314514 0.25432254870732623 0.16645248234272003 0.2532283465067546 0.16129885613918304 0.2508233388264974
1 0.6522718071937561 0.3987553119659424 0.6145223379135132 0.4151681264241536 0.6038540005683899 0.4425228039423625 0.5989301800727844 0.475348432858785 0.605495274066925 0.4917612870534261 0.6292938590049744 0.5081741015116373 0.6489892601966858 0.5202101469039917 0.6654020547866821 0.5191159645716349 0.6752497553825378 0.5114566485087076 0.6859180927276611 0.47863101959228516 0.6924832463264465 0.45346470673878986 0.684276819229126 0.42063907782236737 0.6801736354827881 0.39547276496887207 0.6612988710403442 0.3943785826365153
1 0.5734903216362 0.23134460051854452 0.5907237529754639 0.26417022943496704 0.6022127270698547 0.28277142842610675 0.6145223379135132 0.2969958583513896 0.6317557692527771 0.29918424288431805 0.6588369607925415 0.2937132914861043 0.6883800029754639 0.28386561075846356 0.7006896138191223 0.2718295454978943 0.7006896138191223 0.24885159730911255 0.6703259348869324 0.2411922812461853 0.6530924439430237 0.22806203365325928 0.6375002861022949 0.23025041818618774 0.6145223379135132 0.23462716738382974 0.5931856632232666 0.22040271759033203 0.5833379626274109 0.22587366898854574
1 0.8935402035713196 0.1481863260269165 0.9050291776657104 0.17007009188334146 0.9091323614120483 0.18976547320683798 0.9181594252586365 0.22040271759033203 0.9148768782615662 0.22915621598561606 0.900105357170105 0.237909734249115 0.8886163830757141 0.251039981842041 0.8681003451347351 0.24666323264439902 0.8500462174415588 0.237909734249115 0.8377366065979004 0.23243878285090128 0.8278889656066895 0.2269678513209025 0.8205031752586365 0.22149691979090372 0.8262476921081543 0.202895720799764 0.8426604866981506 0.17991777261098227 0.8557907342910767 0.17007009188334146 0.872203528881073 0.159128208955129
1 0.9731423854827881 0.4282983938852946 0.9501644372940063 0.4523705244064331 0.9501644372940063 0.4862903356552124 0.9534469842910767 0.5016089677810669 0.9797074794769287 0.5016089677810669 0.996120274066925 0.4895728826522827 1.0 0.466594934463501 1.0 0.45018212000528973 0.9895551800727844 0.43486352761586505
1 1.0 0.02563731124003728 1.0 0.055180380741755165 1.0 0.08144088586171468 1.0 0.09785370031992595 1.0 0.13067932923634848 1.0 0.1459979514280955 1.0 0.1733526587486267 1.0 0.18429452180862427 1.0 0.1930480400721232 1.0 0.19742478926976523 1.0 0.20180153846740723 1.0 0.1733526587486267 1.0 0.1525630752245585 1.0 0.12849094470342 1.0 0.10770138104756673 1.0 0.06393387913703918 1.0 0.03986174861590067 1.0 0.026731498539447784
1 0.650630533695221 0.7324825127919515 0.6654020547866821 0.7685906887054443 0.6621195077896118 0.7970395882924398 0.6366796493530273 0.8243943055470785 0.6145223379135132 0.8287710348765055 0.6030333638191223 0.813452402750651 0.6046746373176575 0.7773442268371582 0.6186255216598511 0.7423302332560221 0.6375002861022949 0.7324825127919515
1 0.6883800029754639 0.5858614047368368 0.7113579511642456 0.602274219195048 0.7113579511642456 0.6361940304438273 0.7097166776657104 0.6712080637613932 0.7023308873176575 0.6843382517496744 0.6645814180374146 0.6854324340820312 0.6547337174415588 0.6810557047526041 0.6547337174415588 0.6537010272343954 0.6662226915359497 0.624157985051473
1 0.5899031162261963 0.4950438340504964 0.6022127270698547 0.5005147854487101 0.6194461584091187 0.5158333778381348 0.6342177391052246 0.5245869159698486 0.6596575975418091 0.5333404143651327 0.6719672083854675 0.5344345966974894 0.6686846613883972 0.5508474111557007 0.6629401445388794 0.5574125448862711 0.6448860168457031 0.5585067272186279 0.6186255216598511 0.5617892742156982 0.5899031162261963 0.5596009095509847 0.5702077150344849 0.5388113260269165 0.566104531288147 0.5213043292363485
1 0.22061476111412048 0.3407633701960246 0.21158772706985474 0.3768715461095174 0.20502260327339172 0.3921901782353719 0.21158772706985474 0.41954489549001056 0.22225604951381683 0.4414286216100057 0.2517991065979004 0.45455888907114667 0.2616468071937561 0.46002984046936035 0.2755976915359497 0.4622182051340739 0.29775500297546387 0.42063907782236737 0.306782066822052 0.39984949429829914 0.3215535879135132 0.36045873165130615 0.3207329511642456 0.33529241879781085 0.3166297376155853 0.32653892040252686 0.29529309272766113 0.32216217120488483 0.2698532044887543 0.3188796242078145 0.25344040989875793 0.31669123967488605 0.2370275855064392 0.3298214872678121
1 0.16891440749168396 0.4950438340504964 0.18943041563034058 0.4950438340504964 0.22882118821144104 0.4709717035293579 0.2575435936450958 0.46987752119700116 0.27970090508461 0.48410197099049884 0.2895485758781433 0.5037973324457804 0.29857563972473145 0.5300578276316324 0.29857563972473145 0.5409997304280599 0.292831152677536 0.5574125448862711 0.26657065749168396 0.5792962710062662 0.2616468071937561 0.6033684015274048 0.2542610466480255 0.6350998481114706 0.24687527120113373 0.6427591641743978 0.23210373520851135 0.6372882127761841 0.20830515027046204 0.6143103043238322 0.18696850538253784 0.58476722240448 0.17630016803741455 0.5585067272186279 0.17301760613918304 0.5333404143651327 0.17219696938991547 0.5223985115687052
1 0.42003047466278076 0.7291999657948812 0.4569593071937561 0.7379534244537354 0.4774753451347351 0.7510836919148763 0.515224814414978 0.7565546830495199 0.5611807107925415 0.7707790533701578 0.5652838945388794 0.7904744942982992 0.5628219842910767 0.8178291320800781 0.5677458047866821 0.8484663963317871 0.5340995192527771 0.8791036605834961 0.5037358403205872 0.8966106573740641 0.47255146503448486 0.9075525601704916 0.44547033309936523 0.9075525601704916 0.4216717481613159 0.8933281103769938 0.4019763767719269 0.870350201924642 0.37571585178375244 0.8331477642059326 0.3658681809902191 0.7981337706247965 0.3798190951347351 0.778438409169515 0.40279701352119446 0.7510836919148763
1 0.40690022706985474 0.5048915147781372 0.43398135900497437 0.5048915147781372 0.4364432692527771 0.5223985115687052 0.44054651260375977 0.5606950918833414 0.4389052391052246 0.5782020886739095 0.4298781752586365 0.5880497694015503 0.4036176800727844 0.5880497694015503 0.3937699794769287 0.5891439517339071 0.3847429156303406 0.5814846754074097 0.38228100538253784 0.5617892742156982 0.38638418912887573 0.5409997304280599 0.390487402677536 0.523492693901062
1 0.997761607170105 0.7850035031636556 1.0 0.7773442268371582 1.0 0.788286050160726 1.0 0.7981337706247965 1.0 0.7992279529571533 1.0 0.7992279529571533 1.0 0.8057931264241537 1.0 0.8156407674153646 1.0 0.8320535818735758 1.0 0.8495605786641439 1.0 0.8539373874664307 1.0 0.8681617577870687 1.0 0.8714443842569987 1.0 0.8594082991282145 1.0 0.8429954846700033 1.0 0.8506547609965006 1.0 0.8517489433288574 1.0 0.839712937672933 0.9920170903205872 0.8200174967447916 0.9879139065742493 0.8014163176218668
1 0.8746654391288757 0.42939257621765137 0.9083117246627808 0.4272042115529378 0.9370341897010803 0.42939257621765137 0.9427786469459534 0.45127634207407635 0.943599283695221 0.46987752119700116 0.9452405571937561 0.49394965171813965 0.9394960999488831 0.5169275999069214 0.9329309463500977 0.527869462966919 0.9165181517601013 0.5530357758204142 0.898464024066925 0.5858614047368368 0.8902576565742493 0.6121218999226888 0.8771274089813232 0.624157985051473 0.8533288240432739 0.6350998481114706 0.8352746963500977 0.6537010272343954 0.8303508758544922 0.6580777963002523 0.8172206282615662 0.6580777963002523 0.7942426800727844 0.6482301155726115 0.7917807698249817 0.6361940304438273 0.7958839535713196 0.6099335352579752 0.8049110174179077 0.5858614047368368 0.8205031752586365 0.5705427726109823 0.8484049439430237 0.5388113260269165 0.8508669137954712 0.5027031501134237 0.8451223969459534 0.4775368372599284 0.8525081872940063 0.46878333886464435 0.872203528881073 0.4403344392776489
1 0.7121785879135132 0.30793774127960205 0.7113579511642456 0.33638660113016766 0.7244881987571716 0.3560820023218791 0.7384390830993652 0.3681180477142334 0.7573138475418091 0.35170523325602215 0.7753679156303406 0.33638660113016766 0.7688028216362 0.3002784252166748 0.7630583047866821 0.28824235995610553 0.748286783695221 0.2915249268213908 0.7367978096008301 0.2937132914861043
1 0.7384390830993652 0.027825685838858288 0.7195643782615662 0.05189781387646993 0.6834561824798584 0.060651312271753945 0.6629401445388794 0.06283968687057495 0.6366796493530273 0.08691181739171346 0.6112397909164429 0.11317232251167297 0.5907237529754639 0.1438095768292745 0.5816966891288757 0.17225845654805502 0.5808760523796082 0.18429452180862427 0.5808760523796082 0.2182143529256185 0.6022127270698547 0.20836665232976279 0.6309351325035095 0.21493178606033325 0.6662226915359497 0.2225911021232605 0.690021276473999 0.233532985051473 0.710537314414978 0.23572134971618652 0.7220262885093689 0.19085965553919473 0.731053352355957 0.17554102341334024 0.7573138475418091 0.167881707350413 0.7852156162261963 0.15803401668866476 0.795063316822052 0.13067932923634848 0.7999871373176575 0.11098394791285197 0.821323812007904 0.0901943842569987 0.8443017601966858 0.06612225373586018 0.8582526445388794 0.055180380741755165 0.8615351915359497 0.03657918671766917 0.8598939180374146 0.02563731124003728 0.7556725740432739 0.02235474685827891
1 0.9797074794769287 0.5191159645716349 0.9994028806686401 0.5431880950927734 1.0 0.5563183228174845 1.0 0.5836730400721232 1.0 0.597897489865621 1.0 0.6033684015274048 0.9969409108161926 0.5880497694015503 0.9805281162261963 0.571636954943339 0.9690391421318054 0.5464706420898438 0.9641153216362 0.5213043292363485 0.969859778881073 0.510362466176351
1 0.828709602355957 0.7390476067860922 0.7934220433235168 0.778438409169515 0.7860362529754639 0.7981337706247965 0.7860362529754639 0.8320535818735758 0.7909601330757141 0.8517489433288574 0.795063316822052 0.8725385665893555 0.8180412650108337 0.9031758308410645 0.8443017601966858 0.9130234718322754 0.8705622553825378 0.9130234718322754 0.8779480457305908 0.8834803899129232 0.9009259939193726 0.809075673421224 0.9042085409164429 0.778438409169515 0.8910782933235168 0.7423302332560221 0.8631765246391296 0.7335766951243082 0.8369159698486328 0.7324825127919515
1 0.24195143580436707 0.8583141167958578 0.2698532044887543 0.8473722139994303 0.28872793912887573 0.8561257521311442 0.292831152677536 0.8780094782511393 0.2854453921318054 0.8933281103769938 0.2788802683353424 0.902081569035848 0.2624674439430237 0.9075525601704916 0.2542610466480255 0.9097409248352051 0.24195143580436707 0.8889513810475668
1 0.1639905571937561 0.7368592421213785 0.2091258019208908 0.7554604212443033 0.21733221411705017 0.782815138498942 0.21404963731765747 0.8068873087565104 0.1992781162261963 0.8364303112030029 0.1853272169828415 0.8495605786641439 0.17383824288845062 0.8626908461252848 0.16481119394302368 0.8528431256612142 0.16316992044448853 0.7981337706247965
1 1.0 0.31778542200724286 1.0 0.3287273049354553 1.0 0.32763312260309857 1.0 0.31778542200724286 1.0 0.31458820899327594 1.0 0.39547276496887207 1.0 0.4239216248194377 1.0 0.4282983938852946 1.0 0.4403344392776489 1.0 0.44471120834350586 1.0 0.44471120834350586 1.0 0.4490879376729329 1.0 0.4468995730082194 0.9805281162261963 0.41845067342122394 0.9870932698249817 0.39766112963358563 1.0 0.36702386538187665 1.0 0.3462342818578084
1 0.9074910879135132 0.6208753983179728 0.9411373734474182 0.597897489865621 0.9632946848869324 0.5880497694015503 0.9805281162261963 0.5924265384674072 1.0 0.6164986689885458 1.0 0.6361940304438273 1.0 0.6438533465067545 1.0 0.6537010272343954 1.0 0.6701138019561768 1.0 0.6876207987467448 1.0 0.7062219778696696 1.0 0.7598372300465902 1.0 0.7740616798400879 1.0 0.7850035031636556 1.0 0.7850035031636556 1.0 0.778438409169515 1.0 0.7718732357025146 0.9895551800727844 0.778438409169515 0.9731423854827881 0.795945405960083 0.9682185053825378 0.8003221352895101 0.9526263475418091 0.8014163176218668 0.9255452156066895 0.7915686766306559 0.9115943312644958 0.7850035031636556 0.9017466306686401 0.7467069625854492 0.8976433873176575 0.7193522453308105 0.9017466306686401 0.6854324340820312 0.9042085409164429 0.6361940304438273
1 0.656374990940094 0.7127871513366699 0.6777116656303406 0.7007510662078857 0.7088960409164429 0.6930917898813883 0.7220262885093689 0.7051277955373129 0.7228469252586365 0.7335766951243082 0.7171024680137634 0.752177874247233 0.6916625499725342 0.7642139593760172 0.6703259348869324 0.7674965063730875 0.663760781288147 0.7445185979207357 0.6604782342910767 0.734670877456665 0.6580162644386292 0.7237290541330973
1 0.8557907342910767 0.33638660113016766 0.885333776473999 0.3549878199895223 0.8845131397247314 0.3932843605677287 0.8763067722320557 0.4129797617594401 0.8475843071937561 0.4556530714035034 0.8360953330993652 0.4797252019246419 0.8180412650108337 0.475348432858785 0.7983458638191223 0.4644065697987874 0.7917807698249817 0.45455888907114667 0.7934220433235168 0.42939257621765137 0.8065522909164429 0.38453086217244464 0.8139380812644958 0.3593645493189494 0.8401985764503479 0.3429517348607381
1 0.515224814414978 0.242286483446757 0.5537949204444885 0.2368155320485433 0.5603600144386292 0.237909734249115 0.5956475734710693 0.29261910915374756 0.6063159108161926 0.3123144904772441 0.5948269367218018 0.33310405413309735 0.5743109583854675 0.3429517348607381 0.5537949204444885 0.34842268625895184 0.5275344252586365 0.3429517348607381
1 0.3322219252586365 0.03001406043767929 0.3108852505683899 0.08910019199053447 0.3100646138191223 0.1164548893769582 0.3240154981613159 0.14052700996398926 0.3584824204444885 0.1744468410809835 0.4110034108161926 0.17991777261098227 0.4430084228515625 0.17007009188334146 0.4782959818840027 0.16022239128748575 0.5094802975654602 0.13286770383516947 0.5012739300727844 0.09675950805346172 0.49060559272766113 0.037673374017079674 0.4875238537788391 0.020210139453411102 0.4085415005683899 0.021260559558868408 0.36757510900497437 0.020210139453411102 0.3412489593029022 0.020210139453411102
1 0.3043201267719269 0.15475144982337952 0.29529309272766113 0.18757708867390951 0.29201051592826843 0.20946085453033447 0.30185818672180176 0.24885159730911255 0.3076027035713196 0.2805830438931783 0.32319486141204834 0.31669123967488605 0.3420695960521698 0.3210679888725281 0.363406240940094 0.259793480237325 0.38228100538253784 0.21274340152740479 0.38146036863327026 0.1919538378715515 0.3494553565979004 0.18210615714391074 0.3289393484592438 0.163504958152771 0.3166297376155853 0.14928051829338074
1 0.40279701352119446 0.2608876625696818 0.4372639060020447 0.24009809891382852 0.47255146503448486 0.22368528445561728 0.5012739300727844 0.2368155320485433 0.5103009343147278 0.2619818647702535 0.5135835409164429 0.3101261059443156 0.5168660879135132 0.3462342818578084 0.4881436824798584 0.33857496579488117 0.4561386704444885 0.3309156696001689 0.44054651260375977 0.3210679888725281 0.43480199575424194 0.3188796242078145 0.42003047466278076 0.3145028551419576 0.4077208638191223 0.28605397542317706
1 0.47255146503448486 0.4523705244064331 0.5037358403205872 0.39766112963358563 0.5332788825035095 0.3735889991124471 0.5628219842910767 0.3626471360524495 0.5989301800727844 0.3593645493189494 0.6169842481613159 0.38124831517537433 0.6227287650108337 0.39547276496887207 0.5915443897247314 0.4228274424870809 0.5899031162261963 0.4468995730082194 0.5882618427276611 0.47206588586171466 0.5726696252822876 0.4928554693857829 0.5570774674415588 0.505985697110494 0.5176867246627808 0.49723219871520996 0.4914262294769287 0.47206588586171466
1 0.46516573429107666 0.4742542505264282 0.5324582457542419 0.514739195505778 0.5521536469459534 0.5300578276316324 0.5800554156303406 0.5596009095509847 0.6071365475654602 0.5705427726109823 0.6457066535949707 0.5694485902786255 0.6686846613883972 0.571636954943339 0.6711465716362 0.5869555870691935 0.6596575975418091 0.6088393529256185 0.6424241065979004 0.6307231187820435 0.6095985174179077 0.6350998481114706 0.5751315951347351 0.6350998481114706 0.5496917366981506 0.6350998481114706 0.5168660879135132 0.632911483446757 0.47993725538253784 0.6208753983179728 0.4462909698486328 0.5989916721979777 0.4462909698486328 0.5913323561350504 0.4495735168457031 0.5661660432815552 0.4471116065979004 0.5267752806345621 0.44136714935302734 0.5005147854487101 0.44136714935302734 0.4775368372599284
1 0.3658681809902191 0.3681180477142334 0.4011557400226593 0.4151681264241536 0.42085111141204834 0.4370518922805786 0.4331607222557068 0.46002984046936035 0.4216717481613159 0.4742542505264282 0.40936213731765747 0.48410197099049884 0.3986937999725342 0.4961380163828532 0.3880254626274109 0.5136450131734213 0.3798190951347351 0.5180217822392782 0.3593030571937561 0.5158333778381348 0.34781408309936523 0.4994205633799235 0.3322219252586365 0.4611240228017171 0.3314012885093689 0.4282983938852946 0.3461728096008301 0.4031320810317993 0.35684114694595337 0.38671926657358807
1 0.2271798849105835 0.7554604212443033 0.2542610466480255 0.747801144917806 0.29775500297546387 0.7281057834625244 0.32975998520851135 0.7095046043395996 0.3486347198486328 0.6832440694173177 0.3593030571937561 0.659171978632609 0.36750948429107666 0.6361940304438273 0.3847429156303406 0.6208753983179728 0.3945906162261963 0.611027717590332 0.41674792766571045 0.6011800368626913 0.4257749319076538 0.6099335352579752 0.4257749319076538 0.6471359332402548 0.417568564414978 0.6799615224202474 0.41346532106399536 0.7084104220072428 0.40607959032058716 0.7335766951243082 0.38638418912887573 0.7565546830495199 0.36504754424095154 0.7751558621724447 0.3445315361022949 0.788286050160726 0.31580910086631775 0.795945405960083 0.29775500297546387 0.8079814910888672 0.28872793912887573 0.8276768525441488 0.28134217858314514 0.839712937672933 0.2690325677394867 0.84408966700236 0.25261974334716797 0.8451838493347168 0.22800053656101227 0.8506547609965006 0.21815285086631775 0.8528431256612142 0.21487028896808624 0.8408071200052897 0.21897348761558533 0.8145465850830078 0.22635924816131592 0.788286050160726 0.23128309845924377 0.7664023240407308
1 0.35766178369522095 0.536622961362203 0.37489521503448486 0.5420939127604166 0.37571585178375244 0.5825788577397665 0.3847429156303406 0.6011800368626913 0.38228100538253784 0.611027717590332 0.3691507577896118 0.6175928513209025 0.36176496744155884 0.615404486656189 0.35355857014656067 0.5946149031321207 0.34699344635009766 0.5782020886739095 0.3420695960521698 0.5650718609491984 0.3461728096008301 0.5519415934880575
1 0.6005714535713196 0.9119292894999186 0.6227287650108337 0.8648792107899984 0.6325764060020447 0.8408071200052897 0.650630533695221 0.826582670211792 0.6654020547866821 0.8079814910888672 0.6809942722320557 0.782815138498942 0.697407066822052 0.7773442268371582 0.7171024680137634 0.7718732357025146 0.7367978096008301 0.765308141708374 0.7630583047866821 0.7565546830495199 0.7852156162261963 0.7532720565795898 0.7901394963264465 0.7532720565795898 0.7827537059783936 0.7696848710378011 0.7761885523796082 0.782815138498942 0.7778298854827881 0.795945405960083 0.7786505222320557 0.8254884878794352 0.7811124324798584 0.8605024814605713 0.7679821848869324 0.8736327489217123 0.7359771728515625 0.88785719871521 0.7113579511642456 0.9130234718322754 0.6908419132232666 0.9163060188293457 0.6350383758544922 0.9174002011617025 0.6112397909164429 0.9184943834940592
1 0.49388813972473145 0.024543121457099915 0.5127629041671753 0.12520838777224222 0.5685664415359497 0.15037470062573752 0.6227287650108337 0.08910019199053447 0.6038540005683899 0.04205012321472168 0.5964682102203369 0.02235474685827891 0.5755583047866821 0.020210139453411102
1 0.6112397909164429 0.028919873138268787 0.6457066535949707 0.02344893415768941 0.6654020547866821 0.048615251978238426 0.6489892601966858 0.05627456307411194 0.6350383758544922 0.07159319519996643 0.6284732222557068 0.06940482060114543 0.6178048849105835 0.05189781387646993
1 0.6725336313247681 0.023574814200401306 0.6596575975418091 0.02563731124003728 0.6801736354827881 0.04533269008000692 0.6906821727752686 0.05007739861806234 0.7015102505683899 0.04533269008000692 0.7294120788574219 0.02344893415768941 0.701052725315094 0.020210139453411102 0.6872252821922302 0.020210139453411102
1 0.3978731632232666 0.19742478926976523 0.4389052391052246 0.18210615714391074 0.4922468662261963 0.15803401668866476 0.5053771138191223 0.14928051829338074 0.5176867246627808 0.1459979514280955 0.528355062007904 0.14928051829338074 0.5472297668457031 0.15475144982337952 0.5595393776893616 0.15803401668866476 0.5693870782852173 0.163504958152771 0.5677458047866821 0.1788235902786255 0.5578981041908264 0.18757708867390951 0.5447678565979004 0.19851897160212198 0.5308169722557068 0.21274340152740479 0.5127629041671753 0.23025041818618774 0.4774753451347351 0.22149691979090372 0.4569593071937561 0.21930853525797525 0.4389052391052246 0.22915621598561606 0.4142860174179077 0.2411922812461853 0.38966676592826843 0.2619818647702535 0.38146036863327026 0.25541673103968304 0.37735715508461 0.251039981842041 0.390487402677536 0.2225911021232605
1 0.36833012104034424 0.2696411609649658 0.39212870597839355 0.27948886156082153 0.40690022706985474 0.30246678988138836 0.41346532106399536 0.31778542200724286 0.4192098379135132 0.3254447380701701 0.40936213731765747 0.3396691878636678 0.3937699794769287 0.3538936376571655 0.3847429156303406 0.36045873165130615 0.3658681809902191 0.34732850392659503 0.35109663009643555 0.3341982364654541 0.34781408309936523 0.3254447380701701 0.36176496744155884 0.294807493686676
1 0.900105357170105 0.259793480237325 0.9271864891052246 0.23572134971618652 0.9632946848869324 0.251039981842041 0.9821693897247314 0.2630760471026103 0.9723216891288757 0.2915249268213908 0.9427786469459534 0.31778542200724286 0.918980062007904 0.29918424288431805 0.9050291776657104 0.27401791016260785
1 0.8607145547866821 0.26854697863260907 0.8541494607925415 0.29809004068374634 0.8615351915359497 0.31778542200724286 0.8787686824798584 0.3374807834625244 0.892719566822052 0.3462342818578084 0.9091323614120483 0.32653892040252686 0.9181594252586365 0.31340867280960083 0.9042085409164429 0.290430744489034 0.8918989300727844 0.26745279630025226 0.8861544132232666 0.25760509570439655 0.872203528881073 0.25760509570439655 0.8681003451347351 0.2630760471026103
1 0.7097166776657104 0.25213416417439777 0.7417216897010803 0.23462716738382974 0.7679821848869324 0.23243878285090128 0.7704440951347351 0.24556905031204224 0.7646995782852173 0.26854697863260907 0.7499280571937561 0.27948886156082153 0.7253088355064392 0.2871481776237488 0.7129992246627808 0.290430744489034 0.7064341306686401 0.2805830438931783 0.7056134939193726 0.2696411609649658
1 1.0 0.5114566485087076 1.0 0.5814846754074097 1.0 0.6164986689885458 1.0 0.6405707995096842 1.0 0.6405707995096842 1.0 0.6285347143809 1.0 0.5894507169723511 1.0 0.5158333778381348 1.0 0.5223985115687052 1.0 0.5158333778381348
1 1.0 0.6668312549591064 1.0 0.6208753983179728 1.0 0.7664023240407308 1.0 0.7587430477142334 1.0 0.7084104220072428 1.0 0.6777731577555338
1 0.30185818672180176 0.8178291320800781 0.3314012885093689 0.809075673421224 0.3584824204444885 0.7992279529571533 0.3601236939430237 0.8276768525441488 0.36176496744155884 0.857219934463501 0.3584824204444885 0.8758211135864258 0.35027599334716797 0.8911397457122803 0.3289393484592438 0.9031758308410645 0.3108852505683899 0.9086467425028483 0.3059614300727844 0.902081569035848 0.3043201267719269 0.8845745722452799 0.3043201267719269 0.8626908461252848 0.3010375499725342 0.8375244935353597
1 0.8336334228515625 0.6777731577555338 0.8631765246391296 0.6394766171773275 0.8910782933235168 0.6296288967132568 0.8902576565742493 0.7248232364654541 0.8566113710403442 0.7182580629984537 0.8311715126037598 0.7193522453308105 0.8319921493530273 0.6974685192108154
1 0.6801736354827881 0.38234249750773114 0.7056134939193726 0.3593645493189494 0.7335152626037598 0.3746831814448039 0.7409010529518127 0.4075088103612264 0.7425423264503479 0.4304867585500081 0.7138198614120483 0.4458053906758626 0.703151524066925 0.4468995730082194 0.6941245198249817 0.43486352761586505 0.6933038830757141 0.4140739440917969 0.6867387294769287 0.3943785826365153
1 0.8894370198249817 0.4151681264241536 0.9009259939193726 0.34842268625895184 0.9165181517601013 0.33638660113016766 0.9329309463500977 0.3243505557378133 0.9575501680374146 0.3254447380701701 0.9682185053825378 0.3101261059443156 0.9887345433235168 0.2849597930908203 0.997761607170105 0.25432254870732623 1.0 0.23462716738382974 1.0 0.20398990313212076 1.0 0.19523640473683676 1.0 0.21274340152740479 1.0 0.2368155320485433 1.0 0.24994579950968424 1.0 0.2663586139678955 1.0 0.2783946792284648 1.0 0.28933654228846234 1.0 0.30465517441431683 1.0 0.3309156696001689 0.9994028806686401 0.3440459171930949 0.9895551800727844 0.36045873165130615 0.9756042957305908 0.3900018135706584 0.969859778881073 0.4053204456965129 0.9583708047866821 0.4217332601547241 0.9509850740432739 0.42939257621765137 0.9386754631996155 0.4151681264241536 0.9206213355064392 0.4151681264241536 0.9050291776657104 0.41626230875651044 0.900105357170105 0.41626230875651044
1 0.16316992044448853 0.4392402569452922 0.20174002647399902 0.4272042115529378 0.2091258019208908 0.4490879376729329 0.20748451352119446 0.47316006819407147 0.17547953128814697 0.48738451798756915 0.16481119394302368 0.47206588586171466
1 0.16316992044448853 0.3582703669865926 0.19353362917900085 0.36921223004659015 0.1959955394268036 0.3943785826365153 0.19845746457576752 0.40969717502593994 0.17876209318637848 0.41845067342122394 0.16563184559345245 0.4217332601547241
1 0.8951814770698547 0.84408966700236 0.943599283695221 0.8353361288706461 0.9477024674415588 0.8539373874664307 0.9427786469459534 0.8791036605834961 0.9198006987571716 0.8791036605834961 0.898464024066925 0.8769152959187826 0.8902576565742493 0.8681617577870687
1 0.9608327746391296 0.8539373874664307 1.0 0.8659733931223551 1.0 0.8812920252482096 1.0 0.9042700131734213 0.9444199204444885 0.9097409248352051 0.9518057107925415 0.8812920252482096
1 1.0 0.870350201924642 1.0 0.8626908461252848 1.0 0.8845745722452799 1.0 0.88785719871521 1.0 0.8933281103769938 1.0 0.8922339280446371 1.0 0.9108351071675619 1.0 0.9217770099639893 1.0 0.9206828276316324 1.0 0.9228711922963461 1.0 0.9184943834940592 1.0 0.9130234718322754 1.0 0.88785719871521
1 0.7039721608161926 0.457841436068217 0.7367978096008301 0.4490879376729329 0.7630583047866821 0.4468995730082194 0.7729060053825378 0.466594934463501 0.7852156162261963 0.4994205633799235 0.787677526473999 0.536622961362203 0.7835743427276611 0.5486590067545573 0.7646995782852173 0.5574125448862711 0.7491074204444885 0.5497532288233439 0.7359771728515625 0.5136450131734213 0.7171024680137634 0.48519615332285565
1 0.7712647318840027 0.1832003394762675 0.7975252270698547 0.1525630752245585 0.8106554746627808 0.10879557331403096 0.8246063590049744 0.08910019199053447 0.8492255806922913 0.07596994439760844 0.8713828921318054 0.07925251126289368 0.8861544132232666 0.08144088586171468 0.8886163830757141 0.10551300644874573 0.8894370198249817 0.13177351156870523 0.8836925029754639 0.1416212022304535 0.8598939180374146 0.15693982442220053 0.8278889656066895 0.18538870414098105 0.8163999915122986 0.19961315393447876 0.8090142011642456 0.21930853525797525 0.7860362529754639 0.22587366898854574 0.7770091891288757 0.22587366898854574 0.7441835999488831 0.22368528445561728 0.7212056517601013 0.23243878285090128 0.7285914421081543 0.1963305870691935 0.7458248734474182 0.1832003394762675 0.7589551210403442 0.18429452180862427
1 0.8738448023796082 0.04752106467882792 0.8960021138191223 0.05189781387646993 0.9156975150108337 0.024543121457099915 0.8812305927276611 0.02563731124003728
1 0.8525081872940063 0.07378156979878743 0.8877957463264465 0.07378156979878743 0.8877957463264465 0.05955712993939718 0.8713828921318054 0.05627456307411194 0.859073281288147 0.06502807140350342
1 0.7679821848869324 0.2783946792284648 0.7852156162261963 0.23900391658147177 0.821323812007904 0.23134460051854452 0.8311715126037598 0.242286483446757 0.8393779397010803 0.2608876625696818 0.8426604866981506 0.2816772262255351 0.8492255806922913 0.3090319236119588 0.8533288240432739 0.3254447380701701 0.828709602355957 0.34185755252838135 0.8073729276657104 0.35170523325602215 0.7991665005683899 0.36702386538187665 0.7967045903205872 0.38671926657358807 0.7852156162261963 0.42939257621765137 0.7720853686332703 0.43814607461293537 0.7523899674415588 0.4326751232147217 0.748286783695221 0.3932843605677287 0.748286783695221 0.37249481678009033 0.7696234583854675 0.3593645493189494 0.7802917957305908 0.34185755252838135 0.7811124324798584 0.32325637340545654 0.774547278881073 0.3002784252166748
1 0.7843949794769287 0.4436170260111491 0.7934220433235168 0.4676891565322876 0.8114761114120483 0.4862903356552124 0.8295302391052246 0.4862903356552124 0.8401985764503479 0.49723219871520996 0.8393779397010803 0.5180217822392782 0.8303508758544922 0.5388113260269165 0.8205031752586365 0.5585067272186279 0.8098348379135132 0.5650718609491984 0.7958839535713196 0.5574125448862711 0.7942426800727844 0.5399055083592733 0.7958839535713196 0.5092682838439941 0.7884981632232666 0.47863101959228516 0.7753679156303406 0.45346470673878986
1 0.697407066822052 0.4676891565322876 0.717923104763031 0.5016089677810669 0.731053352355957 0.523492693901062 0.7392597198486328 0.5464706420898438 0.7433629631996155 0.5606950918833414 0.7269501090049744 0.5760137240091959 0.7088960409164429 0.5880497694015503 0.6875593662261963 0.5760137240091959 0.6785323023796082 0.5639776388804117 0.6785323023796082 0.5420939127604166 0.6809942722320557 0.514739195505778 0.6908419132232666 0.4928554693857829
1 0.7203850150108337 0.5924265384674072 0.7425423264503479 0.580390453338623 0.7597757577896118 0.5683544079462687 0.781933069229126 0.5661660432815552 0.7926014065742493 0.5694485902786255 0.7967045903205872 0.5880497694015503 0.7884981632232666 0.6099335352579752 0.7868568897247314 0.6263463497161865 0.7909601330757141 0.6482301155726115 0.802449107170105 0.659171978632609 0.8163999915122986 0.67230224609375 0.8188619017601013 0.6909033457438151 0.8188619017601013 0.7193522453308105 0.8090142011642456 0.7291999657948812 0.7843949794769287 0.7368592421213785 0.7597757577896118 0.7456127802530924 0.7318739891052246 0.752177874247233 0.7343358993530273 0.7105987866719564 0.7203850150108337 0.6865266164143881 0.7212056517601013 0.6263463497161865 0.717923104763031 0.611027717590332
1 0.545588493347168 0.6482301155726115 0.566104531288147 0.6438533465067545 0.6079571843147278 0.6504184802373251 0.6333970427513123 0.641664981842041 0.6448860168457031 0.6405707995096842 0.6407828330993652 0.6712080637613932 0.6530924439430237 0.6941859722137451 0.6457066535949707 0.7084104220072428 0.6342177391052246 0.721540609995524 0.6153429746627808 0.7324825127919515 0.5956475734710693 0.7434244155883789 0.5841585993766785 0.7335766951243082 0.5710283517837524 0.7095046043395996 0.5570774674415588 0.6744906107584635
1 0.5751315951347351 0.8167349497477213 0.6046746373176575 0.8309593995412191 0.6145223379135132 0.8419013023376465 0.6038540005683899 0.8692559401194254 0.5940062999725342 0.8922339280446371 0.5841585993766785 0.9097409248352051 0.5644632577896118 0.9119292894999186 0.5702077150344849 0.8911397457122803 0.57184898853302 0.8758211135864258 0.5767728686332703 0.8495605786641439
1 0.4356226325035095 0.6077451705932617 0.47665470838546753 0.6318173011144003 0.502094566822052 0.641664981842041 0.5193279981613159 0.6712080637613932 0.5382027626037598 0.6941859722137451 0.5513330101966858 0.7335766951243082 0.5537949204444885 0.7510836919148763 0.5316376090049744 0.7543662389119467 0.5029152035713196 0.7467069625854492 0.47255146503448486 0.7357650597890218 0.4372639060020447 0.7237290541330973 0.4233130216598511 0.7127871513366699 0.43480199575424194 0.6733964284261068 0.4323400855064392 0.632911483446757
1 0.5234311819076538 0.659171978632609 0.5431265830993652 0.6712080637613932 0.5578981041908264 0.6985627015431722 0.5710283517837524 0.7281057834625244 0.5882618427276611 0.7499895095825195 0.6013920903205872 0.7609314123789469 0.6005714535713196 0.7850035031636556 0.5964682102203369 0.8057931264241537 0.5841585993766785 0.8068873087565104 0.5767728686332703 0.7948512236277262 0.5693870782852173 0.7609314123789469 0.5595393776893616 0.7390476067860922 0.5521536469459534 0.7062219778696696 0.5447678565979004 0.6941859722137451 0.5267137885093689 0.6733964284261068
1 0.8992846608161926 0.6077451705932617 0.9222626090049744 0.5596009095509847 0.9394960999488831 0.5355287790298462 0.9526263475418091 0.5169275999069214 0.9632946848869324 0.5497532288233439 0.9715010523796082 0.5727311372756958 0.9501644372940063 0.5836730400721232 0.9353928565979004 0.5924265384674072 0.9165181517601013 0.6077451705932617
1 0.9879139065742493 0.510362466176351 1.0 0.4709717035293579 1.0 0.46002984046936035 1.0 0.4556530714035034 1.0 0.45127634207407635 1.0 0.4490879376729329 1.0 0.457841436068217 1.0 0.48410197099049884 1.0 0.5223985115687052 1.0 0.5486590067545573 1.0 0.5519415934880575 1.0 0.5388113260269165 1.0 0.5322461922963461
1 1.0 0.457841436068217 1.0 0.4764426549275716 1.0 0.49066706498463947 1.0 0.4490879376729329 1.0 0.43814607461293537 1.0 0.4403344392776489 1.0 0.4458053906758626
1 1.0 0.5037973324457804 1.0 0.510362466176351 1.0 0.510362466176351 1.0 0.5081741015116373 1.0 0.49723219871520996 1.0 0.49066706498463947 1.0 0.48191356658935547 1.0 0.4709717035293579 1.0 0.47316006819407147 1.0 0.49066706498463947
1 0.16316992044448853 0.2630760471026103 0.18368592858314514 0.26417022943496704 0.19681619107723236 0.2718295454978943 0.20502260327339172 0.3057493567466736 0.2197941243648529 0.32325637340545654 0.2132290005683899 0.34185755252838135 0.21076707541942596 0.35717618465423584 0.20091938972473145 0.36045873165130615 0.18943041563034058 0.3549878199895223 0.1672731190919876 0.3462342818578084 0.16152863204479218 0.34514009952545166 0.16645248234272003 0.294807493686676
1 0.20091938972473145 0.259793480237325 0.21569092571735382 0.2565109133720398 0.2230767011642456 0.25760509570439655 0.2378482222557068 0.2805830438931783 0.24523398280143738 0.294807493686676 0.24687527120113373 0.31122030814488727 0.22964182496070862 0.3188796242078145 0.2165115624666214 0.3068435589472453 0.20748451352119446 0.2915249268213908
1 0.22882118821144104 0.24447484811147055 0.25344040989875793 0.233532985051473 0.27067387104034424 0.22149691979090372 0.2829834818840027 0.211649219195048 0.29201051592826843 0.2608876625696818 0.3002169132232666 0.2783946792284648 0.3141677975654602 0.3101261059443156 0.31498846411705017 0.31669123967488605 0.28462475538253784 0.3090319236119588 0.26410871744155884 0.3068435589472453 0.2542610466480255 0.3068435589472453 0.25015783309936523 0.2849597930908203 0.23866885900497437 0.2630760471026103 0.23292437195777893 0.25541673103968304
1 0.390487402677536 0.37249481678009033 0.4011557400226593 0.36045873165130615 0.4126446843147278 0.3648355007171631 0.42085111141204834 0.36592968304951984 0.4430084228515625 0.3527994155883789 0.4635244607925415 0.3440459171930949 0.4750133752822876 0.3440459171930949 0.4955294132232666 0.35061105092366535 0.5061977505683899 0.3560820023218791 0.5037358403205872 0.36702386538187665 0.49388813972473145 0.3834366798400879 0.48321980237960815 0.3965669473012288 0.4750133752822876 0.41079139709472656 0.45203548669815063 0.4315809408823649 0.4356226325035095 0.43486352761586505 0.417568564414978 0.4217332601547241 0.4019763767719269 0.39984949429829914 0.3872048258781433 0.3834366798400879
1 0.4085415005683899 0.3538936376571655 0.4257749319076538 0.33310405413309735 0.44464969635009766 0.33200987180074054 0.45449739694595337 0.3407633701960246 0.4331607222557068 0.34732850392659503 0.4183892011642456 0.3549878199895223
1 0.3322219252586365 0.33529241879781085 0.3551998734474182 0.3538936376571655 0.3593030571937561 0.3593645493189494 0.3445315361022949 0.38453086217244464 0.32975998520851135 0.4140739440917969 0.3272980749607086 0.45018212000528973 0.3420695960521698 0.5048915147781372 0.3346838355064392 0.5081741015116373 0.31498846411705017 0.5180217822392782 0.31252652406692505 0.5322461922963461 0.3076027035713196 0.5245869159698486 0.29447245597839355 0.4808193842569987 0.2854453921318054 0.466594934463501 0.293651819229126 0.4458053906758626 0.30185818672180176 0.4272042115529378 0.31909167766571045 0.3932843605677287 0.3240154981613159 0.3735889991124471 0.3305806517601013 0.35170523325602215
1 0.3207329511642456 0.5245869159698486 0.3322219252586365 0.5223985115687052 0.33960768580436707 0.5180217822392782 0.3461728096008301 0.5245869159698486 0.3420695960521698 0.5388113260269165 0.33714574575424194 0.5453764597574869 0.32647740840911865 0.5453764597574869
1 0.25918489694595337 0.6493242979049683 0.2870866656303406 0.6602661609649658 0.3010375499725342 0.6558894316355387 0.3108852505683899 0.6438533465067545 0.31827104091644287 0.6219696203867594 0.3240154981613159 0.5760137240091959 0.3207329511642456 0.5530357758204142 0.31498846411705017 0.5420939127604166 0.3043201267719269 0.5574125448862711 0.2895485758781433 0.5694485902786255 0.27970090508461 0.5825788577397665 0.273135781288147 0.5968032677968343 0.26739129424095154 0.6208753983179728
1 0.16152863204479218 0.4983263810475667 0.17547953128814697 0.5792962710062662 0.1853272169828415 0.6000858545303345 0.19681619107723236 0.6132160822550455 0.1959955394268036 0.6307231187820435 0.20009875297546387 0.6602661609649658 0.20502260327339172 0.6810557047526041 0.21240836381912231 0.6930917898813883 0.23456566035747528 0.7084104220072428 0.24523398280143738 0.7149755160013834 0.24031014740467072 0.7248232364654541 0.23210373520851135 0.7324825127919515 0.2230767011642456 0.7412360509236654 0.20174002647399902 0.7445185979207357 0.18614785373210907 0.7368592421213785 0.17383824288845062 0.7281057834625244 0.16129885613918304 0.7205821673075358 0.16129885613918304 0.6263463497161865 0.16129885613918304 0.5749195416768392 0.16129885613918304 0.527869462966919
1 0.2058432400226593 0.6230638027191162 0.22061476111412048 0.6438533465067545 0.22800053656101227 0.6646429300308228 0.24195143580436707 0.6832440694173177 0.2517991065979004 0.6985627015431722 0.2476959228515625 0.7051277955373129 0.23866885900497437 0.6996568838755289 0.2165115624666214 0.6854324340820312 0.2058432400226593 0.6646429300308228 0.20420195162296295 0.6438533465067545
1 0.23620694875717163 0.6526068449020386 0.25590232014656067 0.6569836139678955 0.273135781288147 0.6701138019561768 0.2961137294769287 0.6821498870849609 0.3002169132232666 0.6909033457438151 0.28052154183387756 0.6963743368784586 0.2583642601966858 0.6974685192108154 0.24851655960083008 0.6755847930908203
1 0.3043201267719269 0.6679254372914633 0.3256567716598511 0.6383824348449707 0.32975998520851135 0.624157985051473 0.34781408309936523 0.624157985051473 0.3584824204444885 0.6263463497161865 0.35109663009643555 0.6537010272343954 0.34289026260375977 0.6766789754231771 0.32647740840911865 0.6909033457438151 0.31170588731765747 0.6930917898813883
1 0.3322219252586365 0.5749195416768392 0.34422123432159424 0.5914178291956583 0.35398370027542114 0.6114902098973592 0.33714574575424194 0.6143103043238322 0.3305806517601013 0.6121218999226888 0.33201420307159424 0.5995558500289917 0.3322219252586365 0.5880497694015503
1 0.3716020882129669 0.846402088801066 0.385193407535553 0.8645238876342773 0.3977779746055603 0.8779474099477133 0.40885239839553833 0.8913710117340088 0.41388624906539917 0.8980827331542969 0.4023084342479706 0.9034521579742432 0.390730619430542 0.9041233062744141 0.3721054792404175 0.894726832707723 0.36405134201049805 0.8920421600341797 0.3675750494003296 0.8799609343210856 0.3705953359603882 0.8638527393341064
1 0.718578040599823 0.9166444142659506 0.7642761468887329 0.914975086847941 0.7974542379379272 0.914975086847941 0.816234290599823 0.9166444142659506 0.8018362522125244 0.8999510606129965 0.78994220495224 0.8865963617960612 0.7786741852760315 0.8815883000691732 0.7561380863189697 0.8899350166320801 0.742992103099823 0.8982816537221273 0.7342280745506287 0.9082976977030436 0.7267160415649414 0.9133057594299316
1 0.6146617531776428 0.31067488590876263 0.6378238201141357 0.312344233194987 0.6578558683395386 0.30566688378651935 0.6835219264030457 0.2981548508008321 0.6979199647903442 0.29565085967381793 0.7035539746284485 0.312344233194987 0.7048059701919556 0.3365495999654134 0.7016759514808655 0.3474003076553345 0.6866519451141357 0.3607550064722697 0.6741319298744202 0.3757790724436442 0.6578558683395386 0.38662974039713544 0.639701783657074 0.393307089805603 0.6303117871284485 0.39581112066904706 0.61904376745224 0.368267019589742 0.6084017157554626 0.3507390022277832 0.6058977246284485 0.33738426367441815 0.6109057068824768 0.3190215826034546
1 0.1643754541873932 0.8774188359578451 0.18338817358016968 0.8693528175354004 0.20240090787410736 0.8635913530985514 0.21449990570545197 0.8670482635498047 0.22832733392715454 0.8774188359578451 0.23956212401390076 0.9050736427307129 0.24734005331993103 0.9165965716044108 0.21709254384040833 0.9165965716044108 0.176474466919899 0.9165965716044108 0.1635112464427948 0.9165965716044108
