1 0.05624356493353844 0.0013020833333333333 0.06524289399385452 0.0013020833333333333 0.07179713994264603 0.0013020833333333333 0.07976061850786209 0.0013020833333333333 0.08626291900873184 0.01887558897336324 0.07487042993307114 0.033403098583221436 0.05523517727851868 0.04756473998228709 0.045526325702667236 0.053561036785443626 0.040613360702991486 0.050704225897789 0.0468934141099453 0.015167285998662313 0.0517316572368145 0.0013020833333333333 0.05021853372454643 0.0013020833333333333
1 0.07673926651477814 0.0013020833333333333 0.09756620228290558 0.0013020833333333333 0.11969359964132309 0.0013020833333333333 0.13541768491268158 0.0013020833333333333 0.13573913276195526 0.0013020833333333333 0.12824802100658417 0.0013020833333333333 0.12222298979759216 0.0013020833333333333 0.10286213457584381 0.0019647148437798023 0.09055236726999283 0.0013020833333333333 0.08220571279525757 0.0013020833333333333 0.07684314996004105 0.0013020833333333333
1 0.1462564766407013 0.0013020833333333333 0.16588683426380157 0.0013020833333333333 0.17667369544506073 0.0013020833333333333 0.18702542781829834 0.004828882093230884 0.19911274313926697 0.02464706947406133 0.20409701764583588 0.04099083443482717 0.19568373262882233 0.06708887219429016 0.1874360740184784 0.08328106502691905 0.17138564586639404 0.07821121315161388 0.15398281812667847 0.061860923965771995 0.13842923939228058 0.027073577046394348 0.12889090180397034 0.006605977192521095 0.13898293673992157 0.0013020833333333333
1 0.1508203148841858 0.0013020833333333333 0.19984182715415955 0.0013020833333333333 0.24647508561611176 0.0013020833333333333 0.2811817526817322 0.0013020833333333333 0.2921861708164215 0.0013020833333333333 0.283125102519989 0.0013020833333333333 0.25990989804267883 0.004577966717382272 0.23371551930904388 0.009842536722620329 0.2132149189710617 0.016122375925381977 0.20123149454593658 0.011777720103661219 0.18838761746883392 0.0013020833333333333 0.17364254593849182 0.0013020833333333333 0.1610632836818695 0.0013020833333333333 0.14804889261722565 0.0013020833333333333 0.14181609451770782 0.0013020833333333333
1 0.22156158089637756 0.03196176886558533 0.24352824687957764 0.019319771478573482 0.27015775442123413 0.009717073912421862 0.2890315651893616 0.0031471550464630127 0.2995489239692688 0.013853965948025385 0.30420687794685364 0.03345132867495219 0.3044714629650116 0.05557708442211151 0.3147144019603729 0.07727426290512085 0.30836305022239685 0.099324236313502 0.299245148897171 0.12419269482294719 0.2870960831642151 0.12975387771924338 0.27044492959976196 0.1389279862244924 0.25975707173347473 0.15468506018320718 0.23985721170902252 0.14672094583511353 0.21984857320785522 0.139841357866923 0.20770442485809326 0.1288444697856903 0.20212431252002716 0.1101866066455841 0.19974583387374878 0.0843721330165863 0.2093507945537567 0.0629023015499115 0.21331390738487244 0.04815397163232168
1 0.15326350927352905 0.11030553778012593 0.16443844139575958 0.09794709086418152 0.17599163949489594 0.09007180730501811 0.189601868391037 0.09470655520757039 0.1939903050661087 0.10873620708783467 0.19946163892745972 0.1284786264101664 0.20151866972446442 0.1409886380036672 0.18259292840957642 0.13982178767522177 0.16968731582164764 0.136416623989741 0.15770389139652252 0.1320719619592031 0.15125353634357452 0.122090349594752
1 0.29712340235710144 0.0013020833333333333 0.32266509532928467 0.0013020833333333333 0.33565378189086914 0.0013020833333333333 0.36230412125587463 0.0013020833333333333 0.34369492530822754 0.0029589698339502015 0.3298102915287018 0.009314589202404022 0.3174436688423157 0.017044828583796818 0.3097967505455017 0.018993069728215534 0.29499974846839905 0.0013020833333333333 0.29321223497390747 0.0013020833333333333 0.2981494665145874 0.0013020833333333333
1 0.37114274501800537 0.0013020833333333333 0.39749783277511597 0.0013020833333333333 0.4208688735961914 0.0013020833333333333 0.4248790442943573 0.0013020833333333333 0.422485888004303 0.01811232790350914 0.4303973913192749 0.03828984498977661 0.42529457807540894 0.05614674091339111 0.41758590936660767 0.08347433805465698 0.41551417112350464 0.12063851952552795 0.41187742352485657 0.13213324546813965 0.4004329741001129 0.1389240026473999 0.38975000381469727 0.13812301556269327 0.3777714967727661 0.11722029248873393 0.37848591804504395 0.0853337546189626 0.38050076365470886 0.056990861892700195 0.37367212772369385 0.04252608120441437 0.3610409200191498 0.028130558629830677 0.3503060042858124 0.01959281414747238 0.3374004065990448 0.016187651703755062 0.3558959364891052 0.005134561409552892 0.3620816469192505 0.0013020833333333333
1 0.4025987684726715 0.15034947792689005 0.41290345788002014 0.14666728178660074 0.43085017800331116 0.15759492913881937 0.44852742552757263 0.16295484701792398 0.4631117880344391 0.1743868589401245 0.47546857595443726 0.19977275530497232 0.4847893714904785 0.22240940729777017 0.4886339008808136 0.24186174074808756 0.4870021939277649 0.25812973578770954 0.4752833843231201 0.27591081460316974 0.4623209238052368 0.28132694959640503 0.4460529685020447 0.2784261703491211 0.4295154809951782 0.26995768149693805 0.4160708487033844 0.2554171284039815 0.40213918685913086 0.23747791846593222 0.38771554827690125 0.23269814252853394 0.37627601623535156 0.2229308287302653 0.36885154247283936 0.2061519424120585 0.3680950105190277 0.1971856156984965 0.3776950538158417 0.19227383534113565 0.3917972445487976 0.18374915917714438 0.39576035737991333 0.16900082429250082
1 0.4368104934692383 0.0013020833333333333 0.4564359784126282 0.009814983854691187 0.493686705827713 0.026392626265684765 0.5206376910209656 0.030094397564729054 0.5441694259643555 0.04312183956305186 0.5494800209999084 0.05621200303236643 0.5630334615707397 0.06966804961363475 0.5860732197761536 0.095854918162028 0.6006575226783752 0.10728692015012105 0.6175782084465027 0.10368051131566365 0.6372653841972351 0.09725563724835713 0.6555953025817871 0.09610836704572041 0.6675267815589905 0.09271625677744548 0.6749610900878906 0.0763790210088094 0.6741526126861572 0.05967592199643453 0.6659147143363953 0.04275199770927429 0.6567546129226685 0.026767561833063763 0.6252496242523193 0.01894195502003034 0.5973764657974243 0.016179680824279785 0.5639183521270752 0.011317593355973562 0.5330091714859009 0.005806094656387965 0.5030221939086914 0.0013020833333333333 0.4714083969593048 0.0013020833333333333 0.4592073857784271 0.0013020833333333333 0.44689762592315674 0.0013020833333333333
1 0.6689556241035461 0.02894315371910731 0.6852235794067383 0.03184393793344498 0.6937358975410461 0.03777750333150228 0.7112475037574768 0.05304327110449473 0.6890113353729248 0.06011756261189779 0.6733440160751343 0.04297281304995219
1 0.6878147125244141 0.07204741736253102 0.7009947299957275 0.06446221967538197 0.7169932126998901 0.06179530918598175 0.7175841331481934 0.0806674708922704 0.7233818173408508 0.09715628623962402 0.7484835386276245 0.11929510037104289 0.7671349048614502 0.13145230213801065 0.7809058427810669 0.14273927609125772 0.7841545343399048 0.15987748901049295 0.7693996429443359 0.17490937312444052 0.7351800203323364 0.1776390274365743 0.7144668102264404 0.16952985525131226 0.6966288685798645 0.15751769145329794 0.6894739270210266 0.14630651473999023 0.6837899088859558 0.11217511693636577 0.6776658296585083 0.09893989562988281 0.6811419129371643 0.08079292873541515
1 0.8310396075248718 0.05563693245251974 0.8256672620773315 0.0679261287053426 0.8137876987457275 0.07905500133832295 0.8046178221702576 0.09618668754895528 0.8054832220077515 0.10406850775082906 0.8297244906425476 0.10176746050516765 0.8484326601028442 0.10510335365931193 0.8671408295631409 0.10843926668167114 0.8823778629302979 0.11336408058802287 0.8880196809768677 0.10664258400599162 0.8871024250984192 0.09102402130762736 0.8844496011734009 0.07619990408420563 0.8771858215332031 0.06607324878374736 0.8569595813751221 0.06136272847652435 0.8406916260719299 0.058461944262186684
1 0.8964898586273193 0.0717232624689738 0.916120171546936 0.0741196721792221 0.9307613968849182 0.07673039038976033 0.9289121627807617 0.09516743818918864 0.920068621635437 0.10904553532600403 0.9101990461349487 0.10838958621025085 0.9032616019248962 0.09500933686892192
1 0.9461072087287903 0.08057066798210144 0.9663333296775818 0.0852811833222707 0.9960688948631287 0.0840039849281311 1.0 0.08899601300557454 1.0 0.09631071488062541 1.0 0.1063615878423055 1.0 0.12913676102956137 1.0 0.1500264306863149 1.0 0.15681716799736023 0.9998238682746887 0.16411228974660239 0.9825769066810608 0.1709722876548767 0.9689666628837585 0.16633754968643188 0.9516726136207581 0.14890272418657938 0.9342697858810425 0.13255243500073752 0.9252704381942749 0.12322022517522176 0.9299381971359253 0.10970147450764973 0.9377506971359253 0.09784739216168721
1 0.9930942058563232 0.18167908986409506 1.0 0.17351373036702475 1.0 0.1712061564127604 1.0 0.16831843058268228 1.0 0.1573345959186554 1.0 0.17407109340031943 1.0 0.20751315355300903 1.0 0.2245755990346273 1.0 0.22052103281021118 1.0 0.20612549781799316 0.9871779680252075 0.1993909478187561 0.9817017912864685 0.1962066094080607 0.9815410375595093 0.18955437342325845 0.9820849299430847 0.18413172165552774
1 0.820176362991333 0.1144159734249115 0.8418686389923096 0.11276433865229289 0.8595458269119263 0.11812426646550496 0.8696849346160889 0.12434791525204976 0.8721153140068054 0.15789915124575296 0.8693957924842834 0.18501245975494385 0.8660236597061157 0.21863295634587607 0.8578798770904541 0.2502986987431844 0.8488187789916992 0.2663458585739136 0.8349860906600952 0.28043824434280396 0.8157860040664673 0.29026176532109577 0.8024452924728394 0.29119473695755005 0.7916015982627869 0.2837415337562561 0.7786440253257751 0.27259959777196247 0.7775660753250122 0.25032879908879596 0.7865702509880066 0.24310292800267538 0.8102156519889832 0.23848778009414673 0.8296334147453308 0.22649518648783365 0.8367932438850403 0.2211483120918274 0.8476418256759644 0.21204346418380737 0.8386424779891968 0.20271126429239908 0.8266071081161499 0.19062983989715576 0.8209182024002075 0.17305650313695273 0.8175088167190552 0.14926605423291525 0.8185446262359619 0.13068395853042603
1 0.8800415396690369 0.12840249141057333 0.8919211030006409 0.11727361877759297 0.9030392169952393 0.11373647054036458 0.9197373986244202 0.1288571854432424 0.9329644441604614 0.14556681116422018 0.9496626257896423 0.1606875459353129 0.9651691317558289 0.1711800495783488 0.9717802405357361 0.18781389792760214 0.9623928070068359 0.2071146567662557 0.9409132599830627 0.2231552998224894 0.9297383427619934 0.23551374673843384 0.913739800453186 0.23818063735961914 0.8924826979637146 0.23549417654673258 0.8790900111198425 0.2286903659502665 0.8722045421600342 0.22304687897364298 0.875519871711731 0.19824767112731934 0.8771515488624573 0.18197969595591226 0.8790007829666138 0.1635426382223765 0.8803061246871948 0.15052825212478638 0.8793320059776306 0.14373097817103067
1 0.8152372241020203 0.3122425079345703 0.8234701752662659 0.3457244634628296 0.8488982319831848 0.3646097183227539 0.86195969581604 0.3912251790364583 0.8710628151893616 0.4160308837890625 0.8701877593994141 0.4412652254104614 0.8740891218185425 0.4518962303797404 0.88607257604599 0.4562408924102783 0.8995739817619324 0.4619601567586263 0.9138417840003967 0.4435296456019084 0.936238706111908 0.44310760498046875 0.9445902705192566 0.4423888921737671 0.9569568634033203 0.434658686319987 0.9549047350883484 0.40559057394663495 0.9643489718437195 0.3774685462315877 0.9512306451797485 0.3596743742624919 0.9335583448410034 0.3377563953399658 0.9225588440895081 0.30709288517634076 0.9174755811691284 0.2587175170580546 0.9191592335700989 0.250186284383138 0.8994200825691223 0.24887438615163168 0.8834784030914307 0.24272002776463827 0.8755619525909424 0.23910055557886759 0.8673712015151978 0.24647146463394165 0.8640038967132568 0.2635339101155599 0.8508758544921875 0.2788558801015218 0.8406230807304382 0.2902748187383016 0.8273342847824097 0.29894455273946124 0.8197961449623108 0.2998082439104716
1 0.9339091777801514 0.25171248118082684 0.9466589689254761 0.2319073478380839 0.9614138007164001 0.2168754537900289 0.9731845855712891 0.20683111747105917 0.9871211647987366 0.2082122564315796 1.0 0.22318792343139648 1.0 0.23678900798161825 1.0 0.2537066737810771 1.0 0.2853786547978719 1.0 0.3051145275433858 1.0 0.3341761032740275 0.9930972456932068 0.3549964825312297 0.9769899845123291 0.3587479591369629 0.9679338335990906 0.35823702812194824 0.9544323682785034 0.3525177637736003 0.9431584477424622 0.332844614982605 0.9347598552703857 0.3092684745788574 0.9310240745544434 0.2887316147486369 0.9297285079956055 0.2686298688252767
0 0.9728092551231384 0.3756653467814128 0.9875073432922363 0.3694547414779663 0.9976512789726257 0.35912032922108966 1.0 0.3362758954366048 1.0 0.30844390392303467 1.0 0.3002450466156006 1.0 0.35285353660583496 1.0 0.39623483022054035 1.0 0.43093987305959064 0.9976218938827515 0.4584687153498332 0.988291323184967 0.46894816557566327 0.9856806397438049 0.4949769576390584 0.9824172258377075 0.5275129079818726 0.979428231716156 0.5490585168202718 0.9712942838668823 0.5476081371307373 0.9627869129180908 0.525116483370463 0.9578074812889099 0.4922146399815877 0.9575997591018677 0.4612675905227661 0.9600448608398438 0.4451446533203125 0.9731777906417847 0.4132646322250366
1 0.4663183093070984 0.15067219734191895 0.48633185029029846 0.14099371433258057 0.5045579075813293 0.1243729293346405 0.5168725252151489 0.10890591144561768 0.530057430267334 0.0847626527150472 0.5450298190116882 0.06756170590718587 0.5591790676116943 0.08333183825016022 0.5737066268920898 0.10358514388402303 0.5908918380737305 0.12210450569788615 0.5966376066207886 0.13085655371348062 0.590555727481842 0.15847423672676086 0.5855048298835754 0.1840678652127584 0.577961802482605 0.20148966709772745 0.5581657886505127 0.2089990774790446 0.5374996066093445 0.22518473863601685 0.523179829120636 0.2358785072962443 0.5042541027069092 0.2347116470336914 0.4953116178512573 0.21655815839767456 0.48414644598960876 0.19580048322677612 0.4724942743778229 0.17164417107899985
1 0.6110661029815674 0.11907825867335002 0.6280955672264099 0.11438732345898946 0.6449074745178223 0.11186545093854268 0.6629109978675842 0.11397178967793782 0.6727805733680725 0.11462772885958354 0.6803138256072998 0.1303220788637797 0.6802521347999573 0.15570144852002463 0.6834439635276794 0.1816609501838684 0.6812164187431335 0.19561483462651572 0.661311686038971 0.20420879125595093 0.6401064395904541 0.20925905307133993 0.6250820755958557 0.21872323751449585 0.6119070053100586 0.20975037415822348 0.5999804139137268 0.1965844432512919 0.5974363088607788 0.1806757648785909 0.6020521521568298 0.15942025184631348 0.6057457327842712 0.1391042172908783
1 0.5024048089981079 0.25314871470133465 0.5174292325973511 0.2436845302581787 0.5321791768074036 0.2452107071876526 0.5438882112503052 0.2605457305908203 0.5468674302101135 0.272116223971049 0.5320037603378296 0.2882326642672221 0.5202329754829407 0.29827700058619183 0.5051566958427429 0.30000442266464233 0.49214228987693787 0.2976837754249573 0.48552632331848145 0.29760799805323285 0.4930693805217743 0.2801862359046936 0.4950793385505676 0.26840142409006756
1 0.5488303303718567 0.23603659868240356 0.5626630187034607 0.22194421291351318 0.575625479221344 0.21652807792027792 0.5861477255821228 0.21067682902018228 0.5936858654022217 0.2098130981127421 0.6058300137519836 0.22080997625986734 0.6123891472816467 0.22970708211263022 0.6147156357765198 0.2477847933769226 0.6007741689682007 0.2629617253939311 0.5935575366020203 0.2771299084027608 0.5769631266593933 0.27748268842697144 0.5668241381645203 0.2712590495745341 0.5560892224311829 0.262721319993337 0.55066978931427 0.2507156729698181
1 0.6302838921546936 0.23289793729782104 0.6392881274223328 0.22567208607991537 0.6580532193183899 0.22018669048945108 0.6803413033485413 0.2208491563796997 0.6939515471458435 0.22548391421635947 0.6903098225593567 0.2535367012023926 0.6869425773620605 0.2705991268157959 0.6749494075775146 0.29937060674031574 0.663769543170929 0.32828710476557416 0.6602935194969177 0.3464340766270955 0.6548123359680176 0.359807809193929 0.6392489671707153 0.3581366141637166 0.6223852038383484 0.35292168458302814 0.6078576445579529 0.33266838391621906 0.6013553738594055 0.3149500290552775 0.6026087999343872 0.2941988507906596 0.6060848236083984 0.2760518987973531 0.6141149401664734 0.2620287537574768 0.623663067817688 0.2493802309036255
1 0.6986192464828491 0.21196512381235758 0.7159132957458496 0.22939995924631754 0.731145441532135 0.2508828441301982 0.7489265203475952 0.27171629667282104 0.7555376291275024 0.2883501450220744 0.7586774826049805 0.30657289425532025 0.7497771978378296 0.3292723099390666 0.7416902184486389 0.3521167039871216 0.7299194931983948 0.3621610800425212 0.7066004276275635 0.36352264881134033 0.6929333806037903 0.3677091995875041 0.6801365613937378 0.3632194995880127 0.6672309041023254 0.3598143259684245 0.6726601123809814 0.33870383103688556 0.6812909245491028 0.31043674548467 0.6905695796012878 0.2922205130259196 0.6977342963218689 0.27031556765238446 0.6991484761238098 0.2562166651089986 0.700671374797821 0.24103319644927979 0.7009457945823669 0.2300428549448649
1 0.7164620757102966 0.20741923650105795 0.7340874075889587 0.2050424019495646 0.7399986982345581 0.20388861497243246 0.7530131340026855 0.2062092423439026 0.7653748393058777 0.21503706773122153 0.7714988589286804 0.22827227910359701 0.7716027498245239 0.24374582370122275 0.768883228302002 0.27085912227630615 0.77039635181427 0.2887917955716451 0.7556512951850891 0.27070754766464233 0.7405279278755188 0.24814013640085855 0.7307152152061462 0.23866289854049683 0.7196020483970642 0.2256420056025187 0.714560866355896 0.21811952193578085
1 0.0347522534430027 0.1774877905845642 0.059376683086156845 0.16311184565226236 0.08199114352464676 0.16052071253458658 0.108885258436203 0.17304378747940063 0.11734069138765335 0.18779865900675455 0.10079830884933472 0.1958882212638855 0.08089844882488251 0.18792410691579184 0.06696188449859619 0.1865429480870565 0.054268937557935715 0.19752681255340576 0.03761777654290199 0.20670092105865479 0.029701344668865204 0.20308144887288412
1 0.12319030612707138 0.21202421188354492 0.14840568602085114 0.21652042865753174 0.15963254868984222 0.21189876397450766 0.17958925664424896 0.21104158957799277 0.19423043727874756 0.21365229288736978 0.20729677379131317 0.22370968262354532 0.21103252470493317 0.24424654245376587 0.19682157039642334 0.25385576486587524 0.17214520275592804 0.2604949474334717 0.15788228809833527 0.26236740748087567 0.13792558014392853 0.26322458187739056 0.12626849114894867 0.25562634070714313 0.11434190720319748 0.24246037006378174 0.10978785157203674 0.23833654324213663 0.11369902640581131 0.2158514459927877
1 0.019372180104255676 0.289553960164388 0.0571766160428524 0.26759278774261475 0.08966553211212158 0.2490995724995931 0.1060423031449318 0.25091580549875897 0.11666842550039291 0.26053808132807416 0.11400578171014786 0.278830091158549 0.10119915753602982 0.30745651324590045 0.08861009776592255 0.3339139223098755 0.08355919271707535 0.35950756072998047 0.08067898452281952 0.3799686034520467 0.07031255960464478 0.40903015931447345 0.05897201970219612 0.43129444122314453 0.043403759598731995 0.4461812973022461 0.024208515882492065 0.43944676717122394 0.011520466767251492 0.4338725407918294 0.003649048740044236 0.4192383686701457 0.010721354745328426 0.3487275044123332 0.0135496212169528 0.32052965958913165 0.015725214034318924 0.298839012781779
1 0.12370973080396652 0.2893918951352437 0.13341857492923737 0.28339558839797974 0.131455659866333 0.3194752136866252 0.12846176326274872 0.35757891337076825 0.12612055242061615 0.38917537530263263 0.10806015878915787 0.39589035511016846 0.09217045456171036 0.39747269948323566 0.08148747682571411 0.39667173226674396 0.08925298601388931 0.3605228265126546 0.09799261391162872 0.331171194712321 0.11036410927772522 0.30688289801279706 0.11481428146362305 0.2955331802368164
1 0.15012167394161224 0.2819582422574361 0.17094862461090088 0.2724247972170512 0.18993119895458221 0.2647703488667806 0.20500749349594116 0.2630429267883301 0.21840016543865204 0.26984671751658124 0.22018279135227203 0.2933471004168193 0.22527095675468445 0.32516441742579144 0.2328561544418335 0.3485954999923706 0.23713581264019012 0.3637096881866455 0.22335506975650787 0.38553885618845624 0.20816509425640106 0.4049088954925537 0.19444118440151215 0.41791677474975586 0.18099169433116913 0.4199342330296834 0.159465029835701 0.41168006261189777 0.1401090770959854 0.39829325675964355 0.13773059844970703 0.37247876326243085 0.14061570167541504 0.3354596694310506 0.14284813404083252 0.30494771401087445 0.14507567882537842 0.2909938295682271
1 0.21933703124523163 0.2192330559094747 0.22806687653064728 0.2229975461959839 0.24270804226398468 0.22560824950536093 0.2506813108921051 0.2204064130783081 0.2533341646194458 0.23523052533467612 0.24389484524726868 0.24679452180862427 0.23082362115383148 0.2532952030499776 0.22317667305469513 0.2552434206008911 0.21846190094947815 0.24446735779444376 0.21466930210590363 0.23275180657704672
1 0.22756512463092804 0.2692731022834778 0.24025806784629822 0.25828925768534344 0.2571267783641815 0.24694609642028809 0.2704155743122101 0.23827636241912842 0.2755654454231262 0.2447142998377482 0.27962756156921387 0.26199756066004437 0.26687777042388916 0.2818026940027873 0.2659507095813751 0.29930025339126587 0.2644228935241699 0.33104177316029865 0.2597551643848419 0.34456050395965576 0.24760611355304718 0.3501216967900594 0.23633220791816711 0.33044854799906415 0.22885578870773315 0.305932879447937 0.22593341767787933 0.28554107745488483
1 0.27600547671318054 0.22381810347239176 0.28750184178352356 0.22476412852605185 0.29601410031318665 0.23069767157236734 0.2994803786277771 0.24566684166590372 0.30158933997154236 0.26591362555821735 0.29193732142448425 0.26308860381444293 0.2868961989879608 0.25556614001592 0.2800675630569458 0.241101344426473
1 0.3080543577671051 0.22622104485829672 0.32877254486083984 0.21777214606602988 0.3474287986755371 0.21337127685546875 0.35881635546684265 0.21540182828903198 0.36634963750839233 0.2310961882273356 0.3765406310558319 0.24505658944447836 0.3715985119342804 0.2695657014846802 0.3650815188884735 0.30152153968811035 0.36143985390663147 0.3295743266741435 0.3537929356098175 0.3315225839614868 0.3395349085330963 0.316836953163147 0.3254944384098053 0.29998228947321576 0.31801316142082214 0.2920246918996175 0.31145402789115906 0.2831276257832845 0.30733996629714966 0.25810758272806805 0.30664023756980896 0.24031996726989746
1 0.4188275933265686 0.2857147653897603 0.4389450252056122 0.29150982697804767 0.46383407711982727 0.2992596427599589 0.4720199704170227 0.30844680468241376 0.4746728539466858 0.32327091693878174 0.4620837867259979 0.3497283061345418 0.45220932364463806 0.36563042799631756 0.4381590783596039 0.3818918466567993 0.4272017180919647 0.3920812209447225 0.41457051038742065 0.3776857058207194 0.4058975279331207 0.3650999466578166 0.40183544158935547 0.3478166659673055 0.4093265235424042 0.32265810171763104 0.41063186526298523 0.3096437454223633
1 0.34548842906951904 0.356536070505778 0.3592642843723297 0.3512649933497111 0.37211304903030396 0.363491415977478 0.379485547542572 0.37253355979919434 0.3915777802467346 0.37579365571339923 0.4025302529335022 0.3821623722712199 0.4137521982192993 0.39409875869750977 0.41683530807495117 0.42114277680714923 0.41232830286026 0.44131378332773846 0.4014277756214142 0.44268186887105304 0.3849990665912628 0.43312883377075195 0.36759132146835327 0.43333661556243896 0.35354599356651306 0.4330400228500366 0.3415106236934662 0.4209585984547933 0.33566102385520935 0.39673300584157306 0.3380541503429413 0.37287330627441406 0.3388156294822693 0.3652815818786621
1 0.00473887799307704 0.4437025785446167 0.01232897024601698 0.45057562987009686 0.016551796346902847 0.4745111068089803 0.01871269941329956 0.5024946530659994 0.01160476915538311 0.5155783096949259 0.0009765625 0.5219339529673258 0.0009765625 0.5183049440383911 0.0009765625 0.4908418258031209 0.0021281687077134848 0.46973133087158203
1 0.48698753118515015 0.3078039089838664 0.5038513541221619 0.313018798828125 0.5017845630645752 0.3336249192555745 0.4874647855758667 0.3443186680475871 0.48280197381973267 0.34127938747406006 0.4817758798599243 0.32674535115559894 0.48183271288871765 0.31792402267456055
1 0.5551621317863464 0.28021885951360065 0.5802687406539917 0.28579962253570557 0.5942572355270386 0.2949175238609314 0.5986927151679993 0.3332420190175374 0.5943464636802673 0.3600652615229289 0.5884301662445068 0.377777099609375 0.5813173651695251 0.40741880734761554 0.5654796361923218 0.4167379140853882 0.5493674278259277 0.43704744180043537 0.5412285327911377 0.45215511322021484 0.524691104888916 0.44368664423624676 0.516836404800415 0.4146877924601237 0.5125616192817688 0.38301555315653485 0.5096960663795471 0.3538024425506592 0.5108407139778137 0.3341358502705892 0.5180054903030396 0.3122308651606242 0.535905122756958 0.29886366923650104 0.5471888184547424 0.2854207158088684
1 0.023934120312333107 0.45043710867563885 0.04811853542923927 0.4569573799769084 0.051476020365953445 0.4730110168457031 0.0468602292239666 0.4942665894826253 0.03704260289669037 0.5013473828633627 0.027608148753643036 0.49635334809621173 0.022136807441711426 0.4766109387079875 0.022737544029951096 0.4623669783274333
1 0.06379558145999908 0.4409859577814738 0.07676292210817337 0.41901179154713947 0.09422747790813446 0.40998272101084393 0.1166243702173233 0.40956064065297443 0.12963876128196716 0.4118812878926595 0.13190843164920807 0.4387803077697754 0.12756215035915375 0.4656035502751668 0.12435561418533325 0.4893182118733724 0.11664694547653198 0.5166457891464233 0.11246626824140549 0.5335632165273031 0.09034376591444016 0.5229949156443278 0.07163558900356293 0.5196590026219686 0.058678038418293 0.5085170666376749 0.05971389263868332 0.4899349610010783 0.06004513055086136 0.47012333075205487 0.06178560107946396 0.45277078946431476
1 0.4730362594127655 0.35609694321950275 0.48252755403518677 0.3522697289784749 0.49727752804756165 0.3537958860397339 0.5023137331008911 0.37787644068400067 0.5092982053756714 0.4155515432357788 0.5078272223472595 0.4384717146555583 0.4904146194458008 0.4552375872929891 0.46774330735206604 0.46665000915527344 0.45044437050819397 0.46577322483062744 0.43287593126296997 0.4593287706375122 0.42165395617485046 0.44739238421122235 0.42730072140693665 0.42411283651987713 0.4385324716567993 0.40293312072753906 0.4488939940929413 0.39042961597442627 0.461643785238266 0.37062446276346844
1 0.2830674648284912 0.5496325095494589 0.30309075117111206 0.5068378845850626 0.32365310192108154 0.47517867883046466 0.3398740291595459 0.45378462473551434 0.34762972593307495 0.45075186093648273 0.36341068148612976 0.45025400320688885 0.3784869611263275 0.4485265811284383 0.39339765906333923 0.4567050139109294 0.39729905128479004 0.4673360188802083 0.39018622040748596 0.4969777266184489 0.38416117429733276 0.5157740910847982 0.37949344515800476 0.5292928616205851 0.35573434829711914 0.5515506267547607 0.34656450152397156 0.5686823527018229 0.3414616882801056 0.5865392287572225 0.3263285160064697 0.5970879395802816 0.30843374133110046 0.5938970645268759 0.2850627303123474 0.5875218311945597 0.2801823318004608 0.586651603380839
1 0.15045100450515747 0.4520220359166463 0.1703038215637207 0.4356913169225057 0.1863023042678833 0.43302440643310547 0.20256540179252625 0.45248329639434814 0.21052886545658112 0.4803975423177083 0.2137775719165802 0.49753578503926593 0.19197162985801697 0.5168300072352091 0.17504607141017914 0.5369944969813029 0.15893390774726868 0.5573039452234904 0.14553634822368622 0.567058245340983 0.13100393116474152 0.5633629957834879 0.12189582735300064 0.5551153421401978 0.11919102072715759 0.5325544277826945 0.12885282933712006 0.5022633075714111 0.13732294738292694 0.4673440059026082
1 0.23821382224559784 0.3859805266062419 0.2251945286989212 0.4002179702123006 0.2130974382162094 0.4135158856709798 0.2021920084953308 0.4314420223236084 0.20668922364711761 0.44438719749450684 0.21270446479320526 0.45870689551035565 0.21757996082305908 0.47613521416982013 0.22278180718421936 0.4903099139531453 0.23330405354499817 0.4844586451848348 0.23124703764915466 0.47194862365722656 0.22756320238113403 0.4591485659281413 0.2271898239850998 0.43810729185740155 0.2340850979089737 0.41063467661539715
1 0.11701054126024246 0.570803165435791 0.1366928368806839 0.5809363524119059 0.14476999640464783 0.591208020846049 0.1368388831615448 0.63726274172465 0.12713980674743652 0.6101429462432861 0.12259065359830856 0.5894610087076823
1 0.14932894706726074 0.5787737766901652 0.1655498743057251 0.5573797623316447 0.18214909732341766 0.5404688914616903 0.19918343424797058 0.5192198753356934 0.21225465834140778 0.5127192338307699 0.20872177183628082 0.5396874745686849 0.20182649791240692 0.5671601295471191 0.19774971902370453 0.5995510816574097 0.20349057018756866 0.6248611609141032 0.2029937207698822 0.654578685760498 0.2014658898115158 0.6863202253977457 0.19831128418445587 0.7177716096242269 0.17879460752010345 0.6977326075236002 0.16513243317604065 0.6853610674540201 0.14772960543632507 0.6690107981363932 0.14415456354618073 0.655126134554545 0.14665649831295013 0.6301819483439127 0.14975428581237793 0.6075517733891805
1 0.2724217176437378 0.6062424580256144 0.30154335498809814 0.6048116286595663 0.3218783736228943 0.6084376176198324 0.3340793550014496 0.610613226890564 0.31969785690307617 0.6466863552729288 0.3119891881942749 0.6740139325459799 0.3037415146827698 0.6902061303456625 0.27917882800102234 0.6792027155558268 0.26275011897087097 0.6696496804555258 0.24827457964420319 0.657133142153422 0.2561439573764801 0.6364578008651733 0.2639565169811249 0.6246037085851034
1 0.3285315930843353 0.6659243504206339 0.3510940968990326 0.6555964549382528 0.37278637290000916 0.6539448499679565 0.3892199695110321 0.6469397942225138 0.4013121724128723 0.6501998901367188 0.4011465907096863 0.6601057847340902 0.39582616090774536 0.6801316738128662 0.4096490740776062 0.6991554101308187 0.3989611864089966 0.714912494023641 0.3602394759654999 0.7212550640106201 0.3371898829936981 0.7281843821207682 0.3210826516151428 0.7319358189900717 0.31528496742248535 0.715446949005127 0.31518107652664185 0.6999734242757162 0.3245684504508972 0.6806727250417074
1 0.4093393087387085 0.4628593921661377 0.4293479323387146 0.4697389602661133 0.4563508629798889 0.4811775286992391 0.4712046682834625 0.4981772104899089 0.4813908040523529 0.5286957025527954 0.48333415389060974 0.5588483015696207 0.4771483838558197 0.5709924300511678 0.4513891339302063 0.5719188849131266 0.4265000820159912 0.5641690492630005 0.40535661578178406 0.5438399712244669 0.3956526815891266 0.5332781871159872 0.3977763056755066 0.5038508176803589 0.3997343182563782 0.48432918389638263
1 0.4713183641433716 0.4805345932642619 0.48471593856811523 0.4707803726196289 0.5025068521499634 0.45849768320719403 0.5114023089408875 0.45235637823740643 0.5250124931335449 0.4569910764694214 0.5369390845298767 0.47015706698099774 0.543166995048523 0.498865803082784 0.5508041381835938 0.5300337076187134 0.5565449595451355 0.5553437868754069 0.5599544048309326 0.5791342258453369 0.557022213935852 0.5918585459391276 0.5184141993522644 0.5805584987004598 0.4907067120075226 0.5678904056549072 0.4907115697860718 0.5513323148091634 0.48816752433776855 0.5354237159093221 0.4835095703601837 0.5158263444900513 0.479716956615448 0.5041107734044393
1 0.5485491752624512 0.4534604549407959 0.5690546035766602 0.43062257766723633 0.582669734954834 0.4186992247899373 0.600999653339386 0.41755199432373047 0.6115738153457642 0.4194374879201253 0.6337531805038452 0.4211844603220622 0.6472026705741882 0.4191670020421346 0.6720348596572876 0.43573808670043945 0.6746309399604797 0.4593835274378459 0.6635029911994934 0.4960368076960246 0.6542195081710815 0.530811071395874 0.6458061933517456 0.5569091240564982 0.6542567610740662 0.5882220268249512 0.6543606519699097 0.6036955515543619 0.6442167162895203 0.6140300035476685 0.5978010296821594 0.5980259974797567 0.5717722177505493 0.5933847427368164 0.5645653009414673 0.5744367837905884 0.5585030317306519 0.5358221928278605 0.551570475101471 0.5058838923772176 0.5476171970367432 0.4875160853068034 0.5429592132568359 0.46791871388753253
1 0.7019845843315125 0.3847781817118327 0.7165219187736511 0.371915340423584 0.7390275597572327 0.37040873368581134 0.7439599633216858 0.3790157238642375 0.733867883682251 0.3970868984858195 0.7229105234146118 0.40727631251017254 0.7272940874099731 0.4378640254338582 0.734931230545044 0.4690319299697876 0.712430477142334 0.4539804458618164 0.691556453704834 0.43921903769175213 0.6797906160354614 0.4327053626378377 0.6898826360702515 0.41463414827982586 0.6954725384712219 0.40017592906951904
1 0.8651368021965027 0.4668588638305664 0.8831403851509094 0.46896521250406903 0.8896995186805725 0.47786227862040204 0.8971759080886841 0.5023779471715292 0.8985803127288818 0.5213951667149862 0.892985463142395 0.5524114767710367 0.885172963142395 0.5642655293146769 0.8658120632171631 0.5674368143081665 0.8364728689193726 0.571036696434021 0.8185212016105652 0.5766671101252238 0.8257379531860352 0.5624989668528239 0.837399959564209 0.5535391171773275 0.8470568656921387 0.539806087811788 0.8531955480575562 0.5033671061197916 0.8591117858886719 0.4856552282969157
1 0.9023355841636658 0.4756997426350911 0.9193131327629089 0.4632720152537028 0.9356379508972168 0.4573515256245931 0.9458240866661072 0.4878700176874797 0.9578545093536377 0.516509493192037 0.9590932726860046 0.5454325278600057 0.9652172923088074 0.5586677392323812 0.9827857613563538 0.5651121934254965 0.9909197092056274 0.5665625731150309 0.9932982325553894 0.5923771063486735 0.9885168075561523 0.6235384146372477 0.9842841625213623 0.632719079653422 0.9605867862701416 0.6295974651972452 0.9413396716117859 0.6151261329650879 0.9169945120811462 0.6019536654154459 0.8999180197715759 0.5823497374852499 0.8895094394683838 0.5705584287643433 0.9039947986602783 0.5499588251113892 0.9057352542877197 0.532606323560079 0.9017300009727478 0.5065017541249593 0.8999993205070496 0.4907381534576416
1 0.8178117871284485 0.5919955968856812 0.8414571285247803 0.5873804489771525 0.8726926445960999 0.589638352394104 0.9001306295394897 0.5967387755711874 0.9163937568664551 0.6161976257960001 0.9394384622573853 0.6258264382680258 0.951256275177002 0.6400769154230753 0.9480497241020203 0.6637915770212809 0.9497804045677185 0.6795551776885986 0.9268395900726318 0.6853999296824137 0.9061165452003479 0.7104068597157797 0.874829113483429 0.7004121939341227 0.8398009538650513 0.6864387194315592 0.8162643313407898 0.6899693806966146 0.7993485927581787 0.6770176887512207 0.7905668020248413 0.6655164559682211 0.7959440350532532 0.6366691986719767 0.8060929179191589 0.6097767353057861
1 0.7042328119277954 0.667784849802653 0.720879077911377 0.6751688321431478 0.7329712510108948 0.6784289677937826 0.7416491508483887 0.6744566758473715 0.7394216656684875 0.6884106000264486 0.7373028993606567 0.701279878616333 0.7449969053268433 0.7236265341440836 0.73398756980896 0.7260790665944418 0.7223304510116577 0.7184809048970541 0.7145796418190002 0.7049555778503418 0.7034664750099182 0.6919346650441488 0.6939232349395752 0.688025156656901 0.6965290307998657 0.67855437596639
1 0.6696545481681824 0.5997990767161051 0.6790369749069214 0.5970563888549805 0.6899895071983337 0.6034250656763712 0.6914506554603577 0.6136209964752197 0.6756697297096252 0.6141188144683838 0.6705149412155151 0.624238928159078 0.6694791316986084 0.6428210735321045 0.6626455783843994 0.6449143091837565 0.6536462903022766 0.6355821291605631 0.6546252965927124 0.6258213520050049 0.6617332100868225 0.6127376953760783
1 0.7937586307525635 0.6914759476979574 0.8104049563407898 0.6988599300384521 0.8284084796905518 0.7009662787119547 0.8418579697608948 0.6989487806955973 0.8618666529655457 0.7058283487955729 0.8786216378211975 0.7121277650197347 0.8930453062057495 0.7169075806935629 0.9058421850204468 0.7213972409566244 0.9136497378349304 0.7261012395222982 0.8995946645736694 0.7589207490285238 0.8899426460266113 0.7560957272847494 0.8649448752403259 0.7494304180145264 0.8507338762283325 0.7590397198994955 0.8380409479141235 0.7700235843658447 0.8109292387962341 0.7596694628397623 0.8003031015396118 0.7500472068786621 0.782573938369751 0.7369505564371744 0.7680415511131287 0.7332553068796793 0.780356228351593 0.717788298924764 0.7889821529388428 0.7060792446136475
1 0.5826433300971985 0.6913650035858154 0.6041181087493896 0.6918824513753256 0.6285151243209839 0.7127917607625326 0.6351782083511353 0.7371622721354166 0.6289356350898743 0.7581276893615723 0.6152636408805847 0.7788724104563395 0.6064769625663757 0.783929189046224 0.5917319059371948 0.7658449014027914 0.5807323455810547 0.7351814111073812 0.5733647346496582 0.709581216176351 0.5759705901145935 0.7001105149586996
1 0.6456955671310425 0.7478691736857096 0.6633727550506592 0.7532290617624918 0.6812156438827515 0.7486831347147623 0.7047003507614136 0.7374157110850016 0.7153313159942627 0.7304799556732178 0.7326822280883789 0.7390934626261393 0.7444480657577515 0.7456072171529134 0.7478574514389038 0.7693977355957031 0.7492050528526306 0.7972361246744791 0.7360200881958008 0.8213794231414795 0.7121003270149231 0.8369849522908529 0.6981019973754883 0.8609832127888998 0.6828600764274597 0.8726164499918619 0.6588413119316101 0.8561903635660807 0.6382936239242554 0.838175376256307 0.6206732392311096 0.8239940802256266 0.6187818646430969 0.8015782833099365 0.6296353340148926 0.7759153842926025 0.6395097374916077 0.7600132624308268
1 0.5887997150421143 0.778569221496582 0.598664402961731 0.795783281326294 0.6015868186950684 0.8161750634511312 0.5960488319396973 0.8383700847625732 0.5799366235733032 0.8586796124776205 0.5608923435211182 0.8917133808135986 0.5462982058525085 0.9133975505828857 0.5328487157821655 0.9154150485992432 0.5112651586532593 0.9159820874532064 0.4981469213962555 0.8981879552205404 0.4887692928314209 0.8843726317087809 0.5090572834014893 0.863703727722168 0.5304849147796631 0.8399263223012289 0.5533218383789062 0.8186081250508627 0.5699210166931152 0.8016972541809082
1 0.47999733686447144 0.8397552172342936 0.4890015721321106 0.8325293064117432 0.5042954087257385 0.8286328315734863 0.5192109942436218 0.8202532132466634 0.5189365744590759 0.8312435944875082 0.5038554072380066 0.8495290279388428 0.493167519569397 0.865286111831665 0.4842201769351959 0.8636906941731771 0.4812409281730652 0.8521202405293783
1 0.48475614190101624 0.7015086809794108 0.5012887716293335 0.7265352408091227 0.5051332712173462 0.7459875742594401 0.5043669939041138 0.7701373100280762 0.4952588379383087 0.7618896961212158 0.48799997568130493 0.7352049350738525 0.48209348320961 0.7198007106781006 0.4756431579589844 0.7098190784454346
1 0.3400603234767914 0.7408394018809 0.36018261313438416 0.7300763924916586 0.38290587067604065 0.7264006932576498 0.40204918384552 0.7253985404968262 0.41360238194465637 0.7175232569376627 0.42477238178253174 0.7217228412628174 0.4300781190395355 0.7513710657755533 0.4288247227668762 0.7721222241719564 0.4132564663887024 0.787009080251058 0.3992062211036682 0.8032705783843994 0.3823374807834625 0.8146136601765951 0.37549903988838196 0.8332650661468506 0.3646504878997803 0.8423698743184408 0.345615953207016 0.8422876199086508 0.3356425166130066 0.8261581261952718 0.33066311478614807 0.7932562828063965 0.32898929715156555 0.7686713536580404 0.335392564535141 0.7543581326802572
1 0.25027474761009216 0.6784644921620687 0.2798266112804413 0.689253568649292 0.302762508392334 0.6999669075012207 0.3082338571548462 0.719709316889445 0.30936869978904724 0.7331588268280029 0.29494020342826843 0.7449371019999186 0.2688545882701874 0.7491172154744467 0.24656645953655243 0.748454729715983 0.231003075838089 0.7467834949493408 0.23176944255828857 0.7226336797078451 0.23779934644699097 0.687279224395752
1 0.030639290809631348 0.5156606038411459 0.055745888501405716 0.5212413469950358 0.07184825837612152 0.5340479612350464 0.07303503900766373 0.5552342732747396 0.06201593950390816 0.5908029874165853 0.06097519397735596 0.625943104426066 0.05993933603167534 0.6445252895355225 0.04601256176829338 0.6100279887517294 0.039028100669384 0.572352925936381 0.031717296689748764 0.5379314422607422 0.03106951154768467 0.5278805494308472
1 0.11784160882234573 0.6945913632710775 0.12700656056404114 0.6940178076426188 0.14110873639583588 0.6854930718739828 0.15097832679748535 0.6861490408579508 0.17049500346183777 0.7061880429585775 0.19152970612049103 0.7276016076405843 0.19450891017913818 0.7391721407572428 0.1847432255744934 0.7539897759755453 0.1680920571088791 0.7631638844807943 0.15475133061408997 0.7640968163808187 0.14439958333969116 0.7434841791788737 0.13719266653060913 0.7245362599690756 0.127923846244812 0.709636370340983
1 0.08757532387971878 0.7156888643900553 0.10081217437982559 0.6992823282877604 0.10835032165050507 0.6984186172485352 0.11810621619224548 0.7167171637217203 0.13144205510616302 0.7323422431945801 0.13946236670017242 0.7514352003733317 0.14862242341041565 0.7674196561177572 0.13777382671833038 0.776524543762207 0.11982221901416779 0.7821549574534098 0.1007876992225647 0.7820727030436198 0.09108374267816544 0.77151091893514 0.08284586668014526 0.754586935043335 0.08035371452569962 0.7464151382446289 0.08664825558662415 0.733186403910319
1 0.03572065010666847 0.7539114952087402 0.04847043380141258 0.7341063022613525 0.061811164021492004 0.7331733703613281 0.07297629117965698 0.7539310455322266 0.08495482802391052 0.7748336791992188 0.08852986991405487 0.7887183825174967 0.08342701941728592 0.8065752188364664 0.07398767024278641 0.8181392351786295 0.06124768406152725 0.8048282464345297 0.049051593989133835 0.786094586054484 0.04233173280954361 0.770545244216919
1 0.0009765625 0.8786823749542236 0.0009765625 0.8688522974650065 0.0009765625 0.8860662778218588 0.011274615302681923 0.8985828558603922 0.025211183354258537 0.8999640146891276 0.028299162164330482 0.9104499022165934 0.028459882363677025 0.9171021779378256 0.015445495955646038 0.9147815704345703 0.0033532921224832535 0.9115213553110758 0.0009765625 0.9073217709859213 0.0009765625 0.8953854242960612
1 0.06051858887076378 0.8863889376322428 0.07206689566373825 0.895071824391683 0.09028801321983337 0.8950091203053793 0.11382464319467545 0.8914784590403239 0.11870013922452927 0.9089066982269287 0.12498489022254944 0.9287941455841064 0.10757717490196228 0.9290018876393636 0.09130918234586716 0.9261011282602946 0.07514998316764832 0.9221158027648926 0.06349288672208786 0.9145175615946451 0.05747765675187111 0.9001978238423666
1 0.12412934005260468 0.8877962430318197 0.13888420164585114 0.8727643489837646 0.15553535521030426 0.8635902404785156 0.16459153592586517 0.8641011714935303 0.16561760008335114 0.8786352475484213 0.15352047979831696 0.8919331232706705 0.1495005488395691 0.9155027866363525 0.1404394656419754 0.931549866994222 0.13117064535617828 0.9166499773661295 0.12374617159366608 0.8998711109161377
1 0.15864291787147522 0.8078439235687256 0.17177098989486694 0.7925219535827637 0.1842983067035675 0.7914439837137858 0.18960893154144287 0.8045341968536377 0.19698147475719452 0.8135763009389242 0.18781161308288574 0.8307080268859863 0.1813514679670334 0.8538424968719482 0.17386525869369507 0.8624430497487386 0.16888098418712616 0.8460992177327474 0.17094780504703522 0.8254930973052979 0.15966898202896118 0.8223779996236166 0.15581955015659332 0.819483757019043
1 0.20923928916454315 0.8069306214650472 0.22057494521141052 0.8012243906656901 0.24129308760166168 0.7927754720052084 0.2558823227882385 0.787649393081665 0.27925825119018555 0.7774665355682373 0.3049655854701996 0.7688033580780029 0.31895899772644043 0.7613631884256998 0.3210679590702057 0.7816100120544434 0.3226329982280731 0.8072794278462728 0.327669233083725 0.8313599427541097 0.33346691727638245 0.8478487332661947 0.3135053217411041 0.8652640183766683 0.2986416816711426 0.8813803990681967 0.2852960526943207 0.8988715012868246 0.27889275550842285 0.9131847222646078 0.25985822081565857 0.913102388381958 0.24321196973323822 0.9057183265686035 0.2342645525932312 0.9041229089101156 0.2278759479522705 0.868761936823527 0.22739377617835999 0.8488052686055502 0.23558948934078217 0.8248763879140218 0.23412832617759705 0.8146804173787435 0.230278879404068 0.8117861747741699
1 0.7549703121185303 0.7397560278574625 0.7746006846427917 0.7421523729960123 0.7845221757888794 0.7505451043446859 0.7841909527778625 0.7703567345937093 0.779140055179596 0.7959504127502441 0.7794615030288696 0.8092548847198486 0.7659031748771667 0.8123568693796793 0.7572821378707886 0.8075079123179117 0.7558258771896362 0.7807538509368896 0.7542039752006531 0.7639057636260986 0.7536649703979492 0.7527704238891602
1 0.6945691108703613 0.8879514535268148 0.7128519415855408 0.8625094095865885 0.7309172749519348 0.839236338933309 0.7470813989639282 0.8266635735829672 0.7615618109703064 0.8226220607757568 0.7814096808433533 0.82284943262736 0.7900876402854919 0.8188771406809489 0.7976208925247192 0.8345715204874674 0.8137232065200806 0.8473781744639078 0.8289034366607666 0.8611241976420084 0.8317738771438599 0.873779296875 0.810185432434082 0.890904426574707 0.8026424050331116 0.9083262284596761 0.8009019494056702 0.9256788094838461 0.8023630976676941 0.9358746210734049 0.7855512499809265 0.9383965333302816 0.7750290036201477 0.9442478020985922 0.7675427794456482 0.9528482755025228 0.7609787583351135 0.9605092207590739 0.7459024786949158 0.9622366428375244 0.7251323461532593 0.9629487991333008 0.7134752869606018 0.9553504784901937 0.7048022747039795 0.9427647590637207 0.6953207850456238 0.9134758313496908 0.6934813261032104 0.8987967173258463
1 0.39800965785980225 0.815200408299764 0.4202409088611603 0.8246841430664062 0.4445860683917999 0.8378566106160482 0.46340301632881165 0.8401079972585043 0.4701796770095825 0.8468360106150309 0.4764644503593445 0.8667235374450684 0.47819510102272034 0.8824871381123861 0.4627924859523773 0.8874680995941162 0.4345930218696594 0.8879594008127848 0.41534096002578735 0.8900461991628011 0.401243656873703 0.8820127646128336 0.3877471089363098 0.8597354888916016 0.380374550819397 0.8506933848063151 0.38574692606925964 0.8384041786193848 0.38916611671447754 0.8290784358978271
1 0.292829304933548 0.9145658016204834 0.3139355480670929 0.8774839242299398 0.3327574133872986 0.863177220026652 0.3475641906261444 0.8558820883433024 0.3639409840106964 0.8576983610788981 0.3798826038837433 0.8638527393341064 0.3968503177165985 0.8845412731170654 0.4080154597759247 0.9052988688151041 0.4020991921424866 0.9230107466379801 0.3964524269104004 0.9462902545928955 0.3997530937194824 0.9711652596791586 0.39123591780662537 0.9817898273468018 0.3462294936180115 0.9682448705037435 0.3241589069366455 0.9654133319854736 0.30984407663345337 0.9595490296681722 0.2992747724056244 0.9411054452260336
1 0.2490096390247345 0.9222071965535482 0.26945337653160095 0.9247486591339111 0.27921417355537415 0.9264891147613525 0.29228049516677856 0.9365465641021729 0.30030083656311035 0.9556395212809244 0.29406315088272095 0.9600468476613363 0.2710703909397125 0.9581548372904459 0.25572460889816284 0.9543145497639974 0.24281901121139526 0.9509093761444092 0.24087075889110565 0.9373148282368978
1 0.4194030463695526 0.9073294798533121 0.44326600432395935 0.9005451997121176 0.46533653140068054 0.9033767382303873 0.47498854994773865 0.9062017599741617 0.4894641637802124 0.9187183380126953 0.504157304763794 0.9290657838185629 0.5116905570030212 0.9447601636250814 0.5090798139572144 0.9707889556884766 0.5000706911087036 0.9945727984110514 0.4881652891635895 1.0 0.45468103885650635 0.9931028683980306 0.42946571111679077 0.9886066913604736 0.411083847284317 0.9820171197255453 0.4094099998474121 0.9574321905771891 0.4088190495967865 0.9385600884755453 0.4113729000091553 0.9213526248931885
1 0.5258446931838989 0.9439721902211508 0.542387068271637 0.9358826478322347 0.5503035187721252 0.9395020802815756 0.5620124936103821 0.9548370838165283 0.5754002928733826 0.9781989256540934 0.5847778916358948 0.9920143286387125 0.593342125415802 1.0 0.5924718976020813 1.0 0.5676347613334656 1.0 0.5416060090065002 1.0 0.5132458209991455 1.0 0.5088005661964417 0.9983372688293457 0.5102146863937378 0.9842383861541748 0.514721691608429 0.9640673796335856 0.5170580148696899 0.9490289688110352
1 0.6139435768127441 0.8415609995524088 0.6432779431343079 0.8545191287994385 0.6627945899963379 0.8745581309000651 0.6772701740264893 0.8870747089385986 0.6840419173240662 0.9103607336680094 0.6884823441505432 0.9321271578470866 0.6922180652618408 0.9526639779408773 0.6917261481285095 0.9658234119415283 0.6752356886863708 0.9816497961680094 0.6513727307319641 0.9884339968363444 0.6321725845336914 0.998257557551066 0.616334855556488 1.0 0.6051648259162903 1.0 0.5947043299674988 0.9838489691416422 0.5732913017272949 0.9579521814982096 0.5607169270515442 0.934735377629598 0.5512305498123169 0.9220045407613119 0.568264901638031 0.9007555643717448 0.5804188251495361 0.8786362806955973 0.5901845097541809 0.8638186454772949 0.6005460619926453 0.8513151804606119
1 0.6146512627601624 1.0 0.6382397413253784 1.0 0.6535336375236511 1.0 0.6760961413383484 1.0 0.6982235312461853 1.0 0.7103157639503479 1.0 0.7286407947540283 1.0 0.7338426113128662 1.0 0.7278323173522949 1.0 0.7200295329093933 0.9808057149251302 0.7112477421760559 0.9693044026692709 0.6993162631988525 0.9726965427398682 0.6841831207275391 0.9832452138264974 0.6718165278434753 0.9909754594167074 0.6544607281684875 0.9989200433095297 0.641498327255249 1.0 0.6313023567199707 1.0
1 0.9259674549102783 0.8839516639709473 0.9441366195678711 0.8761521180470785 0.9562288522720337 0.8794122536977133 0.9593687653541565 0.8976349830627441 0.9584936499595642 0.9228693644205729 0.9561054110527039 0.9301709334055582 0.938049852848053 0.92032790184021 0.9299727082252502 0.9100561936696371 0.9237399101257324 0.8979055086771647
1 0.8930953145027161 0.9145197868347168 0.9030217528343201 0.9063544273376465 0.9166319966316223 0.9109892050425211 0.9280146360397339 0.9295778274536133 0.9373403191566467 0.9356563886006674 0.9451479911804199 0.9403603871663412 0.9528468251228333 0.9461488723754883 0.95489901304245 0.9752169450124105 0.9489259123802185 1.0 0.928482174873352 0.9992086887359619 0.912322998046875 0.9952233632405599 0.9032148718833923 0.9869756698608398 0.8912882804870605 0.9738097190856934 0.8888009786605835 0.9490797519683838 0.8880493640899658 0.9235553741455078
1 0.9175767302513123 1.0 0.9311918616294861 1.0 0.9415484666824341 1.0 0.950169563293457 1.0 0.9502734541893005 1.0 0.9502829909324646 1.0 0.9455439448356628 1.0 0.9309027791023254 1.0 0.9224992990493774 1.0 0.9153442978858948 1.0 0.9135048389434814 1.0
1 0.8619245886802673 1.0 0.8794978857040405 1.0 0.8922427892684937 1.0 0.8995633721351624 1.0 0.9108941555023193 1.0 0.9239604473114014 1.0 0.9291104078292847 1.0 0.9116153717041016 1.0 0.8815231323242188 1.0 0.8652551174163818 1.0
1 0.960799515247345 0.6439864635467529 0.9815695881843567 0.6432743072509766 0.9879745841026306 0.6544510920842489 0.9829690456390381 0.6788495381673177 0.9734728336334229 0.6992348829905192 0.9589923620223999 0.7032763957977295 0.9354038238525391 0.6990702152252197 0.9394188523292542 0.6920586427052816 0.9564483165740967 0.6873677571614584 0.9613335728645325 0.6716798941294352
0 0.04096737504005432 0.06599526107311249 0.06841028481721878 0.05653760333855947 0.08121200650930405 0.044469237327575684 0.09873340278863907 0.026618875563144684 0.10806397348642349 0.01613941291968028 0.12346172332763672 0.02771646777788798 0.13912896811962128 0.04486121733983358 0.14882802963256836 0.0719810426235199 0.1525118499994278 0.08478114008903503 0.14079302549362183 0.10256224870681763 0.13758647441864014 0.12627692023913065 0.12028263509273529 0.14195820689201355 0.10314441472291946 0.14773366848627725 0.08085629343986511 0.1470712125301361 0.0654536560177803 0.15205222368240356 0.04961589351296425 0.16137137015660605 0.02911529690027237 0.16765121618906656 0.03655445948243141 0.1347559094429016 0.040688082575798035 0.09354368845621745
0 0.05717063695192337 0.0013020833333333333 0.07934997975826263 0.0013020833333333333 0.09654013812541962 0.0013020833333333333 0.08211161941289902 0.0013020833333333333 0.0681750476360321 0.0013020833333333333
0 0.1343279778957367 0.14225481947263083 0.16209234297275543 0.14610162377357483 0.17884737253189087 0.15240104993184408 0.1863286942243576 0.1603586475054423 0.18409626185894012 0.19087058305740356 0.17894147336483002 0.20099071661631265 0.1564358025789261 0.20249730348587036 0.13647909462451935 0.2033544977506002 0.1259049028158188 0.2014689842859904 0.12184280902147293 0.18418570359547934 0.12206526100635529 0.1654585897922516 0.1291731894016266 0.15237493316332498
0 0.1921881139278412 0.1514680782953898 0.20937825739383698 0.1534293790658315 0.22786889970302582 0.15893436471621195 0.23779040575027466 0.16732704639434814 0.25118306279182434 0.1741308569908142 0.2528049647808075 0.19097900390625 0.24840673804283142 0.2100654641787211 0.23544429242610931 0.2154815991719564 0.21787585318088531 0.20903712511062622 0.20122958719730377 0.20165316263834634 0.18995076417922974 0.19853808482487997 0.19028201699256897 0.1787264347076416
0 0.31396764516830444 0.035191796720027924 0.3230806589126587 0.026881409188111622 0.3411930203437805 0.02790321409702301 0.3550727367401123 0.038105644285678864 0.36537250876426697 0.05098152160644531 0.3686780333518982 0.05929844081401825 0.3657929599285126 0.09631757934888203 0.37191206216812134 0.12611085176467896 0.3805282413959503 0.1475179394086202 0.38198938965797424 0.1577138602733612 0.3791092038154602 0.17817493279774985 0.3600178360939026 0.18691390752792358 0.3394084572792053 0.1942782998085022 0.3246016800403595 0.20157341162363687 0.3035571575164795 0.21327590942382812 0.2770932614803314 0.21297278006871542 0.2666797935962677 0.21773950258890787 0.2603333294391632 0.22323141495386759 0.2570846378803253 0.2060931921005249 0.2601824104785919 0.1834630568822225 0.2663162052631378 0.16358213623364767 0.277273565530777 0.1533927619457245 0.2938159704208374 0.14530319968859354 0.3114461302757263 0.12636829415957132 0.32067281007766724 0.10041529933611552 0.3239881694316864 0.07561610639095306 0.31819045543670654 0.05912729104359945
0 0.38895919919013977 0.24506312608718872 0.40002045035362244 0.25034727652867633 0.4085846543312073 0.26401758193969727 0.40581321716308594 0.2833941380182902 0.3941982686519623 0.31664878129959106 0.39044293761253357 0.3623441855112712 0.3758585751056671 0.3509121735890706 0.3663721978664398 0.3381813367207845 0.3760908544063568 0.29906890789667767 0.38217270374298096 0.27145121494929
0 0.2791355848312378 0.27515697479248047 0.306843101978302 0.287825087706248 0.31442832946777344 0.311256210009257 0.3316655158996582 0.3375123341878255 0.3284589946269989 0.36122699578603107 0.3297496438026428 0.39788679281870526 0.3320712745189667 0.43252257506052655 0.3295173943042755 0.44973007837931317 0.3179073631763458 0.46642665068308514 0.30581024289131165 0.47972456614176434 0.28383868932724 0.508924643198649 0.27173179388046265 0.5553387006123861 0.267328679561615 0.5909832318623861 0.26146435737609863 0.6164318323135376 0.2434558868408203 0.6308835744857788 0.23629114031791687 0.6527884801228842 0.21725662052631378 0.6527061462402344 0.20890995860099792 0.6368667682011923 0.21260356903076172 0.6165507634480795 0.20783685147762299 0.5980379184087118 0.2116960883140564 0.5678160985310873 0.2199486345052719 0.5350658098856608 0.22407737374305725 0.5104116201400757 0.2319418489933014 0.5062943696975708 0.24604403972625732 0.49776963392893475 0.24843718111515045 0.4739099343617757 0.2369457185268402 0.45640583833058673 0.2358677089214325 0.4341350793838501 0.24748265743255615 0.4008804162343343 0.2536733150482178 0.37217819690704346 0.26598796248435974 0.3567112286885579 0.2735310196876526 0.33928942680358887 0.27326640486717224 0.3171636660893758 0.27489808201789856 0.30089569091796875 0.2764210104942322 0.28571224212646484
0 0.0009765625 0.5372623999913534 0.011978157795965672 0.5366195440292358 0.019459471106529236 0.5445771217346191 0.02915852889418602 0.571696956952413 0.036251768469810486 0.608287533124288 0.045463766902685165 0.6320087114969889 0.05489332601428032 0.6535608371098837 0.056675948202610016 0.6770612398783366 0.0483194999396801 0.6943379243214926 0.045926351100206375 0.7181976636250814 0.040010109543800354 0.7359094619750977 0.02889201231300831 0.7394466400146484 0.014468386769294739 0.73466690381368 0.0009765625 0.7138334115346273 0.0009765625 0.6979182561238607 0.0009765625 0.692125161488851 0.0009765625 0.6289432446161906 0.0009765625 0.5846225420633951 0.0009765625 0.5539654890696207
0 0.08518898487091064 0.533115029335022 0.09825530648231506 0.5431724389394125 0.10589734464883804 0.557782252629598 0.11418227106332779 0.5990009705225626 0.12550322711467743 0.6429689725240072 0.1334667205810547 0.6708832581837972 0.12484075874090195 0.6825923124949137 0.10255264490842819 0.6819298267364502 0.08926386386156082 0.69059952100118 0.078575998544693 0.7063566048940023 0.07754014432430267 0.724938710530599 0.05812733992934227 0.7203732331593832 0.05824101343750954 0.702730655670166 0.06507943570613861 0.6840793291727701 0.0725705549120903 0.6589207251866659 0.07323301583528519 0.619297464688619 0.07486960291862488 0.5864713986714681 0.0807858556509018 0.5687595208485922 0.08344850689172745 0.5504675308863322
0 0.0009765625 0.7221372922261556 0.0009765625 0.7222888469696045 0.0009765625 0.7351647218068441 0.0029671229422092438 0.7502789497375488 0.0020400492940098047 0.7677764892578125 0.0009765625 0.774636427561442 0.0009765625 0.780411958694458 0.0009765625 0.7694392999013265 0.0009765625 0.7382601896921793
0 0.0009765625 0.7950910727183024 0.0009765625 0.7872915267944336 0.0009765625 0.7815853754679362 0.015271993353962898 0.7679280440012614 0.020587515085935593 0.7644600868225098 0.029260506853461266 0.7770459651947021 0.04205244034528732 0.7980937163035074 0.05424853041768074 0.8168273766835531 0.05419169366359711 0.8256487051645914 0.04453478381037712 0.8393817742665609 0.05379872769117355 0.8708396752675375 0.048695873469114304 0.8886965910593668 0.051727015525102615 0.9080038865407308 0.05470621958374977 0.9195743401845297 0.04575882852077484 0.9179789225260416 0.038168735802173615 0.9111058712005615 0.029930856078863144 0.8941819667816162 0.017786702141165733 0.883185068766276 0.005207439884543419 0.8765262762705485 0.0009765625 0.8633604049682617 0.0009765625 0.8622693220774332 0.0009765625 0.8707246780395508 0.0009765625 0.900877316792806 0.0009765625 0.9094843864440918 0.0009765625 0.9020137786865234 0.0009765625 0.8562885920206705 0.0009765625 0.8285664717356364 0.0009765625 0.8143225510915121
0 0.3675002157688141 0.558064341545105 0.38957569003105164 0.5443378289540609 0.40860530734062195 0.5609781742095947 0.4351730942726135 0.5767548878987631 0.4790966510772705 0.584587017695109 0.5007889270782471 0.5829353332519531 0.530936598777771 0.5960385799407959 0.5595663189888 0.6077671845753988 0.5705707669258118 0.621872623761495 0.5798346996307373 0.6533306042353312 0.580912709236145 0.6756014029184977 0.5532522201538086 0.6872281233469645 0.5412119626998901 0.6917047500610352 0.5595369935035706 0.7071155707041422 0.5664175152778625 0.7293171087900797 0.5760646462440491 0.7487001419067383 0.5807226300239563 0.7682975133260092 0.5766507387161255 0.7841304143269857 0.559238076210022 0.8008962472279867 0.540851354598999 0.8108647664388021 0.5310905575752258 0.8091243108113607 0.5216041207313538 0.7963934739430746 0.5178213119506836 0.7515618006388346 0.5118110179901123 0.7206839720408121 0.49684834480285645 0.7047688961029053 0.48128989338874817 0.6865395704905192 0.46350881457328796 0.6657060384750366 0.4434482157230377 0.6510897477467855 0.4222998321056366 0.6473187208175659 0.4123214781284332 0.6477473179499308 0.39367014169692993 0.635590116182963 0.37637120485305786 0.634713331858317 0.35874590277671814 0.6370901664098104 0.3334168493747711 0.6502365271250407 0.3402552902698517 0.631585160891215 0.34904685616493225 0.6099703311920166 0.35605090856552124 0.5814131498336792
0 0.6045942306518555 0.3652043342590332 0.6317628026008606 0.36673704783121747 0.655025064945221 0.3741968075434367 0.679970920085907 0.3731253544489543 0.6878873109817505 0.3767447868982951 0.6858205199241638 0.39735086758931476 0.6735058426856995 0.41281791528066 0.6687861680984497 0.4185998837153117 0.6463373303413391 0.41128520170847577 0.6284425854682922 0.40809432665507 0.6156976819038391 0.41134142875671387 0.6005694270133972 0.4053320487340291 0.5989475250244141 0.3884838819503784
0 0.7735931277275085 0.2981932560602824 0.787529706954956 0.2995743950208028 0.7958243489265442 0.3076770106951396 0.8003735542297363 0.32835890849431354 0.8129479289054871 0.35157573223114014 0.8253615498542786 0.3681403398513794 0.8365835547447205 0.38007668654123944 0.8475879430770874 0.39418216546376544 0.855007529258728 0.4275190830230713 0.8567333817481995 0.4598407745361328 0.8471234440803528 0.4978686571121216 0.8412591814994812 0.5233172575632731 0.8344207406044006 0.5419686237970988 0.8226500153541565 0.5520129601160685 0.805402934551239 0.5588729778925577 0.7896220684051514 0.5593707958857218 0.7756384611129761 0.5336948235829672 0.76767498254776 0.5057805776596069 0.7399252653121948 0.45225954055786133 0.7367334365844727 0.426300048828125 0.7358161211013794 0.4106814463933309 0.7459601163864136 0.4003470738728841 0.7531768679618835 0.3861788908640544 0.753943145275116 0.3620290756225586 0.7588853240013123 0.33751996358235675 0.7659412622451782 0.3166995644569397
0 0.7063719630241394 0.035614967346191406 0.7341363430023193 0.039461771647135414 0.7688949108123779 0.047867536544799805 0.8008350729942322 0.05135501424471537 0.8252370357513428 0.05570619304974874 0.8072285652160645 0.07015791535377502 0.7926912307739258 0.08302073677380879 0.7930647134780884 0.1040619711081187 0.8045042157173157 0.1138292948404948 0.8101411461830139 0.12366585930188496 0.8102400898933411 0.1556974450747172 0.810074508190155 0.16560328006744385 0.7958164811134338 0.1509176790714264 0.7811802625656128 0.13174890478452048 0.7610108852386475 0.11821709076563518 0.7424682974815369 0.10497535268465678 0.7295107245445251 0.09383342663447063 0.725122332572937 0.07980376482009888 0.7286502718925476 0.06939356029033661 0.7248057723045349 0.04994124174118042 0.7193295359611511 0.046756893396377563
0 0.6848836541175842 0.4479645888010661 0.708306610584259 0.4620765447616577 0.7233780026435852 0.4769071737925212 0.7349782586097717 0.49332674344380695 0.7409935593605042 0.5076465209325155 0.748961865901947 0.5190027157465616 0.7644635438919067 0.5460532903671265 0.7766596078872681 0.564786950747172 0.794823944568634 0.5735455354054769 0.8035537004470825 0.5773100058237711 0.7995337843894958 0.6008796294530233 0.7840694189071655 0.6312400102615356 0.7805884480476379 0.6659450531005859 0.7839978933334351 0.689735492070516 0.7709217667579651 0.7127942244211832 0.7627308964729309 0.7201651732126871 0.7517784237861633 0.7137964566548666 0.75026535987854 0.6958638032277426 0.7498400211334229 0.6670858065287272 0.7296137809753418 0.662375291188558 0.7027716636657715 0.6575889587402344 0.689591646194458 0.6651741663614908 0.6852453947067261 0.6919973691304525 0.6991770267486572 0.7099366188049316 0.7027520537376404 0.7238211631774902 0.6670095324516296 0.7417343457539877 0.6466745734214783 0.7381083170572916 0.6436482667922974 0.7022430102030436 0.6217433214187622 0.6895055770874023 0.6052058935165405 0.6810371081034342 0.5892642736434937 0.674882729848226 0.5874816179275513 0.6513823668162028 0.5811969041824341 0.631494919459025 0.576756477355957 0.6097284952799479 0.6052254438400269 0.6148048639297485 0.6259387135505676 0.6229139963785807 0.6379740834236145 0.6349954207738241 0.6543459892272949 0.6533697446187338 0.6695829629898071 0.6582945982615153 0.6764733791351318 0.647379994392395 0.6765869855880737 0.6297374169031779 0.6837469339370728 0.6243905226389567 0.697522759437561 0.61911940574646 0.6995895504951477 0.5985133250554403 0.6880412697792053 0.5898305575052897 0.6744310259819031 0.5851958195368449 0.6651572585105896 0.5868539412816366 0.6601161956787109 0.5793314774831136 0.6563804149627686 0.5587946573893229 0.6644673943519592 0.535950223604838 0.6729894280433655 0.5087676445643107 0.6774964332580566 0.4885966380437215 0.679236888885498 0.4712441364924113
0 0.9293268322944641 0.7101298173268636 0.9444031715393066 0.7084024747212728 0.9663649201393127 0.712318499883016 0.9824721813201904 0.7085670630137125 0.9824303388595581 0.7097269694010416 0.972251832485199 0.7939550876617432 0.9705681800842285 0.802486260732015 0.9560877084732056 0.8065277735392252 0.9396021366119385 0.8057960669199625 0.9261006712913513 0.8000768025716146 0.9117858409881592 0.7942124207814535 0.9066928029060364 0.7789532343546549 0.9122307896614075 0.7567582130432129 0.9167377948760986 0.7365872065226237 0.924172043800354 0.7202499707539877
0 0.7969358563423157 0.7671097119649252 0.8151569962501526 0.7670470078786215 0.8248609304428101 0.7776087125142416 0.8433515429496765 0.7831137180328369 0.8540913462638855 0.7750933965047201 0.8679759502410889 0.7687377134958903 0.8846790790557861 0.7673003673553467 0.8953051567077637 0.7769227027893066 0.902025043964386 0.7924719651540121 0.9101541638374329 0.8104804356892904 0.9201276302337646 0.8266099294026693 0.9210448861122131 0.8422284921010336 0.9183254241943359 0.8693418502807617 0.9139840602874756 0.8796070416768392 0.8933746218681335 0.8869713147481283 0.8799770474433899 0.896725575129191 0.8719989657402039 0.9184854825337728 0.8706886768341064 0.9480579694112142 0.8762168288230896 0.9589790503184 0.8869468569755554 0.9840748310089111 0.8965420126914978 0.995721181233724 0.911939799785614 1.0 0.9086812734603882 1.0 0.902277946472168 1.0 0.8816166520118713 1.0 0.8699026703834534 1.0 0.8599860668182373 1.0 0.8531574606895447 0.9990244706471761 0.8386250734329224 0.9953291416168213 0.8342267870903015 1.0 0.8358487486839294 1.0 0.8420295715332031 1.0 0.8512464761734009 1.0 0.8524901270866394 1.0 0.8506976962089539 1.0 0.8262957334518433 1.0 0.7787402868270874 1.0 0.7598145604133606 1.0 0.7517893314361572 1.0 0.7438209652900696 1.0 0.7372667193412781 1.0 0.7301685810089111 0.9870293140411377 0.7305517792701721 0.97495436668396 0.7461151480674744 0.9766256014506022 0.7559847235679626 0.9772815704345703 0.7694342136383057 0.9752640724182129 0.77946937084198 0.9660141468048096 0.790209174156189 0.9579939047495524 0.8015448451042175 0.9522876739501953 0.812937319278717 0.9377601146697998 0.8188015818595886 0.9123115539550781 0.8259095549583435 0.8992279370625814 0.8395246863365173 0.8873046239217123 0.8437053561210632 0.8703871568044027 0.8379076719284058 0.8538983662923177 0.82028728723526 0.8397171497344971 0.8070602416992188 0.8230075041453043 0.8022366762161255 0.8133160273234049 0.7870565056800842 0.799569845199585 0.7910764217376709 0.7760002613067627
0 0.9308674335479736 0.8185896078745524 0.9419854879379272 0.8150524298350016 0.9577664732933044 0.8145546118418375 0.9700762033462524 0.815645694732666 0.9651340842247009 0.8401548067728678 0.9618186950683594 0.8649539947509766 0.9484779834747314 0.865886926651001 0.9374687075614929 0.8683396180470785 0.9267857670783997 0.8675386110941569 0.9274433255195618 0.8444733619689941 0.9280440211296082 0.8302293618520101
0 0.4295826852321625 0.02192901074886322 0.4324391782283783 0.004871769187351068 0.44365501403808594 0.01298181340098381 0.4775677025318146 0.028957821428775787 0.5202980637550354 0.04268730183442434 0.5302378535270691 0.05209734539190928 0.528506875038147 0.06935527920722961 0.5154061317443848 0.091459721326828 0.5029827356338501 0.10681106646855672 0.4902976155281067 0.11906068523724873 0.46106329560279846 0.14210713903109232 0.45228156447410583 0.1497064232826233 0.4353235363960266 0.14744634429613748 0.4186306297779083 0.13683214783668518 0.4219779968261719 0.10916972160339355 0.4253253936767578 0.08150731027126312 0.43328607082366943 0.05925008157889048 0.43963029980659485 0.0473973403374354 0.4368198812007904 0.03543973465760549
0 0.6908587217330933 0.1754449407259623 0.7114191055297852 0.1760560671488444 0.7320905923843384 0.1812695860862732 0.7461596131324768 0.18377826611200967 0.7644689083099365 0.18398797512054443 0.7836061120033264 0.17594393094380698 0.7917497754096985 0.16899462540944418 0.8066792488098145 0.18005816141764322 0.8218703269958496 0.19422338406244913 0.8326346278190613 0.20683550834655762 0.8260645866394043 0.22093929847081503 0.8067768812179565 0.23048404852549234 0.7875285148620605 0.2339257001876831 0.7805136442184448 0.22961978117624918 0.7768428325653076 0.20910735925038657 0.7706165313720703 0.20265076557795206 0.7514827847480774 0.1992389758427938 0.7306606769561768 0.19552614291508993 0.719366192817688 0.19962231318155924 0.7084479928016663 0.1999667485555013 0.7022969722747803 0.19275981187820435 0.6948339343070984 0.1815001368522644
0 0.4029006361961365 0.6763003667195638 0.40947067737579346 0.6621965567270914 0.4186646640300751 0.6561983029047648 0.4307083785533905 0.6560545762379965 0.44601407647132874 0.6633663574854533 0.4607928991317749 0.6759305795033773 0.4680660665035248 0.6947940190633138 0.47473713755607605 0.7196602821350098 0.48414674401283264 0.7457786401112875 0.4986964166164398 0.7720497449239095 0.5072422623634338 0.8010691006978353 0.5107659697532654 0.8116263548533121 0.49984437227249146 0.8234267234802246 0.4887756407260895 0.8252718448638916 0.4729790687561035 0.8285652001698812 0.45147964358329773 0.8316055138905843 0.4136276841163635 0.8149270216623942 0.4121292531490326 0.8070221741994222 0.42733049392700195 0.786819855372111 0.43907997012138367 0.7667657534281412 0.4387890696525574 0.7353994846343994 0.43553388118743896 0.7050321896870931 0.4143388867378235 0.6936152776082357
0 0.21497176587581635 0.6595930655797323 0.23553213477134705 0.6602041323979696 0.23909513652324677 0.6646583080291748 0.23166128993034363 0.6816631158192953 0.2296292632818222 0.7019224166870117 0.2268446385860443 0.7296851476033529 0.22751520574092865 0.7458438873291016 0.22593814134597778 0.7501451969146729 0.21168270707130432 0.7437844276428223 0.2020798772573471 0.7367258071899414 0.21338453888893127 0.6982619762420654 0.21733061969280243 0.6760527292887369
0 0.06565499305725098 0.8804277578989664 0.06240318715572357 0.8386046886444092 0.07974090427160263 0.82565704981486 0.09711792320013046 0.8066065311431885 0.10274890810251236 0.7961541016896566 0.1296142041683197 0.7910155455271403 0.1692398637533188 0.772877057393392 0.1890903264284134 0.7634326616923014 0.20121268928050995 0.7510826587677002 0.22207070887088776 0.760148286819458 0.24664562940597534 0.7607115109761556 0.2736973464488983 0.7594250837961832 0.297336608171463 0.752183755238851 0.31519776582717896 0.7454396883646647 0.32799071073532104 0.7492484251658121 0.3109540343284607 0.7591944535573324 0.25920939445495605 0.7782270908355713 0.2364339530467987 0.7825673421223959 0.21763372421264648 0.7929627895355225 0.2030738741159439 0.8010593255360922 0.19632075726985931 0.7998551527659098 0.19279709458351135 0.7892978191375732 0.17696456611156464 0.7872385183970133 0.16247998178005219 0.7945846716562907 0.15482375025749207 0.8023846944173177 0.15147975087165833 0.8185911178588867 0.15515394508838654 0.8276477654774984 0.16554534435272217 0.8325556914011637 0.1626494973897934 0.8557160695393881 0.14141181111335754 0.8618581295013428 0.12429986894130707 0.8725545406341553 0.11664365231990814 0.8803545633951823 0.09195414185523987 0.8866447607676188 0.07195653766393661 0.8861340681711832
0 0.14506569504737854 0.9396498203277588 0.15768232941627502 0.9052387873331705 0.1620013266801834 0.8907337188720703 0.17149634659290314 0.8817340532938639 0.1784033626317978 0.8699816862742106 0.18797703087329865 0.8487757841746012 0.19777648150920868 0.825318972269694 0.2068592756986618 0.8147183259328207 0.2183402180671692 0.8144741853078207 0.2202509045600891 0.8239800930023193 0.2215920239686966 0.8562973340352377 0.22559645771980286 0.8906170527140299 0.2302354872226715 0.9357426166534424 0.22831805050373077 0.949148416519165 0.19804027676582336 0.948332150777181 0.16795234382152557 0.9399120012919108
0 0.6565021872520447 1.0 0.6721875667572021 1.0 0.6890737414360046 1.0 0.7029562592506409 1.0 0.7150717973709106 1.0 0.7263988852500916 1.0 0.7305605411529541 1.0 0.7025731205940247 1.0 0.683439314365387 1.0
