1 0.5772222876548767 0.0013020833333333333 0.5632714033126831 0.03570334613323212 0.5649126768112183 0.06743478775024414 0.5690158605575562 0.09369529287020366 0.5829668045043945 0.10244879126548767 0.6026621460914612 0.09369529287020366 0.6330258846282959 0.04773940642674764 0.6609276533126831 0.0013020833333333333 0.6691340804100037 0.0013020833333333333 0.6207162737846375 0.0013020833333333333 0.6060924530029297 0.0013020833333333333 0.5862493515014648 0.0013020833333333333 0.5788635611534119 0.0013020833333333333
1 0.3129759728908539 0.682368278503418 0.3474428951740265 0.6747089227040609 0.379447877407074 0.6681438287099203 0.3933987617492676 0.6856508255004883 0.392578125 0.7009694576263428 0.39504003524780273 0.7283241748809814 0.3958607017993927 0.7534904479980469 0.3884749114513397 0.7720916271209717 0.3712414801120758 0.7764684359232584 0.35564929246902466 0.7600556214650472 0.32528558373451233 0.7370776335398356 0.31461724638938904 0.7206648190816244 0.3129759728908539 0.7009694576263428
1 0.24814534187316895 0.5718553066253662 0.26537880301475525 0.5554424921671549 0.2785090506076813 0.5521599451700846 0.28999802470207214 0.5696669419606527 0.2990250885486603 0.5981158018112183 0.2982044517993927 0.6156227986017863 0.28589484095573425 0.6506368319193522 0.27932968735694885 0.66486128171285 0.26127558946609497 0.6582961082458496 0.2538898289203644 0.647354245185852 0.25142791867256165 0.6145286162694296 0.25142791867256165 0.5981158018112183
1 0.22680869698524475 0.581702987353007 0.2112165242433548 0.5970216194788615 0.1898798644542694 0.6287530660629272 0.17018447816371918 0.6582961082458496 0.17018447816371918 0.6801799138387045 0.17428767681121826 0.7020636399586996 0.1759289652109146 0.7370776335398356 0.1759289652109146 0.7720916271209717 0.18413537740707397 0.7874102592468262 0.2005481868982315 0.7917869885762533 0.22598804533481598 0.783033529917399 0.2391183078289032 0.7720916271209717 0.2530691921710968 0.7469253540039062 0.25471046566963196 0.7009694576263428 0.2538898289203644 0.6714263757069906 0.2522485554218292 0.6604844729105631 0.24322152137756348 0.6112460692723592 0.24158021807670593 0.590456485748291 0.2391183078289032 0.57732625802358
1 0.08812040090560913 0.6889333724975586 0.1102777048945427 0.669238011042277 0.12915244698524475 0.6615786552429199 0.1480271816253662 0.6615786552429199 0.15951615571975708 0.6659554640452067 0.16690191626548767 0.7075345516204834 0.16443999111652374 0.7337950865427653 0.1693638414144516 0.778656800587972 0.17346704006195068 0.7917869885762533 0.1586955040693283 0.809294064839681 0.14064140617847443 0.8224242528279623 0.1242285966873169 0.8355545202891032 0.10863642394542694 0.8421196937561035 0.08812040090560913 0.8552498817443848 0.07827271521091461 0.849778970082601 0.07416950911283493 0.8355545202891032 0.06924566626548767 0.819141705830892 0.07088694721460342 0.783033529917399 0.06924566626548767 0.7370776335398356 0.07745207101106644 0.7108171780904134
1 0.41883862018585205 0.607963482538859 0.40078452229499817 0.6506368319193522 0.40160515904426575 0.6801799138387045 0.40406709909439087 0.7327009042104086 0.4106322228908539 0.7567729949951172 0.42294183373451233 0.7764684359232584 0.44345784187316895 0.8016347090403239 0.45330554246902466 0.8257068792978922 0.46315324306488037 0.8344603379567465 0.5041852593421936 0.8180475234985352 0.5263425707817078 0.7709974447886149 0.5337283611297607 0.7283241748809814 0.5156742334365845 0.6944043636322021 0.497620165348053 0.6561077435811361 0.4828486144542694 0.6254705190658569 0.45330554246902466 0.6145286162694296
1 0.37288275361061096 0.27642462650934857 0.36549699306488037 0.3037793238957723 0.36221441626548767 0.3366049528121948 0.35564929246902466 0.3584887186686198 0.35236671566963196 0.3727131287256877 0.3613937795162201 0.3913143475850423 0.3884749114513397 0.4066329797108968 0.4180179834365845 0.4110097090403239 0.4270450472831726 0.4110097090403239 0.4385340213775635 0.3924085299173991 0.44017529487609863 0.34973522027333576 0.4278656840324402 0.32128632068634033 0.4163767099380493 0.3048735062281291 0.39750197529792786 0.28189557790756226 0.38355109095573425 0.27642462650934857
1 0.41555607318878174 0.28189557790756226 0.4278656840324402 0.2731420596440633 0.4418165683746338 0.28189557790756226 0.4549468159675598 0.30049675703048706 0.45658808946609497 0.31581538915634155 0.4442784786224365 0.33003981908162433 0.44017529487609863 0.3333224058151245 0.4319688677787781 0.3114386399586995 0.42540374398231506 0.3015909393628438 0.4180179834365845 0.2928374409675598
1 0.580504834651947 0.6758031050364176 0.567374587059021 0.7064403692881266 0.5706571936607361 0.7294183572133383 0.5772222876548767 0.7436428070068359 0.5985589623451233 0.7523962656656901 0.614151120185852 0.757867177327474 0.6248194575309753 0.7709974447886149 0.6461561322212219 0.765526533126831 0.6625689268112183 0.7480195363362631 0.6765198111534119 0.7173822720845541 0.6658514738082886 0.6867450078328451 0.6469767689704895 0.6758031050364176 0.6207162737846375 0.6714263757069906 0.6026621460914612 0.6670496463775635
1 0.587890625 0.261106014251709 0.6190750002861023 0.25344669818878174 0.6436942219734192 0.24797574679056802 0.6691340804100037 0.24906994899113974 0.692932665348053 0.2556350628534953 0.6962152123451233 0.2643885612487793 0.7216550707817078 0.2556350628534953 0.7577632665634155 0.23703388373057047 0.7725347876548767 0.23375131686528525 0.7897682785987854 0.25672924518585205 0.8045397996902466 0.28080137570699054 0.8086429834365845 0.3037793238957723 0.8004365563392639 0.3245689074198405 0.7955127358436584 0.33441658814748126 0.7914095520973206 0.3716189463933309 0.7823824882507324 0.3880317608515422 0.7659696936607361 0.3956910769144694 0.7388885021209717 0.3978794813156128 0.7044216394424438 0.39350271224975586 0.6847262382507324 0.39678525924682617 0.6560038328170776 0.3913143475850423 0.6330258846282959 0.37490153312683105 0.6092272996902466 0.357394536336263 0.595276415348053 0.3366049528121948 0.5911731719970703 0.3026851415634155 0.5870699882507324 0.27861301104227704
1 0.6551831960678101 0.4077271620432536 0.6674928069114685 0.4077271620432536 0.6715959906578064 0.4164806604385376 0.6666721105575562 0.4383644262949626 0.6699547171592712 0.45805978775024414 0.6765198111534119 0.47009583314259845 0.6756991744041443 0.4886970520019531 0.6707753539085388 0.5171459118525187 0.665030837059021 0.5248052279154459 0.6436942219734192 0.5302761793136597 0.634667158126831 0.5171459118525187 0.6395909786224365 0.49197959899902344 0.6453354954719543 0.46790746847788495 0.651900589466095 0.4296108881632487
1 0.7864856719970703 0.823518435160319 0.7971540093421936 0.788504441579183 0.8143875002861023 0.7731858094533285 0.8291590213775635 0.7742799917856852 0.854598879814148 0.7841277122497559 0.8660878539085388 0.7950696150461832 0.875114917755127 0.809294064839681 0.8783974647521973 0.8257068792978922 0.8710116744041443 0.8552498817443848 0.8529576063156128 0.8661917845408121 0.8258764147758484 0.8694743315378824 0.8012571930885315 0.8585325082143148
1 0.6945739388465881 0.7086287339528402 0.7003183960914612 0.7359834512074789 0.7019596695899963 0.7611498037974039 0.6962152123451233 0.783033529917399 0.6937533020973206 0.7906928062438965 0.706062912940979 0.819141705830892 0.7208344340324402 0.826801061630249 0.7470949292182922 0.8410255114237467 0.7511981129646301 0.844308058420817 0.770072877407074 0.8508731524149576 0.7749966979026794 0.8464964230855306 0.7766379714012146 0.83664870262146 0.7815618515014648 0.8103882471720377 0.7864856719970703 0.788504441579183 0.8004365563392639 0.7709974447886149 0.816849410533905 0.7677148977915446 0.8324415683746338 0.7677148977915446 0.8308002948760986 0.7381718158721924 0.8217732310295105 0.7108171780904134 0.8143875002861023 0.7053461869557699 0.803719162940979 0.7097229162851969 0.7914095520973206 0.7195706367492676 0.7856650352478027 0.7250415484110514 0.7725347876548767 0.7261357307434082 0.7643283605575562 0.7217590014139811 0.7429917454719543 0.7009694576263428 0.7339646816253662 0.6922159194946289 0.7208344340324402 0.6889333724975586 0.7142692804336548 0.6911217371622721
1 0.8070017099380493 0.3453584512074788 0.8176700472831726 0.3628654479980469 0.8225938677787781 0.38146666685740155 0.8234145045280457 0.3924085299173991 0.8234145045280457 0.40553879737854004 0.8234145045280457 0.4197632074356079 0.816849410533905 0.43398765722910565 0.8078223466873169 0.44930628935496014 0.803719162940979 0.4657191038131714 0.7979746460914612 0.47337841987609863 0.7881269454956055 0.4744726022084554 0.7815618515014648 0.46681328614552814 0.775817334651947 0.4558714230855306 0.7790999412536621 0.4405527909596761 0.7790999412536621 0.4197632074356079 0.7799205780029297 0.4066329797108968 0.7856650352478027 0.39678525924682617 0.7946920990943909 0.3803724447886149 0.7996159195899963 0.3584887186686198
1 0.46807706356048584 0.32128632068634033 0.4894137382507324 0.32238052288691205 0.5050058960914612 0.32566308975219727 0.5091091394424438 0.326757272084554 0.5255219340324402 0.3431700865427653 0.537010908126831 0.3541119496027629 0.5427553653717041 0.36505385239919025 0.5435760021209717 0.3770898977915446 0.5386521816253662 0.3956910769144694 0.5386521816253662 0.4066329797108968 0.5214187502861023 0.41866902510325116 0.5041852593421936 0.41757484277089435 0.4861311614513397 0.41538647810618085 0.4557674527168274 0.41866902510325116 0.44591978192329407 0.4131980737050374 0.44345784187316895 0.39897366364796955 0.4483816921710968 0.3541119496027629 0.45002296566963196 0.3366049528121948 0.4590500295162201 0.3245689074198405
1 0.7241169810295105 0.559819221496582 0.7438123822212219 0.5532541275024414 0.7602251768112183 0.5532541275024414 0.7799205780029297 0.5685727596282959 0.7741760611534119 0.5915506680806478 0.7561219930648804 0.5959274371465048 0.7290408611297607 0.5937390724817911 0.7183725237846375 0.5838913520177206 0.7175518870353699 0.5707611242930094
1 0.8718323111534119 0.09260110060373943 0.9030166864395142 0.06634060045083363 0.9342010021209717 0.060869658986727394 0.9670266509056091 0.0630580335855484 0.9817981719970703 0.07071734964847565 0.9809775352478027 0.10463716586430867 0.978515625 0.11995579799016316 0.9629234671592712 0.13199186325073242 0.9358423352241516 0.14512211084365845 0.927635908126831 0.14949886004130045 0.9243533611297607 0.17357099056243896 0.9128643870353699 0.1965489387512207 0.8989134430885315 0.20530243714650473 0.8907070755958557 0.21186755100886026 0.893989622592926 0.24688156445821127 0.893989622592926 0.2676711281140645 0.8874245285987854 0.2687653104464213 0.8800387382507324 0.25672924518585205 0.8783974647521973 0.2162443200747172 0.8759355545043945 0.1965489387512207 0.8669084906578064 0.16481749216715494 0.8619846105575562 0.14621630311012268 0.8628053069114685 0.11995579799016316
1 0.025751706212759018 0.49854473272959393 0.0438058041036129 0.494167963663737 0.06678374111652374 0.49854473272959393 0.08319655805826187 0.5094865957895914 0.08319655805826187 0.5258994102478027 0.0823759213089943 0.5412180423736572 0.06596310436725616 0.5499715407689413 0.05283284932374954 0.5576308568318685 0.04052324220538139 0.5587250391642252 0.03231683373451233 0.5521599451700846 0.025751706212759018 0.5269935925801595
1 0.3646763265132904 0.41210389137268066 0.3999638855457306 0.42413997650146484 0.41145285964012146 0.43070511023203534 0.4106322228908539 0.4504004716873169 0.3958607017993927 0.46462492148081463 0.37698593735694885 0.4810377359390259 0.35564929246902466 0.4722842375437419 0.34251904487609863 0.4558714230855306 0.34498095512390137 0.4416469732920329 0.3581112027168274 0.4263283411661784
1 0.7150899171829224 0.6068693002065023 0.7388885021209717 0.6024925708770752 0.7659696936607361 0.603586753209432 0.7749966979026794 0.6156227986017863 0.775817334651947 0.6364123821258545 0.7816280126571655 0.6578461329142252 0.7881269454956055 0.6801799138387045 0.7676109671592712 0.6867450078328451 0.736426591873169 0.6725205580393473 0.7216550707817078 0.6593902905782064 0.7175518870353699 0.6418833335240682 0.7183725237846375 0.629847248395284 0.7167312502861023 0.6178112030029297
1 0.5772222876548767 0.7567729949951172 0.6059446930885315 0.7644323507944742 0.6198956370353699 0.7731858094533285 0.6125098466873169 0.8071056207021078 0.608406662940979 0.8475906054178873 0.5944557785987854 0.8618150552113851 0.5657333135604858 0.8661917845408121 0.5452173352241516 0.854155699412028 0.5419347286224365 0.806011438369751 0.5443966388702393 0.7928812503814697 0.554244339466095 0.778656800587972 0.5681952238082886 0.7644323507944742
1 0.8349034786224365 0.4110097090403239 0.8554195165634155 0.4077271620432536 0.8833212852478027 0.3913143475850423 0.8964515328407288 0.38474921385447186 0.9243533611297607 0.39897366364796955 0.9465106129646301 0.41538647810618085 0.9719504714012146 0.4471179246902466 0.9768743515014648 0.4722842375437419 0.9719504714012146 0.49197959899902344 0.9530757665634155 0.5138633648554484 0.9391248822212219 0.5346529086430868 0.9300978183746338 0.5488773584365845 0.8890658020973206 0.5631018082300822 0.8595227003097534 0.564195990562439 0.8398273587226868 0.5455948114395142 0.8266971111297607 0.5083924134572347 0.8160287737846375 0.4810377359390259 0.8111048936843872 0.4602481524149577 0.8275177478790283 0.4296108881632487
1 0.8406479954719543 0.08056503534317017 0.8504956960678101 0.08603597680727641 0.8587020635604858 0.09369529287020366 0.8529576063156128 0.12323835492134094 0.8488543629646301 0.19545473655064902 0.8455718159675598 0.2195268670717875 0.8373653888702393 0.2589176297187805 0.8357241153717041 0.28517812490463257 0.8250557780265808 0.29174325863520306 0.8184906840324402 0.28736650943756104 0.7971540093421936 0.25235249598821 0.7881269454956055 0.234845499197642 0.777458667755127 0.2151501178741455 0.7766379714012146 0.191077987353007 0.777458667755127 0.17794773976008096 0.7881269454956055 0.1549698015054067 0.7979746460914612 0.1352744201819102 0.8209525942802429 0.1133906642595927 0.8283383846282959 0.1013546089331309
1 0.8160287737846375 0.33113400141398114 0.8414686322212219 0.2895548939704895 0.8628053069114685 0.2862723271052043 0.8718323111534119 0.28189557790756226 0.8989134430885315 0.27204787731170654 0.9120437502861023 0.265482763449351 0.9227120280265808 0.27204787731170654 0.9268152713775635 0.27642462650934857 0.9350216388702393 0.282989760239919 0.9424074292182922 0.29721419016520184 0.9456899762153625 0.31909795602162677 0.9489725828170776 0.33551077047983807 0.9456899762153625 0.36614803473154706 0.9251739978790283 0.38365503152211505 0.8980928063392639 0.3727131287256877 0.8726529479026794 0.3858433961868286 0.8537782430648804 0.3956910769144694 0.8349034786224365 0.3956910769144694 0.829979658126831 0.3738073507944743 0.8225938677787781 0.3453584512074788
1 0.1759289652109146 0.14621630311012268 0.1833147257566452 0.16153492530186972 0.197265625 0.18451287349065146 0.203830748796463 0.21186755100886026 0.21696099638938904 0.26329437891642254 0.22024357318878174 0.2840839425722758 0.21942292153835297 0.29393164316813153 0.2005481868982315 0.29612000783284503 0.18577665090560913 0.2994025746981303 0.15459230542182922 0.2994025746981303 0.11191898584365845 0.2884606917699178 0.10863642394542694 0.261106014251709 0.1135602667927742 0.2414106329282125 0.1307937204837799 0.22171525160471597 0.14310333132743835 0.19873730341593424 0.15705423057079315 0.18013612429300943 0.17018447816371918 0.16044074296951294
1 0.0009765625 0.2643885612487793 0.016724659129977226 0.23812806606292725 0.03970259800553322 0.22390361626942953 0.054474130272865295 0.22280943393707275 0.06760438531637192 0.21843268473943075 0.08319655805826187 0.23375131686528525 0.09550616890192032 0.26657694578170776 0.099609375 0.29612000783284503 0.07745207101106644 0.30706189076105755 0.049550287425518036 0.3376991351445516 0.03888195753097534 0.35958290100097656 0.025751706212759018 0.39022016525268555 0.014262735843658447 0.4110097090403239 0.0009765625 0.4350818395614624
1 0.2456834316253662 0.1418395439783732 0.2703026533126831 0.1308976709842682 0.2875361144542694 0.14512211084365845 0.3023076355457306 0.15825235843658447 0.30723148584365845 0.16153492530186972 0.3047695755958557 0.19326637188593546 0.29656314849853516 0.2151501178741455 0.27194392681121826 0.23046875 0.2604549527168274 0.23156293233235678 0.2522485554218292 0.22499781847000122 0.24814534187316895 0.1921721895535787 0.2456834316253662 0.17028842369715372 0.2456834316253662 0.15387560923894247
1 0.24486279487609863 0.778656800587972 0.25799304246902466 0.7917869885762533 0.26866137981414795 0.806011438369751 0.2703026533126831 0.8278952439626058 0.2596343159675598 0.8607208728790283 0.2522485554218292 0.8727568785349528 0.22680869698524475 0.8629092375437418 0.21942292153835297 0.8377428849538168 0.2186022847890854 0.8125766118367513 0.21696099638938904 0.7928812503814697
1 0.8357241153717041 0.6003041664759318 0.8619846105575562 0.5827971696853638 0.888245165348053 0.57732625802358 0.9194294810295105 0.5740436712900797 0.9300978183746338 0.5806088050206503 0.9432280659675598 0.5970216194788615 0.957999587059021 0.6232821146647135 0.9637441039085388 0.6451658805211385 0.965385377407074 0.6637670993804932 0.957999587059021 0.6801799138387045 0.9350216388702393 0.6987810929616293 0.9112230539321899 0.7075345516204834 0.8759355545043945 0.7119113604227701 0.8439305424690247 0.695498545964559 0.829979658126831 0.6856508255004883 0.8308002948760986 0.66486128171285 0.8324415683746338 0.6396949291229248
1 0.6765198111534119 0.0013020833333333333 0.7454536557197571 0.0013020833333333333 0.7585839033126831 0.07399991154670715 0.7618664503097534 0.09588366746902466 0.7692522406578064 0.13636861244837442 0.7733554244041443 0.1571581761042277 0.7733554244041443 0.1768535574277242 0.7692522406578064 0.2009256879488627 0.7651490569114685 0.21733850240707397 0.7536600828170776 0.22937456766764322 0.7257582545280457 0.24031643072764078 0.7036009430885315 0.24797574679056802 0.6880087852478027 0.23922224839528403 0.6732372641563416 0.21733850240707397 0.6560038328170776 0.18341867129007974 0.614151120185852 0.11120228966077168 0.6133304834365845 0.09807204206784566 0.6174336671829224 0.09150691827138265 0.6494386792182922 0.036797533432642617 0.665030837059021 0.01272540291150411
1 0.5115710496902466 0.11120228966077168 0.5296251177787781 0.1057313581307729 0.5567062497138977 0.1035429835319519 0.5764016509056091 0.10791973272959392 0.5755810141563416 0.12542672952016196 0.5649126768112183 0.1571581761042277 0.5624507665634155 0.191077987353007 0.5583475828170776 0.20311405261357626 0.5419347286224365 0.1670058568318685 0.5304457545280457 0.14512211084365845 0.5230600237846375 0.13636861244837442 0.516494870185852 0.13636861244837442 0.5091091394424438 0.12542672952016196
1 0.5755810141563416 0.269859512646993 0.5534237027168274 0.28080137570699054 0.5279838442802429 0.2950258255004883 0.5214187502861023 0.31253282229105633 0.537010908126831 0.33441658814748126 0.5460379719734192 0.34645263353983563 0.5657333135604858 0.34098172187805176 0.5796841979026794 0.33441658814748126 0.5862493515014648 0.31909795602162677 0.5813254714012146 0.29721419016520184 0.582146167755127 0.28080137570699054
1 0.08729976415634155 0.5018272797266642 0.11109834909439087 0.4908854166666667 0.1586955040693283 0.4930737813313802 0.22762933373451233 0.48650864760080975 0.2703026533126831 0.4744726022084554 0.3162585198879242 0.45805978775024414 0.32200300693511963 0.46462492148081463 0.3055902123451233 0.4843202829360962 0.29738378524780273 0.4908854166666667 0.2637375295162201 0.5138633648554484 0.22680869698524475 0.5488773584365845 0.21367843449115753 0.5609134435653687 0.18741793930530548 0.5740436712900797 0.16361935436725616 0.5926448901494344 0.14392398297786713 0.5959274371465048 0.11766347289085388 0.5926448901494344 0.10371258109807968 0.5838913520177206 0.09468553215265274 0.5685727596282959 0.08976168930530548 0.5532541275024414 0.09222360700368881 0.5379354953765869 0.09304425120353699 0.5215226809183756
1 0.0027737654745578766 0.6429775158564249 0.021648503839969635 0.6221879323323568 0.03642003610730171 0.5937390724817911 0.04544708505272865 0.5784204403559366 0.05939798057079315 0.5740436712900797 0.09222360700368881 0.5849855740865072 0.10945706069469452 0.607963482538859 0.12094603478908539 0.6309414307276408 0.11191898584365845 0.6451658805211385 0.08319655805826187 0.669238011042277 0.06760438531637192 0.699875275293986 0.06760438531637192 0.7239473660786947 0.06350117921829224 0.7436428070068359 0.06021861732006073 0.7731858094533285 0.061039261519908905 0.8103882471720377 0.06268054246902466 0.8300836086273193 0.05037092790007591 0.849778970082601 0.03149619325995445 0.83664870262146 0.019186580553650856 0.8169533411661783 0.012621454894542694 0.7797509829203287 0.0011324845254421234 0.7436428070068359 0.0009765625 0.7316067218780518 0.0009765625 0.6889333724975586 0.0009765625 0.6561077435811361
1 0.30641084909439087 0.6156227986017863 0.35975250601768494 0.5827971696853638 0.3819097876548767 0.5652901728947958 0.3999638855457306 0.5576308568318685 0.40488773584365845 0.5631018082300822 0.4073496460914612 0.5882681210835775 0.4024258255958557 0.629847248395284 0.39421939849853516 0.6451658805211385 0.3819097876548767 0.6550135612487793 0.3515460789203644 0.6604844729105631 0.3261062204837799 0.6714263757069906 0.30312827229499817 0.6845566431681315 0.2908186614513397 0.6965927282969157 0.27522650361061096 0.6965927282969157 0.27522650361061096 0.6878391901652018 0.2990250885486603 0.6462600628534952
1 0.4623325765132904 0.4285167058308919 0.49187564849853516 0.4296108881632487 0.5115710496902466 0.43727020422617596 0.5197774171829224 0.4602481524149577 0.5197774171829224 0.5018272797266642 0.5156742334365845 0.542312224706014 0.5148535966873169 0.5532541275024414 0.5074678063392639 0.5696669419606527 0.4861311614513397 0.5827971696853638 0.4738215506076813 0.594833254814148 0.4590500295162201 0.6003041664759318 0.4418165683746338 0.5970216194788615 0.4311482310295105 0.5915506680806478 0.4245831072330475 0.57732625802358 0.4180179834365845 0.5565366744995117 0.4180179834365845 0.5357471307118734 0.4204799234867096 0.5138633648554484 0.43278953433036804 0.4843202829360962 0.44263720512390137 0.4711900552113851 0.4483816921710968 0.4602481524149577 0.4524849057197571 0.44821210702260333
1 0.288356751203537 0.5280878146489462 0.32446494698524475 0.5269935925801595 0.3531873822212219 0.502921462059021 0.37288275361061096 0.4876028696695964 0.4073496460914612 0.4690016508102417 0.41473543643951416 0.47009583314259845 0.41965925693511963 0.4843202829360962 0.41555607318878174 0.5018272797266642 0.4065290093421936 0.5269935925801595 0.39421939849853516 0.546688993771871 0.3786272406578064 0.559819221496582 0.36303505301475525 0.5674785375595093 0.34908416867256165 0.5751378536224365 0.3302094340324402 0.5860797564188639 0.31707918643951416 0.5926448901494344 0.3096933960914612 0.5893623034159342 0.30394890904426575 0.5718553066253662 0.294921875 0.5543483098347982 0.28917738795280457 0.542312224706014
1 0.2538898289203644 0.3387933174769084 0.2661994397640228 0.2994025746981303 0.2768677771091461 0.265482763449351 0.2908186614513397 0.24797574679056802 0.3023076355457306 0.23265713453292847 0.32774749398231506 0.23703388373057047 0.35646992921829224 0.24250481526056925 0.3605731427669525 0.24797574679056802 0.3613937795162201 0.269859512646993 0.35646992921829224 0.3037793238957723 0.3540080189704895 0.3278514544169108 0.3474428951740265 0.36505385239919025 0.3375951945781708 0.36833639939626056 0.3203617334365845 0.36943058172861737 0.2941012382507324 0.36614803473154706 0.2785090506076813 0.3617712656656901 0.26127558946609497 0.3475468158721924
1 0.12504923343658447 0.4755667845408122 0.15705423057079315 0.4591539700826009 0.197265625 0.4471179246902466 0.21039587259292603 0.43617602189381915 0.22598804533481598 0.4197632074356079 0.23747701942920685 0.3924085299173991 0.2538898289203644 0.36833639939626056 0.2637375295162201 0.36614803473154706 0.28343290090560913 0.3705247640609741 0.30312827229499817 0.37490153312683105 0.33103007078170776 0.3803724447886149 0.34251904487609863 0.3803724447886149 0.34826353192329407 0.3880317608515422 0.34908416867256165 0.41429229577382404 0.3441603183746338 0.4230457941691081 0.3359539210796356 0.43617602189381915 0.3187204599380493 0.4471179246902466 0.30394890904426575 0.45258883635203045 0.2809709906578064 0.45805978775024414 0.26784074306488037 0.46134233474731445 0.23665638267993927 0.47337841987609863 0.22024357318878174 0.47666096687316895 0.2079339474439621 0.4799435536066691 0.19152113795280457 0.48213191827138263 0.16526064276695251 0.48213191827138263 0.14556525647640228 0.48213191827138263
1 0.7544807195663452 0.0013020833333333333 0.8357241153717041 0.0013020833333333333 0.8414686322212219 0.005066089332103729 0.8365447521209717 0.044456844528516136 0.8258764147758484 0.07181153694788615 0.8012571930885315 0.11995579799016316 0.7823824882507324 0.13965116937955221 0.7749966979026794 0.11667323112487793 0.7717141509056091 0.09150691827138265 0.7667903304100037 0.059775471687316895 0.762687087059021 0.02804403007030487 0.756942629814148 0.005066089332103729
1 0.8529576063156128 0.0013020833333333333 0.8702484965324402 0.0013020833333333333 0.9218913912773132 0.0013020833333333333 0.9424074292182922 0.0013020833333333333 0.9645647406578064 0.0013020833333333333 0.9850807785987854 0.0013020833333333333 0.9867220520973206 0.01272540291150411 0.9891839623451233 0.036797533432642617 0.9875426888465881 0.05211616059144338 0.9891839623451233 0.060869658986727394 0.9760537147521973 0.05539872248967489 0.9538964033126831 0.05539872248967489 0.9128643870353699 0.05649290978908539 0.9038373231887817 0.059775471687316895 0.8890658020973206 0.06524641315142314 0.8841419219970703 0.06852897504965465 0.8726529479026794 0.07399991154670715 0.8644465804100037 0.0794708530108134 0.8529576063156128 0.07181153694788615 0.8398273587226868 0.06743478775024414 0.8414686322212219 0.046645219127337136 0.8447511792182922 0.03132659196853638 0.8463924527168274 0.018196341892083485 0.8496749997138977 0.006160276631514232
1 0.9046579599380493 0.25235249598821 0.9046579599380493 0.21733850240707397 0.9300978183746338 0.1965489387512207 0.9481519460678101 0.16262910763422647 0.965385377407074 0.1484046777089437 0.9817981719970703 0.1418395439783732 0.9875426888465881 0.14949886004130045 0.9892578125 0.1662691036860148 0.9891839623451233 0.19873730341593424 0.9867220520973206 0.23812806606292725 0.9826188087463379 0.25782344738642377 0.9719504714012146 0.27533044417699176 0.9588202238082886 0.2862723271052043 0.9497932195663452 0.28189557790756226 0.9358423352241516 0.2643885612487793 0.914505660533905 0.25344669818878174
1 0.952255129814148 0.3037793238957723 0.9760537147521973 0.2862723271052043 0.985901415348053 0.27751882870992023 0.9892578125 0.33032651742299396 0.9891839623451233 0.3770898977915446 0.984260082244873 0.4230457941691081 0.9826188087463379 0.43617602189381915 0.9678472876548767 0.4219516118367513 0.9514344930648804 0.40553879737854004 0.9374836087226868 0.3924085299173991 0.9456899762153625 0.3727131287256877 0.9555376768112183 0.3606770833333333 0.957999587059021 0.34645263353983563 0.9571789503097534 0.3278514544169108
1 0.9383042454719543 0.7075345516204834 0.965385377407074 0.6856508255004883 0.9744124412536621 0.6593902905782064 0.978515625 0.6407891114552816 0.9875426888465881 0.6320356130599976 0.9883633255958557 0.651731014251709 0.9875426888465881 0.6867450078328451 0.9891839623451233 0.7228531837463379 0.9850807785987854 0.7633381684621176 0.984260082244873 0.7994463443756104 0.9850807785987854 0.8224242528279623 0.972771167755127 0.8103882471720377 0.9424074292182922 0.7895986239115397 0.9325597286224365 0.7633381684621176 0.9358423352241516 0.7392659982045492
1 0.8907070755958557 0.8147649765014648 0.8997341394424438 0.8005405267079672 0.9128643870353699 0.7917869885762533 0.9309184551239014 0.7994463443756104 0.9530757665634155 0.813670794169108 0.9735918045043945 0.8344603379567465 0.9817981719970703 0.8486847877502441 0.9891839623451233 0.8869813283284506 0.9514344930648804 0.8902639547983805 0.9202501177787781 0.8869813283284506 0.8956308960914612 0.8847929636637369 0.8923483490943909 0.867285966873169 0.886603832244873 0.8552498817443848 0.8898864388465881 0.8333661556243896
1 0.8332622051239014 0.7042520046234131 0.8463924527168274 0.7119113604227701 0.8775768280029297 0.7184764544169108 0.8997341394424438 0.7217590014139811 0.9268152713775635 0.7217590014139811 0.927635908126831 0.7272299925486246 0.9235326647758484 0.7808451652526855 0.9079405069351196 0.7895986239115397 0.888245165348053 0.7928812503814697 0.8660878539085388 0.783033529917399 0.8513163328170776 0.7699032624562582 0.8439305424690247 0.7633381684621176 0.8390067219734192 0.7359834512074789 0.8357241153717041 0.7162880897521973
1 0.05611541122198105 0.1374627947807312 0.07334887236356735 0.11557904879252116 0.09796809405088425 0.1057313581307729 0.11602218449115753 0.11448485652605693 0.13735884428024292 0.12323835492134094 0.1586955040693283 0.13855698704719543 0.16115742921829224 0.14621630311012268 0.14228269457817078 0.17357099056243896 0.1275111585855484 0.19873730341593424 0.10617449879646301 0.23156293233235678 0.09222360700368881 0.22718618313471475 0.07909335941076279 0.2107733686765035 0.06432182341814041 0.18779544035593668 0.061039261519908905 0.1670058568318685
1 0.1168428361415863 0.06852897504965465 0.1447446197271347 0.04008009533087412 0.15623359382152557 0.018196341892083485 0.15951615571975708 0.008348652472098669 0.17018447816371918 0.0013020833333333333 0.21942292153835297 0.0013020833333333333 0.24404215812683105 0.0013020833333333333 0.2637375295162201 0.0013020833333333333 0.25881367921829224 0.016007964809735615 0.25060728192329407 0.029138217369715374 0.25060728192329407 0.045551031827926636 0.24896597862243652 0.059775471687316895 0.23665638267993927 0.08056503534317017 0.2177816480398178 0.1013546089331309 0.2005481868982315 0.11776742339134216 0.18495601415634155 0.12761510411898294 0.17346704006195068 0.13636861244837442 0.16361935436725616 0.12870929638544717 0.1480271816253662 0.11886160572369893 0.12340795993804932 0.10791973272959392 0.10781577974557877 0.09369529287020366
1 0.06185989826917648 0.34426426887512207 0.10043001919984818 0.3169095714886983 0.11848410964012146 0.3015909393628438 0.1488478183746338 0.30596770842870075 0.2079339474439621 0.3114386399586995 0.2218848466873169 0.30925025542577106 0.23501509428024292 0.33003981908162433 0.24322152137756348 0.35520613193511963 0.22927060723304749 0.3759957154591878 0.2218848466873169 0.39897366364796955 0.21203716099262238 0.41538647810618085 0.1865973025560379 0.4317992925643921 0.16361935436725616 0.4416469732920329 0.13243500888347626 0.45805978775024414 0.11438091099262238 0.46681328614552814 0.10207130014896393 0.4744726022084554 0.09058232605457306 0.4799435536066691 0.07663143426179886 0.48213191827138263 0.05857733637094498 0.47666096687316895 0.05283284932374954 0.4722842375437419 0.04790900647640228 0.4591539700826009 0.04872964695096016 0.4285167058308919 0.054474130272865295 0.3956910769144694 0.05939798057079315 0.3563003142674764
1 0.36549699306488037 0.7917869885762533 0.3933987617492676 0.7808451652526855 0.40078452229499817 0.7731858094533285 0.41227349638938904 0.778656800587972 0.42622441053390503 0.7950696150461832 0.4352514445781708 0.8125766118367513 0.43607208132743835 0.8213300704956055 0.4278656840324402 0.8355545202891032 0.4245831072330475 0.8486847877502441 0.40817031264305115 0.8552498817443848 0.39832261204719543 0.8563440640767416 0.38437172770500183 0.8563440640767416 0.3671382665634155 0.867285966873169 0.36303505301475525 0.874945322672526 0.35564929246902466 0.8858871459960938 0.33103007078170776 0.8891696929931641 0.3096933960914612 0.8847929636637369 0.3047695755958557 0.8826045989990234 0.301486998796463 0.8585325082143148 0.29738378524780273 0.849778970082601 0.30066636204719543 0.8399312496185303 0.31707918643951416 0.8278952439626058 0.3474428951740265 0.809294064839681 0.35564929246902466 0.8005405267079672
1 0.5649126768112183 0.3541119496027629 0.5854287147521973 0.34645263353983563 0.6034827828407288 0.3672422170639038 0.6330258846282959 0.38474921385447186 0.6461561322212219 0.40225621064503986 0.6371290683746338 0.44274115562438965 0.6272813677787781 0.5379354953765869 0.6527212262153625 0.542312224706014 0.6683134436607361 0.5401238600413004 0.6847262382507324 0.5455948114395142 0.6978564858436584 0.5521599451700846 0.7101660966873169 0.5620076258977255 0.7126280069351196 0.5806088050206503 0.7085248231887817 0.5992099841435751 0.7077041864395142 0.6134344339370728 0.7068835496902466 0.629847248395284 0.6953945755958557 0.6353181997934977 0.6822643280029297 0.6407891114552816 0.6625689268112183 0.6451658805211385 0.6461561322212219 0.638600746790568 0.6281020045280457 0.6221879323323568 0.6125098466873169 0.607963482538859 0.5928144454956055 0.5849855740865072 0.5739397406578064 0.5631018082300822 0.5476792454719543 0.5499715407689413 0.537010908126831 0.5455948114395142 0.5320870280265808 0.5269935925801595 0.5353696346282959 0.494167963663737 0.5296251177787781 0.4602481524149577 0.5279838442802429 0.44930628935496014 0.5312663912773132 0.4383644262949626 0.5476792454719543 0.41757484277089435 0.5526030659675598 0.3880317608515422 0.5558856129646301 0.3716189463933309 0.5583475828170776 0.36505385239919025
1 0.6789817214012146 0.5182400941848755 0.691291332244873 0.49635636806488037 0.7019596695899963 0.48213191827138263 0.719193160533905 0.4788493712743123 0.7380678653717041 0.4722842375437419 0.7511981129646301 0.46681328614552814 0.7602251768112183 0.4657191038131714 0.770072877407074 0.47337841987609863 0.7897682785987854 0.48650864760080975 0.803719162940979 0.49197959899902344 0.8119255304336548 0.5072982311248779 0.8250557780265808 0.5412180423736572 0.8332622051239014 0.5499715407689413 0.8414686322212219 0.5718553066253662 0.8439305424690247 0.57732625802358 0.829979658126831 0.590456485748291 0.8225938677787781 0.594833254814148 0.8078223466873169 0.5871739387512207 0.7971540093421936 0.581702987353007 0.7856650352478027 0.564195990562439 0.7610458135604858 0.5488773584365845 0.7380678653717041 0.5445006291071574 0.7249376177787781 0.5434064070383707 0.7134486436843872 0.5488773584365845 0.6994977593421936 0.5445006291071574 0.6789817214012146 0.53355872631073
1 0.49269628524780273 0.11120228966077168 0.4721802771091461 0.1418395439783732 0.43935465812683105 0.15606398383776346 0.4171973466873169 0.17466517289479574 0.399143248796463 0.19326637188593546 0.39011621475219727 0.22280943393707275 0.39504003524780273 0.26329437891642254 0.40160515904426575 0.2731420596440633 0.4130941331386566 0.26657694578170776 0.42868632078170776 0.2676711281140645 0.4450991451740265 0.274236261844635 0.45412617921829224 0.28189557790756226 0.4647945165634155 0.29174325863520306 0.46807706356048584 0.3081560730934143 0.48859310150146484 0.31253282229105633 0.5132123231887817 0.31253282229105633 0.5255219340324402 0.282989760239919 0.5517824292182922 0.26001181205113727 0.5739397406578064 0.25672924518585205 0.5632714033126831 0.22280943393707275 0.5493205189704895 0.20420825481414795 0.5271632075309753 0.16044074296951294 0.5173155069351196 0.1484046777089437 0.503364622592926 0.1308976709842682
1 0.5903525352478027 0.11120228966077168 0.6018415093421936 0.10791973272959392 0.614151120185852 0.12870929638544717 0.6231781840324402 0.14402792851130167 0.6379497051239014 0.17028842369715372 0.6436942219734192 0.19983148574829102 0.6461561322212219 0.21186755100886026 0.6395909786224365 0.22171525160471597 0.6297432780265808 0.22937456766764322 0.6190750002861023 0.24031643072764078 0.6002002358436584 0.2501641313234965 0.582146167755127 0.2501641313234965 0.5706571936607361 0.2195268670717875 0.5706571936607361 0.20420825481414795 0.5772222876548767 0.1637233098347982 0.5829668045043945 0.1418395439783732
1 0.0717075914144516 0.8804162343343099 0.09468553215265274 0.8650976022084554 0.16854320466518402 0.8103882471720377 0.1800321638584137 0.7994463443756104 0.20136882364749908 0.8049172560373942 0.20875459909439087 0.806011438369751 0.21367843449115753 0.8257068792978922 0.2144990861415863 0.8475906054178873 0.21942292153835297 0.8585325082143148 0.22024357318878174 0.8705685138702393 0.21285779774188995 0.8804162343343099 0.20629267394542694 0.8858871459960938 0.17757025361061096 0.8869813283284506 0.1554129421710968 0.8935465017954508 0.1275111585855484 0.8913581371307373 0.10207130014896393 0.8902639547983805 0.07827271521091461 0.8891696929931641
1 0.32774749398231506 0.0017835261921087902 0.32200300693511963 0.04008009533087412 0.3302094340324402 0.07071734964847565 0.33103007078170776 0.08603597680727641 0.3375951945781708 0.09807204206784566 0.35975250601768494 0.10463716586430867 0.38355109095573425 0.11229648192723592 0.392578125 0.12323835492134094 0.37042081356048584 0.14402792851130167 0.3367745578289032 0.15059305230776468 0.32856816053390503 0.15825235843658447 0.3187204599380493 0.17794773976008096 0.31051406264305115 0.19545473655064902 0.3096933960914612 0.2151501178741455 0.31461724638938904 0.22499781847000122 0.3359539210796356 0.23046875 0.35646992921829224 0.22828036546707153 0.38355109095573425 0.20749080181121826 0.40406709909439087 0.1670058568318685 0.4204799234867096 0.1549698015054067 0.45002296566963196 0.1330860455830892 0.477104127407074 0.11667323112487793 0.48531052470207214 0.08056503534317017 0.49844080209732056 0.05758709708849589 0.5132123231887817 0.03570334613323212 0.5337283611297607 0.02804403007030487 0.5476792454719543 0.011631214370330175 0.5534237027168274 0.0013020833333333333 0.5247012972831726 0.0013020833333333333 0.46807706356048584 0.0013020833333333333 0.4245831072330475 0.0013020833333333333 0.3679589033126831 0.0013020833333333333 0.3531873822212219 0.0013020833333333333 0.3367745578289032 0.0013020833333333333
1 0.6814436912536621 0.4066329797108968 0.711807370185852 0.40882134437561035 0.7290408611297607 0.40882134437561035 0.7487362027168274 0.40882134437561035 0.7635077238082886 0.4164806604385376 0.7667903304100037 0.43398765722910565 0.7659696936607361 0.4471179246902466 0.749556839466095 0.4569656054178874 0.7257582545280457 0.46462492148081463 0.7052422761917114 0.4690016508102417 0.6888294219970703 0.4799435536066691 0.6830849647521973 0.45477724075317383 0.679802417755127 0.4263283411661784
1 0.5099297761917114 0.57732625802358 0.5214187502861023 0.5674785375595093 0.5361902713775635 0.5674785375595093 0.5599888563156128 0.5784204403559366 0.5731191039085388 0.5871739387512207 0.5960970520973206 0.5981158018112183 0.614151120185852 0.6189053853352865 0.6182543039321899 0.6265647013982137 0.6289226412773132 0.6320356130599976 0.6420528888702393 0.647354245185852 0.6420528888702393 0.6539193789164225 0.6108685731887817 0.6604844729105631 0.5837874412536621 0.6604844729105631 0.5583475828170776 0.6572019259134928 0.5394728183746338 0.6429775158564249 0.5197774171829224 0.6199995676676432 0.5115710496902466 0.5970216194788615
1 0.5599888563156128 0.0013020833333333333 0.5517824292182922 0.022573091089725494 0.5394728183746338 0.03460915386676788 0.5189567804336548 0.044456844528516136 0.5099297761917114 0.05539872248967489 0.5025439858436584 0.07728247841199239 0.5009027123451233 0.09150691827138265 0.5058265328407288 0.09807204206784566 0.5181361436843872 0.10026041666666667 0.5353696346282959 0.09588366746902466 0.5501411557197571 0.09150691827138265 0.5534237027168274 0.08494178454081218 0.5567062497138977 0.06634060045083363 0.554244339466095 0.051021973292032875 0.5575269460678101 0.024761468172073364
1 0.7950164079666138 0.6809475421905518 0.7895035147666931 0.6515456835428873 0.7855657935142517 0.616893490155538 0.7847782373428345 0.5895917415618896 0.7895035147666931 0.5832913319269816 0.810767412185669 0.6011424859364828 0.8241557478904724 0.6105930805206299 0.8265184164047241 0.633694569269816 0.8241557478904724 0.6725470225016276 0.8241557478904724 0.6840977668762207 0.8170678019523621 0.6893481413523356 0.8028919100761414 0.6882980664571127
1 0.6186050772666931 0.8521085580190023 0.6186050772666931 0.8227066198984782 0.6359311938285828 0.7943548361460367 0.6587701439857483 0.7849042415618896 0.6808215975761414 0.7922546863555908 0.6902721524238586 0.813256025314331 0.7083858251571655 0.8311072190602621 0.7383127808570862 0.8479082584381104 0.7469757795333862 0.8647093772888184 0.7446131706237793 0.8888608614603678 0.7178364396095276 0.8920110861460367 0.6902721524238586 0.8930611610412598 0.6768838167190552 0.8804603417714437 0.6697958707809448 0.8689095973968506 0.6524697542190552 0.8668094476064047 0.6319934725761414 0.8657593727111816 0.6264805793762207 0.8615591526031494
