1 0.0009765625 0.39556169509887695 0.0009765625 0.363861083984375 0.0009765625 0.34836939970652264 0.0009765625 0.32414637009302777 0.0009765625 0.31610145171483356 0.006150843109935522 0.3523505926132202 0.016357585787773132 0.3672329584757487 0.010726267471909523 0.389312744140625 0.0009765625 0.4161665042241414 0.0009765625 0.445838729540507 0.0009765625 0.4593440691630046 0.0009765625 0.4515288670857747 0.0009765625 0.4328194459279378 0.0009765625 0.413496454556783
1 0.0014566374011337757 0.43827712535858154 0.028678176924586296 0.38234925270080566 0.049905925989151 0.36221381028493244 0.0864306390285492 0.393543283144633 0.12274520844221115 0.4519184430440267 0.11333480477333069 0.4794740676879883 0.09959902614355087 0.49498116970062256 0.07472458481788635 0.5079457759857178 0.04635579511523247 0.5270725886027018 0.040201276540756226 0.5154765446980795 0.045887235552072525 0.4951492150624593 0.03744342550635338 0.48613770802815753 0.024257121607661247 0.4770379463831584 0.015298509038984776 0.4684060414632161 0.007150976452976465 0.45200518767038983
1 0.0009765625 0.31232062975565594 0.008481870405375957 0.2910776138305664 0.05565285682678223 0.2593765656153361 0.07212655991315842 0.24722862243652344 0.08440406620502472 0.2525167465209961 0.0773375928401947 0.2792402704556783 0.08440089970827103 0.2946479320526123 0.09352339804172516 0.3085371057192485 0.08830917626619339 0.31865666309992474 0.06858277320861816 0.32782502969106037 0.054113660007715225 0.33670202891031903 0.04312734305858612 0.3474925756454468 0.03341227397322655 0.34838207562764484 0.02255835197865963 0.3465259869893392 0.01468396931886673 0.3388872941335042 0.009668325074017048 0.33003687858581543 0.0024180160835385323 0.3255234162012736
1 0.11039946228265762 0.3346358935038249 0.12296486645936966 0.29847921927769977 0.13281233608722687 0.28494306405385333 0.1500193476676941 0.2794252236684163 0.1634472906589508 0.27938322226206463 0.17640350759029388 0.28954901297887164 0.18662181496620178 0.29635562499364215 0.193762868642807 0.2973642349243164 0.1977919638156891 0.31680206457773846 0.21635638177394867 0.3210395773251851 0.219488263130188 0.3285900155703227 0.20495298504829407 0.34379033247629803 0.19597123563289642 0.35130993525187176 0.1687644124031067 0.3570309082667033 0.14218169450759888 0.36587707201639813 0.12054001539945602 0.35584155718485516
1 0.2010793685913086 0.29555437962214154 0.21338000893592834 0.2846909960110982 0.22157377004623413 0.2687888542811076 0.22810234129428864 0.2585964600245158 0.23999741673469543 0.25161757071812946 0.23981040716171265 0.2625117897987366 0.23099257051944733 0.2752886811892192 0.2339489907026291 0.2856575846672058 0.2306731790304184 0.29882951577504474 0.2212858945131302 0.31023361285527545 0.20688296854496002 0.3127873142560323 0.20060761272907257 0.3057621916135152
1 0.12937895953655243 0.20859535535176596 0.15291593968868256 0.2118550936381022 0.1688748300075531 0.20008679231007895 0.1868382841348648 0.1850475867589315 0.19582003355026245 0.17752796411514282 0.18057450652122498 0.1699466904004415 0.164791077375412 0.17889654636383057 0.1433994323015213 0.19377466042836508
1 0.11861114948987961 0.22639562686284384 0.1301668882369995 0.2169779141743978 0.14581795036792755 0.22067469358444214 0.14889520406723022 0.22647269566853842 0.143166184425354 0.23697185516357422 0.12716422975063324 0.23891198635101318
1 0.17332105338573456 0.20756439367930093 0.1993459165096283 0.18926966190338135 0.21527011692523956 0.20172860225041708 0.21817190945148468 0.2103450894355774 0.20123803615570068 0.22462507088979086 0.19077809154987335 0.22696022192637125 0.182564377784729 0.21688268582026163
1 0.2197541743516922 0.1428477962811788 0.2443554550409317 0.12112103899319966 0.27084049582481384 0.10069423913955688 0.2810472249984741 0.11557661493619283 0.2858874201774597 0.12724547584851584 0.2898072600364685 0.14317845304807028 0.29081374406814575 0.15857070684432983 0.28364959359169006 0.17371360460917154 0.2745354473590851 0.19387986262639365 0.26662641763687134 0.21046839157740274 0.25748077034950256 0.21273072560628256 0.24858835339546204 0.19777552286783853 0.24273011088371277 0.1787901520729065 0.23640014231204987 0.17001259326934814 0.22920449078083038 0.16725154717763266 0.22573323547840118 0.1572622756163279
1 0.2864736318588257 0.19672914346059164 0.2981187105178833 0.164836585521698 0.31201839447021484 0.15458678205808005 0.32510697841644287 0.15210593740145364 0.32776713371276855 0.16986417770385742 0.32990092039108276 0.19607780377070108 0.3366248607635498 0.20904664198557535 0.3440937101840973 0.2205698291460673 0.34789273142814636 0.2410736878712972 0.34796732664108276 0.2688058018684387 0.34036609530448914 0.2699292500813802 0.33163756132125854 0.26023133595784503 0.3178586959838867 0.265910267829895 0.3099181354045868 0.26459487279256183 0.3003470301628113 0.24476200342178345 0.2911698818206787 0.22912039359410605 0.28867363929748535 0.21661943197250366
1 0.3320179581642151 0.15418055653572083 0.33534523844718933 0.18489221731821695 0.3398345112800598 0.2021980086962382 0.3475334346294403 0.21265516678492227 0.35865211486816406 0.18921800454457602 0.3671852946281433 0.17575466632843018 0.35332027077674866 0.16177724798520407 0.3393890857696533 0.1541231373945872
1 0.0009765625 0.555877685546875 0.015085197053849697 0.5375829537709554 0.03405515477061272 0.5379359722137451 0.03871989622712135 0.5524232784907023 0.03898148611187935 0.5692611932754517 0.04625174403190613 0.5997543334960938 0.0383426807820797 0.6163428624471029 0.023128680884838104 0.6266655524571737 0.012844179756939411 0.6261822382609049 0.002286525210365653 0.6169367631276449 0.0009765625 0.601061224937439 0.0009765625 0.583552360534668 0.0009765625 0.5667872826258341
1 0.13030856847763062 0.5171534220377604 0.13640007376670837 0.4929415782292684 0.14215222001075745 0.4662909110387166 0.1482752114534378 0.45998303095499676 0.1599833071231842 0.4638983408610026 0.1684502363204956 0.4567583401997884 0.17304040491580963 0.44351355234781903 0.18599660694599152 0.453679362932841 0.1947251409292221 0.46337727705637616 0.20556752383708954 0.47330911954243976 0.21624596416950226 0.47798367341359455 0.22154635190963745 0.4875204960505168 0.22923371195793152 0.5060534079869589 0.2337229996919632 0.5233591794967651 0.2391326129436493 0.5364008744557699 0.23437857627868652 0.5443883736928304 0.21657897531986237 0.5646848678588867 0.20491398870944977 0.5705977280934652 0.17908768355846405 0.5699225266774496 0.16599908471107483 0.572403351465861 0.15548451244831085 0.5729860862096151 0.14342550933361053 0.5747077067693075 0.1389131098985672 0.5735534032185873 0.1393302083015442 0.5615931749343872 0.13894778490066528 0.5493261814117432 0.1381598263978958 0.5409436225891113 0.13292565941810608 0.5250835021336874
1 0.2105264812707901 0.3620893160502116 0.21895036101341248 0.3451211452484131 0.22480018436908722 0.3300510843594869 0.22962045669555664 0.31574026743570965 0.23877763748168945 0.3054021994272868 0.25033336877822876 0.2959844668706258 0.2637728750705719 0.2878667116165161 0.2813854515552521 0.278464416662852 0.28835102915763855 0.2822914719581604 0.2926880121231079 0.28626418113708496 0.29535970091819763 0.29594669739405316 0.2988855540752411 0.3076884150505066 0.30326560139656067 0.3214893341064453 0.3028484880924225 0.3334495623906453 0.2956843376159668 0.34859244028727215 0.2903492748737335 0.36328287919362384 0.27986618876457214 0.3817695776621501 0.26828733086586 0.40733877817789715 0.2583306133747101 0.417370080947876 0.23432189226150513 0.4243181149164836 0.21930646896362305 0.41567083199818927 0.2150903344154358 0.40712722142537433 0.21408385038375854 0.3917349576950073
1 0.2627505362033844 0.4831303358078003 0.2743840515613556 0.4593135515848796 0.2830810546875 0.45110754172007245 0.2954478859901428 0.43392086029052734 0.30095839500427246 0.4164119561513265 0.307081401348114 0.41010403633117676 0.31846168637275696 0.4035047690073649 0.32932719588279724 0.39728514353434247 0.3423495888710022 0.4011276165644328 0.35319194197654724 0.4110594590504964 0.3624899387359619 0.42213014761606854 0.3677902817726135 0.4316670099894206 0.36165574193000793 0.44605064392089844 0.3611293435096741 0.45450599988301593 0.3600335419178009 0.4615885814030965 0.3509972095489502 0.46735572814941406 0.34236636757850647 0.46923847993214923 0.3267037272453308 0.4736173947652181 0.31898170709609985 0.47931174437205 0.2995946407318115 0.49091895421346027 0.29330775141716003 0.49196958541870117 0.2835380434989929 0.49110666910807294 0.26959529519081116 0.49152831236521405
1 0.34962937235832214 0.30522720019022626 0.3548436164855957 0.2951076626777649 0.36107587814331055 0.2923046151796977 0.3684469759464264 0.292247196038564 0.3818749487400055 0.29220519463221234 0.3927834928035736 0.29581371943155926 0.40889474749565125 0.29737844069798786 0.4173501133918762 0.2983141938845317 0.4226073920726776 0.2980228265126546 0.4298030734062195 0.3007838726043701 0.42940592765808105 0.3387237787246704 0.43122348189353943 0.34634705384572345 0.43381744623184204 0.3704286416371663 0.41593173146247864 0.371068795522054 0.3997543156147003 0.3758273919423421 0.38283199071884155 0.3820316394170125 0.3742011785507202 0.383914311726888 0.3726252615451813 0.3671492338180542 0.3760765492916107 0.35115885734558105 0.37427055835723877 0.33545978864034015 0.37239834666252136 0.32608409722646076 0.3705807626247406 0.3184608221054077 0.3621253967285156 0.31752506891886395 0.35253116488456726 0.31384368737538654
1 0.3524828851222992 0.2278289000193278 0.3630867898464203 0.20477133989334106 0.37695497274398804 0.17661760250727335 0.3871963620185852 0.16727272669474283 0.3989045023918152 0.17118801673253378 0.4116421937942505 0.17434408267339072 0.4172934293746948 0.1782439947128296 0.42534327507019043 0.18306422233581543 0.4366573989391327 0.1827882726987203 0.440885066986084 0.18325616916020712 0.44453173875808716 0.19042696555455527 0.4505654275417328 0.20659389098485312 0.4541459083557129 0.22008806467056274 0.45527324080467224 0.23090938727060953 0.4549107551574707 0.24462207158406576 0.4484368562698364 0.2565668821334839 0.43876487016677856 0.2672845522562663 0.4293229579925537 0.27693625291188556 0.417537122964859 0.28741999467213947 0.3951505720615387 0.2788301110267639 0.3754357099533081 0.27992276350657147 0.36767059564590454 0.27578892310460407 0.3623155951499939 0.2644996643066406 0.35468289256095886 0.24771918853123984 0.3509269058704376 0.23704349994659424
1 0.3483656048774719 0.07041692237059276 0.36359116435050964 0.0520185132821401 0.3733724355697632 0.04480567077795664 0.39258405566215515 0.036016913751761116 0.40366804599761963 0.036806993186473846 0.41515761613845825 0.03371257334947586 0.4221232235431671 0.03753963112831116 0.43436604738235474 0.06705500185489655 0.43098095059394836 0.07672210037708282 0.4213751554489136 0.08111647764841716 0.4138832092285156 0.08574477831522624 0.4114730656147003 0.0929001768430074 0.4076824188232422 0.10645176966985066 0.40366169810295105 0.1210693617661794 0.4018210172653198 0.12959757447242737 0.3937596380710602 0.13285306096076965 0.3815251588821411 0.13739314675331116 0.37478965520858765 0.1325000524520874 0.36938002705574036 0.11945837736129761 0.3600936233997345 0.10031191507975261 0.3563922941684723 0.09138867259025574 0.3515520989894867 0.07971980174382527
1 0.0009765625 0.6694214344024658 0.025449488312005997 0.6419849395751953 0.05055400729179382 0.6279543240865072 0.07072902470827103 0.6247296333312988 0.07686041295528412 0.6524771849314371 0.08124881982803345 0.7003335158030192 0.08624133467674255 0.725335439046224 0.06165162846446037 0.7389864126841227 0.04158587381243706 0.7457159360249838 0.0320327989757061 0.7492974599202474 0.017689581960439682 0.7140377362569174 0.014902370981872082 0.7079989115397135
1 0.03898872435092926 0.7637655735015869 0.07186993211507797 0.7457930246988932 0.08609739691019058 0.7460578282674154 0.0906413123011589 0.7651160558064779 0.08227208256721497 0.7838366031646729 0.07372738420963287 0.8053756554921468 0.07136033475399017 0.8223592440287272 0.06769052892923355 0.8313399950663248 0.05937909707427025 0.8096818129221598 0.05208571255207062 0.7953401406606039 0.048524606972932816 0.7890563805898031
1 0.08836153894662857 0.6413070360819498 0.10628194361925125 0.6164396206537882 0.11862564831972122 0.6154044071833292 0.13100087642669678 0.6322731574376425 0.147057443857193 0.6320854425430298 0.1643737405538559 0.6300724744796753 0.19055095314979553 0.6251107851664225 0.20087851583957672 0.6354222695032755 0.22467710077762604 0.6555198828379313 0.2395716905593872 0.668738047281901 0.2563500702381134 0.6832562287648519 0.2720988094806671 0.6985336144765218 0.2740025222301483 0.7258133093516032 0.2774621844291687 0.7438783645629883 0.2487424910068512 0.7686420281728109 0.21385671198368073 0.7898855209350586 0.20476572215557098 0.7939002513885498 0.19156783819198608 0.7928762435913086 0.19051511585712433 0.8097869555155436 0.18364721536636353 0.8175405661265055 0.17855700850486755 0.7809580167134603 0.18039768934249878 0.7724297841389974 0.18630218505859375 0.7591121991475424 0.18831831216812134 0.7477655410766602 0.18187908828258514 0.7354830900828043 0.16503451764583588 0.7272882461547852 0.15155194699764252 0.7255778312683105 0.12937235832214355 0.7320733865102133 0.1009836196899414 0.7252206007639567 0.08980189263820648 0.7128498554229736 0.09138099104166031 0.6874837875366211 0.08702410012483597 0.6575313806533813
1 0.2387470155954361 0.5662650267283121 0.2483643740415573 0.5537949005762736 0.2640038728713989 0.5655674537022909 0.2702014446258545 0.5869916280110677 0.26435160636901855 0.6020616690317789 0.2442742884159088 0.6168669859568278 0.23809665441513062 0.6214224497477213 0.2404206395149231 0.5946106910705566 0.23815447092056274 0.5810437202453613
1 0.2806319296360016 0.6850703557332357 0.28543221950531006 0.6447798411051432 0.2948426306247711 0.6172242164611816 0.3157741129398346 0.6044781605402628 0.3145889937877655 0.6340355475743612 0.31066596508026123 0.660233736038208 0.30308467149734497 0.6873369216918945 0.287071168422699 0.6973527272542318
1 0.3266049027442932 0.6224857568740845 0.3485229015350342 0.5991522471110026 0.37497326731681824 0.6029527187347412 0.3975237309932709 0.6167999108632406 0.4069739878177643 0.6412036418914795 0.39468175172805786 0.6861224969228109 0.3765312731266022 0.7120558420817057 0.34188714623451233 0.7241575717926025 0.32329121232032776 0.7020161151885986 0.3157246708869934 0.6789123217264811 0.32428091764450073 0.6492975552876791
1 0.3278677761554718 0.5785293181737264 0.33647865056991577 0.5506669680277506 0.35776105523109436 0.5322839816411337 0.3683880567550659 0.493074893951416 0.38560664653778076 0.479481299718221 0.4158245027065277 0.4858816862106323 0.42956867814064026 0.5044300556182861 0.4323149621486664 0.541844646135966 0.42231202125549316 0.5841789642969767 0.41616588830947876 0.6066383520762125 0.38904839754104614 0.5898844798405966 0.36110827326774597 0.5889753103256226 0.3311404585838318 0.6074885527292887 0.3250836431980133 0.6074731349945068
1 0.4414680600166321 0.2948710123697917 0.4691697657108307 0.2627907594045003 0.4949529767036438 0.25363779067993164 0.5318947434425354 0.27300703525543213 0.539539098739624 0.28171175718307495 0.5436112284660339 0.3109777768452962 0.554976761341095 0.3545854489008586 0.5545481443405151 0.3746214310328166 0.5423882603645325 0.40689361095428467 0.5281376838684082 0.4227803150812785 0.5084659457206726 0.43370107809702557 0.4917652904987335 0.4047838846842448 0.47710078954696655 0.39049967130025226 0.46277564764022827 0.3786542812983195 0.45235034823417664 0.35676221052805585 0.4426153600215912 0.3316720326741536 0.43898019194602966 0.31642550230026245 0.43939730525016785 0.3044652541478475
1 0.5436637997627258 0.19441244999567667 0.5539830327033997 0.1706684629122416 0.5592088103294373 0.15247315168380737 0.5729876756668091 0.14679423967997232 0.5877299308776855 0.14667939146359762 0.6019458174705505 0.15501991907755533 0.6028745770454407 0.18481125434239706 0.5886123776435852 0.20877373218536377 0.5609338879585266 0.22470243771870932 0.547111988067627 0.22055319945017496 0.5386797189712524 0.20346593856811523
1 0.4469083249568939 0.04704986015955607 0.4758780896663666 0.04719977080821991 0.5069616436958313 0.04758364458878835 0.5135647654533386 0.0651233692963918 0.5196530818939209 0.08304272592067719 0.5152583122253418 0.119448721408844 0.5060895681381226 0.1378625233968099 0.4792883098125458 0.13969898223876953 0.45533421635627747 0.1483994722366333 0.44347381591796875 0.13115110993385315 0.44058355689048767 0.1144589086373647 0.43580958247184753 0.09646670023600261 0.4367961287498474 0.08587926626205444 0.44161635637283325 0.07156846423943837 0.44512227177619934 0.0573305090268453
1 0.548744797706604 0.0013020833333333333 0.5708581805229187 0.0013020833333333333 0.5763886570930481 0.0013020833333333333 0.5889508724212646 0.0013020833333333333 0.6049412488937378 0.0013020833333333333 0.6175581216812134 0.0013020833333333333 0.6244028806686401 0.0013020833333333333 0.63187175989151 0.0013020833333333333 0.6377300024032593 0.0013020833333333333 0.6396452188491821 0.004418783510724704 0.6241465210914612 0.01405501738190651 0.6064362525939941 0.011876715968052546 0.5958786010742188 0.0026312824338674545 0.5920133590698242 0.0013020833333333333 0.5918064117431641 0.0013020833333333333 0.5783238410949707 0.0013020833333333333 0.5541628003120422 0.0013020833333333333 0.5469786524772644 0.0013020833333333333 0.5470564365386963 0.0013020833333333333
1 0.6440515518188477 0.0013020833333333333 0.6626390814781189 0.0013020833333333333 0.6751782298088074 0.0013020833333333333 0.6888246536254883 0.0013020833333333333 0.7099631428718567 0.0013020833333333333 0.7156028747558594 0.0013020833333333333 0.7162584066390991 0.012460976839065552 0.7148116827011108 0.025180468956629436 0.7062785625457764 0.03864375750223795 0.6938686966896057 0.046002263824145 0.6835957169532776 0.03744323551654816 0.669851541519165 0.018894909570614498 0.663357675075531 0.004860051286717256 0.656918466091156 0.0013020833333333333 0.6474019885063171 0.0013020833333333333
1 0.6650407910346985 0.0013020833333333333 0.6785349249839783 0.0013020833333333333 0.6862885355949402 0.0013020833333333333 0.6826733350753784 0.0013020833333333333 0.6756415367126465 0.0013020833333333333 0.6695963144302368 0.0013020833333333333
1 0.6910541653633118 0.0013020833333333333 0.7053709626197815 0.0013020833333333333 0.7176284790039062 0.0013020833333333333 0.7319767475128174 0.0013020833333333333 0.7411539554595947 0.0013020833333333333 0.7365637421607971 0.0013020833333333333 0.7320051193237305 0.0013020833333333333 0.7217636704444885 0.0013020833333333333 0.7020604014396667 0.0013020833333333333 0.6930902600288391 0.0013020833333333333
1 0.6847967505455017 0.0013020833333333333 0.7056189179420471 0.0013020833333333333 0.7269559502601624 0.0013020833333333333 0.7389602661132812 0.0013020833333333333 0.7421467900276184 0.0013020833333333333 0.734128475189209 0.0013020833333333333 0.7189029455184937 0.0013020833333333333 0.7079712152481079 0.0013020833333333333 0.6933497786521912 0.0013020833333333333
1 0.5912233591079712 0.0013020833333333333 0.5973272323608398 0.0013020833333333333 0.6461318731307983 0.0013020833333333333 0.6512451767921448 0.0013020833333333333 0.6571034789085388 0.0013020833333333333 0.6604538559913635 0.0013020833333333333 0.6614603400230408 0.0013020833333333333 0.6527517437934875 0.0013020833333333333 0.6353692412376404 0.0013020833333333333 0.6217889785766602 0.0013020833333333333 0.6124364137649536 0.0013020833333333333 0.6028537154197693 0.0013020833333333333
1 0.07637011259794235 0.8499019145965576 0.09258223325014114 0.8279438813527426 0.11155840754508972 0.8239536285400391 0.12728102505207062 0.8098587989807129 0.15690453350543976 0.8292765617370605 0.17474928498268127 0.8361237049102783 0.18492324650287628 0.8561297257741293 0.19761651754379272 0.8980352083841959 0.17892904579639435 0.9230690797170004 0.15587271749973297 0.937570333480835 0.12618470191955566 0.963213841120402 0.10672969371080399 0.9293788274129232 0.0932035967707634 0.89500625928243 0.08002084493637085 0.8609640598297119
1 0.19323594868183136 0.8399967352549235 0.21175488829612732 0.8213391304016113 0.22793474793434143 0.8219117323557535 0.24449566006660461 0.8347071011861166 0.26886364817619324 0.8504981199900309 0.29147443175315857 0.8688353697458903 0.31073927879333496 0.8858886559804281 0.3210979402065277 0.8882532119750977 0.31238803267478943 0.9034286340077718 0.2892555296421051 0.9154853026072184 0.2836467921733856 0.9358762900034586 0.29404938220977783 0.9632159868876139 0.2881357967853546 0.9738286336263021 0.264285147190094 0.986414909362793 0.2569514513015747 0.9868213335673014 0.24248482286930084 0.9587273597717285 0.2342205047607422 0.9410642782847086 0.22667431831359863 0.9228717486063639 0.2139487862586975 0.9034969011942545 0.2067074328660965 0.8950825532277426 0.20116320252418518 0.8704121907552084
1 0.1450040489435196 1.0 0.17979514598846436 0.9861998558044434 0.21058234572410583 0.9722496668497721 0.22460784018039703 0.9744109312693278 0.23708859086036682 0.9977173010508219 0.2330084592103958 1.0 0.20636148750782013 1.0 0.20958276093006134 1.0 0.21026866137981415 1.0 0.20178741216659546 1.0 0.19952456653118134 1.0 0.19464178383350372 1.0
1 0.1999656707048416 1.0 0.20875176787376404 1.0 0.220378115773201 1.0 0.24198202788829803 1.0 0.23487694561481476 1.0 0.22019344568252563 1.0 0.2079852670431137 1.0
1 0.2606695294380188 1.0 0.24638758599758148 1.0 0.25225719809532166 1.0 0.2684531807899475 1.0 0.27824610471725464 1.0 0.28741323947906494 1.0 0.2969452738761902 1.0 0.28655439615249634 1.0 0.2700212895870209 1.0
1 0.30876797437667847 1.0 0.2983492910861969 1.0 0.3077172040939331 1.0 0.3194681406021118 1.0 0.326834112405777 1.0 0.32161080837249756 0.9754016399383545 0.30720430612564087 0.9610176086425781 0.29829806089401245 0.9463287194569906 0.29464733600616455 0.9352665742238363 0.2984065115451813 0.9262425899505615 0.3055877983570099 0.9209470748901367 0.3283393085002899 0.89666748046875 0.3374302387237549 0.8937149047851562 0.3256792724132538 0.9173847834269205 0.3218277394771576 0.9352294603983561 0.32986345887184143 0.9455587863922119 0.34445467591285706 0.9423014322916666 0.3566628396511078 0.9332989056905111 0.3676633834838867 0.9326891899108887 0.3783268630504608 0.944831927617391 0.38205379247665405 0.9583386580149332 0.3977118730545044 0.9893050988515218 0.40924590826034546 1.0 0.4191150367259979 1.0
1 0.39938119053840637 0.9368084271748861 0.40573590993881226 0.9521285692850748 0.4136792719364166 0.9712786674499512 0.4203549325466156 0.9851116339365641 0.43488603830337524 0.9681443373362223 0.43594124913215637 0.9548623561859131 0.42576727271080017 0.9348563353220621 0.4130256175994873 0.9267468452453613 0.4038585126399994 0.9272549152374268
1 0.3692843019962311 0.9139885902404785 0.3844251036643982 0.9165778160095215 0.3912692666053772 0.9240345160166422 0.38567668199539185 0.9331602255503336 0.38352230191230774 0.9347488880157471 0.37811434268951416 0.9262328942616781
1 0.44962963461875916 0.9697759946187338 0.48168453574180603 0.9611428578694662 0.5073085427284241 0.9347450733184814 0.5249569416046143 0.9117278258005778 0.5460875034332275 0.9061489899953207 0.5620988011360168 0.9130976994832357 0.5451846718788147 0.9243200620015463 0.5168567299842834 0.9464598496754965 0.5018522143363953 0.9600251515706381 0.4767177402973175 0.978559652964274 0.45477670431137085 0.9934888680775961 0.4479163885116577 0.997297445933024
1 0.3022874593734741 0.720818837483724 0.336921751499176 0.7477951049804688 0.36497271060943604 0.7521175543467203 0.3949333131313324 0.7587830225626627 0.4045576751232147 0.7729423840840658 0.4039596915245056 0.8008917172749838 0.39228498935699463 0.8270061810811361 0.3895649015903473 0.8340135415395101 0.37408703565597534 0.8441767692565918 0.35784706473350525 0.8298943042755127 0.32735300064086914 0.8061168988545736 0.3101501762866974 0.7962956428527832 0.3088223934173584 0.777268648147583 0.30089515447616577 0.7468531926472982
1 0.41610780358314514 0.778179407119751 0.40800759196281433 0.8129113515218099 0.40517905354499817 0.8400048414866129 0.43012887239456177 0.8391118049621582 0.4601217210292816 0.8232465585072836 0.4560738205909729 0.8112269242604574 0.44334831833839417 0.791852076848348 0.43111228942871094 0.7646140257517496 0.42377859354019165 0.7650205294291178
1 0.47839590907096863 0.8085205554962158 0.49405843019485474 0.7807158629099528 0.5023550391197205 0.7758482297261556 0.518932044506073 0.7773783206939697 0.544050395488739 0.7701090971628824 0.5691688060760498 0.7628398736317953 0.5721453428268433 0.7994067668914795 0.5707530379295349 0.8254411220550537 0.5622556805610657 0.8592156569163004 0.5586327910423279 0.8843940893809 0.52593594789505 0.8960013389587402 0.5075255036354065 0.894572893778483 0.5034937262535095 0.8712879021962484 0.48814040422439575 0.8500997225443522 0.48051804304122925 0.8294625282287598
1 0.4408496022224426 0.6999161243438721 0.4655707776546478 0.6916894117991129 0.46600019931793213 0.6701162656148275 0.4738834798336029 0.6755564212799072 0.47719714045524597 0.6993709405263265 0.47215408086776733 0.7143431504567465 0.45533230900764465 0.7167447408040365 0.44593656063079834 0.7099190553029379
1 0.51191645860672 0.6112493276596069 0.49608537554740906 0.6454302072525024 0.4887194335460663 0.6683673858642578 0.4846070408821106 0.7014090220133463 0.47659915685653687 0.7273202737172445 0.47259521484375 0.7402759393056234 0.4873388409614563 0.7419075965881348 0.49784988164901733 0.749161163965861 0.5061303377151489 0.7555588881174723 0.5176966190338135 0.7495304743448893 0.5334030985832214 0.7467010815938314 0.5444798469543457 0.7485358715057373 0.5578795075416565 0.742405891418457 0.5777423977851868 0.7315100034077963 0.5818986892700195 0.7234434286753336 0.5741884112358093 0.6528558333714803 0.5736711025238037 0.6244785388310751 0.5577359795570374 0.6199743350346884 0.5378130674362183 0.6171604792277018 0.5263391137123108 0.6143680413564047
1 0.5841366052627563 0.830576499303182 0.5786040425300598 0.8534119923909506 0.5729953050613403 0.873802900314331 0.5708248019218445 0.886656920115153 0.5809386968612671 0.8929529984792074 0.5978528261184692 0.8817306359608968 0.6104581952095032 0.8736856778462728 0.6041796803474426 0.8608102003733317 0.5956705808639526 0.8470787207285563 0.6022261381149292 0.8334920406341553 0.6070243716239929 0.8224514325459799 0.5953819155693054 0.8260351816813151 0.5882167816162109 0.820065418879191
1 0.6173991560935974 0.8135505517323812 0.6431755423545837 0.7920418580373129 0.6659871339797974 0.7814722061157227 0.6879119873046875 0.7778082688649496 0.6944191455841064 0.7980175813039144 0.6984670162200928 0.8100372155507406 0.6596880555152893 0.8386332988739014 0.6309629678726196 0.8598155975341797 0.6247606873512268 0.849384625752767 0.6238300204277039 0.8313151995340983
1 0.6224187612533569 0.7035664717356364 0.640785276889801 0.6800196965535482 0.6593804359436035 0.6638066371281942 0.6707780957221985 0.6641545295715332 0.6886829733848572 0.6847115357716879 0.6962291598320007 0.7029041449228922 0.696517825126648 0.7239477634429932 0.6861270070075989 0.7441140015920004 0.6644306778907776 0.7551115353902181 0.6370978355407715 0.7502595583597819 0.624921977519989 0.7367313702901205
1 0.4628845453262329 0.45234652360280353 0.45955032110214233 0.4985686143239339 0.45782095193862915 0.5373553435007731 0.46130311489105225 0.55479363600413 0.48616060614585876 0.5627214113871256 0.5098266005516052 0.5677766799926758 0.5175897479057312 0.5457970301310221 0.5087919235229492 0.5110220909118652 0.5092374682426453 0.4781835476557414 0.5119737386703491 0.45991086959838867 0.5025779604911804 0.45308518409729004 0.48337313532829285 0.44974176088968915
1 0.5248633623123169 0.531680703163147 0.548332929611206 0.5068716208140055 0.5699530243873596 0.4934294621149699 0.5881348848342896 0.48752419153849286 0.6079815626144409 0.487893541653951 0.6152068376541138 0.5075732072194418 0.622905433177948 0.5306549072265625 0.6125145554542542 0.55082106590271 0.5978149175643921 0.5741646687189738 0.5713365077972412 0.5849375327428182 0.5472732782363892 0.5789247751235962 0.5269532203674316 0.5751533508300781 0.5226004719734192 0.5533554951349894
1 0.5726335644721985 0.4026756286621094 0.5891667008399963 0.37923045953114826 0.60145103931427 0.3726725180943807 0.6280496120452881 0.3893194595972697 0.6453286409378052 0.40158534049987793 0.666350781917572 0.41609251499176025 0.6624230742454529 0.4314926862716675 0.6370437741279602 0.45395882924397785 0.6246832013130188 0.4580721855163574 0.5976112484931946 0.4380231698354085 0.5793092250823975 0.41650863488515216
0 0.0009765625 0.4559395710627238 0.0009765625 0.46814680099487305 0.0009765625 0.4664995272954305 0.0009765625 0.45126545429229736 0.0012746279826387763 0.4676446517308553 0.0009765625 0.4851415952046712 0.0009765625 0.5028417110443115 0.0009765625 0.5099076827367147 0.0009765625 0.5004127422968546 0.0009765625 0.4716875950495402
0 0.0009765625 0.5410558780034384 0.0009765625 0.5169795354207357 0.0009765625 0.5179585615793864 0.0009765625 0.5008681217829386 0.0009765625 0.4865485429763794 0.007476903032511473 0.4780755837758382 0.022372933104634285 0.48459641138712567 0.031126756221055984 0.494396169980367 0.02999533899128437 0.5052335659662882 0.017939571291208267 0.5191251834233602 0.0009765625 0.5364989837010702 0.0009765625 0.5465606053670248 0.0009765625 0.5671762228012085 0.0009765625 0.5867327849070231 0.0009765625 0.5989555915196737 0.0009765625 0.6267232497533163 0.0021480154246091843 0.637052575747172 0.0009765625 0.6551005442937216 0.0009765625 0.624512513478597 0.0009765625 0.571166475613912
0 0.05489678680896759 0.5381365617116293 0.08560776710510254 0.52174178759257 0.10019896179437637 0.518484354019165 0.10991566628217697 0.5238229036331177 0.12074767798185349 0.5295894543329874 0.12406131625175476 0.5534039338429769 0.11756590753793716 0.5807006359100342 0.09377533197402954 0.6069968144098917 0.08251389116048813 0.6228034098943075 0.06468526273965836 0.604690949122111 0.05472381040453911 0.6032840013504028 0.05413027107715607 0.5724621216456095
1 0.6248956918716431 0.47667117913564044 0.6580497622489929 0.47973132133483887 0.6872321367263794 0.473216454188029 0.6929449439048767 0.49151062965393066 0.6933098435401917 0.5149988333384196 0.668664813041687 0.5256700913111368 0.6457170248031616 0.5200852553049723 0.6289113163948059 0.5112214883168539
1 0.6499729156494141 0.6094751755396525 0.6638944149017334 0.5729511976242065 0.6719022989273071 0.5470400253931681 0.6892135739326477 0.5367751916249593 0.7008560299873352 0.5331914027531942 0.7190217971801758 0.5385514895121256 0.7303271293640137 0.5477201143900553 0.7330912351608276 0.5656879742940267 0.7268405556678772 0.5890529950459799 0.7125380635261536 0.6133540868759155 0.6822242140769958 0.6307063500086466 0.6628347635269165 0.645004391670227 0.6477863192558289 0.6335944334665934 0.6420735716819763 0.6153002580006918
1 0.6961485147476196 0.7592308521270752 0.7057011127471924 0.7121744155883789 0.7190568447113037 0.6810691356658936 0.7410740852355957 0.6685845057169596 0.7587663531303406 0.6705424785614014 0.7689564824104309 0.6792831420898438 0.7803981900215149 0.7046062151590983 0.7936131954193115 0.716117779413859 0.8052395582199097 0.7237993081410726 0.7846585512161255 0.7352248827616373 0.7600897550582886 0.7483407656351725 0.7256196141242981 0.7737595240275065 0.7106151580810547 0.7873247464497884 0.6978734731674194 0.7792152563730875
1 0.7237030267715454 0.05245197316010793 0.7483363747596741 0.0013020833333333333 0.7687048316001892 0.0013020833333333333 0.7728772759437561 0.0013020833333333333 0.7663262486457825 0.0013020833333333333 0.7716902494430542 0.0013020833333333333 0.7955570220947266 0.0013020833333333333 0.8076567649841309 0.0013020833333333333 0.8242702484130859 0.0013020833333333333 0.8358557224273682 0.0013020833333333333 0.8123860359191895 0.0013020833333333333 0.8090240359306335 0.0013020833333333333 0.8158682584762573 0.0013020833333333333 0.8211515545845032 0.02060430496931076 0.8164573311805725 0.07033004860083263 0.8179375529289246 0.09424614906311035 0.7960888743400574 0.10035462180773418 0.7758611440658569 0.0877624253431956 0.7486968040466309 0.07653420666853587 0.7335560321807861 0.07394502063592275 0.7287899851799011 0.06245496869087219
1 0.8495118618011475 0.0013020833333333333 0.8364169597625732 0.0013020833333333333 0.8254163861274719 0.0013020833333333333 0.8295844793319702 0.0318911150097847 0.8287417888641357 0.06377208729585011 0.8360431790351868 0.08589634299278259 0.8530174493789673 0.08838389317194621 0.8931241631507874 0.07881475488344829 0.8857260942459106 0.05512378613154093 0.865643322467804 0.010302366688847542 0.8553169369697571 0.0013020833333333333
1 0.8311364650726318 0.11702303091684978 0.8554282188415527 0.13036949435869852 0.8734253644943237 0.14210578799247742 0.8868089318275452 0.1472411553064982 0.8926902413368225 0.15915913383165994 0.875760018825531 0.18164682388305664 0.8601136207580566 0.19818619887034097 0.8542000651359558 0.20879886547724405 0.864542543888092 0.22242865959803262 0.8527315258979797 0.23238863547643027 0.8426777124404907 0.23980245987574259 0.8372097611427307 0.21757658322652182 0.8291901350021362 0.1959819197654724 0.8166009187698364 0.1927616000175476 0.8119711875915527 0.19742602109909058 0.8080756664276123 0.19029553731282553 0.8147234916687012 0.16788798570632935 0.8113337159156799 0.14162891109784445
1 0.7532414793968201 0.186967670917511 0.7685669660568237 0.1719153126080831 0.7773969769477844 0.1841596762339274 0.7859060168266296 0.1978910764058431 0.7981743216514587 0.20259849230448404 0.8006335496902466 0.21078809102376303 0.7955142855644226 0.2233157753944397 0.7843452095985413 0.23030163844426474 0.7727789282798767 0.23632997274398804 0.7641013264656067 0.22897475957870483 0.762039303779602 0.22174266974131265 0.7620553970336914 0.21047737201054892 0.7591228485107422 0.19888563950856528
1 0.6520659923553467 0.20530863602956137 0.67759770154953 0.187731663386027 0.7020741105079651 0.1834365725517273 0.7223942279815674 0.18720799684524536 0.7349834442138672 0.1904283364613851 0.7431715726852417 0.20564683278401694 0.7462565898895264 0.22212761640548706 0.7393801212310791 0.23720147212346396 0.7235050797462463 0.24640713135401407 0.7000515460968018 0.2599509557088216 0.6763856410980225 0.2548956871032715 0.6594876050949097 0.25485265254974365 0.6560215353965759 0.22614906231562296
1 0.5778818726539612 0.3000253041585286 0.5870050191879272 0.27454203367233276 0.5758520364761353 0.2702625592549642 0.5734690427780151 0.26451754570007324 0.5874183177947998 0.2642342249552409 0.6083480715751648 0.2875621517499288 0.6007534861564636 0.3031655550003052 0.5857490301132202 0.3167308171590169 0.579775333404541 0.31363360087076825
1 0.6272318959236145 0.29239269097646076 0.6519531011581421 0.28416599829991657 0.6694930791854858 0.28123484055201214 0.6823108792304993 0.291788915793101 0.6924687027931213 0.32306023438771564 0.6914135217666626 0.33634217580159503 0.6814359426498413 0.34620054562886554 0.6587327718734741 0.33668410778045654 0.6372212171554565 0.33004019657770794 0.6303169131278992 0.3088734745979309
1 0.4211922883987427 0.010446539769570032 0.43326419591903687 0.0013020833333333333 0.466619074344635 0.0013020833333333333 0.5146574378013611 0.0013020833333333333 0.5380347371101379 0.0013020833333333333 0.5322252511978149 0.0013020833333333333 0.524919331073761 0.0013020833333333333 0.5160247683525085 0.024291373789310455 0.5078805685043335 0.03404814749956131 0.4700968265533447 0.035652391612529755 0.444902241230011 0.04047701756159464
1 0.703774094581604 0.3322288195292155 0.7280380725860596 0.30933475494384766 0.7418348789215088 0.30416226387023926 0.7642932534217834 0.3176103432973226 0.7789767980575562 0.3055321176846822 0.7853798866271973 0.28705620765686035 0.8017282485961914 0.28125256299972534 0.8123595118522644 0.3159259557723999 0.8128607273101807 0.3555685679117839 0.8076930642127991 0.4018922646840413 0.8061922788619995 0.44801270961761475 0.7647255063056946 0.4610855182011922 0.7419462203979492 0.449124534924825 0.7110549807548523 0.42438964049021405 0.7036172747612 0.38611094156901044 0.7030237317085266 0.3552890618642171
1 0.7511851191520691 0.5098321835199991 0.7582462430000305 0.477116862932841 0.7824178338050842 0.4630435307820638 0.7998815774917603 0.45766782760620117 0.8137223720550537 0.477470596631368 0.8014379739761353 0.48402853806813556 0.7848448753356934 0.4937637646993001 0.785530686378479 0.5157648722330729 0.7912434935569763 0.5340590874354044 0.7877129316329956 0.5504167874654134 0.7848243117332458 0.5638003349304199 0.769378662109375 0.5514328479766846 0.7572950720787048 0.5290839672088623
1 0.8531710505485535 0.4821409384409587 0.8390811085700989 0.5250410238901774 0.8260140419006348 0.5771898031234741 0.8353174328804016 0.5928362210591634 0.8507791757583618 0.5939383506774902 0.8786015510559082 0.5909271637598673 0.9049275517463684 0.575265089670817 0.9320639967918396 0.5502527952194214 0.9260303378105164 0.5334456364313761 0.9109217524528503 0.5083258152008057 0.8959817290306091 0.476829727490743 0.8829353451728821 0.4589419762293498 0.8708956837654114 0.46156831582387287 0.8605208992958069 0.4704691569010417
1 0.851676344871521 0.24567059675852457 0.8710657954216003 0.23137253522872925 0.8893238306045532 0.22791186968485513 0.9033331871032715 0.24133839209874472 0.9061896204948425 0.25048549969991046 0.8902221918106079 0.2685119907061259 0.8690916299819946 0.27409090598424274 0.8585805892944336 0.26683727900187176
1 0.8520851731300354 0.294134000937144 0.8764854073524475 0.28739436467488605 0.8802885413169861 0.3033456007639567 0.8943741321563721 0.3192167282104492 0.9125075936317444 0.3471074899037679 0.9147982597351074 0.3616732756296794 0.9081504344940186 0.38408080736796063 0.8967966437339783 0.40870821475982666 0.8936471343040466 0.43728872140248615 0.8784140348434448 0.44352030754089355 0.8553737998008728 0.4467562437057495 0.8443293571472168 0.4223906993865967 0.8596107959747314 0.38236316045125324 0.8416298031806946 0.3593614896138509 0.8289042711257935 0.33998672167460126 0.8344367742538452 0.3171512285868327
1 0.9327998757362366 0.31463829676310223 0.9550618529319763 0.29822200536727905 0.9687663316726685 0.30187036593755084 0.989940881729126 0.3212666908899943 0.9951802492141724 0.33615883191426593 0.9949032664299011 0.3626210689544678 0.9716945290565491 0.37223323186238605 0.9489151835441589 0.36027220884958905 0.9330123662948608 0.33323734998703003
1 0.9353764057159424 0.18519937992095947 0.9355888962745667 0.2037984331448873 0.932515561580658 0.23482352495193481 0.9365473389625549 0.2581084966659546 0.9520852565765381 0.26165515184402466 0.9658059477806091 0.25403809547424316 0.959298849105835 0.23382890224456787 0.9481781125068665 0.207018772761027
1 0.9089242219924927 0.456032395362854 0.9270620942115784 0.42515190442403156 0.9421589374542236 0.40276583035786945 0.9539376497268677 0.41533652941385907 0.9625991582870483 0.4339570999145508 0.9542102813720703 0.44764546553293866 0.945331871509552 0.4691971143086751 0.9298701286315918 0.4680949846903483
1 0.9803677201271057 0.43835969765981037 1.0 0.4267309109369914 1.0 0.41974520683288574 1.0 0.4901277224222819 1.0 0.5029893318812052 1.0 0.5180631478627523 1.0 0.5208926995595297 1.0 0.5311144987742106 0.990749716758728 0.5357358853022257 0.976571798324585 0.5286855300267538 0.9697437882423401 0.5099633932113647 0.981968104839325 0.48969558874766034 0.9807927012443542 0.47555776437123615 0.9839261174201965 0.4582425355911255
1 0.9518901705741882 0.6206586360931396 0.9446649551391602 0.6009790102640787 0.9548433423042297 0.5622137387593588 0.9726118445396423 0.5666163365046183 0.9910222887992859 0.5680448214213053 0.9982636570930481 0.5764591693878174 1.0 0.564279317855835 1.0 0.5555015802383423 1.0 0.5551967223485311 1.0 0.5636912186940511 1.0 0.5827552874883016 0.9745492935180664 0.6051998535792033
1 0.7446808815002441 0.6546713908513387 0.7714201807975769 0.6287015676498413 0.7799292206764221 0.642432967821757 0.7763224244117737 0.6563460429509481 0.7688964009284973 0.6655733187993368 0.7497678399085999 0.6646744012832642
1 0.7778187990188599 0.6689968109130859 0.7991662621498108 0.6232457160949707 0.8204053044319153 0.5975807507832845 0.8427713513374329 0.6198495626449585 0.8542129993438721 0.6451726754506429 0.8524234890937805 0.6702494621276855 0.8229040503501892 0.6895167827606201 0.7936293482780457 0.7048525015513102 0.7837602496147156 0.6946247418721517
1 0.5349686741828918 0.042831793427467346 0.5889924764633179 0.055509974559148155 0.6125221848487854 0.04441076020399729 0.6318031549453735 0.050198798378308616 0.6334518790245056 0.06773873666922252 0.6179417967796326 0.10043261448542277 0.6128987669944763 0.11540481448173523 0.5941835045814514 0.10419808824857076 0.583612322807312 0.08323463300863902 0.5721545219421387 0.06917687753836314 0.5542335510253906 0.05988515913486481
1 0.6227678656578064 0.12563254435857138 0.6441432237625122 0.11612199743588765 0.6509434580802917 0.09860359628995259 0.665687084197998 0.10023526350657146 0.6687720417976379 0.1167160967985789 0.6582287549972534 0.13199316461881003 0.6589908599853516 0.15643879771232605 0.6609605550765991 0.17249168952306113 0.6593557596206665 0.17992697159449259 0.6432359218597412 0.19306433200836182 0.6288455724716187 0.167414923508962 0.6211469173431396 0.14433321356773376
0 0.09239029139280319 0.7393082777659098 0.116301029920578 0.7404318650563558 0.1324809044599533 0.741004467010498 0.14786642789840698 0.7396620114644369 0.16595594584941864 0.7425775527954102 0.17622223496437073 0.7537628014882406 0.17070582509040833 0.7653329372406006 0.17058123648166656 0.7966843446095785 0.17493395507335663 0.818482240041097 0.1718928962945938 0.8269766171773275 0.15731783211231232 0.8189687728881836 0.14020733535289764 0.8003267447153727 0.12531131505966187 0.7938059171040853 0.11253741383552551 0.8082270622253418 0.09602045267820358 0.8204069137573242 0.08749524503946304 0.817940870920817 0.0758366510272026 0.8327899773915609 0.07239843159914017 0.8403269449869791 0.0748898983001709 0.825985829035441 0.08567795157432556 0.8067771593729655 0.09032382071018219 0.790847380956014 0.09952319413423538 0.7678086757659912 0.09738493710756302 0.7581320603688558
0 0.12879633903503418 0.976292610168457 0.14914868772029877 0.9575333595275879 0.1724497675895691 0.939100424448649 0.1881723552942276 0.9250055154164633 0.19863946735858917 0.9072839419047037 0.21002106368541718 0.9188970724741617 0.22337237000465393 0.9465630849202474 0.24262110888957977 0.9748818079630533 0.24969393014907837 0.9896723429361979 0.23553217947483063 0.9713566303253174 0.2184978723526001 0.9551591078440348 0.20358572900295258 0.9599037170410156 0.1812475472688675 0.9738754431406657 0.15930652618408203 0.9888046582539877 0.14318673312664032 1.0 0.1391989290714264 1.0
0 0.2050248384475708 1.0 0.21553589403629303 1.0 0.23011095821857452 1.0 0.245267853140831 1.0 0.25053951144218445 1.0 0.23990829288959503 1.0 0.2375575453042984 1.0 0.24628356099128723 1.0 0.26128801703453064 1.0 0.251587450504303 1.0 0.2405707687139511 1.0 0.22070792317390442 1.0 0.2138475924730301 1.0 0.2189023196697235 1.0 0.21975675225257874 1.0 0.21590523421764374 1.0
0 0.2656802833080292 1.0 0.28403064608573914 1.0 0.29839321970939636 1.0 0.2961025834083557 1.0 0.29052606225013733 1.0 0.285972535610199 1.0 0.274069219827652 1.0
0 0.26808828115463257 1.0 0.29203128814697266 0.9809590975443522 0.3070196509361267 0.9786591529846191 0.3132057785987854 1.0 0.3182927668094635 1.0 0.307978093624115 1.0 0.30007869005203247 1.0 0.2895837724208832 1.0 0.27922511100769043 1.0 0.2703789472579956 1.0
0 0.32980337738990784 0.931848923365275 0.34276193380355835 0.8997862339019775 0.34821826219558716 0.8745061556498209 0.3518250584602356 0.8605930805206299 0.36290180683135986 0.8624279499053955 0.367575466632843 0.8827387491861979 0.366030752658844 0.9038839340209961 0.35779425501823425 0.9224615097045898 0.3448679447174072 0.93199356396993
0 0.23019760847091675 0.8002369403839111 0.26043519377708435 0.780440092086792 0.27774205803871155 0.8289465109507242 0.2710341513156891 0.837644100189209 0.25184547901153564 0.8230353196461996
0 0.2716042995452881 0.7734541893005371 0.2878926396369934 0.7539406617482504 0.2956073582172394 0.7657570838928223 0.28753942251205444 0.7779583930969238
0 0.26799753308296204 0.7873673439025879 0.2864841818809509 0.791240374247233 0.2945360243320465 0.7903043429056803 0.3099655210971832 0.8139371871948242 0.3272445797920227 0.8262030283610026 0.3442026376724243 0.8399558862050375 0.35097062587738037 0.8449681599934896 0.3408244848251343 0.8612027168273926 0.33060213923454285 0.8749926884969076 0.31585854291915894 0.8733610312143961 0.30271971225738525 0.8642940521240234 0.29039135575294495 0.8458766937255859 0.28260040283203125 0.8316157658894857 0.27856865525245667 0.8083308537801107
0 0.37685108184814453 0.8621446291605631 0.39743202924728394 0.8507190545399984 0.4051468074321747 0.8625354766845703 0.40001145005226135 0.8863284587860107 0.38754236698150635 0.9105279445648193 0.38228684663772583 0.9069011211395264 0.3772159814834595 0.8856328328450521
0 0.4070725440979004 0.8536130587259928 0.4232524335384369 0.8541856606801351 0.44916513562202454 0.8488314946492513 0.45817986130714417 0.8434342543284098 0.46094390749931335 0.8614021142323812 0.4501558244228363 0.8806107838948568 0.43389976024627686 0.8775937557220459 0.41469496488571167 0.8742502530415853
0 0.39567041397094727 0.9120364189147949 0.4052669405937195 0.8899552822113037 0.4101414382457733 0.8813592592875162 0.42838335037231445 0.8891638914744059 0.448627233505249 0.8904906908671061 0.47541049122810364 0.8894960880279541 0.48799973726272583 0.8927164872487386 0.5034453272819519 0.9050838947296143 0.5137116312980652 0.9162691434224447 0.5019006133079529 0.9262291590372721 0.48633041977882385 0.9452130794525146 0.4659941792488098 0.952707052230835 0.4424806237220764 0.9525408744812012 0.4319857060909271 0.9340220292409261 0.4206041097640991 0.9224088191986084 0.40674716234207153 0.9138713677724203
0 0.45970842242240906 0.8335543473561605 0.47399479150772095 0.8205186525980631 0.4748491942882538 0.8361435731252035 0.4863670766353607 0.8639112313588461 0.4986191987991333 0.8798839251200358 0.48132407665252686 0.878883441289266 0.4600411057472229 0.8795732657114664 0.4654812812805176 0.8655584653218588 0.46749937534332275 0.8478153546651205
0 0.4333590269088745 0.7542045911153158 0.4528247117996216 0.7423511346181234 0.4677969217300415 0.7513164679209391 0.4855654835700989 0.7557191054026285 0.4944878816604614 0.7591427167256674 0.4946402907371521 0.7640318075815836 0.4838683605194092 0.7719751993815104 0.48097971081733704 0.785358746846517 0.47083356976509094 0.8015933036804199 0.46094831824302673 0.8026309808095297 0.450284868478775 0.7904882431030273 0.4455188512802124 0.7789981365203857 0.4401108920574188 0.7704822222391764
0 0.3704128861427307 0.7381028334299723 0.3981751501560211 0.7213817437489828 0.4143550395965576 0.7219542662302653 0.4264547526836395 0.7330378691355387 0.43745529651641846 0.732428232828776 0.44717201590538025 0.7377668221791586 0.43823352456092834 0.7456085681915283 0.4174078106880188 0.7609657446543375 0.4138171374797821 0.7636135419209799 0.4022670090198517 0.7583765983581543 0.3812448978424072 0.7438693841298422
0 0.4029734432697296 0.7103411356608073 0.413777619600296 0.6798671086629232 0.4222588539123535 0.6573579708735148 0.42469027638435364 0.62930695215861 0.42447778582572937 0.6107079188028971 0.4328066110610962 0.5833096504211426 0.43968304991722107 0.5682358344395956 0.447457879781723 0.5937620798746744 0.45653268694877625 0.6020748217900594 0.45587462186813354 0.6163142522176107 0.4420616328716278 0.6327520608901978 0.44442853331565857 0.6497624317804972 0.4581931233406067 0.667120615641276 0.46001043915748596 0.6782843271891276 0.4462135434150696 0.683456818262736 0.4294680058956146 0.6883029143015543 0.4328739643096924 0.7032966613769531 0.45006063580513 0.724383274714152 0.4629708528518677 0.7261165777842203 0.46096888184547424 0.7325943311055502 0.4510073959827423 0.7311873435974121 0.43276548385620117 0.7233827908833822 0.4141263961791992 0.7146205902099609
0 0.448621541261673 0.5603940486907959 0.4614394009113312 0.5709481239318848 0.48015469312667847 0.5821548302968343 0.49864137172698975 0.5860278209050497 0.5163336992263794 0.5879858732223511 0.5118563771247864 0.5975393851598104 0.49732527136802673 0.6145067612330118 0.48614004254341125 0.6327579418818156 0.4791712760925293 0.656652569770813 0.47159281373023987 0.6609906355539957 0.4577358663082123 0.6524531841278076 0.4514573812484741 0.6395777066548666 0.4633607566356659 0.6207969188690186 0.4636216163635254 0.6055999596913656 0.45376861095428467 0.5841069221496582 0.44868162274360657 0.5741039514541626
0 0.05636245757341385 0.3494984706242879 0.07367374747991562 0.3392336368560791 0.09393376111984253 0.32929515838623047 0.10232267528772354 0.3156067530314128 0.10884591937065125 0.3245506286621094 0.10442868620157242 0.34781408309936523 0.11970575153827667 0.3665577173233032 0.1379476636648178 0.37436238924662274 0.1544484943151474 0.37344789505004883 0.1761447787284851 0.3624502817789714 0.18945211172103882 0.3651411135991414 0.18639494478702545 0.38490084807078045 0.17689073085784912 0.39816129207611084 0.1656292825937271 0.41396792729695636 0.16759900748729706 0.4300207694371541 0.16886672377586365 0.4353378613789876 0.1533888429403305 0.44550104935963947 0.13537555932998657 0.4450300931930542 0.12750840187072754 0.4283245801925659 0.10890156775712967 0.3970317840576172 0.0854964628815651 0.37677955627441406
0 0.08983021974563599 0.24479442834854126 0.07903759926557541 0.23904885848363241 0.07903759926557541 0.23904885848363241 0.1160961389541626 0.21542251110076904 0.10761487483978271 0.23793168862660727 0.12672734260559082 0.2500959038734436 0.1428310126066208 0.2482239007949829 0.15656778216362 0.22934154669443765 0.16437487304210663 0.23233715693155924 0.16833041608333588 0.253177543481191 0.1643264889717102 0.2661331494649251 0.14399024844169617 0.2736270825068156 0.12652656435966492 0.2790027658144633 0.11326315253973007 0.3012871940930684 0.10226260125637054 0.3018968502680461 0.09072858095169067 0.2853945692380269 0.08645206689834595 0.26604123910268146
0 0.16973885893821716 0.2158778508504232 0.1874912530183792 0.23154578606287637 0.19943858683109283 0.23774025837580362 0.2177889496088028 0.22545882066090903 0.2362155318260193 0.2156219482421875 0.24441978335380554 0.2195750872294108 0.24105776846408844 0.22955658038457236 0.23298980295658112 0.24175790945688883 0.22883345186710358 0.24982438484827676 0.21479183435440063 0.25892849763234455 0.20033693313598633 0.2783403992652893 0.18527236580848694 0.2781957785288493 0.1743641495704651 0.2699846824010213 0.17647458612918854 0.2434207797050476 0.17195330560207367 0.22799909114837646 0.15658392012119293 0.21807618935902914
0 0.18751181662082672 0.16150923569997153 0.2112862765789032 0.14647838473320007 0.23307043313980103 0.18543126185735068 0.2448330819606781 0.20926723877588907 0.23073139786720276 0.20466144879659018 0.21394185721874237 0.18453234434127808 0.20288121700286865 0.1714321176211039
0 0.10093321651220322 0.5066894292831421 0.11937593668699265 0.4855872392654419 0.13751381635665894 0.4547067880630493 0.1357404589653015 0.4685182571411133 0.12909264862537384 0.4909258286158244 0.1221238523721695 0.514820416768392
0 0.11978036910295486 0.5928218762079874 0.1537449061870575 0.5865316788355509 0.17829757928848267 0.5846811930338541 0.19893860816955566 0.5869655211766561 0.22182638943195343 0.578840414683024 0.22868672013282776 0.5750319560368856 0.2280125468969345 0.6005367040634155 0.22765932977199554 0.624554435412089 0.2133890986442566 0.6263248125712076 0.19021262228488922 0.6134063402811686 0.16654661297798157 0.6083510716756185 0.13600419461727142 0.6183696587880453 0.12987813353538513 0.6103832721710205
0 0.23864376544952393 0.635210116704305 0.2505148649215698 0.6389600038528442 0.2566731572151184 0.6244157155354818 0.2699204385280609 0.6133966445922852 0.27812469005584717 0.6173497438430786 0.2953597605228424 0.6046403646469116 0.28640514612197876 0.6237474282582601 0.2770533561706543 0.6418970425923666 0.2735828757286072 0.6719646453857422 0.2562114894390106 0.6685195763905843 0.2354341447353363 0.6500807205835978
0 0.19334760308265686 0.3722715377807617 0.20315663516521454 0.36878939469655353 0.20619328320026398 0.4190661907196045 0.21451768279075623 0.45043909549713135 0.21259191632270813 0.459361473719279 0.18623808026313782 0.4387829303741455 0.1773318499326706 0.4240940411885579 0.18093861639499664 0.41018088658650714 0.1902904063463211 0.39203131198883057
0 0.21606238186359406 0.4292939106623332 0.23606152832508087 0.4345523913701375 0.2668326199054718 0.43186748027801514 0.28110283613204956 0.4300970633824666 0.2731873095035553 0.44718754291534424 0.25372159481048584 0.4590410391489665 0.248907208442688 0.4813470045725505 0.2656967341899872 0.5014761288960775 0.27084383368492126 0.5251890023549398 0.3056744337081909 0.5820295810699463 0.299439936876297 0.5941292842229208 0.2751159071922302 0.6033134857813517 0.27875491976737976 0.5668697357177734 0.2607738673686981 0.5438681443532308 0.2504313588142395 0.5302383104960123 0.2321455031633377 0.49745845794677734 0.22429446876049042 0.46948758761088055 0.21835307776927948 0.44385969638824463
0 0.27325907349586487 0.5084033409754435 0.3046720623970032 0.5027443170547485 0.332831472158432 0.486980676651001 0.35593172907829285 0.4974546432495117 0.3503992259502411 0.5202901363372803 0.3207874000072479 0.5483782291412354 0.3174854815006256 0.5720696051915487 0.29320985078811646 0.5474578142166138 0.2836015820503235 0.5220331350962321
0 0.37593531608581543 0.4439419110616048 0.386631041765213 0.4335539738337199 0.4134465456008911 0.41002869606018066 0.437052458524704 0.4013740619023641 0.43987658619880676 0.43305182456970215 0.45005056262016296 0.45305780569712323 0.4571072459220886 0.4791136582692464 0.45244526863098145 0.5063087542851766 0.43174412846565247 0.4903144836425781 0.40913334488868713 0.4719772736231486 0.3838787078857422 0.46309200922648114 0.3737647831439972 0.45679593086242676
0 0.36730608344078064 0.40279070536295575 0.38231056928634644 0.38922544320424396 0.40567171573638916 0.3845024108886719 0.430148184299469 0.3802073796590169 0.43444082140922546 0.38829533259073895 0.4201544523239136 0.4013310670852661 0.39789247512817383 0.41774733861287433 0.3831327557563782 0.4273809989293416 0.3775562345981598 0.42524127165476483
0 0.23915983736515045 0.274719496568044 0.24796205759048462 0.25072328249613446 0.25548040866851807 0.23267531394958496 0.27263927459716797 0.21752134958902994 0.2782319188117981 0.20839575926462808 0.2859305143356323 0.2314774990081787 0.2988084554672241 0.2557414372762044 0.29098525643348694 0.2640111446380615 0.26841843128204346 0.2706491748491923 0.24927370250225067 0.2810155948003133 0.23850178718566895 0.28895896673202515
0 0.3050546646118164 0.2911476095517476 0.3225345313549042 0.2745065887769063 0.3452376425266266 0.28402302662531537 0.34450337290763855 0.29581791162490845 0.3270235061645508 0.31245893239974976 0.3116379976272583 0.313801387945811 0.30343374609947205 0.30984824895858765
0 0.27722346782684326 0.4117012818654378 0.29944151639938354 0.3703097502390544 0.30809131264686584 0.3414243857065837 0.30842840671539307 0.32867201169331867 0.3181612193584442 0.32274526357650757 0.33993372321128845 0.3141922354698181 0.344547301530838 0.32079317172368366 0.3576861321926117 0.3298601309458415 0.362604558467865 0.3462393283843994 0.3676593005657196 0.3787730137507121 0.36444970965385437 0.3936436176300049 0.35305196046829224 0.39329580465952557 0.3359253406524658 0.3859190543492635 0.3210132122039795 0.3906635840733846 0.30338096618652344 0.4024154742558797 0.29020988941192627 0.41587913036346436
0 0.44386884570121765 0.3725903034210205 0.464232861995697 0.4013369878133138 0.48827990889549255 0.41861502329508465 0.5057875514030457 0.43821461995442706 0.4915173053741455 0.4399849971135457 0.4688904285430908 0.4329131046930949 0.4554145336151123 0.436598539352417 0.44760745763778687 0.43360288937886554 0.44531679153442383 0.4190371036529541 0.44493573904037476 0.4068142573038737 0.4426450729370117 0.3922484715779622
0 0.5152595639228821 0.447484811147054 0.5392787456512451 0.4285223086675008 0.5559480786323547 0.4212316672007243 0.5639999508857727 0.4202956755956014 0.573624312877655 0.4344549973805745 0.5846087336540222 0.44511063893636066 0.5999781489372253 0.455033540725708 0.6118330955505371 0.47004878520965576 0.6079215407371521 0.4741836388905843 0.581214427947998 0.47762282689412433 0.559839129447937 0.48713334401448566 0.543398380279541 0.5017577807108561 0.5240851044654846 0.5185003678003947 0.5180191397666931 0.5242238839467367 0.5171046257019043 0.4948891003926595 0.5188179016113281 0.467367688814799
0 0.2776750326156616 0.09627201159795125 0.2984645962715149 0.07724038263161977 0.32730215787887573 0.062177071968714394 0.35372045636177063 0.03769432504971822 0.3664020001888275 0.0320939173301061 0.36957934498786926 0.03975395361582438 0.3523443043231964 0.05246331791083018 0.3401961624622345 0.07517571747303009 0.3444727063179016 0.09452902277310689 0.3603755533695221 0.12156389156977336 0.38083192706108093 0.1414897640546163 0.3898305594921112 0.14735788106918335 0.3804948627948761 0.15424213806788126 0.3721220791339874 0.1566652258237203 0.35412490367889404 0.14492894212404886 0.33110082149505615 0.13689956068992615 0.3096493184566498 0.14396552244822183 0.3037518858909607 0.1433128515879313 0.2955798804759979 0.11682906746864319 0.2869945764541626 0.10065309206644694
0 0.4025883078575134 0.14420204361279806 0.41105344891548157 0.1329582134882609 0.41554683446884155 0.11213937401771545 0.42115557193756104 0.09174844622612 0.4288703501224518 0.10356480876604716 0.4386148750782013 0.14514397581418356 0.45134037733078003 0.164518803358078 0.4432724714279175 0.17672008275985718 0.429736465215683 0.1666956146558126 0.41865968704223633 0.16486072540283203 0.4069571793079376 0.15473459164301553
0 0.4588426351547241 0.1577361524105072 0.4802941679954529 0.15067018071810404 0.5044496655464172 0.1478621562321981 0.5069851279258728 0.15849632024765015 0.5001848340034485 0.1760147213935852 0.48406505584716797 0.18915208180745444 0.477324903011322 0.22038036584854126 0.4804098606109619 0.23686120907465616 0.4689359962940216 0.23406877120335898 0.46108493208885193 0.206097940603892 0.45385968685150146 0.18641827503840128 0.452439546585083 0.17621207237243652
1 0.50287264585495 0.19153805573781332 0.5168058276176453 0.20252005259195963 0.535047709941864 0.2103247046470642 0.5494542717933655 0.22470877567927042 0.5532735586166382 0.22939467430114746 0.5516526103019714 0.2480953335762024 0.5372138023376465 0.25624189774195355 0.503999650478363 0.23947189251581827 0.48942458629608154 0.23146402835845947 0.48921212553977966 0.21286497513453165
0 0.5094281435012817 0.1779512564341227 0.5242201685905457 0.1457869609196981 0.5346271991729736 0.1143554151058197 0.5264551639556885 0.08787162105242412 0.5306276679039001 0.06853980322678883 0.5481675863265991 0.06560869514942169 0.5687763690948486 0.09042370319366455 0.5815019011497498 0.109798530737559 0.6036393046379089 0.12473363677660625 0.6156628131866455 0.1333726942539215 0.614531397819519 0.14421008030573526 0.5915073156356812 0.13618070880572 0.5640059113502502 0.137704869111379 0.5509110689163208 0.15361311038335165 0.5413907766342163 0.1781388521194458 0.528937816619873 0.1910730004310608 0.5157828330993652 0.19327135880788168
0 0.5573052763938904 0.25267964601516724 0.56529700756073 0.23803375164667764 0.5921887755393982 0.21695303916931152 0.608798086643219 0.19595243533452353 0.6187917590141296 0.17482872804005942 0.6312886476516724 0.18686981995900473 0.6321430802345276 0.20249476035435995 0.6386663317680359 0.21143861611684164 0.6463048458099365 0.22081045309702554 0.648182213306427 0.2456840674082438 0.6563703417778015 0.26090256373087567 0.6242992877960205 0.2808010180791219 0.6144140958786011 0.2818386157353719 0.6019333004951477 0.258532186349233 0.581216037273407 0.2538032531738281 0.565509557723999 0.2566327651341756
0 0.5495421886444092 0.27465925614039105 0.5634152293205261 0.27193137009938556 0.5706566572189331 0.2803456385930379 0.5721368193626404 0.30426178375879925 0.5830128192901611 0.3350035349527995 0.5905590057373047 0.35319610436757404 0.5779374837875366 0.3725064198176066 0.5718715190887451 0.37822993596394855 0.5674425959587097 0.3539875348409017 0.5556960701942444 0.3188861807187398 0.5504727959632874 0.2927287022272746
0 0.5896444916725159 0.323861300945282 0.6017764806747437 0.3124142686525981 0.6159103512763977 0.29448942343393963 0.6275044679641724 0.32470160722732544 0.645409345626831 0.3452586730321248 0.6646903157234192 0.35104668140411377 0.6769586205482483 0.35575413703918457 0.6647342443466187 0.376021941502889 0.6642286777496338 0.39515050252278644 0.6401816606521606 0.37787238756815594 0.6205796599388123 0.3735714753468831 0.6051340699195862 0.36120394865671795 0.59496009349823 0.3411979675292969
0 0.690907895565033 0.35547077655792236 0.6911804676055908 0.38777971267700195 0.6947227120399475 0.41892794768015545 0.7050490379333496 0.44382301966349286 0.6874930262565613 0.4580194552739461 0.6591811776161194 0.4688939650853475 0.6664709448814392 0.4435122807820638 0.671927273273468 0.4182322422663371 0.6748320460319519 0.3935832977294922 0.6807617545127869 0.3717053731282552
0 0.6921828985214233 0.4670649766921997 0.7155440449714661 0.4623419443766276 0.7245425581932068 0.4682101011276245 0.7342754602432251 0.4622833728790283 0.7521963715553284 0.4715750614802043 0.7392979264259338 0.5173476139704386 0.7486013174057007 0.5329941113789877 0.7332158088684082 0.5343364874521891 0.7066934108734131 0.5201342105865479 0.7003548741340637 0.49354875087738037
0 0.5891650915145874 0.6030500332514445 0.6190216541290283 0.571030338605245 0.6354023218154907 0.5426960388819376 0.6344717144966125 0.5246265331904093 0.6523926854133606 0.5339182615280151 0.6626589298248291 0.5451035102208456 0.6527414321899414 0.5686717430750529 0.6504786014556885 0.5903465350468954 0.6385752558708191 0.6091272433598837 0.6349684596061707 0.6230403979619344 0.6307359337806702 0.6286623080571493 0.6213240623474121 0.6331019798914591 0.6096214652061462 0.6229759057362875 0.5964826941490173 0.6139088869094849
0 0.5206424593925476 0.5848085085550944 0.5428721904754639 0.5909229119618734 0.5616798400878906 0.5933088461558024 0.57020503282547 0.5957749287287394 0.5653305649757385 0.604370911916097 0.551930844783783 0.6105009317398071 0.5338413715362549 0.6075853904088339 0.5240484476089478 0.5998022556304932
0 0.5845954418182373 0.6214243570963541 0.6039526462554932 0.6296569108963013 0.6171676516532898 0.641168475151062 0.6275263428688049 0.643532951672872 0.6394897699356079 0.6384621063868204 0.65183424949646 0.6456140677134196 0.6546143889427185 0.6523165702819824 0.6356983184814453 0.6700167655944824 0.6207700371742249 0.6860265731811523 0.6066522002220154 0.6926861604054769 0.5959887504577637 0.6805434226989746 0.5960209369659424 0.6580127080281576 0.5938226580619812 0.6346261501312256 0.5918368101119995 0.6298386653264364
0 0.5792226195335388 0.7554260889689127 0.5965661406517029 0.7226305802663168 0.6033663749694824 0.7051121393839518 0.6191006898880005 0.7385232448577881 0.6333386898040771 0.7592834631601969 0.673902690410614 0.7643817265828451 0.6493338346481323 0.7774976094563802 0.6272404789924622 0.7875377337137858 0.615902841091156 0.8008997440338135 0.609592080116272 0.8105549017588297 0.5944512486457825 0.8079656759897867 0.5877594947814941 0.8053980668385824 0.5873183608055115 0.7794652779897054
0 0.6740639209747314 0.6517284313837687 0.6979907751083374 0.641586701075236 0.7228043675422668 0.624539335568746 0.7462900876998901 0.5884648561477661 0.7655549645423889 0.6055181821187338 0.7682428359985352 0.621041496594747 0.7485324144363403 0.6368265946706136 0.7225112318992615 0.6622669299443563 0.712304949760437 0.6647915840148926 0.7098135352134705 0.6791326204935709 0.7019903063774109 0.6874023278554281 0.6886228919029236 0.671001672744751
0 0.7415724396705627 0.5431787967681885 0.7540092468261719 0.5415099859237671 0.7670556902885437 0.5593977769215902 0.7891931533813477 0.5743328332901001 0.8041653633117676 0.5832983255386353 0.8134849071502686 0.5876793464024862 0.7975937724113464 0.6081504424413046 0.7815501689910889 0.6237322886784872 0.772491455078125 0.6041542291641235 0.7620728015899658 0.5880798896153768 0.7461537718772888 0.5723104079564413 0.7449022531509399 0.555727998415629
0 0.7919337749481201 0.49728894233703613 0.8101155757904053 0.49138375123341876 0.8257458806037903 0.4861096541086833 0.8429809808731079 0.4734002749125163 0.8454402089118958 0.4815899133682251 0.8379217982292175 0.4996378421783447 0.8311054706573486 0.5284216006596884 0.8246100544929504 0.5557182629903158 0.8206823468208313 0.5711184740066528 0.8127066493034363 0.5744990110397339 0.7951066493988037 0.5637202262878418 0.7976744174957275 0.5518237749735514 0.7961941361427307 0.5279076099395752 0.7897632122039795 0.510143001874288
0 0.8157171010971069 0.3647156556447347 0.821462094783783 0.3604792356491089 0.8346771597862244 0.37199079990386963 0.840482234954834 0.3814642031987508 0.8459663987159729 0.392424742380778 0.8386004567146301 0.41536184151967365 0.8406463265419006 0.43385926882425946 0.8492316603660583 0.45003517468770343 0.8556786775588989 0.45653454462687176 0.8470611572265625 0.46288923422495526 0.8307127356529236 0.4686928192774455 0.8245704770088196 0.4719717899958293 0.8136784434318542 0.45249537626902264 0.8119534254074097 0.43251089255015057 0.8145372867584229 0.40934908390045166 0.8164791464805603 0.3891613483428955
0 0.676521897315979 0.2710501551628113 0.703381359577179 0.2725001374880473 0.7196536064147949 0.2642518877983093 0.7370410561561584 0.2564316789309184 0.7363830208778381 0.2706710894902547 0.735556423664093 0.29128676652908325 0.715448796749115 0.3061143755912781 0.6991004347801208 0.3119180202484131 0.6911570429801941 0.2927679220835368
0 0.528309166431427 0.01773346836368243 0.5414201617240906 0.0013020833333333333 0.5465394258499146 0.0013020833333333333 0.5605648756027222 0.0013020833333333333 0.5749112963676453 0.0013020833333333333 0.5853461623191833 0.0013020833333333333 0.5908904075622559 0.010347049683332443 0.608169436454773 0.022612889607747395 0.6301705241203308 0.02139354000488917 0.6502780914306641 0.00656595453619957 0.6615673899650574 0.02699986348549525 0.6762025356292725 0.04871765275796255 0.672595739364624 0.06263077755769093 0.6628468036651611 0.07982284824053447 0.6513728499412537 0.07703046003977458 0.6506869792938232 0.0550293376048406 0.643353283405304 0.05543579657872518 0.6296648979187012 0.04052215317885081 0.6093448400497437 0.03675071646769842 0.5886875987052917 0.04573171337445577 0.5671760439872742 0.03908776740233103 0.5474978089332581 0.03234226008256277 0.5359477400779724 0.0271052618821462
0 0.6219134330749512 0.110007643699646 0.6278431415557861 0.0881296694278717 0.6383102536201477 0.07040801147619884 0.6441314816474915 0.06861612697442372 0.6449097394943237 0.08179645240306854 0.6410582065582275 0.09964120388031006 0.6336321234703064 0.10886843005816142
0 0.6718453764915466 0.08569097518920898 0.6750549674034119 0.07082037130991618 0.6856744885444641 0.05798787375291189 0.6945206522941589 0.058966875076293945 0.6960932016372681 0.07406220336755116 0.6958162188529968 0.10052450497945149 0.6985040307044983 0.11604779958724976 0.6894131302833557 0.11900042494138081 0.6801697611808777 0.11706392963727315 0.6742122173309326 0.10270135601361592
0 0.6630871295928955 0.1346624195575714 0.6742562651634216 0.12767656644185385 0.6886026859283447 0.12835073471069336 0.7047825455665588 0.1289233167966207 0.7077913284301758 0.14295953512191772 0.707622766494751 0.14933577179908752 0.692939281463623 0.16141396760940552 0.6796919703483582 0.17243305842081705 0.6735497713088989 0.17571202913920084 0.6714276671409607 0.1547700266043345
1 0.7060707807540894 0.06420383354028066 0.7211953997612 0.07805837194124858 0.7200478911399841 0.10016106565793355 0.7273493409156799 0.12228527665138245 0.7328935861587524 0.14695571859677634 0.7194176912307739 0.15064110358556113 0.7070292234420776 0.11851389209429423 0.7005221247673035 0.09830467899640401 0.7019906640052795 0.07471490403016408
0 0.7300254702568054 0.09030267596244812 0.743425190448761 0.08417272567749023 0.7588707804679871 0.09654016296068828 0.7803061604499817 0.10073954860369365 0.78802090883255 0.11255594094594319 0.7742079496383667 0.12899372975031534 0.7701277732849121 0.13950480024019876 0.7515326142311096 0.15571785966555277 0.7259247899055481 0.17085031668345133 0.7240312695503235 0.1572420299053192 0.7410216331481934 0.14846423268318176 0.73602694272995 0.1296404997507731 0.7312770485877991 0.10688511530558269
0 0.7345261573791504 0.17576096455256143 0.7661238312721252 0.15246041615804037 0.7764824628829956 0.15482486287752786 0.7661077380180359 0.16372573375701904 0.7522185444831848 0.17771893739700317 0.7449610233306885 0.1805699666341146
0 0.7766671776771545 0.13718331853548685 0.7912744879722595 0.12266055742899577 0.8034826517105103 0.11365808049837749 0.8178290724754333 0.114332248767217 0.8219693303108215 0.11753109097480774 0.8082325458526611 0.13641343514124551 0.8028685450553894 0.15287276109059653 0.8064269423484802 0.17275559902191162 0.8046535849571228 0.18656710783640543 0.7944473624229431 0.18909182151158652 0.7855411171913147 0.17440291245778403 0.7858020663261414 0.15920592347780863 0.7814332246780396 0.1486733853816986
0 0.8421531319618225 0.10514805714289348 0.8690286874771118 0.09533269206682841 0.8971720337867737 0.09083433945973714 0.9183905124664307 0.1352059245109558 0.9138369560241699 0.14231490095456442 0.8953502774238586 0.13844186067581177 0.8744806051254272 0.1288238267103831 0.8561624884605408 0.1185745894908905
0 0.553023099899292 0.0013020833333333333 0.5656445622444153 0.0013020833333333333 0.579686164855957 0.0013020833333333333 0.597346305847168 0.0013020833333333333 0.6094459891319275 0.0013020833333333333 0.5854590535163879 0.0013020833333333333 0.5693554282188416 0.0013020833333333333
0 0.5805845260620117 0.0013020833333333333 0.5988426208496094 0.0013020833333333333 0.6285584568977356 0.0013020833333333333 0.6511091589927673 0.0013020833333333333 0.6592371463775635 0.0013020833333333333 0.6507720351219177 0.0013020833333333333 0.6338579058647156 0.0013020833333333333 0.6182599067687988 0.0013020833333333333 0.5989788770675659 0.0013020833333333333 0.58710777759552 0.0013020833333333333
0 0.6667995452880859 0.0013020833333333333 0.6890292167663574 0.0013020833333333333 0.7074235677719116 0.0013020833333333333 0.709561824798584 0.0013020833333333333 0.6931372284889221 0.0013020833333333333 0.6800746321678162 0.0013020833333333333 0.6694111824035645 0.0013020833333333333
0 0.6864938139915466 0.0013020833333333333 0.6990229487419128 0.0013020833333333333 0.7153552770614624 0.0013020833333333333 0.7299302816390991 0.0013020833333333333 0.7458654046058655 0.0013020833333333333 0.7568498849868774 0.0013020833333333333 0.7510886788368225 0.0013020833333333333 0.7396587133407593 0.0013020833333333333 0.7343708872795105 0.005823489278554916 0.7258134484291077 0.025888072947661083 0.7261505722999573 0.01313565174738566 0.7235550284385681 0.0013020833333333333 0.7176898717880249 0.0013020833333333333 0.7135657668113708 0.0013020833333333333 0.7002745270729065 0.0013020833333333333
0 0.7541398406028748 0.22756781180699667 0.7639166116714478 0.24661630392074585 0.7606308460235596 0.25904234250386554 0.7499512434005737 0.2581649621327718 0.7506093382835388 0.24392545223236084
0 0.7465130686759949 0.2657018502553304 0.7686665654182434 0.2693716883659363 0.7829968929290771 0.28131117423375446 0.7770832777023315 0.2919238607088725 0.7646303772926331 0.3048579494158427 0.7508496046066284 0.29876506328582764 0.7433796525001526 0.28301705916722614
0 0.8558500409126282 0.6152066389719645 0.8845590353012085 0.6052896976470947 0.9088230133056641 0.582395593325297 0.9385873079299927 0.559196670850118 0.946546733379364 0.5670814116795858 0.9383102655410767 0.5856589476267496 0.9434411525726318 0.6206371784210205 0.9376038312911987 0.6336944500605265 0.9065718650817871 0.6515762011210123 0.8491978049278259 0.6963854630788168 0.8136885166168213 0.7238207658131918 0.8050109148025513 0.7164656321207682 0.8232851028442383 0.7017396291097006 0.8520864844322205 0.6830019156138102 0.86654132604599 0.6635899543762207 0.857574999332428 0.6351911226908366
0 0.8986256718635559 0.4673778216044108 0.9171123504638672 0.47125085194905597 0.9280205368995667 0.47946194807688397 0.946354866027832 0.4784458478291829 0.9616202116012573 0.4496836264928182 0.9676099419593811 0.4415154854456584 0.9732626676559448 0.44609979788462323 0.9754770994186401 0.45822107791900635 0.9713969826698303 0.4687320788701375 0.975123941898346 0.48223872979482013 0.969362735748291 0.4977405071258545 0.9641672968864441 0.507823665936788 0.961675763130188 0.5221647024154663 0.9570299983024597 0.5380944410959879 0.9466552138328552 0.5469952821731567 0.9366336464881897 0.5318784713745117 0.9153228402137756 0.4963276783625285 0.908326268196106 0.4839816888173421
0 0.9016990065574646 0.43635276953379315 0.9085915684700012 0.41001351674397785 0.9154680371284485 0.39493970076243085 0.9209243059158325 0.36965962251027423 0.9240577220916748 0.35234447320302326 0.9358364939689636 0.364915132522583 0.9441007971763611 0.38257813453674316 0.9377900958061218 0.39223333199818927 0.9258105158805847 0.4085694948832194 0.9199731349945068 0.4216267267862956
0 0.9524735808372498 0.3801550467809041 0.9692792892456055 0.3890188932418823 0.9864220023155212 0.38513024648030597 1.0 0.3732767502466838 1.0 0.37521326541900635 1.0 0.38794414202372235 0.9967645406723022 0.39876000086466473 0.9914005398750305 0.41521934668223065 0.9843716621398926 0.42540403207143146 0.9690623879432678 0.4291910727818807 0.9597589373588562 0.4135446548461914 0.9498136043548584 0.4008723894755046 0.9478277564048767 0.39608482519785565
0 0.9987342357635498 0.4148128827412923 1.0 0.397091269493103 1.0 0.386601726214091 1.0 0.40000681082407635 1.0 0.4101113478342692 1.0 0.4151607354482015
0 0.9643636345863342 0.5376879771550497 0.9712240099906921 0.5338795185089111 0.9865934252738953 0.5438023805618286 0.9887316226959229 0.5534790356953939 0.9808322787284851 0.5593041578928629 0.9700764417648315 0.555982232093811
0 0.9947214126586914 0.5453109343846639 1.0 0.5374906460444132 1.0 0.5325429836908976 1.0 0.5341746012369791 1.0 0.537779966990153 1.0 0.5601229270299276 1.0 0.566905657450358 0.9996398687362671 0.5616901318232218 0.9979749917984009 0.5554155906041464
0 1.0 0.5317515929539999 1.0 0.5285957256952921 1.0 0.5341375668843588 1.0 0.5495962699254354 1.0 0.550430695215861
0 0.8839715719223022 0.29187703132629395 0.8918871283531189 0.2747865716616313 0.9108031988143921 0.2570864160855611 0.919665515422821 0.24680010477701822 0.9292898774147034 0.2609594464302063 0.9444906711578369 0.27725855509440106 0.9530921578407288 0.28216920296351117 0.9406391978263855 0.2951032916704814 0.9270709156990051 0.30760947863260907 0.9244871139526367 0.3307713071505229 0.9228823184967041 0.33820660909016925 0.9150753021240234 0.33521095911661786 0.9083996415138245 0.321377952893575 0.895826518535614 0.3068922956784566
0 0.7697979807853699 0.2585342526435852 0.7762772440910339 0.2425029476483663 0.7886378169059753 0.23838961124420166 0.8048177361488342 0.23896213372548422 0.8079026937484741 0.2554429570833842 0.8089256882667542 0.26469167073567706 0.7951288223266602 0.26986414194107056 0.7844492197036743 0.2689867417017619 0.7766422033309937 0.26599111159642536
0 0.8056281805038452 0.2296118140220642 0.8088378310203552 0.2147411902745565 0.8224822282791138 0.20467960834503174 0.8351154327392578 0.23287518819173178 0.8238540291786194 0.2486818234125773 0.818506121635437 0.2538757920265198 0.8131743669509888 0.24780442317326865
0 0.8160146474838257 0.2682168285051982 0.8345335721969604 0.24955924352010092 0.8412253260612488 0.25212687253952026 0.8425531387329102 0.2711539069811503 0.8489078283309937 0.28647396961847943 0.8376464247703552 0.30228060483932495 0.8232676982879639 0.3241370916366577 0.8178759217262268 0.30435578028361004 0.8120869398117065 0.2836169997851054
0 0.8667130470275879 0.2095746397972107 0.8797317147254944 0.19122185309727988 0.9032775163650513 0.16885727643966675 0.9216278791427612 0.1565758983294169 0.9290979504585266 0.17232386271158853 0.9274770021438599 0.19102452198664346 0.9265580773353577 0.2204609513282776 0.9236693978309631 0.23384451866149902 0.9108354449272156 0.2345558007558187 0.8955583572387695 0.21581212679545084 0.880890965461731 0.21662501494089761 0.8747487664222717 0.21990400552749634
0 0.9640325903892517 0.2678496440251668 0.9716376066207886 0.26224162181218463 0.9886893033981323 0.3046842614809672 0.9692558646202087 0.2940070629119873 0.9619383215904236 0.2831481695175171
0 0.6787879467010498 0.0013020833333333333 0.6586041450500488 0.0013020833333333333 0.6652635931968689 0.0013020833333333333 0.6664229035377502 0.0013020833333333333 0.6734796166419983 0.0013020833333333333 0.6823257207870483 0.0013020833333333333 0.6993483304977417 0.0013020833333333333 0.7149947881698608 0.0013020833333333333 0.7214579582214355 0.0013020833333333333 0.7155004143714905 0.0013020833333333333 0.6981289982795715 0.0013020833333333333 0.6848216652870178 0.0013020833333333333
0 0.7199776768684387 0.0013020833333333333 0.7405747771263123 0.0013020833333333333 0.7530878186225891 0.0013020833333333333 0.7755623459815979 0.0013020833333333333 0.7743546366691589 0.0013020833333333333 0.7611997127532959 0.0013020833333333333 0.7501068115234375 0.0013020833333333333 0.7472944259643555 0.0013020833333333333 0.7397921681404114 0.0013020833333333333 0.7319850921630859 0.0013020833333333333 0.7255380749702454 0.0013020833333333333
1 0.7453291416168213 0.0013020833333333333 0.7602691054344177 0.0013020833333333333 0.7735002636909485 0.0013020833333333333 0.7659540772438049 0.0013020833333333333 0.7547720074653625 0.0013020833333333333
0 0.7574082612991333 0.0013020833333333333 0.7474145889282227 0.0013020833333333333 0.7537692785263062 0.0013020833333333333 0.7693071961402893 0.0013020833333333333 0.782157301902771 0.0013020833333333333 0.7919824719429016 0.0013020833333333333 0.7946264147758484 0.0013020833333333333 0.7811988592147827 0.0013020833333333333 0.767249584197998 0.0013020833333333333 0.7593501806259155 0.0013020833333333333 0.7547204494476318 0.0013020833333333333
0 0.7449069619178772 0.0013020833333333333 0.7588562369346619 0.0013020833333333333 0.7622460722923279 0.0013020833333333333 0.7598308324813843 0.0013020833333333333 0.7586231827735901 0.0013020833333333333 0.7452396750450134 0.0013020833333333333 0.7431014180183411 0.0013020833333333333 0.7388087511062622 0.0013020833333333333 0.7434545755386353 0.0013020833333333333
