1 0.053584542125463486 0.14172733823458353 0.02976466529071331 0.12745905915896097 0.021739482879638672 0.10415585835774739 0.02839292772114277 0.0013020833333333333 0.02935612201690674 0.0013020833333333333 0.06776516139507294 0.0013020833333333333 0.05378719046711922 0.0013020833333333333 0.05225741118192673 0.025341935455799103 0.06139785796403885 0.07006010413169861 0.06602474302053452 0.09132760763168335 0.06747075170278549 0.12655951579411825 0.06535283476114273 0.1515904168287913
0 0.07993006706237793 0.0013020833333333333 0.06386928260326385 0.006673293809096019 0.06379906833171844 0.03957132250070572 0.07181990146636963 0.07431457440058391 0.07442063838243484 0.10307239492734273 0.07580998539924622 0.13939587275187174 0.08892452716827393 0.15486756960550943 0.10878387093544006 0.16657586892445883 0.1480843871831894 0.18227607011795044 0.17766432464122772 0.1959803303082784 0.1961774080991745 0.20208001136779785 0.2124161720275879 0.2046788732210795 0.2140592783689499 0.17302314440409342 0.19843575358390808 0.1112530529499054 0.19475051760673523 0.056071301301320396 0.21307209134101868 0.05008828639984131 0.227986142039299 0.0624359796444575 0.2303035855293274 0.09665167331695557 0.2368081957101822 0.1290610432624817 0.24648012220859528 0.1793124477068583 0.2734106481075287 0.2125143607457479 0.29188865423202515 0.2350630760192871 0.30739083886146545 0.25185243288675946 0.3255639672279358 0.26450157165527344 0.346804678440094 0.2653694748878479 0.3588913679122925 0.2533256610234578 0.35132381319999695 0.20984979470570883 0.34170854091644287 0.15850680073102316 0.3395961821079254 0.10456734895706177 0.326290100812912 0.07701295117537181 0.29666709899902344 0.03259383141994476 0.2744336426258087 0.0013020833333333333 0.27477359771728516 0.0013020833333333333 0.25263285636901855 0.0013020833333333333 0.1796131283044815 0.0013020833333333333 0.0916178822517395 0.0013020833333333333
0 0.01204166654497385 0.31118186314900714 0.022633686661720276 0.3121616045633952 0.03428865969181061 0.324207862218221 0.052121851593256 0.3434064785639445 0.0644216239452362 0.35880279541015625 0.08703012019395828 0.380636731783549 0.11062336713075638 0.39927132924397785 0.12311466038227081 0.42675034205118817 0.1294492930173874 0.46243445078531903 0.12536188960075378 0.4938640594482422 0.11054759472608566 0.511139710744222 0.09222602099180222 0.5171227057774862 0.0538184829056263 0.5157637198766073 0.027667609974741936 0.4990861813227336 0.006575335748493671 0.479586124420166 0.009343607351183891 0.3789350191752116 0.01102181151509285 0.33083025614420575
0 0.004095916170626879 0.49580903848012287 0.029148723930120468 0.5178691148757935 0.04754849895834923 0.5261519352595011 0.07443593442440033 0.5286389589309692 0.10329286009073257 0.5247273047765096 0.11318343132734299 0.5234484672546387 0.1246684193611145 0.5387694438298544 0.12643283605575562 0.5520944595336914 0.12041103839874268 0.5734738111495972 0.11632363498210907 0.6049034198125204 0.09168342500925064 0.6695301532745361 0.062394775450229645 0.6975319385528564 0.04303181171417236 0.707805871963501 0.020919684320688248 0.7079541683197021 0.0009765625 0.7201852003733317 0.0009765625 0.7244654496510824 0.0009765625 0.626551111539205 0.0009765625 0.5643523136774699 0.0009765625 0.5490491390228271
0 0.0009765625 0.7339235146840414 0.0201264638453722 0.7232362429300944 0.037994761019945145 0.7259857654571533 0.06328775733709335 0.7118730545043945 0.09234977513551712 0.6882376670837402 0.11206624656915665 0.639607826868693 0.12765221297740936 0.5916926463445028 0.1312863528728485 0.5689956744511923 0.14391808211803436 0.5306786696116129 0.16877137124538422 0.4934920867284139 0.19104547798633575 0.4429051876068115 0.21553726494312286 0.3969106276830037 0.24010725319385529 0.36518192291259766 0.2662150263786316 0.35114459196726483 0.31466156244277954 0.3325926462809245 0.34166231751441956 0.3328964908917745 0.34729549288749695 0.3663220802942912 0.35798728466033936 0.3969251314798991 0.3638686239719391 0.4413417975107829 0.3719461262226105 0.4749934673309326 0.3567001223564148 0.5163591702779134 0.3233376145362854 0.543984055519104 0.2831951975822449 0.5918214321136475 0.26349228620529175 0.6086448431015015 0.23668307065963745 0.6204237143198649 0.21209152042865753 0.636794924736023 0.19106389582157135 0.6633671919504801 0.18278931081295013 0.6966031392415365 0.1735866516828537 0.73194686571757 0.15511666238307953 0.756562074025472 0.13420236110687256 0.7809511025746664 0.11862995475530624 0.7970597743988037 0.10106649249792099 0.8042097886403402 0.07808294147253036 0.8053743044535319 0.04700833931565285 0.8046936194101969 0.02853035181760788 0.7821449438730875 0.00689304294064641 0.7889180978139242 0.0009765625 0.7951891422271729 0.0009765625 0.7568466663360596
0 0.0009765625 0.8374725977579752 0.00995503831654787 0.8561071554819742 0.02807152457535267 0.869847853978475 0.05424394831061363 0.9018828074137369 0.06347616016864777 0.9290604591369629 0.0695059522986412 0.9548449516296387 0.04647216200828552 0.9579462210337321 0.0009765625 0.9534950256347656 0.0009765625 0.9498296578725179 0.0009765625 0.9387070337931315 0.0009765625 0.8754305839538574
0 0.0009765625 0.8064197699228922 0.018944628536701202 0.793323278427124 0.03956208378076553 0.8061984380086263 0.06273716688156128 0.8171166578928629 0.0905526876449585 0.8174959023793539 0.11893479526042938 0.8069593906402588 0.14729535579681396 0.7810653845469157 0.17664065957069397 0.7519720395406088 0.19008715450763702 0.7137304147084554 0.19847504794597626 0.6783113479614258 0.22757217288017273 0.6382268269856771 0.2735177278518677 0.6205403407414755 0.30936765670776367 0.6238563855489095 0.3185431659221649 0.6521255175272623 0.3203291594982147 0.6808079878489176 0.33515146374702454 0.710696299870809 0.35230472683906555 0.7429938316345215 0.3404662311077118 0.7660287221272787 0.31659767031669617 0.800015926361084 0.2972778379917145 0.8410047690073649 0.30935096740722656 0.8607673645019531 0.3388742208480835 0.8755632241566976 0.3047671616077423 0.8702147801717123 0.2665080726146698 0.8502236207326254 0.2428581714630127 0.8326806227366129 0.19823729991912842 0.8406182924906412 0.13647113740444183 0.8634223143259684 0.10674277693033218 0.8683502674102783 0.08302266150712967 0.8837052981058756 0.06604734063148499 0.8952968915303549 0.052627965807914734 0.8699256579081217 0.034206636250019073 0.846285343170166 0.013759156689047813 0.8301354249318441
0 0.0800333172082901 0.909752368927002 0.10322196036577225 0.8888641198476156 0.1190425455570221 0.8837466239929199 0.16017770767211914 0.8798737525939941 0.2070728987455368 0.8754369417826334 0.2363264411687851 0.8638842105865479 0.26040807366371155 0.8573370774586996 0.2730477750301361 0.8661839962005615 0.30268436670303345 0.878796656926473 0.3258594572544098 0.8897148768107096 0.35322168469429016 0.8988266785939535 0.37830960750579834 0.9044377009073893 0.3950798511505127 0.9125698407491049 0.3936067223548889 0.940950870513916 0.36939823627471924 0.9814874331156412 0.3557511866092682 0.9865538279215494 0.2802613079547882 0.9795711835225424 0.177643820643425 0.9692347844441732 0.11170404404401779 0.9620386759440104 0.09150476008653641 0.9568797747294108 0.08151443302631378 0.9285353024800619
1 0.28310343623161316 0.609362006187439 0.3137598931789398 0.6023263136545817 0.3366085886955261 0.587987502415975 0.3602153956890106 0.5748156309127808 0.3852250874042511 0.5661607980728149 0.4014207422733307 0.538044810295105 0.4020790755748749 0.5095884402592977 0.40357375144958496 0.49656490484873456 0.3891696333885193 0.47439301013946533 0.37757131457328796 0.46125519275665283 0.37342724204063416 0.4937764008839925 0.3650744557380676 0.5127464930216471 0.34410351514816284 0.5382271607716879 0.3291758596897125 0.557685931523641 0.30576062202453613 0.5829404989878336 0.2900748550891876 0.6012323300043741
0 0.3763359487056732 0.3273291786511739 0.3833640217781067 0.31810792287190753 0.40257859230041504 0.3264661232630412 0.42719170451164246 0.3254523277282715 0.45875468850135803 0.30095140139261883 0.5078244209289551 0.2703920801480611 0.540563702583313 0.2547744909922282 0.5651201009750366 0.25485225518544513 0.5760736465454102 0.2646399935086568 0.5821250081062317 0.30578198035558063 0.5711092352867126 0.37605615456899005 0.5624731779098511 0.4004841645558675 0.5428484678268433 0.43157343069712323 0.5157208442687988 0.4652591943740845 0.4797440469264984 0.49593273798624676 0.4502423405647278 0.4964943329493205 0.41397425532341003 0.48546191056569415 0.3907776176929474 0.45918627580006915 0.3754805028438568 0.42267318566640216 0.37409114837646484 0.3863496780395508 0.37328994274139404 0.3544679085413615
0 0.370643675327301 0.1688609520594279 0.3884688913822174 0.1408956746260325 0.4160928726196289 0.12919220328330994 0.43935972452163696 0.12256979942321777 0.45455706119537354 0.1294595996538798 0.4551883041858673 0.16461615761121115 0.463074266910553 0.18618512153625488 0.47840648889541626 0.20624919732411703 0.5037992596626282 0.22175979614257812 0.5257062911987305 0.2413352131843567 0.5194929838180542 0.250631848971049 0.4974023997783661 0.26613761981328327 0.48326799273490906 0.2703142960866292 0.4557924270629883 0.2633855938911438 0.41887956857681274 0.24900307257970175 0.3951163589954376 0.2336432139078776 0.375993549823761 0.20774441957473755
0 0.463972806930542 0.12155599395434062 0.48578009009361267 0.11150813102722168 0.5139922499656677 0.10424632827440898 0.5322004556655884 0.10044647256533305 0.5616806149482727 0.08452741305033366 0.5895096659660339 0.053100203474362694 0.6023329496383667 0.026865887145201366 0.6245017647743225 0.025625998775164287 0.6459124088287354 0.02321917066971461 0.6627177596092224 0.014902266363302866 0.6823266744613647 0.015663101027409237 0.6949686408042908 0.02446630597114563 0.6920926570892334 0.048330262303352356 0.6779797673225403 0.06786438822746277 0.662407398223877 0.08397306005160014 0.6263739466667175 0.11573820312817891 0.601385772228241 0.13975048065185547 0.5866497159004211 0.17129194736480713 0.5648854970932007 0.21205468972524008 0.5522888898849487 0.2339227000872294 0.5372263789176941 0.24020715554555258 0.5185784101486206 0.220933198928833 0.4869507849216461 0.19936182101567587 0.4731914699077606 0.1805400252342224 0.4623863697052002 0.15212014317512512
1 0.41994738578796387 0.5123380025227865 0.4608559012413025 0.5128315289815267 0.5050019025802612 0.4982690413792928 0.5273191332817078 0.4783969720204671 0.5516273975372314 0.4674835999806722 0.5761838555335999 0.46756140391031903 0.5929189920425415 0.4921425183614095 0.6138412356376648 0.5149173339207967 0.6331340074539185 0.537541389465332 0.647006630897522 0.5541800260543823 0.6575635671615601 0.5716087818145752 0.6743553876876831 0.5950983365376791 0.6825246214866638 0.6112094322840372 0.7085270881652832 0.6465191046396891 0.7058210372924805 0.6671082973480225 0.6942873597145081 0.7000428040822347 0.6800045371055603 0.7228517532348633 0.6694340705871582 0.7372294267018636 0.6477050185203552 0.7615431149800619 0.6308429837226868 0.7709515889485677 0.6062299013137817 0.7719654242197672 0.5799872875213623 0.7728284200032552 0.5402334332466125 0.7658608754475912 0.5228751301765442 0.7532870769500732 0.4984671175479889 0.7345770994822184 0.4797624945640564 0.7163947423299154 0.4691489040851593 0.7000575065612793 0.44996947050094604 0.6752503712972006 0.4512510597705841 0.6347866455713908 0.43299970030784607 0.6078716516494751 0.4167960584163666 0.5888237555821737 0.4105396270751953 0.5674055020014445 0.41428709030151367 0.5425253311793009 0.4201388955116272 0.5244207382202148
0 0.3268177807331085 0.6188896099726359 0.341462105512619 0.6048887173334757 0.3617531359195709 0.5925069650014242 0.37414467334747314 0.5903627077738444 0.3956902325153351 0.6011301676432291 0.4162510335445404 0.6150969664255778 0.4233788847923279 0.6354989608128866 0.4221324026584625 0.6595136721928915 0.4301316738128662 0.6788994471232096 0.4349285364151001 0.696892261505127 0.45340651273727417 0.7194410165150961 0.46652108430862427 0.7349127133687338 0.4674140512943268 0.7492538293202718 0.44350239634513855 0.7525262037913004 0.4211636185646057 0.757040818532308 0.3981234133243561 0.7592968940734863 0.38486045598983765 0.7624574502309164 0.3749132454395294 0.7648277282714844 0.3623301684856415 0.7548892498016357 0.34650158882141113 0.7128429412841797 0.33850228786468506 0.6934571266174316 0.3297449052333832 0.6729044119517008 0.3259328007698059 0.6517122189203898 0.3266693651676178 0.6375217437744141 0.32706597447395325 0.6298807064692179
0 0.36690041422843933 0.7772483825683594 0.38499531149864197 0.7756317456563314 0.38253745436668396 0.8072120348612467 0.385308176279068 0.8326950867970785 0.3945188522338867 0.844515323638916 0.4146830141544342 0.8661231199900309 0.4359452724456787 0.8823484579722086 0.4504626989364624 0.9023371537526449 0.4682959020137787 0.9215358098347982 0.47292277216911316 0.9428033034006754 0.4641167223453522 0.9705060323079427 0.44663068652153015 0.9949599107106527 0.3976319134235382 0.9895831743876139 0.38566821813583374 0.9893210728963217 0.39294835925102234 0.9694071610768636 0.40366727113723755 0.9363973140716553 0.40106654167175293 0.9076395829518636 0.3787628710269928 0.8957051436106364 0.3546030521392822 0.8879863421122233 0.3478933572769165 0.8753007253011068 0.32325872778892517 0.8609569867451986 0.31073230504989624 0.849927028020223 0.30820977687835693 0.8354350725809733 0.32614830136299133 0.8052866458892822 0.3485788404941559 0.7832314173380533
0 0.39655691385269165 0.7767011324564616 0.41510510444641113 0.7663517793019613 0.460540771484375 0.7584894498189291 0.47728943824768066 0.7512641747792562 0.4919552803039551 0.7526207764943441 0.5246243476867676 0.7699011166890463 0.5631100535392761 0.7855259577433268 0.5948294997215271 0.7895567417144775 0.6084539890289307 0.795204242070516 0.6061445474624634 0.808152437210083 0.5941144824028015 0.8191047509511312 0.5692396759986877 0.8409338792165121 0.5495367646217346 0.8577572504679362 0.5342475771903992 0.8684080441792806 0.500083863735199 0.8641511599222819 0.47977131605148315 0.8611754576365153 0.45445671677589417 0.8599307537078857 0.44136375188827515 0.8598164717356364 0.42017972469329834 0.8578569889068604 0.4067251980304718 0.8489348093668619 0.3915063142776489 0.8266875743865967 0.38833898305892944 0.8088455200195312
0 0.6218518018722534 0.8052180608113607 0.6622423529624939 0.7683718999226888 0.6875704526901245 0.737810214360555 0.7277910709381104 0.7042386531829834 0.7461693286895752 0.6971641381581625 0.7590923309326172 0.7005530993143717 0.7466090321540833 0.7202378908793131 0.7463122010231018 0.7575022379557291 0.7421115040779114 0.7911149660746256 0.7199290990829468 0.8241613705952963 0.694069504737854 0.849189837773641 0.6578445434570312 0.868872324625651 0.6342729330062866 0.8655951817830404 0.608200192451477 0.8631834983825684 0.581142783164978 0.8639712333679199 0.5610433220863342 0.8884356021881104 0.5632824897766113 0.9083855152130127 0.5623759627342224 0.9258507092793783 0.5460103750228882 0.9572414557139078 0.5180678963661194 0.9908517996470133 0.5078374743461609 0.9986801147460938 0.4817081391811371 0.9973599910736084 0.4573782980442047 0.9929158687591553 0.4743887484073639 0.9648753007253011 0.4849943220615387 0.934048573176066 0.4905412793159485 0.9060444037119547 0.49942559003829956 0.8926075299580892 0.5179170966148376 0.8833497365315756 0.5386829972267151 0.8775928815205892 0.558860719203949 0.867394208908081 0.5754745602607727 0.8469946384429932 0.596048891544342 0.8291550477345785 0.6140089631080627 0.8143640359242758
0 0.8859027028083801 0.11561404665311177 0.9325848817825317 0.08373706539471944 0.9740248322486877 0.08976380030314128 0.9994176030158997 0.10527437925338745 1.0 0.10990734895070393 1.0 0.20096550385157266 1.0 0.35870977242787677 1.0 0.4675940275192261 0.9949655532836914 0.5710099935531616 0.9912660717964172 0.6408641338348389 0.9608713388442993 0.627084493637085 0.9417135119438171 0.6176346937815348 0.9257364273071289 0.5942205190658569 0.9088664650917053 0.5564651091893514 0.8917132019996643 0.5241676171620687 0.875034749507904 0.4984949032465617 0.8440518975257874 0.48027360439300537 0.8277349472045898 0.4634088675181071 0.8200324773788452 0.40675874551137287 0.8220506310462952 0.35210450490315753 0.8277460336685181 0.30546818176905316 0.8339162468910217 0.2654566764831543 0.8268450498580933 0.24396308263142905 0.8260087370872498 0.2285302678743998 0.8472980856895447 0.18114270766576132 0.8721513748168945 0.14395615458488464 0.8746874332427979 0.12664165099461874
0 0.7696276903152466 0.7026244004567465 0.8055127263069153 0.6894914309183756 0.8450750112533569 0.6843763192494711 0.8800534605979919 0.6887085437774658 0.9078689813613892 0.6890877882639567 0.9409697651863098 0.6822781562805176 0.9745453596115112 0.6820933818817139 0.9850807189941406 0.6841646830240885 0.98785799741745 0.710939884185791 0.984638512134552 0.7729659875233968 0.9675332307815552 0.7856424649556478 0.9374648928642273 0.7971197764078776 0.9180453419685364 0.8084853490193685 0.8983990550041199 0.8242172400156657 0.8803040981292725 0.8258338769276937 0.8424846529960632 0.8289165496826172 0.8276488184928894 0.830834706624349 0.807867705821991 0.8333923021952311 0.7881999015808105 0.8337666988372803 0.7635868191719055 0.8347805341084799 0.7396751642227173 0.8380528291066488 0.7253141403198242 0.846595843633016 0.7203688025474548 0.8472352027893066 0.7157068252563477 0.8424167633056641 0.7308610677719116 0.8185916741689047 0.7494444251060486 0.7917932669321696 0.7545166015625 0.7571643193562826 0.7551182508468628 0.7297995885213217 0.7650439739227295 0.7120717366536459
0 0.9783886075019836 0.7943242390950521 0.9351706504821777 0.8067789077758789 0.9207529425621033 0.8164134820302328 0.9004834294319153 0.8441526889801025 0.8937817811965942 0.8786309560139974 0.8874766826629639 0.905468225479126 0.9142938852310181 0.9408532778422037 0.9244542121887207 0.965922991434733 0.9228892922401428 1.0 0.919956624507904 1.0 0.941898763179779 1.0 0.9565646648406982 1.0 0.9621673822402954 1.0 0.9695227742195129 1.0 0.9713742733001709 1.0 0.9782297611236572 0.8776676654815674 0.9806660413742065 0.8307298819224039 0.9818958640098572 0.8056168556213379
0 0.5716018080711365 0.9343818028767904 0.6071118116378784 0.944247325261434 0.639249324798584 0.955994447072347 0.6782099008560181 0.9782441457112631 0.7147828340530396 0.9991761048634847 0.7385460734367371 1.0 0.7412269115447998 1.0 0.6990534663200378 1.0 0.664833128452301 1.0 0.626538872718811 1.0 0.5833996534347534 1.0 0.5516235828399658 1.0 0.5207756161689758 0.9987799326578776 0.5399470329284668 0.9764233430226644 0.5559161305427551 0.952673594156901
0 0.6590564846992493 0.10121218363444011 0.6848674416542053 0.12443916996320088 0.7069875597953796 0.17145474751790366 0.7298442721366882 0.20427982012430826 0.7684999704360962 0.21662992238998413 0.7919232249259949 0.23853923877080283 0.8035430908203125 0.26703449090321857 0.800462007522583 0.3106221954027812 0.7861520648002625 0.39704394340515137 0.7741650938987732 0.4387110471725464 0.7676334381103516 0.46991459528605145 0.7487101554870605 0.503262440363566 0.7277392148971558 0.5287430683771769 0.7055137753486633 0.5310745239257812 0.671045184135437 0.5169181029001871 0.6437180638313293 0.4913572470347087 0.605019211769104 0.44829225540161133 0.5851383209228516 0.42122650146484375 0.5712656378746033 0.40458786487579346 0.5826293230056763 0.3749281167984009 0.5868867039680481 0.340223749478658 0.588678240776062 0.28993584712346393 0.5886351466178894 0.25922099749247235 0.5883654356002808 0.23287242650985718 0.5833986401557922 0.21815437078475952 0.5739046335220337 0.21179213126500449 0.5847017765045166 0.1930481195449829 0.6022787690162659 0.15409170587857565 0.6188925504684448 0.13369208574295044 0.6436540484428406 0.1140461266040802
1 0.7743296027183533 0.5144067207972208 0.8021801710128784 0.49833691120147705 0.8238390684127808 0.5069212118784586 0.8429051637649536 0.5339115858078003 0.8695875406265259 0.5561223824818929 0.9021080732345581 0.5920349756876627 0.9197713136672974 0.6145082712173462 0.9320926666259766 0.645262082417806 0.9356781840324402 0.6708205540974935 0.887380063533783 0.6707403659820557 0.8520049452781677 0.6740490595499674 0.8307642340660095 0.6731812159220377 0.7998029589653015 0.6703173319498698 0.7872765064239502 0.6592873334884644 0.7766198515892029 0.6122353076934814 0.7839663624763489 0.5811071395874023 0.777936577796936 0.5553226073582967 0.7691224813461304 0.5358613729476929
0 0.7661370038986206 0.025565130015214283 0.7548084259033203 0.0387758860985438 0.7647636532783508 0.08356942733128865 0.7908929586410522 0.08488951126734416 0.8250350952148438 0.07378895580768585 0.8484719395637512 0.06389181315898895 0.8695075511932373 0.08448345462481181 0.8694373369216919 0.11738149325052898 0.8633588552474976 0.1398524045944214 0.8471065759658813 0.16905999183654785 0.8191290497779846 0.2191193699836731 0.8103796243667603 0.24573051929473877 0.8032949566841125 0.2560433546702067 0.7894007563591003 0.22404730319976807 0.7760595083236694 0.21294190486272177 0.7543440461158752 0.20544918378194174 0.7410027980804443 0.19434380531311035 0.7242326140403748 0.18621168533960977 0.7137889862060547 0.16659978032112122 0.6965224146842957 0.1364854077498118 0.6801272630691528 0.10535481572151184 0.6633570194244385 0.09722270568211873 0.6789860725402832 0.08002246419588725 0.6941403150558472 0.056197389960289 0.6988725066184998 0.028117855389912922 0.703863263130188 0.017655186355113983 0.7327880263328552 0.021383608380953472 0.7579892873764038 0.024811483919620514
1 0.7543777227401733 0.8514777819315592 0.804645299911499 0.8451592127482096 0.8709250688552856 0.8458058834075928 0.8763666749000549 0.8671487172444662 0.8813766837120056 0.9125816822052002 0.8928616642951965 0.927902619043986 0.9104897975921631 0.966825008392334 0.9054742455482483 1.0 0.8744778633117676 1.0 0.864608883857727 1.0 0.8486534953117371 1.0 0.8221274614334106 1.0 0.8036143779754639 1.0 0.797131359577179 1.0 0.7790499329566956 0.9755067030588785 0.7716954350471497 0.9594709873199463 0.7562850117683411 0.9251410166422526 0.7405346035957336 0.8973604838053385 0.7306225299835205 0.8832817872365316 0.7397900819778442 0.8643871148427328
1 0.4010063707828522 0.0013020833333333333 0.37649306654930115 0.02462210754553477 0.3808933198451996 0.050255924463272095 0.4040548503398895 0.09298056364059448 0.41972699761390686 0.10649519165356953 0.44166916608810425 0.10962160428365071 0.48176291584968567 0.11003974080085754 0.524562656879425 0.08986863493919373 0.5440390110015869 0.07741152246793111 0.5633803606033325 0.05178011953830719 0.5851661562919617 0.026374814411004383 0.600738525390625 0.010266145691275597 0.542833149433136 0.0060068462044000626 0.5134572982788086 0.0013020833333333333 0.45663517713546753 0.0013020833333333333 0.4264342784881592 0.0013020833333333333 0.4108969569206238 0.0013020833333333333
0 0.3033472001552582 0.0013020833333333333 0.2953343689441681 0.0013020833333333333 0.302688866853714 0.011214482287565867 0.31936731934547424 0.0368871862689654 0.3288046419620514 0.044341022769610085 0.34954896569252014 0.023226656019687653 0.36110419034957886 0.0056495921065409975 0.3749903738498688 0.0013020833333333333 0.33989858627319336 0.0013020833333333333 0.32040074467658997 0.0013020833333333333 0.31236860156059265 0.0013020833333333333
1 0.028121566399931908 0.15911478797594705 0.10922358185052872 0.18964972098668417 0.18195125460624695 0.22379728158315024 0.21476872265338898 0.222445547580719 0.22276000678539276 0.19466747840245566 0.21943627297878265 0.14829370379447937 0.21018250286579132 0.10575869679450989 0.20890647172927856 0.06725205481052399 0.22287088632583618 0.06635009745756786 0.2263645976781845 0.10944913824399312 0.23535661399364471 0.1727994680404663 0.2500089406967163 0.2059624989827474 0.2774142920970917 0.2457892100016276 0.301878958940506 0.263407568136851 0.3386218845844269 0.28106484810511273 0.3519630432128906 0.2921702265739441 0.3459412455558777 0.31354957818984985 0.3200034499168396 0.3243122100830078 0.2745678424835205 0.33217449982961017 0.23154138028621674 0.35671186447143555 0.20871424674987793 0.38640813032786053 0.1880696713924408 0.43714582920074463 0.1718173772096634 0.4663534164428711 0.1628764420747757 0.48088181018829346 0.15056312084197998 0.49729196230570477 0.13802315294742584 0.5180683533350626 0.12655971944332123 0.5181048313776652 0.14002776145935059 0.4952206214269002 0.1490037888288498 0.46424321333567303 0.14314398169517517 0.43518392244974774 0.1286616325378418 0.39874617258707684 0.10336064547300339 0.3656949996948242 0.08075214177370071 0.34386106332143146 0.05027923360466957 0.31581560770670575 0.03997050225734711 0.3093779683113098 0.02966177836060524 0.3029403289159139 0.02168404497206211 0.29891196886698407 0.01963634416460991 0.29104485114415485 0.01970655843615532 0.25814682245254517 0.022029558196663857 0.21339217821756998 0.023162728175520897 0.19156062602996826
