1 0.16054661571979523 0.011167019605636597 0.17187117040157318 0.031029308835665386 0.17753343284130096 0.05420197546482086 0.18149703741073608 0.07185734311739604 0.1752685308456421 0.09061617652575175 0.17470230162143707 0.11378884315490723 0.16451020538806915 0.12040960788726807 0.15884792804718018 0.12261652946472168 0.16224528849124908 0.10165077447891235 0.16111284494400024 0.06634004414081573 0.1594141572713852 0.03654661029577255
1 0.15884792804718018 0.13144420584042868 0.17356984317302704 0.12592690189679465 0.184894397854805 0.14247881372769675 0.19395403563976288 0.15682380398114523 0.19678516685962677 0.17558262745539346 0.20018254220485687 0.19434146086374918 0.1979176253080368 0.2142037351926168 0.19338780641555786 0.23737641175587973 0.191122904419899 0.2903425097465515 0.19282157719135284 0.31461864709854126 0.18262948095798492 0.32896363735198975 0.1662088930606842 0.33227401971817017 0.15790799260139465 0.3379834493001302 0.15790799260139465 0.2837217450141907 0.15790799260139465 0.2517214020093282 0.15828169882297516 0.17116878430048624 0.15790799260139465 0.14932026465733847
1 0.15884792804718018 0.39296432336171466 0.17300361394882202 0.40399893124898273 0.18432816863059998 0.42937854925791424 0.18885798752307892 0.45696504910786945 0.18602685630321503 0.4679996569951375 0.17753343284130096 0.48896539211273193 0.172437384724617 0.5099311272303263 0.16734133660793304 0.5242761373519897 0.16734133660793304 0.5408280293146769 0.1662088930606842 0.5485522747039795 0.16224528849124908 0.562897245089213 0.15790799260139465 0.5776891311009725 0.15790799260139465 0.471310019493103
1 0.20244744420051575 0.22523834307988486 0.21943427622318268 0.21199681361516318 0.23642109334468842 0.22523834307988486 0.24491450190544128 0.2572387059529622 0.23358996212482452 0.27710098028182983 0.21150708198547363 0.29475635290145874 0.20301367342472076 0.3046875 0.20018254220485687 0.3002736568450928 0.20018254220485687 0.2737905979156494 0.20188121497631073 0.24399717648824057
1 0.17300361394882202 0.004546257046361764 0.21094085276126862 0.0023393360897898674 0.23528864979743958 0.0034427965680758157 0.2296263724565506 0.025512004892031353 0.22509653866291046 0.03654661029577255 0.2075434923171997 0.059719279408454895 0.1973513960838318 0.06965042153994243 0.19225534796714783 0.06302966177463531 0.18262948095798492 0.03765007108449936 0.17640098929405212 0.019994703431924183
1 0.24321582913398743 0.0013020833333333333 0.2358548641204834 0.03323622792959213 0.22849391400814056 0.0806850294272105 0.22906014323234558 0.09061617652575175 0.24491450190544128 0.11820268630981445 0.2483118772506714 0.14137535293896994 0.2551065981388092 0.1535134216149648 0.26586493849754333 0.16896186272303262 0.28568288683891296 0.15903071562449136 0.3117293417453766 0.14909957846005759 0.3213552236557007 0.14247881372769675 0.3275837302207947 0.09282309810320537 0.3315473198890686 0.047581215699513756 0.3122955858707428 0.01558086151878039 0.3003028929233551 0.0013020833333333333
1 0.3196565508842468 0.0013020833333333333 0.3377758264541626 0.03433968871831894 0.3626898229122162 0.025512004892031353 0.369484543800354 0.022201625009377796 0.37219706177711487 0.0013020833333333333
1 0.34230566024780273 0.03985699266195297 0.36495473980903625 0.03323622792959213 0.33607712388038635 0.06965042153994243
1 0.3383420407772064 0.08289195100466411 0.37118324637413025 0.03765007108449936 0.3921336531639099 0.05530543625354767 0.3853389322757721 0.09282309810320537 0.38137534260749817 0.12482345104217529 0.38137534260749817 0.1502030392487844 0.3762792944908142 0.166754941145579 0.36155736446380615 0.17227224508921304 0.34910038113594055 0.17337570587793985 0.3383420407772064 0.152409960826238 0.33551090955734253 0.1336511274178823 0.33381223678588867 0.109375
1 0.4136503040790558 0.2572387059529622 0.43460074067115784 0.2517214020093282 0.43743187189102173 0.28151482343673706 0.4340344965457916 0.3057909607887268 0.4362994134426117 0.32896363735198975 0.43799808621406555 0.3388947645823161 0.4238424003124237 0.39075740178426105 0.401759535074234 0.37751587231953937 0.3977959454059601 0.3543432156244914 0.40345820784568787 0.333377480506897 0.4113854169845581 0.31241172552108765 0.4136503040790558 0.2837217450141907
1 0.3785442113876343 0.0023393360897898674 0.39439857006073 0.0013020833333333333 0.41251784563064575 0.0034427965680758157 0.41874635219573975 0.005649717524647713 0.42157748341560364 0.031029308835665386 0.4238424003124237 0.04537429412206014 0.44082921743392944 0.035443149507045746 0.45724982023239136 0.019994703431924183 0.4685743749141693 0.022201625009377796 0.46970683336257935 0.040960450967152916 0.46008095145225525 0.056408897042274475 0.44139546155929565 0.07185734311739604 0.42554107308387756 0.07075388232866923 0.41025295853614807 0.06413312256336212 0.400627076625824 0.05199505885442098 0.3847726881504059 0.03765007108449936 0.3768455386161804 0.03323622792959213 0.3757130801677704 0.022201625009377796
1 0.20527859032154083 0.12703036268552145 0.23528864979743958 0.14689265688260397 0.22169917821884155 0.19544492165247598 0.20641104876995087 0.1634445587793986
1 0.2392522394657135 0.16013417641321817 0.2517092525959015 0.1656514803568522 0.2607688903808594 0.1833068529764811 0.2517092525959015 0.20096222559611002 0.2426495999097824 0.2142037351926168 0.23132504522800446 0.20647952953974405 0.2262289971113205 0.1976518432299296
1 0.2686960697174072 0.1833068529764811 0.28794780373573303 0.17558262745539346 0.2970074415206909 0.19544492165247598 0.3055008351802826 0.21089335282643637 0.2998385727405548 0.2340660293896993 0.2839842140674591 0.21089335282643637 0.27832192182540894 0.20206568638483682 0.25907018780708313 0.20427260796229044
1 0.24944433569908142 0.22192796071370444 0.2749245762825012 0.20978989203770956 0.2964412271976471 0.23847987254460654 0.30833199620246887 0.2329625686009725 0.30776575207710266 0.25944562753041583 0.27888816595077515 0.2925494313240051 0.26982852816581726 0.2737905979156494 0.2556728422641754 0.25944562753041583
1 0.18319571018218994 0.34661900997161865 0.24944433569908142 0.27710098028182983 0.2647324800491333 0.2837217450141907 0.26982852816581726 0.29917019605636597 0.2517092525959015 0.3719985882441203 0.2233978658914566 0.3995850880940755 0.20641104876995087 0.3918608824412028 0.19678516685962677 0.38855048020680744 0.19565272331237793 0.36648130416870117
1 0.28908026218414307 0.29806673526763916 0.31003066897392273 0.2693767746289571 0.3196565508842468 0.2837217450141907 0.3219214379787445 0.3223428726196289 0.3185240924358368 0.3433086077372233 0.3128618001937866 0.3543432156244914 0.29813989996910095 0.3521362940470378 0.299272358417511 0.3355844020843506 0.28908026218414307 0.3212394118309021
1 0.3281499445438385 0.28261828422546387 0.3541964292526245 0.25944562753041583 0.3672196567058563 0.2561352451642354 0.3626898229122162 0.2715836962064107 0.3638222813606262 0.2903425097465515 0.36835211515426636 0.3024805784225464 0.37401437759399414 0.3201359510421753 0.3728819191455841 0.3411016861597697 0.34910038113594055 0.3918608824412028 0.3275837302207947 0.36206746101379395 0.3241863548755646 0.3521362940470378 0.32645127177238464 0.33117055892944336 0.32645127177238464 0.3068944215774536 0.3253188133239746 0.29365289211273193
1 0.35193151235580444 0.18882415692011514 0.3728819191455841 0.17889300982157388 0.3847726881504059 0.166754941145579 0.38703760504722595 0.12813382347424826 0.39383232593536377 0.08620233337084453 0.3949647843837738 0.07075388232866923 0.400627076625824 0.07296080390612285 0.4074217975139618 0.08620233337084453 0.41818010807037354 0.17337570587793985 0.4108191728591919 0.20537606875101724 0.4040244221687317 0.21972103913625082 0.3859051465988159 0.2175141175587972 0.36835211515426636 0.2318591078122457 0.3536301851272583 0.22413488229115805 0.3474016785621643 0.21199681361516318 0.3468354642391205 0.1976518432299296
1 0.41195163130760193 0.07737464706103007 0.4334682822227478 0.08840925494829814 0.46687570214271545 0.06413312256336212 0.4748028814792633 0.04316737254460653 0.4742366373538971 0.012270480394363403 0.5014155507087708 0.012270480394363403 0.5036804676055908 0.04206391175587972 0.508210301399231 0.0608227401971817 0.5161374807357788 0.07406426469484965 0.501981794834137 0.10385769605636597 0.4872598648071289 0.12703036268552145 0.48216384649276733 0.14689265688260397 0.46347832679748535 0.1645480195681254 0.4362994134426117 0.17116878430048624 0.4244086444377899 0.1634445587793986 0.42157748341560364 0.14799611767133078 0.41591522097587585 0.12040960788726807
1 0.4900910258293152 0.15682380398114523 0.504246711730957 0.12482345104217529 0.5217997431755066 0.09282309810320537 0.5263295769691467 0.08730579415957133 0.5359554290771484 0.1104784607887268 0.541617751121521 0.1358580489953359 0.504246711730957 0.22965218623479208 0.49575328826904297 0.22523834307988486 0.490657240152359 0.20978989203770956 0.4940546154975891 0.18441031376520792
1 0.5495448708534241 0.1369615097840627 0.5653992891311646 0.18992761770884195 0.5738926529884338 0.23516949017842612 0.5750251412391663 0.2572387059529622 0.5569058656692505 0.2517214020093282 0.5285944938659668 0.2539283235867818 0.5133063793182373 0.2506179412206014 0.508210301399231 0.23847987254460654 0.5217997431755066 0.19323800007502237 0.5382203459739685 0.15903071562449136
1 0.5489786863327026 0.0023393360897898674 0.6027702689170837 0.0034427965680758157 0.6039027571678162 0.01558086151878039 0.5937106609344482 0.031029308835665386 0.5818198919296265 0.032132767140865326 0.57219398021698 0.025512004892031353 0.5597370266914368 0.03323622792959213 0.5506773591041565 0.038753531873226166 0.5489786863327026 0.018891242643197376
1 0.5523760318756104 0.09061617652575175 0.5744588971138 0.056408897042274475 0.593144416809082 0.04868467648824056 0.6163597702980042 0.056408897042274475 0.6316478848457336 0.07627118627230327 0.6412737369537354 0.09613347053527832 0.6441048979759216 0.14247881372769675 0.6276842951774597 0.20758297046025595 0.6146610975265503 0.2164106567700704 0.6044690012931824 0.23958333333333334 0.6005053520202637 0.26054908831914264 0.5914457440376282 0.26385947068532306 0.5795549750328064 0.258342166741689 0.5801212191581726 0.2340660293896993 0.57219398021698 0.1998587648073832 0.5637006163597107 0.15792726476987204 0.5591707825660706 0.1347545882066091 0.5580382943153381 0.11709922552108765 0.5569058656692505 0.10606461763381958
1 0.655429482460022 0.15792726476987204 0.6724162697792053 0.16013417641321817 0.688270628452301 0.166754941145579 0.7046912312507629 0.1822033921877543 0.7109197378158569 0.20647952953974405 0.7148833274841309 0.21972103913625082 0.7284728288650513 0.22854872544606528 0.7330026030540466 0.23516949017842612 0.7307376861572266 0.25944562753041583 0.7301715016365051 0.29475635290145874 0.7279065847396851 0.3068944215774536 0.7086548209190369 0.3035840392112732 0.7052574753761292 0.29696327447891235 0.7080885767936707 0.2892390489578247 0.7154495716094971 0.2881355881690979 0.7216780781745911 0.2704802354176839 0.7205455899238586 0.2561352451642354 0.7103534936904907 0.2484110196431478 0.7018601298332214 0.24068679412206015 0.694499135017395 0.23516949017842612 0.6916679739952087 0.2517214020093282 0.6814759373664856 0.2506179412206014 0.6780785918235779 0.2495144804318746 0.6775123476982117 0.2660663922627767 0.6735487580299377 0.26385947068532306 0.6514658331871033 0.2495144804318746 0.6356114745140076 0.24068679412206015 0.6333466172218323 0.2318591078122457 0.6316478848457336 0.21972103913625082 0.6390088200569153 0.19544492165247598 0.6458035707473755 0.16896186272303262
1 0.4385643005371094 0.252824862798055 0.46064719557762146 0.2318591078122457 0.47027304768562317 0.22634180386861166 0.48499494791030884 0.24289371569951376 0.496885746717453 0.25944562753041583 0.49858441948890686 0.2726871371269226 0.4872598648071289 0.28041136264801025 0.4770677983760834 0.27710098028182983 0.4657432436943054 0.2737905979156494 0.4425279200077057 0.27710098028182983
1 0.484428733587265 0.2903425097465515 0.49915066361427307 0.2848252058029175 0.5048128962516785 0.2859286665916443 0.5155712962150574 0.33006709814071655 0.5212335586547852 0.379722793896993 0.5036804676055908 0.4028954903284709 0.49178969860076904 0.3995850880940755 0.4674419164657593 0.41061969598134357 0.45102131366729736 0.42937854925791424 0.4425279200077057 0.43158547083536786 0.43460074067115784 0.40068856875101727 0.43233582377433777 0.38303319613138836 0.4396967589855194 0.36648130416870117 0.44139546155929565 0.35986053943634033 0.46064719557762146 0.34551552931467694 0.471971720457077 0.32896363735198975 0.4810313880443573 0.31241172552108765 0.4838625192642212 0.3024805784225464
1 0.5280282497406006 0.3179290294647217 0.5512435436248779 0.3212394118309021 0.5665317177772522 0.3068944215774536 0.5852172374725342 0.2881355881690979 0.5937106609344482 0.2903425097465515 0.5937106609344482 0.3399982452392578 0.5891808271408081 0.3697916666666667 0.5789887309074402 0.38082627455393475 0.568230390548706 0.38303319613138836 0.5552071928977966 0.37861935297648114 0.5319918394088745 0.3742055098215739 0.5280282497406006 0.3532397747039795
1 0.609565019607544 0.2539283235867818 0.6197571158409119 0.25944562753041583 0.6276842951774597 0.2870321273803711 0.6401413083076477 0.2903425097465515 0.6480684876441956 0.29365289211273193 0.6701513528823853 0.2903425097465515 0.6792110204696655 0.27710098028182983 0.6939328908920288 0.28261828422546387 0.6967640519142151 0.29917019605636597 0.694499135017395 0.33006709814071655 0.6899693012237549 0.3510328531265259 0.6814759373664856 0.37751587231953937 0.667320191860199 0.39848164717356366 0.6559956669807434 0.4150335391362508 0.6441048979759216 0.4205508629480998 0.630515456199646 0.41061969598134357 0.6220220327377319 0.3951712449391683 0.609565019607544 0.36648130416870117 0.6039027571678162 0.3190324902534485 0.60333651304245 0.2848252058029175
1 0.5184023976325989 0.4028954903284709 0.5393528342247009 0.4128266175587972 0.5472800135612488 0.43158547083536786 0.568230390548706 0.448137362798055 0.5767238140106201 0.44151659806569415 0.5840848088264465 0.47241350015004474 0.5767238140106201 0.4955861568450928 0.5625681281089783 0.5220692157745361 0.5591707825660706 0.5430349508921305 0.5234984159469604 0.5419315099716187 0.5116076469421387 0.5297934214274088 0.4974519610404968 0.4955861568450928 0.4997168779373169 0.4514477252960205 0.5065116286277771 0.42386122544606525
1 0.5942768454551697 0.4856550296147664 0.6005053520202637 0.4823446273803711 0.6084325909614563 0.49337923526763916 0.6135286092758179 0.5011034409205118 0.6157935261726379 0.5264830589294434 0.6112637519836426 0.5463453531265259 0.6044690012931824 0.5551730394363403 0.5988066792488098 0.5640007257461548 0.5835185647010803 0.5640007257461548 0.5755913853645325 0.5640007257461548 0.5699290633201599 0.5452418724695841 0.5744588971138 0.5220692157745361 0.5863497257232666 0.4988965590794881
1 0.2330237329006195 0.41172317663828534 0.2556728422641754 0.3863435586293538 0.2715272009372711 0.39075740178426105 0.2834179699420929 0.37530895074208576 0.2970074415206909 0.36537782351175946 0.30776575207710266 0.36648130416870117 0.3162591755390167 0.3686882257461548 0.32928240299224854 0.3918608824412028 0.3377758264541626 0.41172317663828534 0.34004074335098267 0.44372351964314777 0.33607712388038635 0.49337923526763916 0.3287161886692047 0.5308969020843506 0.31399425864219666 0.5606903235117594 0.29247763752937317 0.5849664608637491 0.27605703473091125 0.5595868825912476 0.2483118772506714 0.528689980506897 0.2324575036764145 0.5044138431549072 0.22566276788711548 0.4944827159245809 0.22792768478393555 0.44262003898620605
1 0.1973513960838318 0.5044138431549072 0.20867595076560974 0.48896539211273193 0.21943427622318268 0.5055172840754191 0.2267952263355255 0.5297934214274088 0.2228316366672516 0.5706214507420858 0.21207331120967865 0.6103460391362509 0.19055667519569397 0.6158633629480997 0.17753343284130096 0.6114495197931925 0.18149703741073608 0.5882768233617147 0.18942421674728394 0.5662076075871786 0.18942421674728394 0.5408280293146769 0.19565272331237793 0.5176553726196289
1 0.1656426638364792 0.6522775491078695 0.18546062707901 0.6280014117558798 0.2075434923171997 0.6246910492579142 0.21490445733070374 0.6390360196431478 0.21830181777477264 0.6721398035685221 0.2205667346715927 0.6986228624979655 0.20641104876995087 0.7118643919626871 0.19055667519569397 0.7228990395863851 0.17696720361709595 0.7273128827412924 0.1696062535047531 0.6953125 0.16451020538806915 0.6644155979156494
1 0.15828169882297516 0.6875882943471273 0.172437384724617 0.7273128827412924 0.17696720361709595 0.7482786178588867 0.1758347600698471 0.7681408723195394 0.16790756583213806 0.7902100880940756 0.16394397616386414 0.8089689413706461 0.15884792804718018 0.8133827845255533 0.15790799260139465 0.713552713394165
1 0.1820632517337799 0.7703478336334229 0.1973513960838318 0.7846927642822266 0.20244744420051575 0.8067619800567627 0.2075434923171997 0.8255208333333334 0.1979176253080368 0.8431762059529623 0.18942421674728394 0.8475900491078695 0.17300361394882202 0.8222104708353678 0.17017248272895813 0.8056585788726807 0.17696720361709595 0.7769685586293539
1 0.1594141572713852 0.8255208333333334 0.17979834973812103 0.8531073729197184 0.18715929985046387 0.8652454217274984 0.18772552907466888 0.8873146375020345 0.18772552907466888 0.8950388431549072 0.16054661571979523 0.8994526863098145 0.15790799260139465 0.89842422803243 0.15790799260139465 0.833245038986206
1 0.1973513960838318 0.8586246172587076 0.20924217998981476 0.838762362798055 0.22906014323234558 0.838762362798055 0.24434828758239746 0.8299346764882406 0.25340792536735535 0.8398658434549967 0.2556728422641754 0.8641419410705566 0.2585039734840393 0.8884181181589762 0.2556728422641754 0.8994526863098145 0.23075881600379944 0.8983492056528727 0.21150708198547363 0.897245724995931 0.1950864940881729 0.8917284806569418
1 0.22906014323234558 0.6456567843755087 0.23642109334468842 0.6401394605636597 0.24321582913398743 0.6158633629480997 0.26020264625549316 0.6081391175587972 0.27945438027381897 0.60372527440389 0.286815345287323 0.6180702845255533 0.2862491309642792 0.6390360196431478 0.2737921178340912 0.6533809900283813 0.2528417110443115 0.666622519493103 0.23981846868991852 0.6798640886942545 0.23189127445220947 0.6864848136901855 0.22849391400814056 0.666622519493103
1 0.299272358417511 0.5960010687510172 0.32362014055252075 0.5783456961313883 0.34287187457084656 0.5728283723195394 0.35815998911857605 0.5827595392862955 0.3723157048225403 0.5971045096715292 0.3853389322757721 0.6280014117558798 0.3853389322757721 0.6456567843755087 0.3768455386161804 0.6776571273803711 0.369484543800354 0.7052436669667562 0.35815998911857605 0.701933224995931 0.34570300579071045 0.6942090193430582 0.33947449922561646 0.6975193818410238 0.3281499445438385 0.6864848136901855 0.31116312742233276 0.6478637059529623 0.3117293417453766 0.6335186958312988 0.299272358417511 0.6235875686009725 0.2958749830722809 0.6191737254460653 0.29530876874923706 0.6092425982157389
1 0.23642109334468842 0.6986228624979655 0.26360002160072327 0.6743467648824056 0.28794780373573303 0.6566913922627767 0.30040478706359863 0.6820709705352783 0.3128618001937866 0.7129678726196289 0.31342804431915283 0.7394509315490723 0.3055008351802826 0.7791755199432373 0.28851401805877686 0.7946239312489828 0.2652986943721771 0.79903777440389 0.2454807311296463 0.8023481369018555 0.2358548641204834 0.793520450592041 0.2330237329006195 0.7604166666666666 0.23189127445220947 0.7273128827412924
1 0.2873815894126892 0.8255208333333334 0.31682538986206055 0.7902100880940756 0.3417394161224365 0.7846927642822266 0.3638222813606262 0.7857962449391683 0.37797796726226807 0.8122793038686117 0.3949647843837738 0.8299346764882406 0.39949461817741394 0.8597280979156494 0.4040244221687317 0.885107676188151 0.40628933906555176 0.8928318818410238 0.3949647843837738 0.8983492056528727 0.36212360858917236 0.9005561669667562 0.3055008351802826 0.8983492056528727 0.2749245762825012 0.897245724995931 0.2800206243991852 0.8685557842254639
1 0.40006086230278015 0.6224841276804606 0.41195163130760193 0.6522775491078695 0.4210112690925598 0.6743467648824056 0.41534897685050964 0.7118643919626871 0.4136503040790558 0.7427612940470377 0.3757130801677704 0.747175137201945 0.3734481632709503 0.7251059214274088 0.381941556930542 0.6953125 0.38760384917259216 0.6600017547607422 0.3949647843837738 0.637932538986206
1 0.3536301851272583 0.4051024119059245 0.37118324637413025 0.385240117708842 0.3921336531639099 0.3874470392862956 0.41251784563064575 0.3951712449391683 0.4272397458553314 0.4150335391362508 0.4329020380973816 0.43930967648824054 0.4232761859893799 0.4657927354176839 0.4176138937473297 0.47793078422546387 0.41025295853614807 0.47793078422546387 0.40006086230278015 0.47572386264801025 0.3887363076210022 0.48786195119222003 0.37797796726226807 0.5132415294647217 0.3626898229122162 0.5165518919626871 0.3502328097820282 0.5121380488077799 0.3468354642391205 0.5022069215774536 0.34853413701057434 0.44372351964314777 0.3496665954589844 0.419447382291158
1 0.44082921743392944 0.4503442843755086 0.46008095145225525 0.4624823331832886 0.4646107852458954 0.47241350015004474 0.44988885521888733 0.4977930784225464 0.43233582377433777 0.5220692157745361 0.4147827625274658 0.5463453531265259 0.4108191728591919 0.5419315099716187 0.4147827625274658 0.5143449703852335 0.4164814352989197 0.4955861568450928 0.42497485876083374 0.4790342648824056 0.43516695499420166 0.45917197068532306
1 0.47310417890548706 0.4812411864598592 0.47933271527290344 0.5022069215774536 0.4815976023674011 0.5253795782725016 0.4838625192642212 0.551862637201945 0.49178969860076904 0.5540695587793986 0.4782002568244934 0.5717249313990275 0.4583822786808014 0.5993114312489828 0.4515875279903412 0.6092425982157389 0.43743187189102173 0.5993114312489828 0.4340344965457916 0.5739318529764811 0.4232761859893799 0.5540695587793986 0.4306371212005615 0.5364141861597697 0.45781606435775757 0.4977930784225464 0.46687570214271545 0.4856550296147664
1 0.4934884011745453 0.5651041666666666 0.4646107852458954 0.6136564413706461 0.47027304768562317 0.6313117742538452 0.47876647114753723 0.6511740684509277 0.49178969860076904 0.6500706275304159 0.4974519610404968 0.6500706275304159 0.504246711730957 0.6235875686009725 0.49801820516586304 0.6004149119059244 0.49575328826904297 0.5772422154744467
1 0.5319918394088745 0.5948975880940756 0.5569058656692505 0.575035293896993 0.5586045384407043 0.5904837449391683 0.5489786863327026 0.6125529607137045 0.5404852628707886 0.6158633629480997 0.5314255952835083 0.6191737254460653 0.5308594107627869 0.6059321959813436
1 0.5331243276596069 0.6346221764882406 0.553508460521698 0.620277206103007 0.5670979619026184 0.5871733824412028 0.5755913853645325 0.5816560586293539 0.6016378402709961 0.5838629802068075 0.611829936504364 0.592690666516622 0.618058443069458 0.6235875686009725 0.6225882172584534 0.6500706275304159 0.6237207055091858 0.6787606080373129 0.6152272820472717 0.6908986568450928 0.599372923374176 0.6942090193430582 0.5880483984947205 0.7195885976155599 0.5631343722343445 0.752692461013794 0.5393528342247009 0.7394509315490723 0.5302931666374207 0.7240024407704672 0.5280282497406006 0.6875882943471273 0.5195348858833313 0.661105235417684
1 0.4340344965457916 0.6158633629480997 0.45724982023239136 0.6268979708353678 0.45441868901252747 0.6776571273803711 0.4527199864387512 0.729519764582316 0.44988885521888733 0.7449682553609213 0.4334682822227478 0.7504854996999105 0.4272397458553314 0.747175137201945 0.4261073172092438 0.7074505488077799 0.4295046627521515 0.6677259604136149 0.42893844842910767 0.6456567843755087 0.4295046627521515 0.6302083333333334
1 0.4549849033355713 0.7571063041687012 0.48216384649276733 0.7262094020843506 0.5065116286277771 0.7317267258961996 0.5376541614532471 0.7482786178588867 0.5529422760009766 0.7659339904785156 0.553508460521698 0.79903777440389 0.5523760318756104 0.833245038986206 0.553508460521698 0.8608315785725912 0.553508460521698 0.8718661467234293 0.5461475253105164 0.8718661467234293 0.5342567563056946 0.8817973136901855 0.5280282497406006 0.8994526863098145 0.4974519610404968 0.9038665294647217 0.47310417890548706 0.8983492056528727 0.46347832679748535 0.8100724220275879 0.45668360590934753 0.7758650779724121 0.4555511474609375 0.7681408723195394
1 0.37741175293922424 0.759313186009725 0.41251784563064575 0.7548993428548177 0.41308408975601196 0.7780720392862955 0.4051568806171417 0.8023481369018555 0.39609724283218384 0.8111758232116699 0.3751468360424042 0.7835893630981445 0.3700507879257202 0.7736581961313883
1 0.5835185647010803 0.43820619583129883 0.5903133153915405 0.419447382291158 0.5982404351234436 0.3951712449391683 0.60333651304245 0.3863435586293538 0.6163597702980042 0.40841277440388996 0.6231544613838196 0.4282750686009725 0.6140948534011841 0.43930967648824054 0.60560142993927 0.45586156845092773 0.5988066792488098 0.45917197068532306 0.5886146426200867 0.45917197068532306
1 0.6310817003250122 0.4348958333333333 0.6441048979759216 0.43379239241282147 0.6537307500839233 0.4470338821411133 0.6565619111061096 0.4646892547607422 0.6475022435188293 0.4823446273803711 0.6373101472854614 0.4834481080373128 0.630515456199646 0.4668961763381958 0.6288167834281921 0.45475812753041583
1 0.6780785918235779 0.40841277440388996 0.6848732829093933 0.39406780401865643 0.7001614570617676 0.39627472559611004 0.7097872495651245 0.40620585282643634 0.7154495716094971 0.4359992742538452 0.7177144885063171 0.4624823331832886 0.7182806730270386 0.49006887276967365 0.7086548209190369 0.5143449703852335 0.6995952129364014 0.5275864998499552 0.6911017894744873 0.5209657351175944 0.6854394674301147 0.4944827159245809 0.6826083660125732 0.4668961763381958 0.6786447763442993 0.4503442843755086 0.6763798594474792 0.4348958333333333
1 0.6282505393028259 0.5783456961313883 0.6458035707473755 0.5529661178588867 0.6746811866760254 0.5364141861597697 0.6843070387840271 0.5353107452392578 0.6916679739952087 0.5739318529764811 0.6973302960395813 0.6081391175587972 0.6928004622459412 0.6335186958312988 0.6775123476982117 0.6412429412206014 0.6508996486663818 0.6302083333333334 0.6333466172218323 0.5982079903284708
1 0.6678864359855652 0.6522775491078695 0.6933667063713074 0.6522775491078695 0.6967640519142151 0.6622086763381958 0.688270628452301 0.6809674898783366 0.6809096932411194 0.6942090193430582 0.6712838411331177 0.6842779318491617 0.6627904176712036 0.6743467648824056 0.6622241735458374 0.6633121569951376
1 0.7012938857078552 0.6776571273803711 0.6905355453491211 0.7063470681508383 0.688270628452301 0.7317267258961996 0.6877043843269348 0.7571063041687012 0.6905355453491211 0.7714512348175049 0.7052574753761292 0.7692443529764811 0.7165820002555847 0.7802789211273193 0.7222443222999573 0.7747616767883301 0.7160158157348633 0.735037088394165 0.7097872495651245 0.6975193818410238
1 0.6939328908920288 0.5364141861597697 0.7018601298332214 0.5408280293146769 0.7075223922729492 0.5617938041687012 0.7120521664619446 0.5893803040186564 0.7171482443809509 0.6158633629480997 0.713184654712677 0.6412429412206014 0.7052574753761292 0.661105235417684 0.6995952129364014 0.6456567843755087 0.7018601298332214 0.6246910492579142 0.7035588026046753 0.592690666516622 0.698462724685669 0.562897245089213 0.6961978077888489 0.5496557156244913
1 0.5653992891311646 0.7736581961313883 0.5738926529884338 0.7692443529764811 0.5891808271408081 0.7670373916625977 0.6254193782806396 0.7537959416707357 0.6378763914108276 0.7427612940470377 0.6508996486663818 0.7416578133900961 0.6690189242362976 0.752692461013794 0.6792110204696655 0.7637270291646322 0.6786447763442993 0.7769685586293539 0.6741149425506592 0.7957274119059244 0.6656215190887451 0.8189001083374023 0.6463698148727417 0.8486935297648112 0.6333466172218323 0.8641419410705566 0.5840848088264465 0.8155896663665771 0.5670979619026184 0.7946239312489828
1 0.6826083660125732 0.03323622792959213 0.6911017894744873 0.03765007108449936 0.6967640519142151 0.06523658335208893 0.7012938857078552 0.07296080390612285 0.706956148147583 0.07406426469484965 0.706956148147583 0.08951271573702495 0.6939328908920288 0.10054731369018555 0.6877043843269348 0.11158192157745361 0.6718500256538391 0.10496115684509277 0.6667540073394775 0.09282309810320537 0.6707175970077515 0.06965042153994243 0.6797772645950317 0.047581215699513756
1 0.7143170833587646 0.07296080390612285 0.7148833274841309 0.056408897042274475 0.7148833274841309 0.04647775491078695 0.7205455899238586 0.056408897042274475 0.7262079119682312 0.06965042153994243 0.7273403406143188 0.07516772548357646 0.7199794054031372 0.09171963731447856 0.7148833274841309 0.09061617652575175
1 0.7454596161842346 0.0034427965680758157 0.8275625705718994 0.0013020833333333333 0.8168042898178101 0.025512004892031353 0.8049135208129883 0.044270833333333336 0.7805657386779785 0.056408897042274475 0.7630126476287842 0.06413312256336212 0.7528205513954163 0.04978813727696737 0.7488570213317871 0.028822387258211773 0.7448934316635132 0.01558086151878039
1 0.7664100527763367 0.08289195100466411 0.7952876687049866 0.06413312256336212 0.8139731884002686 0.06302966177463531 0.8377547264099121 0.07185734311739604 0.8411520719528198 0.09282309810320537 0.8383209705352783 0.12592690189679465 0.8258638978004456 0.14799611767133078 0.8156718611717224 0.17447916666666666 0.8134069442749023 0.1810999313990275 0.8009499311447144 0.17227224508921304 0.7862280011177063 0.15682380398114523 0.771506130695343 0.1502030392487844 0.7635788917541504 0.13034074505170187 0.7630126476287842 0.09503000974655151
1 0.7386648654937744 0.09944385290145874 0.7528205513954163 0.11268538236618042 0.7607477307319641 0.1325476666291555 0.7601815462112427 0.14799611767133078 0.7482907772064209 0.1535134216149648 0.738098680973053 0.17337570587793985 0.7347012758255005 0.1833068529764811 0.7245092391967773 0.15792726476987204 0.731870174407959 0.12813382347424826
1 0.744327187538147 0.19323800007502237 0.7573503851890564 0.20537606875101724 0.777168333530426 0.2164106567700704 0.7924565076828003 0.22303142150243124 0.8009499311447144 0.24510063727696738 0.8003836870193481 0.26054908831914264 0.7856617569923401 0.2737905979156494 0.777168333530426 0.2914459705352783 0.7783008217811584 0.31351518630981445 0.7783008217811584 0.3411016861597697 0.7856617569923401 0.3554466962814331 0.7856617569923401 0.36317090193430585 0.7732048034667969 0.34882593154907227 0.746592104434967 0.3190324902534485 0.738098680973053 0.3024805784225464 0.738098680973053 0.275997519493103 0.7392311096191406 0.24289371569951376 0.7414960265159607 0.2153071959813436 0.744327187538147 0.20427260796229044
1 0.8411520719528198 0.14027189215024313 0.8414238691329956 0.1635769804318746 0.8411520719528198 0.23627295096715292 0.8414238691329956 0.24209922552108765 0.8414238691329956 0.29806673526763916 0.833224892616272 0.26275600989659625 0.8241652250289917 0.23516949017842612 0.8179367780685425 0.20868643124898276 0.8219003081321716 0.19323800007502237 0.8258638978004456 0.18441031376520792 0.8281288146972656 0.16234109799067178 0.8343573212623596 0.152409960826238
1 0.8117082715034485 0.247307558854421 0.8162381052970886 0.24179025491078696 0.8247314691543579 0.252824862798055 0.8309599757194519 0.28151482343673706 0.8405858874320984 0.31241172552108765 0.8414238691329956 0.32329920927683514 0.8411520719528198 0.34661900997161865 0.826996386051178 0.3532397747039795 0.8128407001495361 0.3587570587793986 0.8054797053337097 0.34551552931467694 0.7941551804542542 0.34441208839416504 0.7890591621398926 0.34441208839416504 0.7850955128669739 0.3091013431549072 0.7879266738891602 0.2881355881690979 0.8026486039161682 0.27820444107055664 0.8094433546066284 0.25944562753041583
1 0.81453937292099 0.37089510758717853 0.839453399181366 0.35986053943634033 0.8411520719528198 0.3918608824412028 0.8414238691329956 0.4114583333333333 0.839453399181366 0.45806849002838135 0.829261302947998 0.4691030979156494 0.8196354508399963 0.4679996569951375 0.8134069442749023 0.45806849002838135 0.81453937292099 0.4183439413706462 0.8156718611717224 0.3863435586293538
1 0.7352675199508667 0.34661900997161865 0.7482907772064209 0.34441208839416504 0.758482813835144 0.3543432156244914 0.7754696607589722 0.36648130416870117 0.7811319231987 0.3764124313990275 0.777168333530426 0.3995850880940755 0.7754696607589722 0.4172404607137044 0.7777345776557922 0.4304819901784261 0.7799994945526123 0.4536546468734741 0.7805657386779785 0.4646892547607422 0.7777345776557922 0.4801377058029175 0.7658438086509705 0.49117231369018555 0.7420622706413269 0.49117231369018555 0.731870174407959 0.4834481080373128 0.7279065847396851 0.4514477252960205 0.7290390133857727 0.4172404607137044 0.7347012758255005 0.39075740178426105 0.7358337640762329 0.36537782351175946 0.7358337640762329 0.3576536178588867
1 0.7080885767936707 0.5331038236618042 0.7199794054031372 0.5055172840754191 0.7392311096191406 0.5099311272303263 0.7579166293144226 0.5077242056528727 0.777168333530426 0.5055172840754191 0.7930227518081665 0.5055172840754191 0.802082359790802 0.5099311272303263 0.7998174428939819 0.5331038236618042 0.7969863414764404 0.5485522747039795 0.7879266738891602 0.5673110882441202 0.7783008217811584 0.5860699017842611 0.7732048034667969 0.6059321959813436 0.7698073983192444 0.6147598822911581 0.7522543668746948 0.6092425982157389 0.7347012758255005 0.6114495197931925 0.7239429950714111 0.6158633629480997 0.7182806730270386 0.59158722559611 0.713184654712677 0.5673110882441202 0.7114859819412231 0.5485522747039795
1 0.823032796382904 0.4845515489578247 0.8383209705352783 0.5132415294647217 0.8411520719528198 0.5430349508921305 0.8405858874320984 0.6401394605636597 0.8411520719528198 0.661105235417684 0.8303937315940857 0.6291048924128214 0.8286950588226318 0.60372527440389 0.8202016353607178 0.5971045096715292 0.8252976536750793 0.5673110882441202 0.826996386051178 0.5507591962814331 0.8264301419258118 0.5331038236618042 0.8224665522575378 0.5176553726196289 0.8139731884002686 0.5088276863098145 0.8168042898178101 0.4966896375020345
1 0.8303937315940857 0.4823446273803711 0.8400196433067322 0.4966896375020345 0.8405858874320984 0.4679996569951375
1 0.42157748341560364 0.7637270291646322 0.4385643005371094 0.7637270291646322 0.4464915096759796 0.7736581961313883 0.4515875279903412 0.8078654607137045 0.4612134099006653 0.8784869511922201 0.46291208267211914 0.896142323811849 0.4385643005371094 0.897245724995931 0.4204450249671936 0.897245724995931 0.4142165184020996 0.8806938330332438 0.4085542559623718 0.826624313990275 0.41591522097587585 0.8045550982157389
1 0.7239429950714111 0.6313117742538452 0.7556517124176025 0.6257944901784261 0.7879266738891602 0.6346221764882406 0.8100095391273499 0.6577948331832886 0.8252976536750793 0.6754502455393473 0.8185029625892639 0.7074505488077799 0.8049135208129883 0.7361405690511068 0.7845293283462524 0.7648305098215739 0.7556517124176025 0.7780720392862955 0.7397973537445068 0.7758650779724121 0.7301715016365051 0.7659339904785156 0.7216780781745911 0.7162782351175944 0.7165820002555847 0.666622519493103 0.7205455899238586 0.6423463821411133
1 0.7969863414764404 0.8111758232116699 0.8235989809036255 0.792417049407959 0.8315262198448181 0.8034516175587972 0.8337911367416382 0.8166931470235189 0.8366222381591797 0.8718661467234293 0.8388871550559998 0.8928318818410238 0.8168042898178101 0.896142323811849 0.78339684009552 0.8950388431549072 0.7794332504272461 0.8729696273803711 0.78339684009552 0.8497969309488932 0.7913240790367126 0.8299346764882406
1 0.6877043843269348 0.7846927642822266 0.7126184105873108 0.7957274119059244 0.7160158157348633 0.8244173526763916 0.7109197378158569 0.845383087793986 0.7137508988380432 0.884004275004069 0.7137508988380432 0.8939353624979655 0.6441048979759216 0.8983492056528727 0.6452373266220093 0.8751765886942545 0.6565619111061096 0.8520038922627767 0.6763798594474792 0.8321415583292643 0.6826083660125732 0.8067619800567627
1 0.7273403406143188 0.792417049407959 0.7601815462112427 0.8177966276804606 0.7647113800048828 0.8354520003000895 0.7664100527763367 0.8553142547607422 0.7647113800048828 0.8829007943471273 0.7590490579605103 0.896142323811849 0.7420622706413269 0.8928318818410238 0.7358337640762329 0.8685557842254639 0.7267741560935974 0.8442796866099039 0.7245092391967773 0.8155896663665771
0 0.18659308552742004 0.07516772548357646 0.1950864940881729 0.07737464706103007 0.18999044597148895 0.11599576473236084 0.19621893763542175 0.12923728426297507 0.19621893763542175 0.14578919609387717 0.17923212051391602 0.12261652946472168 0.18149703741073608 0.10054731369018555 0.18376193940639496 0.08840925494829814
0 0.20471236109733582 0.07737464706103007 0.22792768478393555 0.04206391175587972 0.22169917821884155 0.08840925494829814 0.24038469791412354 0.1347545882066091 0.2069772630929947 0.11599576473236084 0.20188121497631073 0.10385769605636597
0 0.30040478706359863 0.1656514803568522 0.31456050276756287 0.1656514803568522 0.32984864711761475 0.20758297046025595 0.31682538986206055 0.19323800007502237 0.30380216240882874 0.18551377455393472
0 0.3224876821041107 0.15461688240369162 0.3309811055660248 0.15461688240369162 0.33664336800575256 0.17668608824412027 0.3468354642391205 0.2340660293896993 0.33607712388038635 0.21972103913625082 0.3275837302207947 0.1822033921877543 0.32305389642715454 0.16896186272303262
0 0.31456050276756287 0.20758297046025595 0.3309811055660248 0.22744526465733847 0.31739163398742676 0.2517214020093282 0.31342804431915283 0.2329625686009725
1 0.3224876821041107 0.2572387059529622 0.33324599266052246 0.23516949017842612 0.3445705473423004 0.24399717648824057 0.34910038113594055 0.2539283235867818 0.3321135640144348 0.26496293147404987 0.3241863548755646 0.2704802354176839
0 0.37118324637413025 0.24399717648824057 0.38703760504722595 0.2329625686009725 0.4040244221687317 0.23627295096715292 0.40572312474250793 0.29585981369018555 0.4011933207511902 0.3223428726196289 0.3921336531639099 0.3366878430048625 0.39383232593536377 0.37751587231953937 0.3700507879257202 0.3764124313990275 0.37797796726226807 0.3532397747039795 0.3825078010559082 0.333377480506897 0.3768455386161804 0.29917019605636597 0.3689183294773102 0.2837217450141907 0.36835211515426636 0.2704802354176839
0 0.4244086444377899 0.006753177692492803 0.4402630031108856 0.0023393360897898674 0.4527199864387512 0.0013020833333333333 0.45441868901252747 0.011167019605636597 0.44705772399902344 0.019994703431924183 0.4295046627521515 0.032132767140865326 0.4261073172092438 0.028822387258211773 0.4244086444377899 0.022201625009377796
0 0.5076440572738647 0.004546257046361764 0.5427501797676086 0.0034427965680758157 0.5455813407897949 0.038753531873226166 0.5348230004310608 0.053098514676094055 0.5263295769691467 0.06744350492954254 0.5121738910675049 0.047581215699513756 0.5116076469421387 0.02661546568075816
0 0.5523760318756104 0.04537429412206014 0.5676642060279846 0.044270833333333336 0.5620019435882568 0.06302966177463531 0.5501111149787903 0.0817884902159373 0.5495448708534241 0.11599576473236084 0.5523760318756104 0.12813382347424826 0.5421839952468872 0.10716807842254639 0.5365216732025146 0.07737464706103007 0.5404852628707886 0.06302966177463531
0 0.4244086444377899 0.18441031376520792 0.4640445411205292 0.17558262745539346 0.4810313880443573 0.16896186272303262 0.4866936504840851 0.18882415692011514 0.47933271527290344 0.20427260796229044 0.48839232325553894 0.22523834307988486 0.4872598648071289 0.2340660293896993 0.47027304768562317 0.2164106567700704 0.45781606435775757 0.2164106567700704 0.4430941343307495 0.2318591078122457 0.4329020380973816 0.24620409806569418 0.41534897685050964 0.247307558854421 0.41195163130760193 0.2329625686009725 0.41308408975601196 0.2153071959813436 0.4210112690925598 0.1987553040186564
0 0.27265965938568115 0.31241172552108765 0.28851401805877686 0.33227401971817017 0.293043851852417 0.34441208839416504 0.2896464765071869 0.35986053943634033 0.2800206243991852 0.36096398035685223 0.2766232490539551 0.3742055098215739 0.2647324800491333 0.3742055098215739 0.2579377591609955 0.37751587231953937 0.2647324800491333 0.34882593154907227 0.268129825592041 0.3256532549858093
0 0.16451020538806915 0.3576536178588867 0.1820632517337799 0.356550137201945 0.18999044597148895 0.36537782351175946 0.19055667519569397 0.3918608824412028 0.19225534796714783 0.40841277440388996 0.1916891187429428 0.4172404607137044 0.1758347600698471 0.3951712449391683 0.17017248272895813 0.37530895074208576 0.1656426638364792 0.3719985882441203
0 0.2007487714290619 0.4051024119059245 0.2205667346715927 0.41061969598134357 0.21943427622318268 0.42937854925791424 0.21547068655490875 0.46027541160583496 0.2166031301021576 0.4812411864598592 0.2069772630929947 0.47351694107055664 0.19848385453224182 0.48896539211273193 0.19621893763542175 0.4613788922627767 0.1973513960838318 0.4326889117558797
0 0.18885798752307892 0.4702065785725911 0.19225534796714783 0.5066207647323608 0.18376193940639496 0.539724588394165 0.1820632517337799 0.5606903235117594 0.17356984317302704 0.592690666516622 0.16734133660793304 0.6048287550608317 0.1599803864955902 0.5982079903284708 0.17130494117736816 0.5540695587793986 0.1752685308456421 0.5242761373519897 0.1820632517337799 0.4988965590794881 0.18602685630321503 0.4834481080373128
0 0.1594141572713852 0.6070356766382853 0.17923212051391602 0.6235875686009725 0.16054661571979523 0.6456567843755087
0 0.18262948095798492 0.7416578133900961 0.21150708198547363 0.7228990395863851 0.22113296389579773 0.7085540294647217 0.22509653866291046 0.7107609113057455 0.2267952263355255 0.7228990395863851 0.22169917821884155 0.752692461013794 0.22509653866291046 0.7791755199432373 0.22509653866291046 0.7946239312489828 0.2205667346715927 0.8023481369018555 0.21094085276126862 0.8089689413706461 0.1973513960838318 0.7648305098215739 0.18432816863059998 0.7604166666666666
0 0.21603690087795258 0.8177966276804606 0.22792768478393555 0.8056585788726807 0.24095092713832855 0.8089689413706461 0.2454807311296463 0.8166931470235189 0.2330237329006195 0.8233139514923096 0.2205667346715927 0.826624313990275
0 0.2528417110443115 0.8144862651824951 0.2839842140674591 0.8056585788726807 0.2777557075023651 0.8365554014841715 0.2766232490539551 0.8619350592295328 0.2703947424888611 0.8751765886942545 0.26246756315231323 0.8729696273803711 0.26303380727767944 0.8398658434549967 0.2556728422641754 0.8277277151743571
0 0.2324575036764145 0.5551730394363403 0.24774564802646637 0.5496557156244913 0.26246756315231323 0.5617938041687012 0.29191139340400696 0.6004149119059244 0.27209341526031494 0.5948975880940756 0.2551065981388092 0.5937941471735636 0.24151714146137238 0.6048287550608317 0.23472242057323456 0.6191737254460653 0.2330237329006195 0.632415254910787 0.22792768478393555 0.6357256174087524 0.2228316366672516 0.6158633629480997 0.2205667346715927 0.6004149119059244 0.22849391400814056 0.5783456961313883
0 0.49775412678718567 0.24286590019861856 0.5174055695533752 0.2614670793215434 0.5471634268760681 0.26365546385447186 0.5662533640861511 0.2647496461868286 0.5763598084449768 0.2745973467826843 0.5802901387214661 0.27787989377975464 0.5735524892807007 0.29101016124089557 0.5617616176605225 0.30195202430089313 0.5550240278244019 0.30304622650146484 0.5409872531890869 0.3085171580314636 0.5275119543075562 0.3052345911661784 0.5224587917327881 0.31617647409439087 0.5168440937995911 0.31836483875910443 0.5129138231277466 0.2953869104385376 0.5084220170974731 0.2756915291150411 0.5022458434104919 0.2603728969891866
0 0.5314422845840454 0.38620448112487793 0.5482863783836365 0.3883928457895915 0.5645689964294434 0.3883928457895915 0.5763598084449768 0.38948702812194824 0.5903965830802917 0.38073352972666424 0.5971341729164124 0.3851102987925212 0.5853433012962341 0.4168417453765869 0.5780442357063293 0.4277836084365845 0.5651304721832275 0.4321603775024414 0.5539010167121887 0.4234068791071574 0.5477249026298523 0.403711477915446 0.5342496037483215 0.39824052651723224
0 0.4489063024520874 0.4409138758977254 0.46911919116973877 0.4223126570383708 0.49213942885398865 0.4102766116460164 0.5011229515075684 0.4102766116460164 0.49606969952583313 0.44310224056243896 0.4927009046077728 0.4748336871465047 0.49550825357437134 0.5098476807276408 0.49887707829475403 0.5382965803146362 0.49887707829475403 0.5448617140452067 0.4898935556411743 0.5426733096440634 0.48540180921554565 0.5054709513982137 0.4775412380695343 0.46717437108357746 0.45676687359809875 0.45185573895772296
0 0.3411041796207428 0.5164128144582113 0.352895051240921 0.530637264251709 0.37423089146614075 0.526260495185852 0.38714468479156494 0.5164128144582113 0.4006199240684509 0.48905813694000244 0.40904197096824646 0.49234068393707275 0.4079190492630005 0.5229779481887817 0.4045502245426178 0.5503326257069906 0.4202713668346405 0.5645570755004883 0.4264475107192993 0.58753502368927 0.424201637506485 0.6225490172704061 0.4208328425884247 0.6378676493962606 0.4045502245426178 0.6116071542104086 0.3927593529224396 0.6061362028121948 0.3888290822505951 0.6170780658721924 0.3787226378917694 0.5908175706863403 0.35794827342033386 0.5634628931681315 0.33605098724365234 0.5601803064346313 0.31078484654426575 0.5809698899586996 0.3242601156234741 0.5634628931681315 0.3343665599822998 0.5361081759134928
0 0.2928178310394287 0.6302083333333334 0.3051701486110687 0.6378676493962606 0.31078484654426575 0.667410691579183 0.3276289105415344 0.6969537734985352 0.3377353847026825 0.7089898586273193 0.3478418290615082 0.7089898586273193 0.3568253517150879 0.7166491349538168 0.3624400198459625 0.733061949412028 0.37086206674575806 0.7527573903401693 0.3635629713535309 0.7757352987925211 0.34335005283355713 0.7702643871307373 0.31976836919784546 0.7746411164601644 0.31359219551086426 0.7801120281219482 0.31359219551086426 0.7549457550048828 0.3214527666568756 0.7352503140767416 0.31639954447746277 0.7013305028279623 0.3018013536930084 0.6739758650461832 0.29450225830078125 0.6499036947886149
0 0.46294301748275757 0.6477153301239014 0.4837173819541931 0.6663165092468262 0.5067376494407654 0.6695990562438965 0.519089937210083 0.6860118707021078 0.5258275866508484 0.71555495262146 0.5101064443588257 0.7221201260884603 0.4837173819541931 0.7111782232920328 0.4584512710571289 0.7407213052113851 0.46013566851615906 0.702424685160319 0.46350449323654175 0.667410691579183
0 0.5033687949180603 0.5229779481887817 0.5224587917327881 0.5514268080393473 0.5510936975479126 0.5514268080393473 0.5595157146453857 0.5536152124404907 0.5505322217941284 0.5667454401652018 0.5297579169273376 0.5820640722910563 0.5218973159790039 0.6039478381474813 0.5263890624046326 0.6334908803304037 0.5134752988815308 0.6488095124562582 0.5072991251945496 0.6575630108515421 0.5050532221794128 0.6433386007944742 0.5078606009483337 0.6345851023991903 0.5084220170974731 0.6159838835398356 0.5028073191642761 0.5930059353510538 0.5 0.5678396224975586 0.5022458434104919 0.5503326257069906
0 0.6179085373878479 0.4507615566253662 0.6296994090080261 0.4934348662694295 0.6560884714126587 0.4879639546076457 0.6611416935920715 0.47373950481414795 0.659457266330719 0.43981969356536865 0.6605802178382874 0.421218474706014 0.6718096137046814 0.41574756304423016 0.6718096137046814 0.43106619517008465 0.6740554571151733 0.4595150550206502 0.6774243116378784 0.48577555020650226 0.6807931065559387 0.5186011791229248 0.6667563915252686 0.5273546775182089 0.640367329120636 0.548144261042277 0.6224003434181213 0.5722163915634155 0.6145397424697876 0.5776873429616293 0.6089250445365906 0.570028026898702 0.6257691383361816 0.5339198112487793 0.6235232353210449 0.5054709513982137 0.6128553748130798 0.4846813678741455 0.6089250445365906 0.47373950481414795
0 0.6807931065559387 0.26365546385447186 0.7043747901916504 0.27787989377975464 0.7156041860580444 0.2735031445821126 0.7139198184013367 0.2614670793215434 0.6993216276168823 0.25052521626154584 0.6937068700790405 0.26365546385447186
0 0.6100479960441589 0.002144607870529095 0.6437361240386963 0.002144607870529095 0.6291379332542419 0.029499299824237823 0.6319453120231628 0.053571427861849465 0.5999415516853333 0.039346988002459206 0.6083635687828064 0.02074579770366351
0 0.6465435028076172 0.015274859964847565 0.657211422920227 0.0076155463854471845 0.6628260612487793 0.03168767442305883 0.6673178672790527 0.04810049136479696 0.6684407591819763 0.05685398976008097 0.665071964263916 0.07326680918534596 0.6617031693458557 0.0896796186765035 0.6555269956588745 0.0874912440776825 0.6471049785614014 0.05466561516125997 0.6426131725311279 0.039346988002459206 0.6448590755462646 0.02731092522541682
0 0.6673178672790527 0.022934173544247944 0.6796702146530151 0.016369047264258068 0.6718096137046814 0.04700630406538645
0 0.7066206932067871 0.002144607870529095 0.6976372003555298 0.017463235805432003 0.6965142488479614 0.04591211676597595 0.703251838684082 0.06013655662536621 0.7105509638786316 0.06232493122418722 0.7105509638786316 0.038252800703048706 0.7178500890731812 0.0349702388048172 0.7257106304168701 0.05466561516125997 0.7335712313652039 0.04481792946656545 0.7442391514778137 0.05575980246067047 0.7442391514778137 0.03278186172246933 0.7408703565597534 0.009803921605149904 0.7397474050521851 0.004332983245452245
0 0.7290794253349304 0.06341911852359772 0.741993248462677 0.08639706174532573 0.7520996928215027 0.09952730933825175 0.7549070715904236 0.10390405853589375 0.7599602937698364 0.07764355838298798 0.747607946395874 0.06232493122418722 0.73637855052948 0.05685398976008097
0 0.6476664543151855 0.09405636787414551 0.6588957905769348 0.09624475240707397 0.6661949157714844 0.11375174919764201 0.6869692802429199 0.11922269066174825 0.7004445195198059 0.107186625401179 0.7122353911399841 0.10062150160471599 0.7262721061706543 0.09077381094296773 0.7307639122009277 0.08311449488004048 0.7369400262832642 0.09077381094296773 0.7206574082374573 0.157519261042277 0.7223418354988098 0.17502625783284506 0.7257106304168701 0.19362745682398477 0.7313253879547119 0.21879376967748007 0.7189730405807495 0.20785188674926758 0.7122353911399841 0.18049718936284384 0.7015674710273743 0.15970763564109802 0.6723710894584656 0.14657737811406454 0.65159672498703 0.14876575271288553 0.6532810926437378 0.12469363212585449 0.6499122977256775 0.10499825080235799
0 0.7442391514778137 0.18159139156341553 0.7515382170677185 0.15970763564109802 0.7644520401954651 0.15533088644345602 0.7773658037185669 0.1651785671710968 0.794209897518158 0.17502625783284506 0.8015090227127075 0.1870623230934143 0.811053991317749 0.19472163915634155 0.8127383589744568 0.2166053851445516 0.8161072134971619 0.22973565260569254 0.8093695640563965 0.23848915100097656 0.7987016439437866 0.22973565260569254 0.7947713732719421 0.21222863594690958 0.7666979432106018 0.2023809552192688 0.7509767413139343 0.1914390722910563
0 0.703251838684082 0.30742297569910687 0.7268335819244385 0.3227415879567464 0.7318868041038513 0.3293067216873169 0.7296409010887146 0.3544730345408122 0.7296409010887146 0.3829219341278076 0.7257106304168701 0.41355915864308673 0.7251492142677307 0.43981969356536865 0.7161656618118286 0.41246497631073 0.7077436447143555 0.3872986634572347 0.6925839781761169 0.37963934739430744 0.6903380751609802 0.3763568003972371 0.6959527730941772 0.3577556212743123 0.7004445195198059 0.3391544024149577 0.7021289467811584 0.3194590409596761
0 0.6139782667160034 0.22864145040512085 0.6252076625823975 0.2220763365427653 0.6280149817466736 0.24286590019861856 0.615662693977356 0.2472426493962606 0.6128553748130798 0.23958333333333334
0 0.8003860712051392 0.3599439859390259 0.7885952591896057 0.3763568003972371 0.7841034531593323 0.4069940646489461 0.7874722480773926 0.44310224056243896 0.7891566753387451 0.46826855341593426 0.7801731824874878 0.491246501604716 0.8026319146156311 0.49890581766764325 0.8082466721534729 0.5032825469970703 0.8155457377433777 0.48358718554178876 0.8144227862358093 0.47045691808064777 0.8076851963996887 0.46389182408650714 0.8065622448921204 0.43653710683186847 0.8076851963996887 0.39933474858601886 0.8093695640563965 0.3763568003972371
0 0.811053991317749 0.5164128144582113 0.8194760084152222 0.5229779481887817 0.8200374841690063 0.5634628931681315 0.8155457377433777 0.5995710690816244 0.8250907063484192 0.6214548349380493 0.8307054042816162 0.6466211477915446 0.8340741991996765 0.6652223269144694 0.8183530569076538 0.6520920991897583 0.7953328490257263 0.6378676493962606 0.7784887552261353 0.6170780658721924 0.7852264046669006 0.5919117530186971 0.7987016439437866 0.578781525293986 0.8037548661231995 0.5645570755004883 0.8082466721534729 0.5382965803146362
0 0.44104573130607605 0.2899159590403239 0.4556439220905304 0.28116246064503986 0.4713650643825531 0.28116246064503986 0.47641828656196594 0.2855392098426819 0.47641828656196594 0.2986694773038228 0.47361093759536743 0.3096113403638204 0.4640659689903259 0.32164740562438965 0.4545210003852844 0.3380602200826009 0.44385308027267456 0.34900208314259845 0.4399227797985077 0.31289390722910565
0 0.6229617595672607 0.5941001574198405 0.6353141069412231 0.6170780658721924 0.653842568397522 0.6422443787256876 0.659457266330719 0.6488095124562582 0.6583343148231506 0.6553746461868286 0.6448590755462646 0.6542804638544718 0.6386829018592834 0.6531862815221151 0.6386829018592834 0.661939779917399 0.6487893462181091 0.6641281445821127 0.6560884714126587 0.6706932385762533 0.6605802178382874 0.6838235060373942 0.6695637106895447 0.698047955830892 0.6791086792945862 0.7111782232920328 0.6819160580635071 0.7308735847473145 0.6819160580635071 0.7483805815378824 0.670686662197113 0.7450980345408121 0.65159672498703 0.7308735847473145 0.634752631187439 0.7308735847473145 0.6179085373878479 0.7440038522084554 0.5948882699012756 0.7549457550048828 0.5774827599525452 0.7604166666666666 0.5943268537521362 0.7275910377502441 0.6061177253723145 0.7111782232920328 0.6224003434181213 0.7002363204956055 0.6313838362693787 0.6816351413726807 0.6291379332542419 0.6499036947886149 0.6252076625823975 0.635679284731547 0.6240847110748291 0.6214548349380493 0.621277391910553 0.6061362028121948
0 0.8312668800354004 0.6816351413726807 0.8374430537223816 0.6816351413726807 0.8391274809837341 0.7210259437561035 0.83856600522995 0.7669817606608073 0.83856600522995 0.7954306602478027 0.8250907063484192 0.7833945751190186 0.7958943247795105 0.8030900160471598 0.7818576097488403 0.8249737421671549 0.7762429118156433 0.842480738957723 0.7728740572929382 0.8260679244995117 0.7537841200828552 0.8052783807118734 0.7431161999702454 0.7921481132507324 0.7565914988517761 0.7877713839213053 0.7784887552261353 0.781206210454305 0.7970172762870789 0.7735469341278076 0.8099310398101807 0.7472863992055258 0.8183530569076538 0.7275910377502441 0.8250907063484192 0.7078956762949625 0.8273366093635559 0.6969537734985352
0 0.5656918883323669 0.8107492923736572 0.5842204093933105 0.8271621068318685 0.6021873950958252 0.84685746828715 0.6201544404029846 0.8621761004130045 0.6336296796798706 0.8720238208770752 0.638121485710144 0.8764005502065023 0.638121485710144 0.890625 0.6369984745979309 0.9015669027964274 0.6235232353210449 0.8993785381317139 0.5993800759315491 0.9004727204640707 0.593765377998352 0.890625 0.5864662528038025 0.8720238208770752 0.5763598084449768 0.8665529092152914 0.563446044921875 0.8610819180806478 0.5617616176605225 0.8315388361612955
0 0.5348110795021057 0.8960959116617838 0.5516551733016968 0.8982842763264974 0.5651304721832275 0.8960959116617838 0.5640075206756592 0.8818714618682861 0.5471634268760681 0.8851540883382162 0.5432331562042236 0.8851540883382162
0 0.7212188839912415 0.8457632859547933 0.7318868041038513 0.877494732538859 0.7380629777908325 0.8928133646647135 0.7268335819244385 0.8917191823323568 0.722903311252594 0.8928133646647135 0.7178500890731812 0.8764005502065023 0.7156041860580444 0.859987735748291 0.7156041860580444 0.8501400947570801
0 0.8127383589744568 0.04919467866420746 0.835758626461029 0.05794817705949148 0.8414238691329956 0.06254832446575165 0.8414238691329956 0.0013020833333333333 0.8295824527740479 0.014180672665437063 0.8234063386917114 0.030593487123648327
