1 0.0009765625 0.18377975622812906 0.0009765625 0.17174369096755981 0.0009765625 0.1492368976275126 0.0009765625 0.02074579770366351 0.0009765625 0.002144607870529095 0.0009765625 0.004332983245452245 0.0009765625 0.038252800703048706 0.0009765625 0.06779586772123973 0.0009765625 0.111563374598821 0.0009765625 0.13235293825467428 0.0009765625 0.16736694176991782 0.0009765625 0.19253325462341309
0 0.0009765625 0.005427171165744464 0.0009765625 0.04810049136479696 0.0009765625 0.08092612028121948 0.0009765625 0.11484594146410625 0.0009765625 0.14329482118288675 0.0009765625 0.17940300703048706 0.0009765625 0.19362745682398477 0.016362851485610008 0.20347513755162558 0.06385426968336105 0.21551120281219482 0.09971514344215393 0.22645308574040732 0.12200703471899033 0.23082983493804932 0.14139129221439362 0.2319240172704061 0.14139129221439362 0.20019257068634033 0.11909939348697662 0.14001225431760153 0.11134569346904755 0.0853028694788615 0.1326683759689331 0.07764355838298798 0.15108340978622437 0.08858543634414673 0.15592949092388153 0.12250524759292603 0.16562160849571228 0.1542366941769918 0.180159792304039 0.20347513755162558 0.21408222615718842 0.23411240180333456 0.23734337091445923 0.2549019654591878 0.2567276060581207 0.2702205975850423 0.27901947498321533 0.28116246064503986 0.3042190372943878 0.2800682783126831 0.3177880048751831 0.2669380307197571 0.3061574399471283 0.22426470120747885 0.29161927103996277 0.17393207550048828 0.28580397367477417 0.12031687299410503 0.26835817098617554 0.09405636787414551 0.2305588722229004 0.052477240562438965 0.20148247480392456 0.009803921605149904 0.20148247480392456 0.003238795635600885 0.1749454289674759 0.0013020833333333333 0.08808459341526031 0.0013020833333333333 0.0009765625 0.0013020833333333333
0 0.0009765625 0.3566613992055257 0.0009765625 0.3566613992055257 0.0009765625 0.3676033020019531 0.0009765625 0.3851102987925212 0.0009765625 0.39933474858601886 0.0037630859296768904 0.4190301100413005 0.032839465886354446 0.4354429244995117 0.049316082149744034 0.46170341968536377 0.05900821462273598 0.4967174530029297 0.056100573390722275 0.5284488598505656 0.03962395712733269 0.5470500787099203 0.018301276490092278 0.5547093947728475 0.0009765625 0.556897759437561 0.0009765625 0.5426733096440634 0.0009765625 0.5251663128534952 0.0009765625 0.42450106143951416 0.0009765625 0.3763568003972371
0 0.0009765625 0.5415791273117065 0.0009765625 0.561274528503418 0.0009765625 0.5678396224975586 0.0009765625 0.5678396224975586 0.03187024965882301 0.561274528503418 0.043500807136297226 0.5590861241022745 0.05803898721933365 0.5733105738957723 0.06094663217663765 0.5864408413569132 0.05513135716319084 0.6083245674769083 0.052223723381757736 0.6400560140609741 0.027024192735552788 0.7068014939626058 0.0009765625 0.7374387582143148 0.0009765625 0.7494747638702393 0.0009765625 0.7516631285349528 0.0009765625 0.7658875783284506 0.0009765625 0.7710302670796713 0.0009765625 0.6728816827138265 0.0009765625 0.6105129718780518 0.0009765625 0.5951943397521973
0 0.0009765625 0.7801120281219482 0.0009765625 0.7669817606608073 0.0009765625 0.7680759429931641 0.0009765625 0.7516631285349528 0.028962617740035057 0.7254026730855306 0.049316082149744034 0.67507004737854 0.06482347846031189 0.6258315642674764 0.06773111969232559 0.6028536558151245 0.08033089339733124 0.5634628931681315 0.10746884346008301 0.5240721305211385 0.13072995841503143 0.4715511401494344 0.15689869225025177 0.4234068791071574 0.18403664231300354 0.38948702812194824 0.21408222615718842 0.373074213663737 0.270296573638916 0.3500963052113851 0.30228060483932495 0.3479079008102417 0.31100353598594666 0.38073352972666424 0.3255417048931122 0.4102766116460164 0.3352338373661041 0.4540441036224365 0.34686440229415894 0.48686973253885907 0.3313570022583008 0.5295430819193522 0.29355767369270325 0.5601803064346313 0.24897389113903046 0.6116071542104086 0.22668200731277466 0.6302083333333334 0.19566720724105835 0.644432783126831 0.16756004095077515 0.6630339622497559 0.14429892599582672 0.6914828618367513 0.13654522597789764 0.7254026730855306 0.12782230973243713 0.7615108489990234 0.10746884346008301 0.7877713839213053 0.08420774340629578 0.8140318393707275 0.06676191091537476 0.8315388361612955 0.04640844091773033 0.8402923742930094 0.019270483404397964 0.8435749212900797 0.0009765625 0.8457632859547933 0.0009765625 0.8249737421671549 0.0009765625 0.8337272802988688 0.0009765625 0.8419230779012045 0.0009765625 0.8030900160471598
0 0.0009765625 0.8840599060058594 0.0009765625 0.9004727204640707 0.0009765625 0.9125087261199951 0.0009765625 0.9420518080393473 0.009578360244631767 0.9683123429616293 0.018301276490092278 0.9934786160786947 0.0009765625 0.9986979166666666 0.0009765625 0.9986979166666666 0.0009765625 0.9967612425486246 0.0009765625 0.9857842922210693 0.0009765625 0.9223564465840658
0 0.0009765625 0.8523284594217936 0.0009765625 0.8370098272959391 0.0009765625 0.8479516506195068 0.001824661041609943 0.8567051887512207 0.034777890890836716 0.8545168240865072 0.06773111969232559 0.8413865566253662 0.09971514344215393 0.8129376570383707 0.1326683759689331 0.781206210454305 0.1462373584508896 0.7418154875437418 0.15399105846881866 0.705707311630249 0.1859750747680664 0.6630339622497559 0.2392817884683609 0.6411501963933309 0.2819271385669708 0.6411501963933309 0.2945268750190735 0.6685048739115397 0.2984037399291992 0.6969537734985352 0.3177880048751831 0.7254026730855306 0.3400799036026001 0.7560399373372396 0.32748013734817505 0.7801120281219482 0.3013113737106323 0.816220204035441 0.2809579372406006 0.8588935534159342 0.29646533727645874 0.877494732538859 0.332326203584671 0.8895308176676432 0.29161927103996277 0.8873424530029297 0.2450970709323883 0.8709296385447184 0.21602068841457367 0.8556110064188639 0.1636831909418106 0.8676470915476481 0.09196144342422485 0.8960959116617838 0.05706978216767311 0.903755267461141 0.029931824654340744 0.921262264251709 0.010547568090260029 0.93439253171285 0.0009765625 0.9103203614552816 0.0009765625 0.8884366353352865 0.0009765625 0.8742121855417887
0 0.027993399649858475 0.9475227197011312 0.054162148386240005 0.9245448112487793 0.07257717847824097 0.9179797172546387 0.12103782594203949 0.9103203614552816 0.17628294229507446 0.9015669027964274 0.21020540595054626 0.8873424530029297 0.23831257224082947 0.8785889148712158 0.2538199722766876 0.8862482706705729 0.2896808385848999 0.8960959116617838 0.3177880048751831 0.9048494497934977 0.3507412374019623 0.9114145437876383 0.38078680634498596 0.9146970907847086 0.4011403024196625 0.921262264251709 0.4011403024196625 0.9497111638387045 0.37497156858444214 0.9923844337463379 0.35912656784057617 0.9986979166666666 0.2693273723125458 0.9986979166666666 0.14720655977725983 0.9978554248809814 0.06870032846927643 0.9967612425486246 0.04447001591324806 0.9934786160786947 0.030901040881872177 0.9661239782969157
1 0.2499431073665619 0.6291141510009766 0.28580397367477417 0.6192664702733358 0.3119727373123169 0.6028536558151245 0.33911070227622986 0.58753502368927 0.3681870698928833 0.5765931208928426 0.3856329023838043 0.5470500787099203 0.3846636712551117 0.5186011791229248 0.3856329023838043 0.5054709513982137 0.36721786856651306 0.4846813678741455 0.35267966985702515 0.4726453224817912 0.34977203607559204 0.5054709513982137 0.34104910492897034 0.5251663128534952 0.3177880048751831 0.5525209903717041 0.3013113737106323 0.5733105738957723 0.275142639875412 0.6006652514139811 0.25769680738449097 0.6203606526056925
0 0.3429875373840332 0.3391544024149577 0.3507412374019623 0.3293067216873169 0.3740023672580719 0.3358718554178874 0.40307873487472534 0.3325892885526021 0.4389396011829376 0.3052345911661784 0.49515393376350403 0.2702205975850423 0.5329532027244568 0.2516193985939026 0.5620296001434326 0.24943101406097412 0.5755985975265503 0.2581845323244731 0.5852907299995422 0.2986694773038228 0.5765677690505981 0.3697916666666667 0.5678449273109436 0.39495797952016193 0.5465222001075745 0.4277836084365845 0.5164766311645508 0.46389182408650714 0.47576969861984253 0.49781163533528644 0.4408780336380005 0.5010941823323568 0.39726346731185913 0.4934348662694295 0.3681870698928833 0.469362735748291 0.3478336036205292 0.43434874216715497 0.34395673871040344 0.39824052651723224 0.34104910492897034 0.3665091196695964
0 0.3265109360218048 0.18159139156341553 0.3458952009677887 0.15204831957817078 0.37787920236587524 0.13782387971878052 0.4050171673297882 0.1290703813234965 0.4234321713447571 0.13454131285349527 0.4263398349285126 0.16955532630284628 0.43700116872787476 0.19034488995869955 0.45638543367385864 0.20894606908162436 0.48740023374557495 0.2220763365427653 0.5145381689071655 0.23958333333333334 0.5077537298202515 0.24943101406097412 0.48255419731140137 0.2669380307197571 0.4660775363445282 0.27240896224975586 0.4331243336200714 0.26803221305211383 0.3885405659675598 0.25709033012390137 0.359464168548584 0.24396008253097534 0.3352338373661041 0.21988795200983682
0 0.43409353494644165 0.12578781445821127 0.45929306745529175 0.11375174919764201 0.4922462999820709 0.10390405853589375 0.5135689973831177 0.09843312700589497 0.5474914312362671 0.07983193298180898 0.5785061717033386 0.04591211676597595 0.5920751690864563 0.018557423104842503 0.618243932723999 0.015274859964847565 0.6434434652328491 0.010898109525442123 0.662827730178833 0.0013020833333333333 0.6860888600349426 0.0013020833333333333 0.7015962600708008 0.0076155463854471845 0.6996578574180603 0.03168767442305883 0.6841504573822021 0.052477240562438965 0.6667045950889587 0.06998424232006073 0.6259976625442505 0.10499825080235799 0.5978904962539673 0.1312587559223175 0.5823830962181091 0.16408438483874002 0.5591219663619995 0.2067577044169108 0.5455529689788818 0.22973565260569254 0.5281071662902832 0.23739494880040488 0.5048460364341736 0.21988795200983682 0.4660775363445282 0.20128677288691202 0.44863173365592957 0.18377975622812906 0.43409353494644165 0.15642506877581278
1 0.40598636865615845 0.5196953614552816 0.4544470012187958 0.5164128144582113 0.5058152675628662 0.49781163533528644 0.5310148000717163 0.4759278694788615 0.5591219663619995 0.4627976020177205 0.5881983637809753 0.460609237353007 0.6095210909843445 0.48358718554178876 0.6356897354125977 0.5043767690658569 0.6599200963973999 0.5251663128534952 0.6773658990859985 0.5404849449793497 0.6909348964691162 0.556897759437561 0.7122576236724854 0.578781525293986 0.7229188680648804 0.5941001574198405 0.7558721899986267 0.6269257863362631 0.7539337873458862 0.6477153301239014 0.742303192615509 0.6816351413726807 0.7267957925796509 0.705707311630249 0.7151652574539185 0.7210259437561035 0.6909348964691162 0.7472863992055258 0.6715506315231323 0.7582283020019531 0.6424742937088013 0.7615108489990234 0.611459493637085 0.7647933959960938 0.5639680027961731 0.7615108489990234 0.5426453351974487 0.7505689462025961 0.512599766254425 0.7341561317443848 0.4893386662006378 0.7177433172861735 0.47576969861984253 0.702424685160319 0.45153936743736267 0.6794467767079672 0.45057013630867004 0.6389618317286173 0.4273090362548828 0.6137955188751221 0.4069555699825287 0.5962885220845541 0.39823266863822937 0.5754989385604858 0.4011403024196625 0.5503326257069906 0.4069555699825287 0.5317314465840658
0 0.30228060483932495 0.6345851023991903 0.31875723600387573 0.6192664702733358 0.34201833605766296 0.605042020479838 0.3565565049648285 0.6017594734827677 0.3827252686023712 0.6105129718780518 0.4079247713088989 0.6225490172704061 0.41761693358421326 0.6422443787256876 0.41761693358421326 0.6663165092468262 0.42827826738357544 0.684917688369751 0.4350627362728119 0.702424685160319 0.4583238363265991 0.723214308420817 0.4748004972934723 0.7374387582143148 0.47673889994621277 0.7516631285349528 0.44863173365592957 0.7571341196695963 0.42246297001838684 0.7636992136637369 0.3953250050544739 0.7680759429931641 0.3798176050186157 0.7724527517954508 0.3681870698928833 0.7757352987925211 0.35267966985702515 0.7669817606608073 0.3313570022583008 0.7264968554178873 0.3206956386566162 0.7078956762949625 0.3090651035308838 0.688200314839681 0.3032498359680176 0.667410691579183 0.3032498359680176 0.6531862815221151 0.3032498359680176 0.6455269654591879
0 0.359464168548584 0.7888655662536621 0.38078680634498596 0.7855830192565918 0.3798176050186157 0.8173143863677979 0.3846636712551117 0.842480738957723 0.3962942659854889 0.8534226417541504 0.4214937686920166 0.873118003209432 0.4476625323295593 0.8873424530029297 0.4660775363445282 0.9059436321258545 0.4883694350719452 0.9234506289164225 0.49515393376350403 0.9442401727040609 0.4864310324192047 0.9726890722910563 0.46723252534866333 0.9986979166666666 0.40889400243759155 0.9978554248809814 0.39471444487571716 0.9986979166666666 0.4021095037460327 0.9781599839528402 0.4127708673477173 0.9442401727040609 0.4079247713088989 0.9157913525899252 0.38078680634498596 0.9059436321258545 0.3517104387283325 0.9004727204640707 0.3429875373840332 0.8884366353352865 0.31294193863868713 0.8764005502065023 0.297434538602829 0.8665529092152914 0.29355767369270325 0.8523284594217936 0.31294193863868713 0.8205970128377279 0.3381415009498596 0.7965248425801595
0 0.3945399522781372 0.7855830192565918 0.41586264967918396 0.7735469341278076 0.46916934847831726 0.7615108489990234 0.48855358362197876 0.7527573903401693 0.5059993863105774 0.7527573903401693 0.5457371473312378 0.7669817606608073 0.5922593474388123 0.7790178457895914 0.6300586462020874 0.7801120281219482 0.6465352773666382 0.7844887574513754 0.6445968747138977 0.7976190249125162 0.63102787733078 0.8096551100413004 0.6029207110404968 0.8337272802988688 0.5806288123130798 0.8523284594217936 0.5631829500198364 0.8643644650777181 0.5224760174751282 0.8632702827453613 0.4982457458972931 0.8621761004130045 0.46820011734962463 0.8632702827453613 0.4526927173137665 0.8643644650777181 0.42749321460723877 0.8643644650777181 0.4110165536403656 0.8567051887512207 0.3916323184967041 0.8359156449635824 0.38678625226020813 0.8184086481730143
0 0.6630118489265442 0.7932422955830892 0.7085648775100708 0.7527573903401693 0.736672043800354 0.7199317614237467 0.7822250127792358 0.6827293237050375 0.803547739982605 0.6739758650461832 0.8190551400184631 0.6761642297108968 0.8054861426353455 0.6969537734985352 0.8074245452880859 0.7341561317443848 0.8045169711112976 0.7680759429931641 0.7802866101264954 0.8030900160471598 0.7512102127075195 0.8304446538289388 0.7095340490341187 0.8534226417541504 0.6814269423484802 0.8523284594217936 0.6504120826721191 0.8523284594217936 0.618428111076355 0.8556110064188639 0.596136212348938 0.8818714618682861 0.6000130772590637 0.9015669027964274 0.6000130772590637 0.9190738995869955 0.5825672745704651 0.951899528503418 0.551552414894104 0.9880077044169108 0.5399218797683716 0.9967612425486246 0.5089070796966553 0.9978554248809814 0.47983068227767944 0.9956669807434082 0.4982457458972931 0.9661239782969157 0.5089070796966553 0.93439253171285 0.5137531161308289 0.9059436321258545 0.5234453082084656 0.8917191823323568 0.5447679162025452 0.8807772795359293 0.5689982771873474 0.873118003209432 0.5922593474388123 0.8610819180806478 0.6106744408607483 0.8391981919606527 0.6339355111122131 0.8195028305053711 0.6542890071868896 0.8030900160471598
0 0.9332380890846252 0.08092612028121948 0.9865447878837585 0.04481792946656545 1.0 0.04700630406538645 1.0 0.06013655662536621 1.0 0.06296072900295258 1.0 0.1542366941769918 1.0 0.31289390722910565 1.0 0.4215029875437419 1.0 0.5251663128534952 1.0 0.5951943397521973 1.0 0.5842524369557699 1.0 0.5765931208928426 1.0 0.5547093947728475 0.9875140190124512 0.5186011791229248 0.9652221202850342 0.4879639546076457 0.9438994526863098 0.46389182408650714 0.9061000943183899 0.44857319196065265 0.8857466578483582 0.43325455983479816 0.8731468915939331 0.37745098272959393 0.8721777200698853 0.3227415879567464 0.8760545253753662 0.2756915291150411 0.8809005618095398 0.23520658413569132 0.8712084889411926 0.21441702047983804 0.8692700862884521 0.19909838835398355 0.8915619254112244 0.14985994497934976 0.9186999201774597 0.11046919226646423 0.9206383228302002 0.09296218554178874
0 0.8316549062728882 0.6772584120432535 0.8733310699462891 0.6608455975850424 0.9198532700538635 0.6520920991897583 0.9615294337272644 0.6531862815221151 0.9944826364517212 0.6509979168574015 1.0 0.6411501963933309 1.0 0.6378676493962606 1.0 0.6389618317286173 1.0 0.6654165585835775 1.0 0.7275910377502441 1.0 0.7418154875437418 1.0 0.7560399373372396 1.0 0.7691702047983805 0.9915750026702881 0.7866772015889486 0.9702523350715637 0.7899597485860189 0.925668478012085 0.7965248425801595 0.9082226753234863 0.7998073895772299 0.8849616050720215 0.8041841983795166 0.8617004752159119 0.8063725630442301 0.8326241374015808 0.8096551100413004 0.8045169711112976 0.8151260217030843 0.7880403399467468 0.8249737421671549 0.7822250127792358 0.8260679244995117 0.7764097452163696 0.8216911951700846 0.7928863763809204 0.7965248425801595 0.8132398724555969 0.7680759429931641 0.8171167373657227 0.733061949412028 0.81614750623703 0.705707311630249 0.8268088698387146 0.6871060530344645
0 1.0 0.7494747638702393 1.0 0.7658875783284506 1.0 0.7768294811248779 0.9952676892280579 0.8063725630442301 0.9894524216651917 0.8413865566253662 0.9836371541023254 0.8687412738800049 1.0 0.9015669027964274 1.0 0.9256389935811361 1.0 0.9715948899586996 1.0 0.9967612425486246 1.0 0.9978554248809814 1.0 0.9978554248809814 1.0 0.9986979166666666 1.0 0.9836309750874838 1.0 0.9650253454844157 1.0 0.8326330184936523 1.0 0.7855830192565918 1.0 0.7604166666666666
0 0.611459493637085 0.9267331759134928 0.6541048288345337 0.9332983493804932 0.6928732991218567 0.9420518080393473 0.7403647899627686 0.9606529871622721 0.7849485874176025 0.9781599839528402 0.8140249252319336 0.9912902514139811 0.8176702260971069 0.9986979166666666 0.7675027251243591 0.9986979166666666 0.7267957925796509 0.9986979166666666 0.681242823600769 0.9986979166666666 0.6298745274543762 0.9978554248809814 0.5920751690864563 0.9978554248809814 0.5552451610565186 0.9956669807434082 0.5765677690505981 0.9715948899586996 0.5940136909484863 0.9464285373687744
0 0.6637969017028809 0.0874912440776825 0.6957809925079346 0.10828080773353577 0.7248573899269104 0.153142511844635 0.7539337873458862 0.18377975622812906 0.8004559278488159 0.19253325462341309 0.8295323252677917 0.21222863594690958 0.8450397253036499 0.23958333333333334 0.844070553779602 0.2833508451779683 0.8324399590492249 0.37088584899902344 0.8208094239234924 0.41355915864308673 0.8149941563606262 0.4452906052271525 0.7946406602859497 0.48030463854471844 0.7713795900344849 0.5076593160629272 0.7452108263969421 0.5120360453923544 0.7035346627235413 0.5010941823323568 0.6696122288703918 0.478116234143575 0.6211515665054321 0.43872547149658203 0.5959520936012268 0.41355915864308673 0.5785061717033386 0.39824052651723224 0.5901367664337158 0.3676033020019531 0.5930444002151489 0.3325892885526021 0.5920751690864563 0.28225664297739667 0.5901367664337158 0.2516193985939026 0.5881983637809753 0.22535890340805054 0.5814138650894165 0.21113445361455283 0.5697833299636841 0.20566352208455405 0.5814138650894165 0.18596814076105753 0.5998288989067078 0.14548319578170776 0.618243932723999 0.12359943985939026 0.6463510990142822 0.10171568393707275
1 0.8256555199623108 0.48905813694000244 0.857639491558075 0.47045691808064777 0.8838082551956177 0.47702205181121826 0.9080385565757751 0.5021883646647135 0.9409918189048767 0.5218837658564249 0.9816986918449402 0.5547093947728475 1.0 0.5754989385604858 1.0 0.605042020479838 1.0 0.6302083333333334 0.9690989851951599 0.6345851023991903 0.927422821521759 0.6411501963933309 0.9022232890129089 0.6422443787256876 0.8653931617736816 0.6422443787256876 0.8498857617378235 0.6323966979980469 0.8343783617019653 0.5864408413569132 0.841162919998169 0.5547093947728475 0.8324399590492249 0.5295430819193522 0.8208094239234924 0.5109418630599976
0 0.7859177589416504 0.002144607870529095 0.7733179926872253 0.016369047264258068 0.7878561615943909 0.06013655662536621 0.8188709616661072 0.05904236932595571 0.8586087226867676 0.04481792946656545 0.8857466578483582 0.03278186172246933 0.9119154214859009 0.051383053263028465 0.9138538837432861 0.08420868714650472 0.9080385565757751 0.107186625401179 0.8905926942825317 0.13782387971878052 0.8605471253395081 0.19034488995869955 0.851824164390564 0.2176995873451233 0.844070553779602 0.22864145040512085 0.8256555199623108 0.1980042060216268 0.8091788291931152 0.1881565054257711 0.7830101251602173 0.1826855738957723 0.7665334939956665 0.1728378931681315 0.7461800575256348 0.16627275943756104 0.7326110601425171 0.14767157038052878 0.7103192210197449 0.11922269066174825 0.6889964938163757 0.0896796186765035 0.668643057346344 0.08311449488004048 0.6860888600349426 0.06451330582300822 0.7025654315948486 0.039346988002459206 0.7064422965049744 0.010898109525442123 0.7117077708244324 0.0013020833333333333 0.7461800575256348 0.0013020833333333333 0.7762256264686584 0.002144607870529095
1 0.8227478265762329 0.8271621068318685 0.8818697929382324 0.816220204035441 0.9603760242462158 0.8107492923736572 0.9681296944618225 0.8315388361612955 0.9768526554107666 0.8764005502065023 0.9913908243179321 0.890625 1.0 0.9278273582458496 1.0 0.9617471694946289 0.9749142527580261 0.9781599839528402 0.9642528891563416 0.9956669807434082 0.9454598426818848 0.9986979166666666 0.9138538837432861 0.9978554248809814 0.8915619254112244 0.9934786160786947 0.8828390836715698 0.9770658016204834 0.8595779538154602 0.9486169815063477 0.8498857617378235 0.9332983493804932 0.8295323252677917 0.9004727204640707 0.8091788291931152 0.8742121855417887 0.796579122543335 0.8610819180806478 0.8062711954116821 0.8413865566253662
1 0.3517104387283325 0.004332983245452245 0.32457250356674194 0.037158613403638206 0.3313570022583008 0.06232493122418722 0.36140260100364685 0.10280987620353699 0.38078680634498596 0.11484594146410625 0.4069555699825287 0.11594012379646301 0.4544470012187958 0.11265756686528523 0.503876805305481 0.08858543634414673 0.5261687636375427 0.07436099648475647 0.5474914312362671 0.04700630406538645 0.5717217326164246 0.019651610404253006 0.5891675353050232 0.002144607870529095 0.5203534364700317 0.003238795635600885 0.4852098226547241 0.0013020833333333333 0.41761693358421326 0.0013020833333333333 0.381756067276001 0.0013020833333333333 0.36334100365638733 0.002144607870529095
0 0.23540490865707397 0.002144607870529095 0.22668200731277466 0.015274859964847565 0.2363741248846054 0.030593487123648327 0.25769680738449097 0.05466561516125997 0.2693273723125458 0.06123074392477671 0.292588472366333 0.038252800703048706 0.30518823862075806 0.019651610404253006 0.3206956386566162 0.003238795635600885 0.27901947498321533 0.004332983245452245 0.2557583749294281 0.003238795635600885 0.24600422382354736 0.0013020833333333333
1 0.0009765625 0.20347513755162558 0.018301276490092278 0.22645308574040732 0.10649963468313217 0.25380776325861615 0.14526814222335815 0.24943101406097412 0.15302184224128723 0.2209821343421936 0.1462373584508896 0.17502625783284506 0.1326683759689331 0.13344713052113852 0.12879152595996857 0.09515056014060974 0.14526814222335815 0.09296218554178874 0.1520526260137558 0.1356355051199595 0.16659080982208252 0.1980042060216268 0.1859750747680664 0.22973565260569254 0.22086672484874725 0.2669380307197571 0.25091230869293213 0.28225664297739667 0.2954961359500885 0.29648109277089435 0.3119727373123169 0.30632877349853516 0.3061574399471283 0.32821253935496014 0.2761118710041046 0.3413428068161011 0.2228051722049713 0.3533788522084554 0.17337530851364136 0.381827712059021 0.14817577600479126 0.41355915864308673 0.1268530935049057 0.4660801887512207 0.10940727591514587 0.4967174530029297 0.09971514344215393 0.5120360453923544 0.08614616096019745 0.5295430819193522 0.07257717847824097 0.5514268080393473 0.05900821462273598 0.5525209903717041 0.073546402156353 0.5284488598505656 0.08226931095123291 0.4967174530029297 0.073546402156353 0.46826855341593426 0.054162148386240005 0.43325455983479816 0.022178126499056816 0.4026172955830892 0.0009765625 0.3829219341278076 0.0009765625 0.3577556212743123 0.0009765625 0.35228466987609863 0.0009765625 0.34681371847788495 0.0009765625 0.34353117148081463 0.0009765625 0.3358718554178874 0.0009765625 0.30304622650146484 0.0009765625 0.2581845323244731 0.0009765625 0.2363007664680481
