1 0.0009765625 0.021839986244837444 0.0009765625 0.029499299824237823 0.0009765625 0.053571427861849465 0.0009765625 0.07983193298180898 0.0009765625 0.09624475240707397 0.0009765625 0.11265756686528523 0.0009765625 0.13016456365585327 0.0009765625 0.13782387971878052 0.0009765625 0.1358605921268463 0.0009765625 0.09952730933825175 0.0009765625 0.05904236932595571 0.0009765625 0.041535365084807076
1 0.0009765625 0.02840511252482732 0.0009765625 0.015274859964847565 0.0009765625 0.005427171165744464 0.0009765625 0.010898109525442123 0.0009765625 0.024028360843658447 0.0009765625 0.05028886596361796 0.0009765625 0.06998424232006073 0.0009765625 0.07654937108357747 0.0009765625 0.07764355838298798 0.0009765625 0.06341911852359772 0.0009765625 0.04372373720010122
1 0.0009765625 0.03278186172246933 0.0009765625 0.03168767442305883 0.0009765625 0.04591211676597595 0.0009765625 0.06451330582300822 0.0009765625 0.08202030758062999 0.0009765625 0.09733893473943074 0.0009765625 0.12469363212585449 0.0009765625 0.14220062891642252 0.0009765625 0.14001225431760153 0.0009765625 0.1268820067246755 0.0009765625 0.09515056014060974 0.0009765625 0.07654937108357747 0.0009765625 0.05685398976008097
1 0.0009765625 0.003238795635600885 0.0009765625 0.0013020833333333333 0.0009765625 0.006521358465154965 0.029188543558120728 0.0013020833333333333 0.041498154401779175 0.013086484124263128 0.034112393856048584 0.030593487123648327 0.012775734066963196 0.051383053263028465 0.0009765625 0.06123074392477671 0.0009765625 0.07107842961947124 0.0009765625 0.06889005502065022 0.0009765625 0.04262954990069071 0.0009765625 0.02731092522541682 0.0009765625 0.022934173544247944 0.0009765625 0.022934173544247944 0.0009765625 0.011992296824852625
1 0.0009765625 0.0853028694788615 0.0009765625 0.06889005502065022 0.023444056510925293 0.05466561516125997 0.041498154401779175 0.04481792946656545 0.05298714339733124 0.053571427861849465 0.05955226719379425 0.07217261691888173 0.062014177441596985 0.09405636787414551 0.07432378828525543 0.11375174919764201 0.07022057473659515 0.13672968745231628 0.06365545094013214 0.1629901925722758 0.05216647684574127 0.17064950863520303 0.03657431900501251 0.1826855738957723 0.02754727005958557 0.20019257068634033 0.007031247019767761 0.19581582148869833 0.0009765625 0.19253325462341309 0.0009765625 0.18377975622812906 0.0009765625 0.16627275943756104 0.0009765625 0.14110644658406576 0.0009765625 0.11812849839528401 0.0009765625 0.10280987620353699
1 0.0009765625 0.17502625783284506 0.0009765625 0.1608018179734548 0.0009765625 0.15095412731170654 0.0009765625 0.153142511844635 0.0009765625 0.16627275943756104 0.0009765625 0.18487395842870077 0.0009765625 0.19691002368927002 0.0009765625 0.19909838835398355 0.0009765625 0.1980042060216268 0.0009765625 0.19581582148869833 0.0009765625 0.1870623230934143
1 0.04560136795043945 0.004332983245452245 0.07104121148586273 0.0013020833333333333 0.08404017984867096 0.0013020833333333333 0.11125262081623077 0.003238795635600885 0.09566046297550201 0.0349702388048172 0.0825301855802536 0.04372373720010122 0.07104121148586273 0.053571427861849465 0.06365545094013214 0.05685398976008097 0.04642200469970703 0.0338760515054067 0.0439600795507431 0.02731092522541682 0.04806327819824219 0.018557423104842503
1 0.12027968466281891 0.004332983245452245 0.14654017984867096 0.0013020833333333333 0.17033876478672028 0.003238795635600885 0.17526261508464813 0.011992296824852625 0.17526261508464813 0.0360644261042277 0.18511028587818146 0.05466561516125997 0.18182773888111115 0.07326680918534596 0.1769038885831833 0.10171568393707275 0.17854516208171844 0.13891807198524475 0.1760832518339157 0.15095412731170654 0.16541491448879242 0.15970763564109802 0.15474657714366913 0.1608018179734548 0.14079569280147552 0.14220062891642252 0.1383337825536728 0.11046919226646423 0.13751311600208282 0.08202030758062999 0.12930671870708466 0.06889005502065022 0.11535583436489105 0.05685398976008097 0.10386686027050018 0.05028886596361796 0.09073661267757416 0.04919467866420746 0.10797007381916046 0.0349702388048172 0.11289389431476593 0.021839986244837444
1 0.16869746148586273 0.17064950863520303 0.17854516208171844 0.1651785671710968 0.1974198967218399 0.1728378931681315 0.2154739946126938 0.17502625783284506 0.23106618225574493 0.18377975622812906 0.24583770334720612 0.2067577044169108 0.2573266625404358 0.22754726807276407 0.2630711793899536 0.2461484670639038 0.2630711793899536 0.26256128152211505 0.2532234787940979 0.28225664297739667 0.24091385304927826 0.2899159590403239 0.22450105845928192 0.2899159590403239 0.20726759731769562 0.28444502751032513 0.19249604642391205 0.27240896224975586 0.1769038885831833 0.25709033012390137 0.16213233768939972 0.2549019654591878 0.14982272684574127 0.2472426493962606 0.14079569280147552 0.2319240172704061 0.13915441930294037 0.22317051887512207 0.14818145334720612 0.2166053851445516 0.16131170094013214 0.20566352208455405 0.16377364099025726 0.19034488995869955
1 0.1867515593767166 0.006521358465154965 0.2080882340669632 0.021839986244837444 0.2466583400964737 0.03168767442305883 0.2737395167350769 0.030593487123648327 0.2983587384223938 0.039346988002459206 0.3049238324165344 0.051383053263028465 0.3196954131126404 0.06232493122418722 0.34513527154922485 0.08420868714650472 0.3607274293899536 0.09296218554178874 0.37714022397994995 0.08639706174532573 0.3960149884223938 0.07654937108357747 0.4140690565109253 0.07217261691888173 0.42555803060531616 0.06670168042182922 0.431302547454834 0.04919467866420746 0.42884063720703125 0.03278186172246933 0.41899293661117554 0.017463235805432003 0.40832459926605225 0.003238795635600885 0.3763195872306824 0.0013020833333333333 0.34841781854629517 0.003238795635600885 0.31477153301239014 0.004332983245452245 0.28358715772628784 0.004332983245452245 0.2532234787940979 0.003238795635600885 0.22121848165988922 0.002144607870529095 0.20890887081623077 0.002144607870529095 0.19659925997257233 0.003238795635600885
1 0.4206342101097107 0.003238795635600885 0.43704700469970703 0.003238795635600885 0.44607406854629517 0.0076155463854471845 0.464948832988739 0.019651610404253006 0.44361215829849243 0.030593487123648327 0.42637866735458374 0.016369047264258068
1 0.44361215829849243 0.04262954990069071 0.4559217691421509 0.03278186172246933 0.47151392698287964 0.02731092522541682 0.4739758372306824 0.04591211676597595 0.48136162757873535 0.06123074392477671 0.508442759513855 0.07873774568239848 0.5281381607055664 0.0874912440776825 0.5429096817970276 0.09624475240707397 0.5478335022926331 0.11265756686528523 0.534703254699707 0.13016456365585327 0.501056969165802 0.13891807198524475 0.4797203540802002 0.13454131285349527 0.46084558963775635 0.12578781445821127 0.45263922214508057 0.11594012379646301 0.44361215829849243 0.08311449488004048 0.43622636795043945 0.07107842961947124 0.4378676414489746 0.052477240562438965
1 0.5839416980743408 0.0013020833333333333 0.5798385143280029 0.014180672665437063 0.5691701769828796 0.02731092522541682 0.5617843866348267 0.04591211676597595 0.5634257197380066 0.053571427861849465 0.5872243046760559 0.04700630406538645 0.606099009513855 0.04700630406538645 0.6249737739562988 0.04700630406538645 0.6405659317970276 0.04919467866420746 0.6454897522926331 0.041535365084807076 0.6430278420448303 0.026216737926006317 0.6389246582984924 0.011992296824852625 0.6307182312011719 0.003238795635600885 0.6102021932601929 0.002144607870529095 0.5937893986701965 0.002144607870529095
1 0.6504136323928833 0.005427171165744464 0.67010897397995 0.004332983245452245 0.6848805546760559 0.004332983245452245 0.6848805546760559 0.022934173544247944 0.6774947643280029 0.038252800703048706 0.6676470637321472 0.039346988002459206 0.6594406366348267 0.02731092522541682
1 0.7004727125167847 0.005427171165744464 0.7209886908531189 0.006521358465154965 0.7503348588943481 0.0013020833333333333 0.7726891040802002 0.0013020833333333333 0.7956670522689819 0.004332983245452245 0.7973083257675171 0.014180672665437063 0.7973083257675171 0.037158613403638206 0.7866399884223938 0.06013655662536621 0.7759716510772705 0.06889005502065022 0.7620207667350769 0.07873774568239848 0.7456079721450806 0.08858543634414673 0.7316570281982422 0.08639706174532573 0.7127823233604431 0.07217261691888173 0.6939075589179993 0.05904236932595571 0.6840598583221436 0.051383053263028465 0.6873424649238586 0.037158613403638206 0.6939075589179993 0.024028360843658447
1 0.7570968866348267 0.09733893473943074 0.7661239504814148 0.0874912440776825 0.7776129245758057 0.08311449488004048 0.7858193516731262 0.07873774568239848 0.7973083257675171 0.06560749312241872 0.799023449420929 0.0821871707836787 0.7989495992660522 0.11594012379646301 0.7973083257675171 0.13344713052113852 0.7866399884223938 0.1312587559223175 0.7726891040802002 0.11922269066174825 0.7529937028884888 0.11594012379646301 0.7472492456436157 0.11375174919764201 0.7464286088943481 0.107186625401179 0.7464286088943481 0.10171568393707275
1 0.5790178775787354 0.06123074392477671 0.6003545522689819 0.05575980246067047 0.6184086203575134 0.05794817705949148 0.6290769577026367 0.06232493122418722 0.6348214149475098 0.09515056014060974 0.6348214149475098 0.12250524759292603 0.6348214149475098 0.15642506877581278 0.6298975944519043 0.18925070762634277 0.6225118041038513 0.2067577044169108 0.6102021932601929 0.22317051887512207 0.5921481251716614 0.2363007664680481 0.5790178775787354 0.23958333333333334 0.5675289034843445 0.23411240180333456 0.5535780191421509 0.22535890340805054 0.5502954721450806 0.20347513755162558 0.5585018396377563 0.19472163915634155 0.5814797878265381 0.18596814076105753 0.5995339155197144 0.17064950863520303 0.606099009513855 0.16408438483874002 0.6159467101097107 0.153142511844635 0.606099009513855 0.14548319578170776 0.592968761920929 0.1356355051199595 0.585582971572876 0.11922269066174825 0.5798385143280029 0.09624475240707397 0.5790178775787354 0.07764355838298798
1 0.63974529504776 0.06451330582300822 0.6504136323928833 0.051383053263028465 0.6610819697380066 0.04591211676597595 0.6791360378265381 0.05794817705949148 0.6939075589179993 0.07217261691888173 0.7119616866111755 0.08420868714650472 0.7283744812011719 0.09186799327532451 0.7365809082984924 0.107186625401179 0.7291951179504395 0.12797618905703226 0.7094997763633728 0.14767157038052878 0.6996520757675171 0.16189601023991904 0.6840598583221436 0.16736694176991782 0.6627232432365417 0.1684611439704895 0.6487723588943481 0.16408438483874002 0.6413865685462952 0.15970763564109802 0.6422072052955627 0.13454131285349527 0.6422072052955627 0.11812849839528401 0.6422072052955627 0.09952730933825175 0.6422072052955627 0.08639706174532573 0.6405659317970276 0.07983193298180898
1 0.5937893986701965 0.2581845323244731 0.6052783727645874 0.2899159590403239 0.632359504699707 0.3041404088338216 0.6479517221450806 0.32821253935496014 0.6594406366348267 0.3511904875437419 0.6610819697380066 0.3763568003972371 0.6660057902336121 0.38620448112487793 0.6783154010772705 0.3883928457895915 0.6922662854194641 0.3916754325230916 0.7045758962631226 0.37088584899902344 0.7267332077026367 0.3665091196695964 0.7349396347999573 0.36432071526845294 0.7464286088943481 0.3544730345408122 0.7415047287940979 0.3260241548220317 0.7480698823928833 0.29648109277089435 0.7332983016967773 0.28116246064503986 0.7136029601097107 0.26256128152211505 0.6996520757675171 0.23411240180333456 0.6898043751716614 0.1870623230934143 0.690625011920929 0.17830882469813028 0.6709296107292175 0.18049718936284384 0.6545168161392212 0.17721464236577353 0.6463103890419006 0.17502625783284506 0.6389246582984924 0.18377975622812906 0.6372833847999573 0.20128677288691202 0.6257944107055664 0.21879376967748007 0.6167673468589783 0.2319240172704061 0.6044577360153198 0.24286590019861856 0.5970719456672668 0.24505426486333212
1 0.7053965330123901 0.17721464236577353 0.7160648703575134 0.15533088644345602 0.7291951179504395 0.13782387971878052 0.7398634552955627 0.12578781445821127 0.7538143396377563 0.12469363212585449 0.771047830581665 0.13672968745231628 0.7866399884223938 0.14767157038052878 0.799023449420929 0.16253173351287842 0.7915638089179993 0.19581582148869833 0.7866399884223938 0.2166053851445516 0.7792541980743408 0.2472426493962606 0.7743303775787354 0.26912639538447064 0.7587382197380066 0.2756915291150411 0.7497111558914185 0.2767857114473979 0.7357602715492249 0.2735031445821126 0.7226300239562988 0.2559961477915446 0.7119616866111755 0.23411240180333456 0.7062171697616577 0.21441702047983804 0.7029346227645874 0.19472163915634155
0 0.7562762498855591 0.29319852590560913 0.7702271938323975 0.28444502751032513 0.7792541980743408 0.27240896224975586 0.7849987149238586 0.24833683172861734 0.7932050824165344 0.21879376967748007 0.799023449420929 0.2094844182332357 0.799023449420929 0.26256128152211505 0.799023449420929 0.30632877349853516 0.799023449420929 0.3413428068161011 0.7891018986701965 0.37088584899902344 0.780895471572876 0.3829219341278076 0.780895471572876 0.40918242931365967 0.780895471572876 0.4420080582300822 0.7800748348236084 0.46389182408650714 0.7718684673309326 0.46389182408650714 0.7612001299858093 0.44310224056243896 0.7529937028884888 0.41137079397837323 0.7497111558914185 0.38073352972666424 0.750531792640686 0.36432071526845294 0.7603794932365417 0.33040090401967365
1 0.2318868190050125 0.15970763564109802 0.25076156854629517 0.14657737811406454 0.2671743631362915 0.1268820067246755 0.2778427004814148 0.109375 0.2885110378265381 0.08311449488004048 0.3016412854194641 0.06341911852359772 0.31723344326019287 0.07654937108357747 0.333646297454834 0.09405636787414551 0.35252100229263306 0.109375 0.35908615589141846 0.11703431606292725 0.35580360889434814 0.14548319578170776 0.35334163904190063 0.17174369096755981 0.3475971817970276 0.19034488995869955 0.32872241735458374 0.20128677288691202 0.30984771251678467 0.2209821343421936 0.29671740531921387 0.23411240180333456 0.2778427004814148 0.2363007664680481 0.2671743631362915 0.21988795200983682 0.2540441155433655 0.20128677288691202 0.24009321630001068 0.17940300703048706
1 0.3722164034843445 0.10280987620353699 0.3886291980743408 0.09515056014060974 0.40504205226898193 0.0896796186765035 0.4230961203575134 0.08858543634414673 0.43294382095336914 0.0874912440776825 0.4419708847999573 0.10171568393707275 0.44443279504776 0.1268820067246755 0.45017725229263306 0.15204831957817078 0.4493566155433655 0.16627275943756104 0.4304819107055664 0.17830882469813028 0.4099658727645874 0.1870623230934143 0.3960149884223938 0.19909838835398355 0.3820641040802002 0.19253325462341309 0.36893385648727417 0.18159139156341553 0.3648306131362915 0.16627275943756104 0.367292582988739 0.14438900351524353 0.36893385648727417 0.12359943985939026
1 0.2778427004814148 0.2549019654591878 0.2917935848236084 0.24286590019861856 0.30656516551971436 0.2417717178662618 0.3196954131126404 0.2549019654591878 0.32379859685897827 0.26584382851918537 0.31066834926605225 0.28444502751032513 0.30000001192092896 0.29648109277089435 0.2852284908294678 0.3008578419685364 0.272098183631897 0.3008578419685364 0.26553308963775635 0.30195202430089313 0.2712775468826294 0.2833508451779683 0.272098183631897 0.2713147799173991
1 0.3221573233604431 0.22973565260569254 0.33446693420410156 0.2133228381474813 0.34677654504776 0.20566352208455405 0.3566242456436157 0.1980042060216268 0.3640099763870239 0.19581582148869833 0.37714022397994995 0.20456931988398233 0.38452601432800293 0.21222863594690958 0.3886291980743408 0.22973565260569254 0.3763195872306824 0.2472426493962606 0.3705751299858093 0.26256128152211505 0.3541622757911682 0.26584382851918537 0.3434939980506897 0.2614670793215434 0.33200502395629883 0.2549019654591878 0.3254398703575134 0.24396008253097534
1 0.4025800824165344 0.21222863594690958 0.410786509513855 0.20347513755162558 0.42884063720703125 0.19472163915634155 0.45099788904190063 0.1914390722910563 0.464948832988739 0.19362745682398477 0.46412813663482666 0.2220763365427653 0.4624868631362915 0.23958333333333334 0.45345985889434814 0.2702205975850423 0.4452534317970276 0.3008578419685364 0.44361215829849243 0.3194590409596761 0.43950891494750977 0.33368349075317383 0.423916757106781 0.3347776730855306 0.4066833257675171 0.3325892885526021 0.390270471572876 0.3150822917620341 0.3820641040802002 0.2986694773038228 0.3812434673309326 0.27787989377975464 0.3828847408294678 0.25927871465682983 0.3894498348236084 0.24396008253097534 0.39765626192092896 0.22973565260569254
1 0.4682313799858093 0.17940300703048706 0.4871060848236084 0.19362745682398477 0.5043395757675171 0.21222863594690958 0.5240349173545837 0.22973565260569254 0.5322413444519043 0.24505426486333212 0.5371651649475098 0.26256128152211505 0.5306000709533691 0.2866334120432536 0.5248555541038513 0.3107055226961772 0.5141872763633728 0.3227415879567464 0.49120932817459106 0.32821253935496014 0.47807908058166504 0.3347776730855306 0.464948832988739 0.3325892885526021 0.4518185257911682 0.33149510622024536 0.4551011323928833 0.3096113403638204 0.46084558963775635 0.2800682783126831 0.4682313799858093 0.2603728969891866 0.4731552004814148 0.23739494880040488 0.4731552004814148 0.22317051887512207 0.4731552004814148 0.20785188674926758 0.4723345637321472 0.19691002368927002
1 0.48546481132507324 0.17174369096755981 0.5026983022689819 0.16627275943756104 0.508442759513855 0.16408438483874002 0.521573007106781 0.16408438483874002 0.534703254699707 0.17064950863520303 0.54208904504776 0.1826855738957723 0.5437303185462952 0.1980042060216268 0.5437303185462952 0.22535890340805054 0.5470128655433655 0.24286590019861856 0.5306000709533691 0.22754726807276407 0.5133665800094604 0.20785188674926758 0.5026983022689819 0.20019257068634033 0.4903886914253235 0.18925070762634277 0.48464417457580566 0.1826855738957723
1 0.0009765625 0.26256128152211505 0.0009765625 0.24396008253097534 0.0009765625 0.23739494880040488 0.0009765625 0.24505426486333212 0.0009765625 0.2581845323244731 0.0009765625 0.26912639538447064 0.0009765625 0.2647496461868286 0.0009765625 0.26584382851918537 0.0009765625 0.27897409598032635 0.0009765625 0.29101016124089557 0.0009765625 0.2888217767079671
1 0.0009765625 0.28116246064503986 0.0009765625 0.28116246064503986 0.0009765625 0.2745973467826843 0.0009765625 0.2702205975850423 0.0009765625 0.2702205975850423 0.0009765625 0.27787989377975464 0.0009765625 0.29757527510325116 0.0009765625 0.3096113403638204 0.0009765625 0.3205532232920329 0.0009765625 0.32492997248967487 0.0009765625 0.3293067216873169 0.0009765625 0.3238357901573181 0.0009765625 0.31289390722910565 0.0009765625 0.3096113403638204 0.0009765625 0.2866334120432536
1 0.0009765625 0.3763568003972371 0.0009765625 0.3479079008102417 0.0009765625 0.3238357901573181 0.0009765625 0.3227415879567464 0.0009765625 0.33040090401967365 0.0009765625 0.34900208314259845 0.0009765625 0.37963934739430744 0.0009765625 0.4080882469813029 0.0009765625 0.43434874216715497 0.0009765625 0.4551382859547933 0.0009765625 0.48577555020650226 0.0009765625 0.5098476807276408 0.0009765625 0.5273546775182089 0.0009765625 0.5240721305211385 0.0009765625 0.5207895835240682 0.0009765625 0.5076757272084554 0.0009765625 0.43653710683186847 0.0009765625 0.4080882469813029 0.0009765625 0.38620448112487793
1 0.0009765625 0.3577556212743123 0.0009765625 0.3500963052113851 0.0009765625 0.38620448112487793 0.0009765625 0.42450106143951416 0.0009765625 0.4562325080235799 0.0009765625 0.4660801887512207 0.0009765625 0.47045691808064777 0.0009765625 0.4715511401494344 0.0009765625 0.43434874216715497 0.0009765625 0.403711477915446 0.0009765625 0.37745098272959393 0.0009765625 0.36541489760080975
1 0.0009765625 0.34571953614552814 0.0009765625 0.3325892885526021 0.0009765625 0.32164740562438965 0.0009765625 0.3172706564267476 0.0009765625 0.32164740562438965 0.002107396721839905 0.3446253538131714 0.010313808917999268 0.37526261806488037 0.020161494612693787 0.3971463441848755 0.02590598165988922 0.41137079397837323 0.014417007565498352 0.4354429244995117 0.0012867599725723267 0.4573266903559367 0.0009765625 0.4726453224817912 0.0009765625 0.47702205181121826 0.0009765625 0.4726453224817912 0.0009765625 0.4627976020177205 0.0009765625 0.4376312891642253 0.0009765625 0.40042893091837567 0.0009765625 0.3697916666666667 0.0009765625 0.35556721687316895
1 0.0009765625 0.2713147799173991 0.0029280483722686768 0.2735031445821126 0.01769956946372986 0.2735031445821126 0.025085344910621643 0.2669380307197571 0.029188543558120728 0.28116246064503986 0.02098214626312256 0.2942927082379659 0.008672535419464111 0.30304622650146484 0.0012867599725723267 0.30632877349853516 0.0009765625 0.29648109277089435 0.0009765625 0.2855392098426819
1 0.007031247019767761 0.3194590409596761 0.01852022111415863 0.30632877349853516 0.034112393856048584 0.2921043435732524 0.04642200469970703 0.28116246064503986 0.05216647684574127 0.2866334120432536 0.05791096389293671 0.30304622650146484 0.04724264144897461 0.32492997248967487 0.04806327819824219 0.3424369891484578 0.04970456659793854 0.3741684357325236 0.04642200469970703 0.3883928457895915 0.03493303060531616 0.39605216185251874 0.021802783012390137 0.3785451650619507 0.011955097317695618 0.35556721687316895 0.007031247019767761 0.3358718554178874
1 0.050525203347206116 0.26584382851918537 0.062014177441596985 0.2647496461868286 0.07104121148586273 0.26912639538447064 0.07596506178379059 0.2833508451779683 0.08006827533245087 0.30304622650146484 0.07022057473659515 0.30195202430089313 0.06447608768939972 0.2953869104385376 0.05626969039440155 0.28225664297739667
1 0.0825301855802536 0.26256128152211505 0.10222558677196503 0.25052521626154584 0.12027968466281891 0.24286590019861856 0.1317686289548874 0.24286590019861856 0.14079569280147552 0.25709033012390137 0.1522846668958664 0.26912639538447064 0.14982272684574127 0.2942927082379659 0.14654017984867096 0.32711835702260333 0.14571954309940338 0.35556721687316895 0.1383337825536728 0.3588498036066691 0.12274159491062164 0.34681371847788495 0.1071494072675705 0.3325892885526021 0.09894300997257233 0.3260241548220317 0.09155724942684174 0.31836483875910443 0.08499212563037872 0.2942927082379659 0.0825301855802536 0.2767857114473979
1 0.19824053347110748 0.30195202430089313 0.2187565714120865 0.3041404088338216 0.24419642984867096 0.30742297569910687 0.2532234787940979 0.3150822917620341 0.2573266625404358 0.3293067216873169 0.24747897684574127 0.3577556212743123 0.2392725795507431 0.37526261806488037 0.22696296870708466 0.3938637971878052 0.21711526811122894 0.4058998425801595 0.20316438376903534 0.3938637971878052 0.19331671297550201 0.3829219341278076 0.18757222592830658 0.3665091196695964 0.19249604642391205 0.34024858474731445 0.19249604642391205 0.32711835702260333
1 0.13258929550647736 0.3851102987925212 0.14571954309940338 0.37745098272959393 0.15967042744159698 0.3872986634572347 0.16787682473659515 0.39495797952016193 0.1801864355802536 0.39605216185251874 0.19167540967464447 0.40042893091837567 0.20398502051830292 0.4102766116460164 0.20972950756549835 0.43653710683186847 0.20726759731769562 0.4573266903559367 0.19659925997257233 0.460609237353007 0.17936579883098602 0.4540441036224365 0.16213233768939972 0.4573266903559367 0.14818145334720612 0.4595150550206502 0.1350512057542801 0.44966737429300946 0.12684480845928192 0.4266894261042277 0.12684480845928192 0.4026172955830892 0.12684480845928192 0.39495797952016193
1 0.0009765625 0.5317314465840658 0.0009765625 0.5372023979822794 0.0009765625 0.5601803064346313 0.0009765625 0.58753502368927 0.0009765625 0.6017594734827677 0.0009765625 0.6105129718780518 0.0009765625 0.6076242923736572 0.0009765625 0.5798757076263428 0.0009765625 0.5579919417699178
1 0.2679949998855591 0.31179972489674884 0.2852284908294678 0.3139880895614624 0.2852284908294678 0.3347776730855306 0.272098183631897 0.3479079008102417 0.2671743631362915 0.34571953614552814 0.26471245288848877 0.33149510622024536 0.2638918161392212 0.3227415879567464
1 0.3328256607055664 0.27240896224975586 0.3582655191421509 0.2735031445821126 0.37303704023361206 0.2800682783126831 0.3812434673309326 0.3172706564267476 0.37960219383239746 0.3446253538131714 0.3754989504814148 0.3632265329360962 0.3713957667350769 0.3938637971878052 0.3566242456436157 0.4058998425801595 0.34267330169677734 0.4288777907689412 0.3361082077026367 0.4452906052271525 0.3188747763633728 0.43981969356536865 0.3082064390182495 0.41246497631073 0.30082064867019653 0.381827712059021 0.2950761318206787 0.3533788522084554 0.29425549507141113 0.33368349075317383 0.2991793751716614 0.3107055226961772 0.3155921697616577 0.2942927082379659 0.3254398703575134 0.27897409598032635
1 0.0009765625 0.5350139935811361 0.0009765625 0.5372023979822794 0.0009765625 0.5525209903717041 0.0009765625 0.574404756228129 0.0009765625 0.5831582546234131 0.0009765625 0.5798757076263428 0.0009765625 0.561274528503418 0.0009765625 0.5470500787099203
1 0.0009765625 0.5186011791229248 0.0009765625 0.4945290486017863 0.0009765625 0.48249300320943195 0.0009765625 0.478116234143575 0.0009765625 0.478116234143575 0.0009765625 0.5043767690658569 0.0009765625 0.5317314465840658 0.0009765625 0.5558035771052042 0.0009765625 0.5842524369557699 0.0009765625 0.6017594734827677 0.0009765625 0.5951943397521973 0.0009765625 0.5951943397521973 0.0009765625 0.5864408413569132 0.0009765625 0.5678396224975586 0.0009765625 0.548144261042277 0.0009765625 0.530637264251709
1 0.25896793603897095 0.36213235060373944 0.2679949998855591 0.3566613992055257 0.28276652097702026 0.35556721687316895 0.29015231132507324 0.3785451650619507 0.30082064867019653 0.41465338071187335 0.3016412854194641 0.4376312891642253 0.28604912757873535 0.4573266903559367 0.26471245288848877 0.4726453224817912 0.24747897684574127 0.4748336871465047 0.2294248789548874 0.4715511401494344 0.21711526811122894 0.46170341968536377 0.22039784491062164 0.4376312891642253 0.2294248789548874 0.41465338071187335 0.23845194280147552 0.40042893091837567 0.24912028014659882 0.3785451650619507
1 0.08991597592830658 0.58753502368927 0.10550813376903534 0.5415791273117065 0.12274159491062164 0.5065651337305704 0.13669247925281525 0.48249300320943195 0.14407823979854584 0.478116234143575 0.15967042744159698 0.4748336871465047 0.17444194853305817 0.47045691808064777 0.19003413617610931 0.4759278694788615 0.19495798647403717 0.48577555020650226 0.1908547729253769 0.5164128144582113 0.1867515593767166 0.5361081759134928 0.1834690123796463 0.5503326257069906 0.16213233768939972 0.5765931208928426 0.15474657714366913 0.5951943397521973 0.15146403014659882 0.6137955188751221 0.13751311600208282 0.6269257863362631 0.11945901811122894 0.6269257863362631 0.09566046297550201 0.6247373819351196 0.09073661267757416 0.6247373819351196
1 0.0009765625 0.5142244497934977 0.0009765625 0.4945290486017863 0.0009765625 0.48905813694000244 0.0009765625 0.5054709513982137 0.011134445667266846 0.5317314465840658 0.016058295965194702 0.548144261042277 0.0009765625 0.5711222092310587 0.0009765625 0.5941001574198405 0.0009765625 0.6170780658721924 0.0009765625 0.6291141510009766 0.0009765625 0.6280199686686198 0.0009765625 0.6214548349380493 0.0009765625 0.5995710690816244 0.0009765625 0.5678396224975586 0.0009765625 0.5317314465840658
1 0.029188543558120728 0.43325455983479816 0.01769956946372986 0.44966737429300946 0.007031247019767761 0.46498600641886395 0.0009765625 0.4846813678741455 0.003748685121536255 0.4967174530029297 0.011134445667266846 0.5098476807276408 0.01769956946372986 0.526260495185852 0.024264708161354065 0.539390762646993 0.034112393856048584 0.5317314465840658 0.030829831957817078 0.5196953614552816 0.02590598165988922 0.5076593160629272 0.023444056510925293 0.48686973253885907 0.02754727005958557 0.45842087268829346
1 0.0009765625 0.6378676493962606 0.0009765625 0.644432783126831 0.0009765625 0.6531862815221151 0.0009765625 0.7002363204956055 0.0009765625 0.67507004737854 0.0009765625 0.6553746461868286
1 0.0009765625 0.6400560140609741 0.0009765625 0.6159838835398356 0.0009765625 0.5962885220845541 0.003748685121536255 0.5722163915634155 0.016058295965194702 0.5634628931681315 0.015237659215927124 0.5908175706863403 0.011134445667266846 0.6192664702733358 0.010313808917999268 0.6520920991897583 0.01852022111415863 0.6761642297108968 0.02098214626312256 0.705707311630249 0.022623419761657715 0.7374387582143148 0.022623419761657715 0.7691702047983805 0.0012867599725723267 0.7527573903401693 0.0009765625 0.7429096698760986 0.0009765625 0.7297794024149576 0.0009765625 0.7166491349538168 0.0009765625 0.6914828618367513 0.0009765625 0.6685048739115397
1 0.08499212563037872 0.6455269654591879 0.11371453106403351 0.6389618317286173 0.1342305690050125 0.6389618317286173 0.14654017984867096 0.6389618317286173 0.13587184250354767 0.6772584120432535 0.1309479922056198 0.705707311630249 0.1243828684091568 0.723214308420817 0.09894300997257233 0.7166491349538168 0.08170954883098602 0.7100840409596761 0.06611739099025726 0.7002363204956055 0.0718618780374527 0.6783525943756104 0.07842700183391571 0.6652223269144694
1 0.14654017984867096 0.6947654088338217 0.16787682473659515 0.6805409590403239 0.18921349942684174 0.67507004737854 0.2048056572675705 0.6652223269144694 0.21711526811122894 0.6663165092468262 0.2179359346628189 0.6761642297108968 0.2146533578634262 0.6969537734985352 0.23024554550647736 0.7133665879567465 0.22121848165988922 0.7308735847473145 0.1834690123796463 0.7440038522084554 0.16131170094013214 0.7549457550048828 0.14571954309940338 0.7615108489990234 0.1383337825536728 0.746192216873169 0.13669247925281525 0.7308735847473145 0.14407823979854584 0.7100840409596761
1 0.20644696056842804 0.4792104164759318 0.22696296870708466 0.48249300320943195 0.25486475229263306 0.48905813694000244 0.2712775468826294 0.5032825469970703 0.2844077944755554 0.5317314465840658 0.28933167457580566 0.561274528503418 0.2844077944755554 0.574404756228129 0.25896793603897095 0.5798757076263428 0.23352809250354767 0.5765931208928426 0.21055014431476593 0.5601803064346313 0.19988183677196503 0.5514268080393473 0.19906117022037506 0.5218837658564249 0.19906117022037506 0.5021883646647135
1 0.26963627338409424 0.48577555020650226 0.2819458842277527 0.47373950481414795 0.2983587384223938 0.45842087268829346 0.30656516551971436 0.4507615566253662 0.32051604986190796 0.45294992129007977 0.333646297454834 0.46389182408650714 0.34267330169677734 0.491246501604716 0.35334163904190063 0.5207895835240682 0.3615480661392212 0.5448617140452067 0.367292582988739 0.5678396224975586 0.3656512498855591 0.5809698899586996 0.326260507106781 0.5765931208928426 0.2975381016731262 0.5689338048299154 0.2958967685699463 0.5525209903717041 0.2917935848236084 0.5372023979822794 0.2852284908294678 0.5186011791229248 0.28030461072921753 0.5076593160629272
1 0.3434939980506897 0.4452906052271525 0.3615480661392212 0.4190301100413005 0.37385767698287964 0.40480566024780273 0.3919118046760559 0.40042893091837567 0.4025800824165344 0.40042893091837567 0.4247373938560486 0.39824052651723224 0.4378676414489746 0.3938637971878052 0.46412813663482666 0.4058998425801595 0.4690520167350769 0.4288777907689412 0.4616662263870239 0.46717437108357746 0.4559217691421509 0.5032825469970703 0.45017725229263306 0.530637264251709 0.4616662263870239 0.5601803064346313 0.4633074998855591 0.5754989385604858 0.4542804956436157 0.58753502368927 0.4066833257675171 0.5798757076263428 0.38042283058166504 0.5798757076263428 0.3713957667350769 0.5623687108357748 0.3615480661392212 0.5251663128534952 0.3517003655433655 0.4967174530029297 0.34595590829849243 0.4792104164759318 0.33939075469970703 0.460609237353007
1 0.48874735832214355 0.3500963052113851 0.5018776655197144 0.3347776730855306 0.5240349173545837 0.3293067216873169 0.5297794342041016 0.33696603775024414 0.521573007106781 0.3566613992055257 0.5117253065109253 0.3686974843343099 0.5191110968589783 0.39824052651723224 0.5297794342041016 0.4277836084365845 0.5059808492660522 0.4168417453765869 0.4838235378265381 0.4058998425801595 0.47151392698287964 0.4015231132507324 0.4797203540802002 0.381827712059021 0.4838235378265381 0.3665091196695964
1 0.6586199998855591 0.4026172955830892 0.6766741275787354 0.4015231132507324 0.6840598583221436 0.40918242931365967 0.6939075589179993 0.4321603775024414 0.6971901655197144 0.4507615566253662 0.6947281956672668 0.48249300320943195 0.6881631016731262 0.49562323093414307 0.6692883372306824 0.5021883646647135 0.6405659317970276 0.5109418630599976 0.6233324408531189 0.5196953614552816 0.6290769577026367 0.5043767690658569 0.63974529504776 0.4934348662694295 0.6479517221450806 0.478116234143575 0.6504136323928833 0.4409138758977254 0.6545168161392212 0.4223126570383708
1 0.696369469165802 0.40480566024780273 0.7119616866111755 0.38948702812194824 0.7275538444519043 0.38073352972666424 0.7406840920448303 0.40918242931365967 0.7554556131362915 0.4354429244995117 0.7595588564872742 0.46389182408650714 0.7669445872306824 0.4759278694788615 0.7849987149238586 0.4792104164759318 0.7932050824165344 0.4792104164759318 0.7981289625167847 0.5043767690658569 0.7964876890182495 0.5361081759134928 0.7932050824165344 0.5459558963775635 0.7694064974784851 0.5470500787099203 0.7488905191421509 0.5361081759134928 0.7234506607055664 0.5273546775182089 0.7045758962631226 0.5109418630599976 0.6930869221687317 0.5010941823323568 0.7053965330123901 0.478116234143575 0.7053965330123901 0.460609237353007 0.6988314390182495 0.4354429244995117 0.6955488324165344 0.4201242923736572
1 0.6241531372070312 0.5350139935811361 0.6471310257911682 0.526260495185852 0.6783154010772705 0.5229779481887817 0.7062171697616577 0.5251663128534952 0.724271297454834 0.5415791273117065 0.7480698823928833 0.5470500787099203 0.7612001299858093 0.5590861241022745 0.7603794932365417 0.5831582546234131 0.7636620402336121 0.5984768867492676 0.7415047287940979 0.6083245674769083 0.7234506607055664 0.6367734670639038 0.6914456486701965 0.6323966979980469 0.6553374528884888 0.6247373819351196 0.632359504699707 0.6323966979980469 0.6143054366111755 0.6225490172704061 0.6044577360153198 0.6127013365427653 0.6069196462631226 0.5831582546234131 0.6143054366111755 0.5547093947728475
1 0.5191110968589783 0.6302083333333334 0.5363445281982422 0.6345851023991903 0.5486541390419006 0.635679284731547 0.5568605661392212 0.6302083333333334 0.5560399293899536 0.644432783126831 0.555219292640686 0.6575630108515421 0.5650669932365417 0.6783525943756104 0.5543986558914185 0.6827293237050375 0.54208904504776 0.6772584120432535 0.5330619812011719 0.6652223269144694 0.5207523703575134 0.6542804638544718 0.5109046697616577 0.6520920991897583 0.5125459432601929 0.6422443787256876
1 0.47807908058166504 0.5689338048299154 0.4871060848236084 0.5645570755004883 0.49859505891799927 0.5689338048299154 0.501056969165802 0.578781525293986 0.48546481132507324 0.5820640722910563 0.48136162757873535 0.5930059353510538 0.48218226432800293 0.6116071542104086 0.47561711072921753 0.6148897012074789 0.4657694697380066 0.6072303851445516 0.4657694697380066 0.5973827044169108 0.47151392698287964 0.5831582546234131
1 0.6102021932601929 0.6378676493962606 0.6274356842041016 0.6422443787256876 0.6454897522926331 0.6411501963933309 0.6586199998855591 0.6367734670639038 0.6791360378265381 0.6400560140609741 0.696369469165802 0.6433386007944742 0.711141049861908 0.6455269654591879 0.724271297454834 0.6477153301239014 0.7324776649475098 0.6509979168574015 0.7218093872070312 0.6860118707021078 0.7119616866111755 0.684917688369751 0.6865218281745911 0.6827293237050375 0.673391580581665 0.6947654088338217 0.6619026064872742 0.7078956762949625 0.6340007781982422 0.702424685160319 0.6225118041038513 0.6947654088338217 0.6036370992660522 0.684917688369751 0.5888655781745911 0.6838235060373942 0.5995339155197144 0.6663165092468262 0.6069196462631226 0.6531862815221151
1 0.40093880891799927 0.67507004737854 0.42227548360824585 0.6717875003814697 0.4485359787940979 0.688200314839681 0.45756304264068604 0.7111782232920328 0.45345985889434814 0.733061949412028 0.4419708847999573 0.7560399373372396 0.4337644577026367 0.7626050313313802 0.4173516631126404 0.7472863992055258 0.403400719165802 0.7188374996185303 0.39355307817459106 0.6947654088338217 0.3951943516731262 0.684917688369751
1 0.4690520167350769 0.7199317614237467 0.4871060848236084 0.7221201260884603 0.5043395757675171 0.7144607702891032 0.5264968872070312 0.6991421381632487 0.5363445281982422 0.6903886795043945 0.5543986558914185 0.6958595911661783 0.5667082667350769 0.7002363204956055 0.57245272397995 0.723214308420817 0.5765559673309326 0.7505689462025961 0.5658876299858093 0.7768294811248779 0.5437303185462952 0.7965248425801595 0.5322413444519043 0.8227853775024414 0.5182904601097107 0.8370098272959391 0.4928506016731262 0.8249737421671549 0.47069329023361206 0.8107492923736572 0.4518185257911682 0.7998073895772299 0.4477153420448303 0.7779236634572347 0.4559217691421509 0.7505689462025961 0.46412813663482666 0.733061949412028
1 0.41571033000946045 0.7604166666666666 0.4271993041038513 0.7757352987925211 0.43212318420410156 0.7954306602478027 0.42884063720703125 0.8184086481730143 0.41488969326019287 0.8413865566253662 0.3992975354194641 0.877494732538859 0.38698792457580566 0.9015669027964274 0.37385767698287964 0.9059436321258545 0.35252100229263306 0.9103203614552816 0.3377494812011719 0.8950017293294271 0.3270811438560486 0.8829657236735026 0.34513527154922485 0.8588935534159342 0.3640099763870239 0.8315388361612955 0.38452601432800293 0.8063725630442301 0.3992975354194641 0.7866772015889486
1 0.31395089626312256 0.8402923742930094 0.3221573233604431 0.8315388361612955 0.3369288444519043 0.8249737421671549 0.3508797287940979 0.8140318393707275 0.3517003655433655 0.8249737421671549 0.33857011795043945 0.8457632859547933 0.3295430541038513 0.8632702827453613 0.32051604986190796 0.8632702827453613 0.3164128065109253 0.8523284594217936
1 0.3049238324165344 0.702424685160319 0.32379859685897827 0.7243084907531738 0.3295430541038513 0.7429096698760986 0.33118438720703125 0.7669817606608073 0.32133668661117554 0.7604166666666666 0.3114889860153198 0.7352503140767416 0.30410319566726685 0.7210259437561035 0.29671740531921387 0.7122724056243896
1 0.16541491448879242 0.7669817606608073 0.18428964912891388 0.7527573903401693 0.20644696056842804 0.7450980345408121 0.2253216952085495 0.7407213052113851 0.2359900325536728 0.7308735847473145 0.24747897684574127 0.733061949412028 0.25568538904190063 0.7615108489990234 0.2565060257911682 0.7823003927866617 0.2425551563501358 0.7998073895772299 0.23024554550647736 0.8184086481730143 0.2146533578634262 0.8326330184936523 0.20972950756549835 0.8523284594217936 0.19988183677196503 0.8632702827453613 0.18100710213184357 0.8665529092152914 0.1695181280374527 0.8523284594217936 0.16131170094013214 0.8205970128377279 0.15720851719379425 0.7965248425801595 0.16213233768939972 0.781206210454305
1 0.07022057473659515 0.7210259437561035 0.10058428347110748 0.7264968554178873 0.1243828684091568 0.733061949412028 0.1317686289548874 0.7516631285349528 0.1342305690050125 0.7647933959960938 0.12110032141208649 0.7790178457895914 0.09566046297550201 0.7877713839213053 0.07350315153598785 0.7910539309183756 0.05791096389293671 0.7921481132507324 0.05626969039440155 0.7680759429931641 0.058731600642204285 0.7319677670796713
1 0.0009765625 0.5984768867492676 0.0009765625 0.5995710690816244 0.0009765625 0.6094187498092651 0.0009765625 0.6302083333333334 0.0009765625 0.667410691579183 0.0009765625 0.702424685160319 0.0009765625 0.7210259437561035 0.0009765625 0.6892944971720377 0.0009765625 0.6531862815221151 0.0009765625 0.6203606526056925 0.0009765625 0.6105129718780518
1 0.0009765625 0.7604166666666666 0.0009765625 0.7582283020019531 0.0009765625 0.7472863992055258 0.0009765625 0.746192216873169 0.0009765625 0.7626050313313802 0.01687893271446228 0.7801120281219482 0.02098214626312256 0.7910539309183756 0.012775734066963196 0.8074667453765869 0.0009765625 0.8195028305053711 0.0009765625 0.8227853775024414 0.0009765625 0.8041841983795166 0.0009765625 0.7866772015889486 0.0009765625 0.7735469341278076
1 0.0009765625 0.7866772015889486 0.0009765625 0.7680759429931641 0.0009765625 0.7658875783284506 0.0009765625 0.7823003927866617 0.0009765625 0.7954306602478027 0.0009765625 0.8129376570383707 0.0009765625 0.8271621068318685 0.0009765625 0.8381040096282959 0.0009765625 0.84685746828715 0.0009765625 0.8501400947570801 0.0009765625 0.8413865566253662 0.0009765625 0.8260679244995117 0.0009765625 0.8184086481730143 0.0009765625 0.8041841983795166
1 0.0009765625 0.8337272802988688 0.0009765625 0.811843474706014 0.0009765625 0.8085609277089437 0.0009765625 0.8271621068318685 0.0009765625 0.8457632859547933 0.0009765625 0.8588935534159342 0.0009765625 0.877494732538859 0.0009765625 0.890625 0.0009765625 0.8796830972035726 0.0009765625 0.8632702827453613 0.0009765625 0.8490458329518636
1 0.0009765625 0.9672181606292725 0.0009765625 0.9562762578328451 0.0009765625 0.9715948899586996 0.0009765625 0.9814426104227701 0.0009765625 0.9803484280904134 0.0009765625 0.9901960690816244 0.0009765625 0.9967612425486246 0.0009765625 0.9967612425486246 0.0009765625 0.9956669807434082 0.0009765625 0.9934786160786947 0.0009765625 0.9836309750874838
1 0.0009765625 0.9606529871622721 0.0009765625 0.9672181606292725 0.0009765625 0.9639356136322021 0.0009765625 0.9562762578328451 0.0009765625 0.9726890722910563 0.0009765625 0.9912902514139811 0.0009765625 0.9945727984110514 0.0009765625 0.9945727984110514 0.0009765625 0.9934786160786947 0.0009765625 0.9880077044169108 0.0009765625 0.9748774369557699
1 0.0009765625 0.9508053461710612 0.0009765625 0.9332983493804932 0.0009765625 0.921262264251709 0.003748685121536255 0.9201680819193522 0.006210610270500183 0.93439253171285 0.0009765625 0.9497111638387045 0.0009765625 0.9737832546234131 0.0009765625 0.9912902514139811 0.0009765625 0.9781599839528402 0.0009765625 0.9628413518269857
1 0.0009765625 0.8654586474100748 0.003748685121536255 0.8479516506195068 0.016058295965194702 0.8446691036224365 0.022623419761657715 0.8567051887512207 0.030829831957817078 0.8643644650777181 0.023444056510925293 0.8829657236735026 0.01934085786342621 0.9070378144582113 0.012775734066963196 0.9168855349222819 0.006210610270500183 0.9015669027964274 0.006210610270500183 0.8807772795359293 0.0009765625 0.8796830972035726 0.0009765625 0.877494732538859
1 0.04231880605220795 0.8556110064188639 0.05298714339733124 0.8479516506195068 0.07268251478672028 0.8359156449635824 0.08663339912891388 0.8282562891642252 0.10879071056842804 0.8140318393707275 0.13340993225574493 0.8009015719095866 0.14654017984867096 0.7910539309183756 0.15064339339733124 0.8107492923736572 0.15474657714366913 0.8359156449635824 0.16213233768939972 0.8588935534159342 0.1695181280374527 0.8742121855417887 0.15146403014659882 0.8950017293294271 0.1383337825536728 0.9136029084523519 0.12684480845928192 0.9332983493804932 0.12192095816135406 0.9486169815063477 0.1030462235212326 0.951899528503418 0.0858127623796463 0.9475227197011312 0.07678569853305817 0.9475227197011312 0.06693802773952484 0.9136029084523519 0.06447608768939972 0.8939075469970703 0.07022057473659515 0.8687412738800049 0.06775866448879242 0.8588935534159342 0.06365545094013214 0.8567051887512207
1 0.5765559673309326 0.692577044169108 0.5962513089179993 0.6914828618367513 0.6069196462631226 0.698047955830892 0.6085609197616577 0.7177433172861735 0.606099009513855 0.7440038522084554 0.6077402830123901 0.7571341196695963 0.5946100354194641 0.7626050313313802 0.585582971572876 0.7593224843343099 0.5814797878265381 0.733061949412028 0.5781972408294678 0.7166491349538168 0.5765559673309326 0.705707311630249
1 0.5314207077026367 0.8501400947570801 0.5470128655433655 0.8216911951700846 0.562605082988739 0.7954306602478027 0.5773766040802002 0.7801120281219482 0.5913274884223938 0.7735469341278076 0.6110228300094604 0.7702643871307373 0.619229257106781 0.7647933959960938 0.6282563209533691 0.7790178457895914 0.6454897522926331 0.7888655662536621 0.6619026064872742 0.7998073895772299 0.6660057902336121 0.811843474706014 0.6463103890419006 0.8326330184936523 0.6405659317970276 0.8512342770894369 0.6405659317970276 0.8687412738800049 0.6430278420448303 0.8785889148712158 0.626615047454834 0.8840599060058594 0.6167673468589783 0.8917191823323568 0.6102021932601929 0.9015669027964274 0.6044577360153198 0.9103203614552816 0.5896862149238586 0.9146970907847086 0.5691701769828796 0.9190738995869955 0.5568605661392212 0.9136029084523519 0.5470128655433655 0.9026610851287842 0.534703254699707 0.8753063678741455 0.5314207077026367 0.8610819180806478
1 0.23024554550647736 0.8304446538289388 0.2532234787940979 0.8359156449635824 0.2786633372306824 0.8446691036224365 0.2975381016731262 0.8435749212900797 0.3049238324165344 0.8490458329518636 0.313130259513855 0.8676470915476481 0.3164128065109253 0.8829657236735026 0.3016412854194641 0.890625 0.2737395167350769 0.8960959116617838 0.25486475229263306 0.9015669027964274 0.24009321630001068 0.8960959116617838 0.22450105845928192 0.8764005502065023 0.21629463136196136 0.8687412738800049 0.22039784491062164 0.8556110064188639 0.22285975515842438 0.8457632859547933
1 0.13587184250354767 0.9475227197011312 0.15310530364513397 0.9070378144582113 0.17033876478672028 0.8895308176676432 0.18428964912891388 0.8796830972035726 0.2007024735212326 0.8785889148712158 0.21711526811122894 0.8818714618682861 0.2359900325536728 0.8993785381317139 0.24912028014659882 0.9179797172546387 0.24501706659793854 0.9365808963775635 0.24173448979854584 0.9606529871622721 0.24747897684574127 0.9847251574198405 0.24009321630001068 0.9967612425486246 0.1941373497247696 0.9912902514139811 0.17198003828525543 0.9923844337463379 0.15720851719379425 0.9891018867492676 0.1448989063501358 0.9726890722910563
1 0.09319852292537689 0.9628413518269857 0.11371453106403351 0.9617471694946289 0.12356223165988922 0.9617471694946289 0.13751311600208282 0.969406525293986 0.14736081659793854 0.9869135220845541 0.1416163295507431 0.9923844337463379 0.11863838136196136 0.9945727984110514 0.1030462235212326 0.9934786160786947 0.08991597592830658 0.9923844337463379 0.08663339912891388 0.9792541662851969
1 0.2606092691421509 0.9179797172546387 0.28358715772628784 0.9070378144582113 0.305744469165802 0.9059436321258545 0.3155921697616577 0.9070378144582113 0.33118438720703125 0.9168855349222819 0.34677654504776 0.9245448112487793 0.35580360889434814 0.938769261042277 0.35580360889434814 0.965029795964559 0.34923845529556274 0.9901960690816244 0.3380798101425171 0.9986979166666666 0.30410319566726685 0.9967612425486246 0.2786633372306824 0.9967612425486246 0.2597885727882385 0.9934786160786947 0.25568538904190063 0.969406525293986 0.2532234787940979 0.9508053461710612 0.2540441155433655 0.9332983493804932
1 0.36975449323654175 0.9354867140452067 0.3853466510772705 0.9245448112487793 0.39355307817459106 0.9267331759134928 0.4066833257675171 0.9398634433746338 0.42227548360824585 0.9606529871622721 0.43294382095336914 0.9726890722910563 0.44279152154922485 0.9847251574198405 0.44279152154922485 0.9934786160786947 0.41817229986190796 0.9978554248809814 0.3919118046760559 0.9978554248809814 0.36318933963775635 0.9967612425486246 0.3582655191421509 0.9923844337463379 0.3582655191421509 0.9781599839528402 0.3607274293899536 0.9573704401652018 0.3615480661392212 0.9420518080393473
1 0.44689470529556274 0.8184086481730143 0.47725844383239746 0.8260679244995117 0.49859505891799927 0.842480738957723 0.5141872763633728 0.8523284594217936 0.5232142806053162 0.8742121855417887 0.5297794342041016 0.8950017293294271 0.5355238914489746 0.9146970907847086 0.5363445281982422 0.9278273582458496 0.521573007106781 0.9464285373687744 0.49859505891799927 0.9573704401652018 0.4805409908294678 0.9705007076263428 0.4657694697380066 0.982536792755127 0.4542804956436157 0.9803484280904134 0.4419708847999573 0.9628413518269857 0.41817229986190796 0.9409576257069906 0.403400719165802 0.9201680819193522 0.3927324414253235 0.9092261791229248 0.40750396251678467 0.8851540883382162 0.4173516631126404 0.8610819180806478 0.42555803060531616 0.8446691036224365 0.4345850944519043 0.8304446538289388
1 0.464948832988739 0.9912902514139811 0.48874735832214355 0.9912902514139811 0.5035189390182495 0.9847251574198405 0.5248555541038513 0.9705007076263428 0.5461922287940979 0.9606529871622721 0.5585018396377563 0.9617471694946289 0.5781972408294678 0.9737832546234131 0.5847623348236084 0.9869135220845541 0.575735330581665 0.9573704401652018 0.5658876299858093 0.9376750787099203 0.5560399293899536 0.9278273582458496 0.5445509552955627 0.9332983493804932 0.5306000709533691 0.9464285373687744 0.5191110968589783 0.9562762578328451 0.5026983022689819 0.9672181606292725 0.4903886914253235 0.9748774369557699 0.4805409908294678 0.9792541662851969
1 0.7603794932365417 0.8052783807118734 0.7776129245758057 0.7943364779154459 0.7899225354194641 0.7954306602478027 0.7948464155197144 0.8129376570383707 0.7964876890182495 0.8381040096282959 0.7948464155197144 0.8457632859547933 0.7759716510772705 0.8391981919606527 0.7669445872306824 0.8304446538289388 0.7595588564872742 0.8195028305053711
1 0.7308363914489746 0.8413865566253662 0.7398634552955627 0.8315388361612955 0.7538143396377563 0.8337272802988688 0.7669445872306824 0.8501400947570801 0.7767922878265381 0.8545168240865072 0.7849987149238586 0.8577993710835775 0.7932050824165344 0.8621761004130045 0.7981289625167847 0.890625 0.7948464155197144 0.9179797172546387 0.7743303775787354 0.9190738995869955 0.757917582988739 0.9179797172546387 0.7480698823928833 0.9114145437876383 0.7349396347999573 0.9004727204640707 0.730015754699707 0.8764005502065023 0.7267332077026367 0.8512342770894369
1 0.7653033137321472 0.938769261042277 0.7776129245758057 0.9245448112487793 0.788281261920929 0.9267331759134928 0.7973083257675171 0.9300157229105631 0.7989495992660522 0.9453343550364176 0.799023449420929 0.9459745089213053 0.7981289625167847 0.9847251574198405 0.7833574414253235 0.9847251574198405 0.7743303775787354 0.9792541662851969 0.7661239504814148 0.969406525293986 0.7628414034843445 0.9551820755004883
1 0.7144235968589783 0.9912902514139811 0.7308363914489746 0.9781599839528402 0.7431460022926331 0.9726890722910563 0.750531792640686 0.9726890722910563 0.7628414034843445 0.9814426104227701 0.7767922878265381 0.9891018867492676 0.7825368046760559 0.9945727984110514 0.7652997970581055 0.9986979166666666 0.7349396347999573 0.9986979166666666 0.7185267806053162 0.9986979166666666
1 0.771047830581665 0.561274528503418 0.7915638089179993 0.556897759437561 0.799023449420929 0.5668439070383707 0.7964876890182495 0.5919117530186971 0.7891018986701965 0.6137955188751221 0.7751510143280029 0.6203606526056925 0.7513524293899536 0.6203606526056925 0.7546349763870239 0.6127013365427653 0.771047830581665 0.605042020479838 0.7743303775787354 0.5886292060216268
0 0.0009765625 0.15095412731170654 0.0009765625 0.13672968745231628 0.0009765625 0.12250524759292603 0.0009765625 0.10171568393707275 0.0009765625 0.0896796186765035 0.0009765625 0.09843312700589497 0.0009765625 0.11265756686528523 0.0009765625 0.13782387971878052 0.0009765625 0.14985994497934976 0.0009765625 0.16955532630284628 0.0009765625 0.19362745682398477 0.0009765625 0.21222863594690958 0.0009765625 0.2209821343421936 0.0009765625 0.22426470120747885 0.0009765625 0.2319240172704061 0.0009765625 0.24396008253097534 0.0009765625 0.25380776325861615 0.0009765625 0.21988795200983682 0.0009765625 0.17830882469813028
0 0.0009765625 0.004332983245452245 0.0009765625 0.002144607870529095 0.0009765625 0.0013020833333333333 0.0009765625 0.015274859964847565 0.0009765625 0.016369047264258068
0 0.0009765625 0.21004027128219604 0.0009765625 0.20894606908162436 0.0009765625 0.21222863594690958 0.0009765625 0.21879376967748007 0.0009765625 0.24943101406097412 0.0009765625 0.2603728969891866 0.0009765625 0.26584382851918537 0.0009765625 0.2702205975850423 0.0009765625 0.2702205975850423 0.0009765625 0.25380776325861615 0.0009765625 0.23520658413569132 0.0009765625 0.2209821343421936
0 0.0009765625 0.20894606908162436 0.0009765625 0.20785188674926758 0.0009765625 0.21004027128219604 0.007031247019767761 0.2166053851445516 0.02098214626312256 0.2209821343421936 0.024264708161354065 0.23739494880040488 0.021802783012390137 0.25709033012390137 0.00949317216873169 0.2647496461868286 0.0009765625 0.2614670793215434 0.0009765625 0.25709033012390137 0.0009765625 0.2559961477915446 0.0009765625 0.2363007664680481
0 0.06939993798732758 0.07217261691888173 0.07760636508464813 0.06232493122418722 0.09566046297550201 0.06013655662536621 0.1104319840669632 0.06779586772123973 0.12192095816135406 0.07873774568239848 0.12602414190769196 0.08639706174532573 0.12684480845928192 0.12359943985939026 0.13587184250354767 0.15204831957817078 0.14654017984867096 0.17174369096755981 0.1490020900964737 0.18159139156341553 0.14818145334720612 0.2023809552192688 0.13012735545635223 0.21441702047983804 0.1104319840669632 0.22535890340805054 0.09648109972476959 0.23520658413569132 0.07678569853305817 0.25052521626154584 0.050525203347206116 0.2549019654591878 0.0406775176525116 0.2614670793215434 0.03493303060531616 0.26803221305211383 0.0300091952085495 0.2516193985939026 0.030829831957817078 0.22864145040512085 0.03493303060531616 0.20785188674926758 0.04478071630001068 0.19581582148869833 0.06037290394306183 0.18487395842870077 0.07596506178379059 0.1629901925722758 0.0825301855802536 0.1356355051199595 0.08335085213184357 0.11046919226646423 0.07596506178379059 0.09515056014060974
0 0.16459427773952484 0.2669380307197571 0.1760832518339157 0.2702205975850423 0.18593092262744904 0.28225664297739667 0.18511028587818146 0.30195202430089313 0.1769038885831833 0.33696603775024414 0.17772452533245087 0.3829219341278076 0.16213233768939972 0.3741684357325236 0.15146403014659882 0.3632265329360962 0.15720851719379425 0.3227415879567464 0.16049106419086456 0.2942927082379659
0 0.058731600642204285 0.31617647409439087 0.08745403587818146 0.3238357901573181 0.09730173647403717 0.34571953614552814 0.11699710786342621 0.3686974843343099 0.11617647111415863 0.3927696148554484 0.12110032141208649 0.4288777907689412 0.12684480845928192 0.4627976020177205 0.12602414190769196 0.48030463854471844 0.11617647111415863 0.49890581766764325 0.10550813376903534 0.5142244497934977 0.08663339912891388 0.5470500787099203 0.07924763858318329 0.5951943397521973 0.07842700183391571 0.6313025156656901 0.07514442503452301 0.6575630108515421 0.058731600642204285 0.67507004737854 0.053807780146598816 0.698047955830892 0.03493303060531616 0.7013305028279623 0.025085344910621643 0.6871060530344645 0.0267266184091568 0.6663165092468262 0.020161494612693787 0.6488095124562582 0.02098214626312256 0.618172287940979 0.02590598165988922 0.5842524369557699 0.02754727005958557 0.5590861241022745 0.03493303060531616 0.5536152124404907 0.04806327819824219 0.5426733096440634 0.04806327819824219 0.5186011791229248 0.03493303060531616 0.5032825469970703 0.031650468707084656 0.4813988208770752 0.03985688090324402 0.4463847875595093 0.043139442801475525 0.4168417453765869 0.053807780146598816 0.39933474858601886 0.05955226719379425 0.38073352972666424 0.05709032714366913 0.3588498036066691 0.05709032714366913 0.3424369891484578 0.05709032714366913 0.32711835702260333
0 0.0009765625 0.6258315642674764 0.0009765625 0.6225490172704061 0.0009765625 0.6291141510009766 0.0009765625 0.6542804638544718 0.0009765625 0.6892944971720377 0.0009765625 0.7111782232920328 0.0009765625 0.7308735847473145 0.0009765625 0.753851572672526 0.0009765625 0.7724527517954508 0.0009765625 0.7965248425801595 0.0009765625 0.8151260217030843 0.0009765625 0.8205970128377279 0.0009765625 0.8184086481730143 0.0009765625 0.8009015719095866 0.0009765625 0.7877713839213053 0.0009765625 0.7829919656117758 0.0009765625 0.7177433172861735 0.0009765625 0.6728816827138265 0.0009765625 0.6422443787256876
0 0.0009765625 0.6061362028121948 0.0009765625 0.6137955188751221 0.0009765625 0.6269257863362631 0.0009765625 0.6663165092468262 0.0009765625 0.7078956762949625 0.0009765625 0.7341561317443848 0.0009765625 0.7472863992055258 0.0009765625 0.7505689462025961 0.0009765625 0.7615108489990234 0.0009765625 0.7790178457895914 0.0009765625 0.7976190249125162 0.0009765625 0.7965248425801595 0.0009765625 0.7790178457895914 0.0009765625 0.7593224843343099 0.0009765625 0.733061949412028 0.0009765625 0.6936712265014648 0.0009765625 0.6608455975850424 0.0009765625 0.6422443787256876 0.0009765625 0.6236431996027628
0 0.0009765625 0.8129376570383707 0.0009765625 0.8107492923736572 0.0009765625 0.8216911951700846 0.0009765625 0.8359156449635824 0.0009765625 0.8534226417541504 0.0009765625 0.8632702827453613 0.0009765625 0.8720238208770752 0.0009765625 0.8609944184621176 0.0009765625 0.829350471496582
0 0.0009765625 0.8862482706705729 0.0009765625 0.8753063678741455 0.0009765625 0.8676470915476481 0.0009765625 0.8512342770894369 0.0009765625 0.84685746828715 0.0009765625 0.8577993710835775 0.0009765625 0.8764005502065023 0.0009765625 0.8928133646647135 0.0009765625 0.9015669027964274 0.0009765625 0.9168855349222819 0.0009765625 0.9464285373687744 0.0009765625 0.965029795964559 0.0009765625 0.9836309750874838 0.0009765625 0.9945727984110514 0.0009765625 0.9945727984110514 0.0009765625 0.9891018867492676 0.0009765625 0.9737832546234131 0.0009765625 0.965029795964559 0.0009765625 0.9606529871622721 0.0009765625 0.9497111638387045 0.0009765625 0.9508053461710612 0.0009765625 0.9606529871622721 0.0009765625 0.9901960690816244 0.0009765625 0.9978554248809814 0.0009765625 0.9947492281595866 0.0009765625 0.9486169815063477 0.0009765625 0.9201680819193522 0.0009765625 0.9059436321258545
0 0.17444194853305817 0.5809698899586996 0.19495798647403717 0.5634628931681315 0.2154739946126938 0.5765931208928426 0.24337579309940338 0.58753502368927 0.2876904010772705 0.58753502368927 0.3090270757675171 0.5820640722910563 0.3402113914489746 0.5897233883539835 0.36975449323654175 0.5962885220845541 0.3820641040802002 0.6083245674769083 0.39437371492385864 0.6378676493962606 0.39765626192092896 0.6597514152526855 0.3713957667350769 0.6761642297108968 0.35990679264068604 0.6827293237050375 0.37960219383239746 0.6947654088338217 0.3886291980743408 0.71555495262146 0.4001181721687317 0.733061949412028 0.4066833257675171 0.7516631285349528 0.40422141551971436 0.7680759429931641 0.3886291980743408 0.7877713839213053 0.3713957667350769 0.8009015719095866 0.3615480661392212 0.8009015719095866 0.3508797287940979 0.7899597485860189 0.34267330169677734 0.746192216873169 0.333646297454834 0.7166491349538168 0.31723344326019287 0.7035189469655355 0.30000001192092896 0.688200314839681 0.28030461072921753 0.6706932385762533 0.25896793603897095 0.6597514152526855 0.23763130605220795 0.6597514152526855 0.22778360545635223 0.661939779917399 0.2080882340669632 0.6531862815221151 0.1908547729253769 0.6553746461868286 0.1736213117837906 0.6608455975850424 0.14982272684574127 0.6783525943756104 0.15474657714366913 0.6586571931838989 0.16131170094013214 0.635679284731547 0.16541491448879242 0.6061362028121948
0 0.390270471572876 0.3479079008102417 0.4173516631126404 0.3446253538131714 0.4411502480506897 0.3479079008102417 0.4657694697380066 0.3424369891484578 0.4739758372306824 0.3446253538131714 0.4739758372306824 0.36541489760080975 0.4633074998855591 0.3829219341278076 0.4592043161392212 0.38948702812194824 0.43622636795043945 0.38620448112487793 0.41817229986190796 0.38620448112487793 0.4058626890182495 0.3916754325230916 0.390270471572876 0.3883928457895915 0.38698792457580566 0.3719800313313802
0 0.5511161088943481 0.2516193985939026 0.5650669932365417 0.25052521626154584 0.5740939974784851 0.25709033012390137 0.5806591510772705 0.2767857114473979 0.5954306721687317 0.29757527510325116 0.6093815565109253 0.31179972489674884 0.6216911673545837 0.32164740562438965 0.6340007781982422 0.33368349075317383 0.6446691155433655 0.36541489760080975 0.6495929956436157 0.3971463441848755 0.6438484787940979 0.43653710683186847 0.6405659317970276 0.4627976020177205 0.6356420516967773 0.48249300320943195 0.6249737739562988 0.4945290486017863 0.6085609197616577 0.5043767690658569 0.592968761920929 0.5076593160629272 0.5765559673309326 0.4846813678741455 0.5658876299858093 0.45842087268829346 0.5330619812011719 0.4102766116460164 0.5273175239562988 0.3851102987925212 0.5248555541038513 0.3697916666666667 0.5338826179504395 0.3577556212743123 0.5396271347999573 0.3424369891484578 0.5379858016967773 0.31836483875910443 0.5404477715492249 0.29319852590560913 0.5453715920448303 0.2713147799173991
0 0.4583836793899536 0.003238795635600885 0.4862854480743408 0.002144607870529095 0.521573007106781 0.004332983245452245 0.5535780191421509 0.002144607870529095 0.5781972408294678 0.002144607870529095 0.5617843866348267 0.019651610404253006 0.5486541390419006 0.0349702388048172 0.5511161088943481 0.05575980246067047 0.5634257197380066 0.06341911852359772 0.5699908137321472 0.07217261691888173 0.5732733607292175 0.10390405853589375 0.5740939974784851 0.11375174919764201 0.5585018396377563 0.10171568393707275 0.54208904504776 0.0853028694788615 0.5207523703575134 0.07545518378416698 0.501056969165802 0.06560749312241872 0.4871060848236084 0.05685398976008097 0.48136162757873535 0.04372373720010122 0.4838235378265381 0.03278186172246933 0.47807908058166504 0.014180672665437063 0.4723345637321472 0.011992296824852625
0 0.47807908058166504 0.41574756304423016 0.5026983022689819 0.4255952437718709 0.5191110968589783 0.4376312891642253 0.5322413444519043 0.45185573895772296 0.5396271347999573 0.46498600641886395 0.5486541390419006 0.4748336871465047 0.5667082667350769 0.49890581766764325 0.5806591510772705 0.5153186321258545 0.5995339155197144 0.5207895835240682 0.6085609197616577 0.5229779481887817 0.6069196462631226 0.5470500787099203 0.5946100354194641 0.5798757076263428 0.5946100354194641 0.6148897012074789 0.6003545522689819 0.6378676493962606 0.5896862149238586 0.6630339622497559 0.5823004245758057 0.6717875003814697 0.5708114504814148 0.667410691579183 0.5675289034843445 0.6499036947886149 0.5642463564872742 0.6214548349380493 0.5437303185462952 0.6203606526056925 0.5166491866111755 0.6203606526056925 0.5043395757675171 0.6302083333333334 0.5026983022689819 0.6575630108515421 0.5182904601097107 0.6728816827138265 0.5232142806053162 0.6860118707021078 0.4895680546760559 0.7100840409596761 0.4690520167350769 0.7100840409596761 0.4624868631362915 0.67507004737854 0.43950891494750977 0.6663165092468262 0.42227548360824585 0.6608455975850424 0.4058626890182495 0.6575630108515421 0.40175944566726685 0.6345851023991903 0.39355307817459106 0.6159838835398356 0.38698792457580566 0.5951943397521973 0.41571033000946045 0.5951943397521973 0.43704700469970703 0.5995710690816244 0.45017725229263306 0.6094187498092651 0.4682313799858093 0.6247373819351196 0.4838235378265381 0.6269257863362631 0.4895680546760559 0.6148897012074789 0.487926721572876 0.5973827044169108 0.4944918751716614 0.5908175706863403 0.5076221227645874 0.5831582546234131 0.5076221227645874 0.5623687108357748 0.49531251192092896 0.5558035771052042 0.48136162757873535 0.5536152124404907 0.4723345637321472 0.556897759437561 0.46659010648727417 0.5503326257069906 0.46084558963775635 0.530637264251709 0.46659010648727417 0.5065651337305704 0.4723345637321472 0.478116234143575 0.47479647397994995 0.4573266903559367 0.47479647397994995 0.43981969356536865
0 0.7464286088943481 0.6323966979980469 0.7612001299858093 0.6280199686686198 0.7833574414253235 0.6280199686686198 0.7989495992660522 0.6214548349380493 0.799023449420929 0.622611920038859 0.7973083257675171 0.7078956762949625 0.7964876890182495 0.7166491349538168 0.7825368046760559 0.723214308420817 0.7661239504814148 0.7254026730855306 0.7521730661392212 0.7221201260884603 0.73740154504776 0.7188374996185303 0.7308363914489746 0.7046131292978922 0.7341189980506897 0.6816351413726807 0.7365809082984924 0.6608455975850424 0.7423253655433655 0.6433386007944742
0 0.6208705306053162 0.7122724056243896 0.6389246582984924 0.7089898586273193 0.6495929956436157 0.7177433172861735 0.6684677004814148 0.7199317614237467 0.6783154010772705 0.7100840409596761 0.6914456486701965 0.7013305028279623 0.7078584432601929 0.6969537734985352 0.7193474173545837 0.7046131292978922 0.7275538444519043 0.7188374996185303 0.73740154504776 0.7352503140767416 0.7488905191421509 0.7494747638702393 0.7513524293899536 0.7647933959960938 0.7513524293899536 0.7921481132507324 0.7480698823928833 0.8030900160471598 0.7283744812011719 0.8140318393707275 0.7160648703575134 0.8260679244995117 0.7103204131126404 0.8490458329518636 0.7119616866111755 0.8785889148712158 0.7185267806053162 0.8884366353352865 0.7316570281982422 0.9114145437876383 0.7423253655433655 0.921262264251709 0.7587382197380066 0.9300157229105631 0.7570968866348267 0.9464285373687744 0.7521730661392212 0.9617471694946289 0.7316570281982422 0.965029795964559 0.7201680541038513 0.9683123429616293 0.7078584432601929 0.9453343550364176 0.6996520757675171 0.9322041670481364 0.6848805546760559 0.9311099052429199 0.6824185848236084 0.9508053461710612 0.6857011914253235 0.9672181606292725 0.6922662854194641 0.9705007076263428 0.7021139860153198 0.9759716192881266 0.7045758962631226 0.9880077044169108 0.703755259513855 0.9978554248809814 0.6791360378265381 0.9978554248809814 0.6307182312011719 0.9934786160786947 0.6118435263633728 0.9956669807434082 0.6036370992660522 0.9945727984110514 0.5946100354194641 0.9847251574198405 0.585582971572876 0.9606529871622721 0.5765559673309326 0.9420518080393473 0.575735330581665 0.9300157229105631 0.5913274884223938 0.9289215405782064 0.6011751890182495 0.9278273582458496 0.6143054366111755 0.9234506289164225 0.6233324408531189 0.9125087261199951 0.6331801414489746 0.9026610851287842 0.6438484787940979 0.8950017293294271 0.6536961793899536 0.8785889148712158 0.6569787263870239 0.8523284594217936 0.6627232432365417 0.8381040096282959 0.6750328540802002 0.8238795598347982 0.6774947643280029 0.8063725630442301 0.67010897397995 0.7910539309183756 0.6512342691421509 0.7801120281219482 0.6364627480506897 0.7658875783284506 0.6307182312011719 0.7571341196695963 0.6143054366111755 0.746192216873169 0.6159467101097107 0.7221201260884603
0 0.7587382197380066 0.7396271228790283 0.7694064974784851 0.7341561317443848 0.7849987149238586 0.7308735847473145 0.7973083257675171 0.7297794024149576 0.7948464155197144 0.7549457550048828 0.794025719165802 0.7801120281219482 0.780895471572876 0.7833945751190186 0.7702271938323975 0.7877713839213053 0.7595588564872742 0.7888655662536621 0.757917582988739 0.7658875783284506 0.7570968866348267 0.7516631285349528
0 0.18267624080181122 0.038593143224716187 0.18381176888942719 0.021181566019852955 0.195734903216362 0.02723776549100876 0.23093660175800323 0.03707909335692724 0.2746548056602478 0.0431352953116099 0.28544241189956665 0.05070554713408152 0.28544241189956665 0.06811712682247162 0.2746548056602478 0.09234192967414856 0.26386719942092896 0.10975350936253865 0.25251179933547974 0.12413699428240459 0.2258266657590866 0.1521469255288442 0.21787790954113007 0.16123122970263162 0.20084483921527863 0.16198824842770895 0.1832440048456192 0.15441800157229105 0.18381176888942719 0.12640807032585144 0.18437953293323517 0.09839813907941182 0.19005723297595978 0.0749303549528122 0.19516713917255402 0.06206092735131582 0.19119276106357574 0.05070554713408152
0 0.456908643245697 0.14457666873931885 0.47734832763671875 0.14154857397079468 0.4983557462692261 0.14306262135505676 0.5125499963760376 0.14306262135505676 0.5307185649871826 0.14003451665242514 0.5488871932029724 0.1286791463692983 0.5562681555747986 0.12035186092058818 0.5721657276153564 0.1286791463692983 0.5886310338973999 0.14003451665242514 0.6005541682243347 0.15063286821047464 0.5954442620277405 0.16577338178952536 0.5772756338119507 0.17864280939102173 0.5585392713546753 0.1854560375213623 0.5511582493782043 0.1824279228846232 0.5454805493354797 0.1627452770868937 0.5386673212051392 0.15744609634081522 0.5193632245063782 0.15744609634081522 0.4983557462692261 0.15744609634081522 0.4875681400299072 0.1635023057460785 0.4767805337905884 0.16577338178952536 0.4699673056602478 0.15971717238426208 0.4614507555961609 0.14987584948539734
0 0.22128452360630035 0.6919058958689371 0.2263944298028946 0.6767653624216715 0.2349109798669815 0.6691950956980387 0.24683411419391632 0.6669240792592367 0.262731671333313 0.6714661916097006 0.2786291837692261 0.6813075542449951 0.2877134680747986 0.6987191041310629 0.2967977523803711 0.7221868832906088 0.3087209463119507 0.7464117209116617 0.32575398683547974 0.7698795000712076 0.33710938692092896 0.79713241259257 0.3416515588760376 0.8069736957550049 0.3319994807243347 0.8206001917521158 0.32121187448501587 0.8243853251139323 0.3058820962905884 0.8304414749145508 0.2848746180534363 0.8372547626495361 0.24569858610630035 0.8274134000142416 0.24342750012874603 0.8198431332906088 0.256486177444458 0.79713241259257 0.2661382555961609 0.7751786708831787 0.262731671333313 0.744140625 0.256486177444458 0.714616616566976 0.23434321582317352 0.7070464293162028
0 0.033353015780448914 0.7085604667663574 0.05379270017147064 0.7055323123931885 0.057767078280448914 0.7093174457550049 0.052089378237724304 0.7274860541025797 0.052089378237724304 0.7479257583618164 0.052089378237724304 0.7759356498718262 0.054360464215278625 0.791833241780599 0.05322493612766266 0.7963753541310629 0.038462936878204346 0.7925902207692465 0.02824309468269348 0.7872910499572754 0.03562408685684204 0.7471686999003092 0.037327393889427185 0.7244579792022705
0 0.0009765625 0.9538365999857584 0.0009765625 0.9129572709401449 0.0009765625 0.8970596790313721 0.0009765625 0.8751060167948405 0.0009765625 0.8637506167093912 0.0009765625 0.8539092540740967 0.0009765625 0.8289274374643961 0.018023252487182617 0.8160579999287924 0.028810858726501465 0.8016745249430338 0.050386086106300354 0.8069736957550049 0.07480014860630035 0.8031885623931885 0.10148526728153229 0.79713241259257 0.12419603765010834 0.7857770125071207 0.14122910797595978 0.7759356498718262 0.15428780019283295 0.7774497667948405 0.13839025795459747 0.7903191248575846 0.08899436891078949 0.8183290958404541 0.06685139238834381 0.8266563415527344 0.04925054311752319 0.8402828375498453 0.03562408685684204 0.8508811791737875 0.028810858726501465 0.8508811791737875 0.02426871657371521 0.8410398165384928 0.008371174335479736 0.841796875 0.0009765625 0.8516382376352946 0.0009765625 0.860722541809082 0.0009765625 0.8773770332336426 0.0009765625 0.8857043584187826 0.001557961106300354 0.8887324333190918 0.0009901821613311768 0.9122002124786377 0.0009765625 0.9220415751139323 0.0009765625 0.9356679916381836 0.0009765625 0.9447522958119711 0.0009765625 0.9553506374359131 0.0009765625 0.958378791809082
0 0.0009765625 0.9985010623931885 0.0009901821613311768 0.9621638456980387 0.0038290321826934814 0.9470233917236328 0.012345567345619202 0.9364250500996908 0.018023252487182617 0.9235556125640869 0.025404244661331177 0.9008448123931885 0.032785236835479736 0.8758629957834879 0.04073400795459747 0.8637506167093912 0.052089378237724304 0.8614795207977295 0.05492822825908661 0.870563824971517 0.059470370411872864 0.9023589293162028 0.06685139238834381 0.9356679916381836 0.07593567669391632 0.9795754750569662 0.07536791265010834 0.9932018915812174 0.04527616500854492 0.997744083404541 0.014616638422012329 0.9947159290313721
0 0.5074400305747986 0.9939589500427246 0.5222020745277405 0.9833606084187826 0.5380995869636536 0.9720052083333334 0.5517260432243347 0.968220074971517 0.5647847056388855 0.9765473206837972 0.5772756338119507 0.987145741780599 0.5823855400085449 0.9962300459543864 0.5539970993995667 0.9947159290313721 0.5346929430961609 0.9947159290313721
