1 0.1618027538061142 0.005051455770929654 0.16669826209545135 0.022307982047398884 0.15649931132793427 0.05603664616743723 0.15326827764511108 0.04257655640443166 0.15326827764511108 0.0013020833333333333 0.15326827764511108 0.0013020833333333333
1 0.1728176325559616 0.013679719219605127 0.18587228655815125 0.017601656417051952 0.19158369302749634 0.02701430767774582 0.19484736025333405 0.0419176717599233 0.1964792013168335 0.05525225897630056 0.1977030634880066 0.0693712333838145 0.18791207671165466 0.08270582556724548 0.175265371799469 0.077215110262235 0.16221071779727936 0.057605420549710594 0.16098684072494507 0.052899097402890526
1 0.20586223900318146 0.005051455770929654 0.2266680896282196 0.03015185644229253 0.23482725024223328 0.04034889489412308 0.22911584377288818 0.04583960771560669 0.21646913886070251 0.052899097402890526 0.20667815208435059 0.05838980774084727 0.20341448485851288 0.057605420549710594 0.1919916570186615 0.015248493601878485 0.1773051619529724 0.012895330786705017 0.16710621118545532 0.012895330786705017 0.16425050795078278 0.0019139056093990803
1 0.21483731269836426 0.14310366908709207 0.23768296837806702 0.1258471409479777 0.24706600606441498 0.14702560504277548 0.2556331157684326 0.17369476954142252 0.2572649419307709 0.19095130761464438 0.2491057813167572 0.20742344856262207 0.22503626346588135 0.20507027705510458 0.2189168930053711 0.19016691048940024 0.21687710285186768 0.1666352947552999
1 0.23727500438690186 0.02387675642967224 0.2511455714702606 0.015248493601878485 0.2646082043647766 0.011326556404431662 0.2748071551322937 0.0081890057772398 0.28419017791748047 0.01838604360818863 0.29234933853149414 0.0395645077029864 0.2952050566673279 0.060742974281311035 0.2927573025226593 0.07956827183564504 0.2882697582244873 0.09760918219884236 0.28215038776397705 0.10859061280886333 0.26746389269828796 0.1054530640443166 0.25644904375076294 0.09604040781656902 0.24380233883857727 0.052899097402890526
1 0.7096904516220093 0.2576242486635844 0.6921482682228088 0.2858622074127197 0.6860288977622986 0.2944904565811157 0.6868448257446289 0.3156689206759135 0.6954119205474854 0.33684738477071124 0.7060188055038452 0.339984933535258 0.7186654806137085 0.339984933535258 0.7300883531570435 0.33684738477071124 0.739879310131073 0.3078250487645467 0.7419191598892212 0.28664658466974896 0.7345759272575378 0.27017444372177124 0.7251928448677063 0.25919302304585773
1 0.2952050566673279 0.14153488477071127 0.31029948592185974 0.14780999223391214 0.32457801699638367 0.15408508976300558 0.3306973874568939 0.15879141290982565 0.33232924342155457 0.1807542641957601 0.334369033575058 0.20977660020192465 0.3368167579174042 0.2309550642967224 0.3368167579174042 0.2411521077156067 0.32253825664520264 0.26154619455337524 0.31560295820236206 0.2748807668685913 0.300916463136673 0.22624874114990234 0.29561299085617065 0.21369854609171549 0.2915334105491638 0.1752635637919108 0.2907175123691559 0.15486947695414224
1 0.15399670600891113 0.2855392098426819 0.15568338334560394 0.27252761522928876 0.15911845862865448 0.27240896224975586 0.1650664210319519 0.2638993461926778 0.17036987841129303 0.26703689495722455 0.16751417517662048 0.28664658466974896 0.16310206055641174 0.29101016124089557 0.16261868178844452 0.3078250487645467 0.15813113749027252 0.3117469946543376 0.15486747026443481 0.3078250487645467
1 0.17648924887180328 0.3541039228439331 0.1964792013168335 0.35331952571868896 0.21524526178836823 0.36194777488708496 0.20463836193084717 0.3839106559753418 0.19443941116333008 0.40195155143737793 0.17812108993530273 0.39175450801849365 0.17567333579063416 0.3627321720123291
1 0.15690726041793823 0.4461870590845744 0.1817927062511444 0.4508934020996094 0.19851899147033691 0.4422651131947835 0.21034976840019226 0.4461870590845744 0.2254442274570465 0.45559970537821454 0.23645909130573273 0.4524621566136678 0.24298642575740814 0.4634435971577962 0.23931479454040527 0.4759937922159831 0.2278919667005539 0.49246593316396076 0.2234044224023819 0.501878579457601 0.21646913886070251 0.5144287745157877 0.1964792013168335 0.5214882691701254 0.17485742270946503 0.5293321212132772 0.1605788916349411 0.5348228613535563 0.15405155718326569 0.5316853125890096
1 0.4742986261844635 0.3710506359736125 0.4877612590789795 0.3655599355697632 0.5012238621711731 0.3608535925547282 0.5106069445610046 0.3624223868052165 0.5195819735527039 0.3718350330988566 0.5265172719955444 0.38281647364298504 0.5281491279602051 0.3992885748545329 0.529780924320221 0.4118388096491496 0.5305968523025513 0.42125145594278973 0.5318207740783691 0.42831095059712726 0.5236615538597107 0.43693919976552326 0.5146865248680115 0.44399869441986084 0.5032636523246765 0.4683146874109904 0.49714431166648865 0.4847868283589681 0.49143287539482117 0.49498387177785236 0.4751145541667938 0.49655266602834064 0.4596121609210968 0.47929612795511883 0.4506370723247528 0.45654888947804767 0.4485972821712494 0.4416455030441284 0.46002012491226196 0.4008573691050212 0.4677713215351105 0.3937978744506836 0.47266680002212524 0.3804632822672526
1 0.16465847194194794 0.5444002946217855 0.19035983085632324 0.5342032512029012 0.21402139961719513 0.5294969081878662 0.233603373169899 0.5263593594233195 0.25196149945259094 0.5255750020345052 0.2568569779396057 0.538125197092692 0.26664799451828003 0.5577348868052164 0.26991164684295654 0.5796977281570435 0.2511455714702606 0.5969542662302653 0.23972275853157043 0.6212702592213949 0.22829993069171906 0.630682905515035 0.20749406516551971 0.6416643460591634 0.20055878162384033 0.6393111944198608 0.18791207671165466 0.6126420100529989 0.175265371799469 0.5773445765177408 0.1662902981042862 0.5632255872090658
1 0.3845478594303131 0.46125519275665283 0.39882639050483704 0.4596864382425944 0.40290597081184387 0.4769429763158162 0.40780147910118103 0.5043965180714926 0.4151447117328644 0.5232218106587728 0.4306471347808838 0.5396939516067505 0.44003015756607056 0.5459690491358439 0.44696545600891113 0.5679319302241007 0.44696545600891113 0.5961698691050211 0.4428858757019043 0.617348313331604 0.4326869249343872 0.63538924853007 0.4249356985092163 0.6479394435882568 0.4180004298686981 0.6534301439921061 0.4016821086406708 0.6448018948237101 0.3804682791233063 0.6597052415211996 0.37271708250045776 0.6463706890741984 0.36292609572410583 0.6338204542795817 0.35395100712776184 0.5773445765177408 0.345383882522583 0.5506753921508789 0.3445679843425751 0.5396939516067505 0.3588464856147766 0.5036121209462484 0.3678215742111206 0.4910619258880615 0.3759807348251343 0.47380542755126953
1 0.31504759192466736 0.3391544024149577 0.32415294647216797 0.3139880895614624 0.33553460240364075 0.30195202430089313 0.35203805565834045 0.29319852590560913 0.35488349199295044 0.3238357901573181 0.3665977120399475 0.3443814516067505 0.37720462679862976 0.35065654913584393 0.3857717216014862 0.3435970942179362 0.39311498403549194 0.34908779462178546 0.40290597081184387 0.34202829996744794 0.4135128855705261 0.3357532024383545 0.4224879741668701 0.3341844081878662 0.42983120679855347 0.3388907512029012 0.4371744692325592 0.3475190003712972 0.4416619837284088 0.35300974051157635 0.42779141664505005 0.3820320765177409 0.4196322560310364 0.39458227157592773 0.40984126925468445 0.404779314994812 0.40290597081184387 0.4102700153986613 0.3971945643424988 0.426742156346639 0.39189112186431885 0.44086114565531415 0.38169217109680176 0.4589020411173503 0.3490554988384247 0.515377958615621 0.3368167579174042 0.5444002946217855 0.32824963331222534 0.5655787388483683 0.31641885638237 0.5820508797963461 0.30540400743484497 0.5938167174657186 0.2939811646938324 0.5946010748545328 0.2772548794746399 0.5820508797963461 0.26868778467178345 0.5530285437901815 0.2658320665359497 0.5318500995635986 0.2658320665359497 0.5083184639612833 0.26216045022010803 0.4855712254842122 0.2817424237728119 0.5161623557408651 0.30010053515434265 0.5224374532699585 0.30989155173301697 0.5145935614903768 0.32906556129455566 0.4926307201385498 0.3339610695838928 0.4628239870071411 0.3355928957462311 0.4416455030441284 0.3339610695838928 0.42125145594278973
1 0.45226889848709106 0.003482680767774582 0.45022910833358765 0.025445533295472462 0.4539007246494293 0.03721134612957636 0.4583882987499237 0.056821033358573914 0.46817928552627563 0.08270582556724548 0.48612943291664124 0.08035265902678172 0.49959203600883484 0.07799949745337169 0.5061193704605103 0.06231174866358439 0.5069352984428406 0.04113328208525976 0.5040795803070068 0.02387675642967224 0.5028557181358337 0.008973393589258194 0.5044113993644714 0.0013020833333333333
1 0.15690726041793823 0.7624599933624268 0.1695539653301239 0.750694195429484 0.1830165833234787 0.7342220942179362 0.1887279897928238 0.7153968016306559 0.20137469470500946 0.7091217041015625 0.2144293487071991 0.7153968016306559 0.22829993069171906 0.7224562962849935 0.23482725024223328 0.7271625995635986 0.22952379286289215 0.7499097983042399 0.23197154700756073 0.7718726793924967 0.22707605361938477 0.7820696830749512 0.21646913886070251 0.7954042752583822 0.20790201425552368 0.8095232645670573 0.20300652086734772 0.8236422538757324 0.19566327333450317 0.8448207378387451 0.18832004070281982 0.8589397271474203 0.18383249640464783 0.8707055250803629 0.17159375548362732 0.8699211279551188 0.16425050795078278 0.8707055250803629 0.1560913473367691 0.8714899222056071 0.15326827764511108 0.8707145055135092
1 0.15527543425559998 0.8804279963175455 0.16384254395961761 0.8804279963175455 0.16936197876930237 0.8807772795359293 0.17388087511062622 0.879638671875 0.17771312594413757 0.8835655053456625 0.18342453241348267 0.8859186967213949 0.18954390287399292 0.9008220036824545 0.16795527935028076 0.8975423177083334 0.15486747026443481 0.8976844946543375
1 0.3759807348251343 0.7083373069763184 0.39393091201782227 0.6957871119181315 0.4082094430923462 0.6989246209462484 0.4163685739040375 0.6895120143890381 0.4261595904827118 0.6871588230133057 0.43350282311439514 0.7067685127258301 0.43799036741256714 0.7271625995635986 0.4371744692325592 0.7491254011789957 0.4306471347808838 0.7569692929585775 0.4196322560310364 0.7655975818634033 0.40780147910118103 0.7608912785847982 0.4049457609653473 0.7404971917470297 0.392299085855484 0.7404971917470297 0.37965238094329834 0.7444190979003906 0.37394094467163086 0.736575206120809
1 0.654616117477417 0.5366252263387045 0.6615513563156128 0.5052496989568075 0.6729742288589478 0.48250246047973633 0.6803174614906311 0.477011760075887 0.685620903968811 0.48485565185546875 0.7011233568191528 0.5013277928034464 0.7117302417755127 0.5091716448465983 0.7260087728500366 0.5115248362223307 0.7317202091217041 0.5052496989568075 0.7406952381134033 0.5068184932072958 0.7504862546920776 0.5052496989568075 0.7566056251525879 0.5091716448465983 0.7741478085517883 0.538978377978007 0.7810831069946289 0.5617256164550781 0.7814911007881165 0.5734914541244507 0.7741478085517883 0.5852572520573934 0.7627249956130981 0.5946698983510336 0.7464066743850708 0.6111420392990112 0.7329440712928772 0.622907837231954 0.7256007790565491 0.6158483823140463 0.7072427272796631 0.6182015339533488 0.697043776512146 0.6166327397028605 0.6876607537269592 0.5993762413660685 0.679093599319458 0.5805509090423584 0.667262852191925 0.5483910242716471
1 0.5771040916442871 0.5820508797963461 0.587710976600647 0.5640099843343099 0.591382622718811 0.5475378433863322 0.5917905569076538 0.5428315003712972 0.6085168719291687 0.5444002946217855 0.627690851688385 0.5436158974965414 0.6464569568634033 0.5475378433863322 0.6607354879379272 0.5585192839304606 0.6746060252189636 0.5906791687011719 0.6803174614906311 0.6110732158025106 0.6827651858329773 0.6322516997655233 0.6811333894729614 0.648723840713501 0.667670726776123 0.6675491333007812 0.6533922553062439 0.6997090180714926 0.6484967470169067 0.7138280073801676 0.6399296522140503 0.7248094081878662 0.6150441765785217 0.7287313938140869 0.5999497175216675 0.7240250110626221 0.5864871144294739 0.7240250110626221 0.5726165771484375 0.7091217041015625 0.564457356929779 0.7028466065724691 0.557930052280426 0.6785305341084799 0.563233494758606 0.6322516997655233 0.5713926553726196 0.5961698691050211
1 0.19811102747917175 0.6510769923528036 0.1919916570186615 0.688727617263794 0.19239962100982666 0.7004934151967367 0.2221805453300476 0.7114748160044352 0.23605112731456757 0.7138280073801676 0.2478819191455841 0.7028466065724691 0.25196149945259094 0.6973558266957601 0.2491057813167572 0.6706867218017578 0.24380233883857727 0.6471550464630127 0.24094662070274353 0.6361736456553141 0.2246282994747162 0.6424487431844076 0.20953385531902313 0.6502925952275594
1 0.26338431239128113 0.8008950551350912 0.28215038776397705 0.7914823691050211 0.2952050566673279 0.7922667662302653 0.30214032530784607 0.804032564163208 0.30907562375068665 0.8299173514048258 0.31641885638237 0.8809025287628174 0.31641885638237 0.8942371209462484 0.23768296837806702 0.8934527238210043 0.23849888145923615 0.8675679365793864 0.24992169439792633 0.8330549399058024 0.25889676809310913 0.8056013584136963
1 0.36047834157943726 0.8087388674418131 0.37394094467163086 0.8032481670379639 0.3890354037284851 0.7993262608846029 0.3971945643424988 0.8008950551350912 0.40861740708351135 0.8008950551350912 0.421264111995697 0.8056013584136963 0.4314630329608917 0.8283485571543375 0.4318709969520569 0.8495270411173502 0.4224879741668701 0.8589397271474203 0.4090253412723541 0.8707055250803629 0.3967866003513336 0.8769806226094564 0.3857717216014862 0.8620772361755371 0.36618974804878235 0.8628616333007812 0.3563987612724304 0.8526646296183268 0.3551748991012573 0.8118764559427897
1 0.842684805393219 0.47810594240824383 0.8275903463363647 0.46398699283599854 0.8177993297576904 0.47104644775390625 0.8055605888366699 0.48202788829803467 0.7990332841873169 0.5102658271789551 0.7961775660514832 0.5314443111419678 0.7949537038803101 0.5534071524937948 0.797809362411499 0.5651729901631674 0.8243266344070435 0.5879202286402384 0.8390131592750549 0.6020391782124838 0.8459484577178955 0.603607972462972
1 0.2727673649787903 0.5922479232152303 0.2637922763824463 0.6322516997655233 0.26542410254478455 0.6495082378387451 0.2646082043647766 0.6785305341084799 0.2646082043647766 0.6910807291666666 0.28011059761047363 0.6997090180714926 0.30010053515434265 0.6902964115142822 0.30662786960601807 0.6855900287628174 0.3086676597595215 0.6495082378387451 0.3074437975883484 0.6298985481262207 0.30214032530784607 0.6102888584136963 0.2980607748031616 0.6016605695088705 0.2817424237728119 0.5914635260899862
1 0.2021906077861786 0.8456051349639893 0.2189168930053711 0.8408987522125244 0.23972275853157043 0.8377612431844076 0.25073760747909546 0.8142295678456625 0.2503296732902527 0.7969730695088705 0.2368670403957367 0.7852072715759277 0.23319542407989502 0.7844228744506836 0.21361343562602997 0.813445250193278 0.20667815208435059 0.8299173514048258
1 0.48164188861846924 0.7828540802001953 0.4979602098464966 0.7726570765177408 0.5195819735527039 0.7812853654225668 0.5379400849342346 0.8063857555389404 0.539979875087738 0.83070174853007 0.5424275994300842 0.8636460304260254 0.5407958030700684 0.8714899222056071 0.536308228969574 0.8714899222056071 0.5191740393638611 0.8495270411173502 0.5020397901535034 0.8275641600290934 0.49061697721481323 0.8118764559427897 0.4820498526096344 0.800110658009847
1 0.6848049759864807 0.6561619440714518 0.6958198547363281 0.6749872366587321 0.7031631469726562 0.7024408181508383 0.7052028775215149 0.7212661107381185 0.6917402744293213 0.7353851000467936 0.6803174614906311 0.7432289123535156 0.6750140190124512 0.7502884070078532 0.6607354879379272 0.7353851000467936 0.6538001894950867 0.7251880168914795 0.654616117477417 0.7102846304575602 0.6644070744514465 0.6930281321207682 0.670118510723114 0.6710653305053711 0.6778696775436401 0.6616526444753011
1 0.6693025827407837 0.3938990831375122 0.6720333099365234 0.4306514263153076 0.6807714700698853 0.4390519857406616 0.6867790222167969 0.44535239537556964 0.6938787698745728 0.4327515761057536 0.6933326721191406 0.40860005219777423 0.6906019449234009 0.3938990831375122 0.6824098825454712 0.38654863834381104
1 0.712447464466095 0.7234800656636556 0.7200933694839478 0.7276803652445475 0.7282854318618774 0.7434313297271729 0.7288315296173096 0.7654827435811361 0.7250086069107056 0.7885842323303223 0.717362642288208 0.8011850516001383 0.7048015594482422 0.8095855712890625 0.6906019449234009 0.8064354260762533 0.6780408024787903 0.7969848314921061 0.6764023900032043 0.7875341574350992 0.6747639775276184 0.767582893371582 0.6824098825454712 0.7581322987874349 0.6889635920524597 0.7476316293080648 0.6971555948257446 0.7413312594095866 0.7053476572036743 0.7329306602478027
1 0.7818068861961365 0.41695257027943927 0.7970987558364868 0.4138023853302002 0.8096598982810974 0.41275231043497723 0.8151212930679321 0.4274532397588094 0.8178519606590271 0.4463544686635335 0.8205826282501221 0.45790521303812665 0.8091137409210205 0.4652556578318278 0.8036524057388306 0.47155606746673584 0.792183518409729 0.4568551381429036 0.7785301208496094 0.44110413392384845
1 0.15456579625606537 0.19472163915634155 0.17050014436244965 0.16627275943756104 0.18871085345745087 0.14876575271288553 0.20293796062469482 0.14329482118288675 0.21033605933189392 0.17502625783284506 0.2160269021987915 0.20456931988398233 0.21545781195163727 0.21988795200983682 0.20009253919124603 0.22535890340805054 0.17960549890995026 0.2319240172704061 0.1727764904499054 0.2166053851445516 0.1682238131761551 0.20347513755162558
1 0.1773291677236557 0.2516193985939026 0.19098718464374542 0.23520658413569132 0.20749063789844513 0.23301819960276285 0.2217177450656891 0.22645308574040732 0.23196126520633698 0.2166053851445516 0.24789562821388245 0.21988795200983682 0.25074103474617004 0.2363007664680481 0.24220478534698486 0.24943101406097412 0.2279776781797409 0.26912639538447064 0.21773415803909302 0.29648109277089435 0.21545781195163727 0.3347776730855306 0.22001048922538757 0.3500963052113851 0.20350705087184906 0.3424369891484578 0.18643450736999512 0.3391544024149577 0.17789824306964874 0.3424369891484578 0.1699310690164566 0.33040090401967365 0.1699310690164566 0.3085171580314636 0.17676007747650146 0.28116246064503986
1 0.40792316198349 0.4531706968943278 0.43049681186676025 0.45431288083394367 0.4405955672264099 0.4565972089767456 0.45247647166252136 0.48172513643900555 0.46138712763786316 0.4942891200383504 0.4869310259819031 0.5091374317804972 0.5083166360855103 0.47487207253774005 0.5243558287620544 0.450886329015096 0.5368307828903198 0.4406067132949829 0.5522758960723877 0.44745977719624835 0.5695031881332397 0.46459245681762695 0.5819780826568604 0.4725877046585083 0.5796019434928894 0.5011421839396158 0.5843542814254761 0.5171326796213785 0.5855423808097839 0.5308388074239095 0.5796019434928894 0.5673885345458984 0.5724733471870422 0.5810946623484293 0.5629687309265137 0.6005117098490397 0.5570282340049744 0.6153600215911865 0.5558401346206665 0.6850329240163168 0.5564342141151428 0.6964546839396158 0.549899697303772 0.6896015803019205 0.5475234985351562 0.6484831968943278 0.5475234985351562 0.6039382219314575 0.5582163333892822 0.573099414507548 0.5659388899803162 0.5468293031056722 0.5683150887489319 0.5274122953414917 0.5647507905960083 0.49771563212076825 0.5599984526634216 0.48629387219746906 0.5546520948410034 0.47487207253774005 0.5475234985351562 0.4680190086364746 0.5326724052429199 0.47487207253774005 0.5196034908294678 0.4897203842798869 0.5047523379325867 0.5102796157201132 0.49168339371681213 0.5285544395446777 0.4815846085548401 0.5456871191660563 0.4708918333053589 0.5582511027654012 0.45425859093666077 0.5605354706446329 0.43940749764442444 0.5342653592427572 0.42515042424201965 0.5194170475006104 0.4168338179588318 0.5045686960220337 0.41445761919021606 0.48743605613708496 0.41089338064193726 0.4680190086364746
1 0.24277886748313904 0.7227247556050619 0.25941210985183716 0.7067342599232992 0.27545130252838135 0.707876443862915 0.28436195850372314 0.7170139153798422 0.2920845150947571 0.7318622271219889 0.30218327045440674 0.7215825716654459 0.310499906539917 0.7021656036376953 0.310499906539917 0.6918859481811523 0.31168797612190247 0.7204403877258301 0.30990585684776306 0.7387152512868246 0.305153489112854 0.756990114847819 0.28792622685432434 0.7649854024251302 0.28079769015312195 0.7752649784088135 0.27188703417778015 0.7809758981068929 0.26119422912597656 0.7878289222717285 0.25525379180908203 0.7866867383321127 0.24456100165843964 0.7764071623484293 0.2368384152650833 0.7604166666666666 0.23921458423137665 0.7455683549245199
1 0.15664245188236237 0.718156099319458 0.16367113590240479 0.7133665879567465 0.17981016635894775 0.7135873635609945 0.1768399477005005 0.7318622271219889 0.16852332651615143 0.7432839870452881 0.16020672023296356 0.7478527228037516 0.15604840219020844 0.7455683549245199 0.1554543673992157 0.7364308834075928
1 0.15604840219020844 0.5548245509465536 0.1643650233745575 0.5822368462880453 0.1827803999185562 0.6187865336736044 0.19050297141075134 0.6370613972345988 0.18693870306015015 0.6781798203786215 0.18396848440170288 0.6975968678792318 0.1625828891992569 0.7055920759836832 0.15604840219020844 0.7010234196980795 0.15783053636550903 0.6610471407572428 0.1536722332239151 0.6165022055308024 0.15426626801490784 0.5788102944691976
1 0.6508872509002686 0.15963084499041238 0.677619218826294 0.1447825332482656 0.7007869482040405 0.14706688125928244 0.7138559222221375 0.16991045077641806 0.7275189161300659 0.18704313039779663 0.7310832142829895 0.20531797409057617 0.7293010950088501 0.22816155354181925 0.7144500017166138 0.24529423316319784 0.6906881928443909 0.2624268929163615 0.6770251989364624 0.28070175647735596 0.6687085628509521 0.32410452763239544 0.6675204634666443 0.3309576114018758 0.6746490001678467 0.3492324749628703 0.6722728610038757 0.3686494827270508 0.6675204634666443 0.3926352262496948 0.6639562249183655 0.4223318894704183 0.66989666223526 0.44403326511383057 0.6799954175949097 0.45431288083394367 0.66989666223526 0.4668768246968587 0.6550455689430237 0.4520285129547119 0.6485110521316528 0.41433664162953693 0.6372241973876953 0.37778691450754803 0.6235612034797668 0.35037461916605633 0.6021755933761597 0.31725146373112995 0.5986112952232361 0.28070175647735596 0.6021755933761597 0.2624268929163615 0.6116803288459778 0.24072551727294922 0.6217790842056274 0.22359283765157065 0.6360360980033875 0.18932747840881348 0.6437587141990662 0.17105263471603394
1 0.8201898336410522 0.707876443862915 0.8386052250862122 0.7113029956817627 0.8451396822929382 0.718156099319458 0.843357503414154 0.7615588506062826 0.8427635431289673 0.7741227944691976 0.829100489616394 0.7741227944691976 0.8195957541465759 0.7741227944691976 0.8136553168296814 0.7478527228037516 0.8154374957084656 0.7341465950012207
1 0.45544669032096863 0.5788102944691976 0.4803965389728546 0.5685307184855143 0.4982178509235382 0.5445449749628702 0.5142570734024048 0.5137061278025309 0.5297021865844727 0.49200475215911865 0.542177140712738 0.4840095043182373 0.5522758960723877 0.49086256821950275 0.5588103532791138 0.5091374317804972 0.5582163333892822 0.5285544395446777 0.5540580153465271 0.5525402228037516 0.5457414388656616 0.5810946623484293 0.5433652400970459 0.608506957689921 0.5433652400970459 0.6701846122741699 0.5463354587554932 0.6896015803019205 0.555246114730835 0.7101608117421468 0.5695031881332397 0.7238669395446777 0.5766317248344421 0.7478527228037516 0.5766317248344421 0.7638432184855143 0.5796019434928894 0.7855445543924967 0.57781982421875 0.8072459697723389 0.5641567707061768 0.806103785832723 0.5392069220542908 0.793539841969808 0.5154451131820679 0.7684119542439779 0.5059404373168945 0.7604166666666666 0.48277270793914795 0.7558479309082031 0.4714858829975128 0.7604166666666666 0.45782285928726196 0.7489949067433676 0.4435657858848572 0.7330044110616049 0.4370313286781311 0.6804641882578532 0.4346551299095154 0.6564784447352091 0.4382193982601166 0.6404879490534464 0.44891220331192017 0.6210709015528361 0.45247647166252136 0.598227341969808
1 0.7025690674781799 0.008863303810358047 0.7031631469726562 0.029422514140605927 0.6995988488197327 0.07168311377366383 0.7079154253005981 0.07853618264198303 0.7174201607704163 0.0659722238779068 0.731677234172821 0.03855994095404943 0.7405879497528076 0.016858552893002827 0.7399938702583313 0.003152412362396717 0.7209844589233398 0.005436768755316734 0.709103524684906 0.005436768755316734
1 0.8374171257019043 0.29212353626887005 0.8184076547622681 0.30811403195063275 0.8041506409645081 0.3252467115720113 0.7851412296295166 0.3480902910232544 0.7732603549957275 0.3743603626887004 0.7768245935440063 0.3823556105295817 0.7803888916969299 0.3983461062113444 0.8059327602386475 0.3914930423100789 0.8267242908477783 0.3960617780685425 0.8380111455917358 0.3846399784088135 0.8445456027984619 0.3480902910232544 0.8460544943809509 0.3190789421399434 0.8445456027984619 0.28641263643900555
1 0.7750424742698669 0.4520285129547119 0.7637556195259094 0.48629387219746906 0.7631615996360779 0.5011421839396158 0.7714781761169434 0.5159904956817627 0.7786067128181458 0.5285544395446777 0.7827650308609009 0.5434027910232544 0.7863293290138245 0.5525402228037516 0.7946459054946899 0.5296966234842936 0.7993983030319214 0.4851516882578532 0.7993983030319214 0.4680190086364746 0.7910816669464111 0.4577393929163615 0.7827650308609009 0.44974414507548016
1 0.7916757464408875 0.5753837823867798 0.8112791776657104 0.6016538937886556 0.8451396822929382 0.6165022055308024 0.8451396822929382 0.6884593963623047 0.8237541317939758 0.6884593963623047 0.8106850981712341 0.7067342599232992 0.7958340048789978 0.7250091234842936 0.7827650308609009 0.7250091234842936 0.7649437189102173 0.7238669395446777 0.7518747448921204 0.7341465950012207 0.7417759895324707 0.7375730673472086 0.7298951148986816 0.7284356753031412 0.7203903794288635 0.7158717314402262 0.7096976041793823 0.6930281321207682 0.6918762922286987 0.6416301329930624 0.6918762922286987 0.6279239654541016 0.7126678228378296 0.6393457651138306 0.7298951148986816 0.6382035811742147 0.7500925660133362 0.6313505172729492 0.7738543748855591 0.6039382219314575 0.7827650308609009 0.5925164620081583
1 0.7453402280807495 0.7489949067433676 0.7613794207572937 0.7409996191660563 0.7851412296295166 0.7375730673472086 0.7970221042633057 0.7364308834075928 0.7934578061103821 0.756990114847819 0.7934578061103821 0.77069624265035 0.7964280843734741 0.7832602659861246 0.7993983030319214 0.7992507616678873 0.8011804223060608 0.8198099136352539 0.8041506409645081 0.8380847771962484 0.8071208596229553 0.8575018246968588 0.8071208596229553 0.8666392167409261 0.8148434162139893 0.878061056137085 0.822566032409668 0.8871984481811523 0.8231600522994995 0.8951937357584635 0.7643496990203857 0.8974781036376953 0.7417759895324707 0.8643549283345541 0.7376176714897156 0.8517909049987793 0.7162320613861084 0.8506487210591634 0.7132619023323059 0.8620705604553223 0.6960346102714539 0.8814876079559326 0.6657383441925049 0.8963359196980795 0.652669370174408 0.8746345043182373 0.6514812707901001 0.8232364654541016 0.6568276286125183 0.8118147055308024 0.6704906821250916 0.816383441289266 0.7025690674781799 0.8209520975748698 0.7298951148986816 0.8026772340138754 0.7364295721054077 0.7901132901509603 0.7322713136672974 0.7547057469685873
1 0.5908887386322021 0.7364308834075928 0.622373104095459 0.7341465950012207 0.6413825154304504 0.7352887789408366 0.647322952747345 0.7432839870452881 0.6485110521316528 0.7741227944691976 0.6491050720214844 0.7958242098490397 0.6485110521316528 0.8026772340138754 0.6306897401809692 0.8003929456075033 0.6146504878997803 0.7981085777282715 0.5962351560592651 0.7832602659861246 0.5879185795783997 0.769554058710734 0.5879185795783997 0.7489949067433676
1 0.5914828181266785 0.7969663937886556 0.6098981499671936 0.8072459697723389 0.6182147860527039 0.816383441289266 0.6146504878997803 0.8358004093170166 0.6063339114189148 0.8586440086364746 0.5926709175109863 0.8917671839396158 0.5712853074073792 0.8803454240163168 0.5599984526634216 0.8415113290150961 0.5570282340049744 0.8232364654541016 0.5712853074073792 0.8266630172729492 0.5766317248344421 0.8266630172729492 0.5825721621513367 0.8175255457560221
1 0.6265314221382141 0.8426535129547119 0.6378182768821716 0.8769188721974691 0.6372241973876953 0.890625 0.6140565276145935 0.890625 0.6039577722549438 0.8871984481811523 0.6081160306930542 0.8723501364390055 0.6164326667785645 0.855217456817627
1 0.6009874939918518 0.36636511484781903 0.5908887386322021 0.3800712823867798 0.5819780826568604 0.4211897055308024 0.5843542814254761 0.439464529355367 0.5908887386322021 0.46459245681762695 0.6051458716392517 0.48743605613708496 0.6188088655471802 0.49657344818115234 0.634253978729248 0.4737298885981242 0.6443527340888977 0.45431288083394367 0.6401944160461426 0.41547878583272296 0.627719521522522 0.3846399784088135 0.6176207661628723 0.3697916666666667 0.6093041300773621 0.36065423488616943
1 0.34911277890205383 0.15734648704528809 0.38713160157203674 0.1676261027654012 0.40376484394073486 0.18475876251856485 0.4114874005317688 0.20760234196980795 0.4209921360015869 0.2372989853223165 0.4102993309497833 0.26927997668584186 0.4097052812576294 0.2772752245267232 0.3877256512641907 0.28641263643900555 0.37822094559669495 0.2932657202084859 0.3663400709629059 0.2898391882578532 0.35327109694480896 0.27499085664749146 0.34257829189300537 0.2464363972345988 0.34257829189300537 0.19732272624969482 0.34376636147499084 0.16534173488616943
1 0.3681221902370453 0.09566886226336162 0.38000306487083435 0.0819627195596695 0.39426013827323914 0.0751096506913503 0.4186159372329712 0.0659722238779068 0.43406111001968384 0.04998172322909037 0.4471300542354584 0.04655519127845764 0.4530704915523529 0.07054093480110168 0.4530704915523529 0.08881578842798869 0.44653603434562683 0.10594846804936726 0.427526593208313 0.13221856951713562 0.40673506259918213 0.15963084499041238 0.395448237657547 0.1630573868751526 0.377626895904541 0.15163559714953104 0.35802343487739563 0.14592470725377402 0.35861748456954956 0.127649853626887
1 0.28852027654647827 0.008863303810358047 0.2998071014881134 0.045413012305895485 0.30040115118026733 0.08424707253774007 0.2920845150947571 0.109375 0.292678564786911 0.12650767962137857 0.3146582245826721 0.13564510146776834 0.32772719860076904 0.1390716334184011 0.33663785457611084 0.14592470725377402 0.3449544608592987 0.1413559913635254 0.35267704725265503 0.12079677979151408 0.3669340908527374 0.07625182966391246 0.37465667724609375 0.05226608117421468 0.3805971145629883 0.008863303810358047 0.3805971145629883 0.00201023385549585 0.34970682859420776 0.003152412362396717 0.328321248292923 0.004294590714077155 0.3033713698387146 0.006578947106997172
1 0.3865375518798828 0.024853800733884174 0.3841613829135895 0.04084429889917374 0.3841613829135895 0.06711440285046895 0.3984184265136719 0.05797697603702545 0.4168338179588318 0.04655519127845764 0.43049681186676025 0.03855994095404943 0.4370313286781311 0.037417761981487274 0.4441598355770111 0.010005482162038485 0.44084832072257996 0.0013020833333333333 0.42336830496788025 0.0013020833333333333 0.3990124762058258 0.0013020833333333333 0.396303653717041 0.0013020833333333333 0.3895077705383301 0.0013020833333333333
1 0.7019750475883484 0.439464529355367 0.7096976041793823 0.44745977719624835 0.7150440216064453 0.4565972089767456 0.712073802947998 0.4668768246968587 0.7025690674781799 0.47144556045532227 0.6974722743034363 0.47045691808064777 0.6906881928443909 0.4725877046585083 0.6823715567588806 0.4680190086364746 0.689500093460083 0.4554550250371297 0.6960346102714539 0.4463176329930623
1 0.7149748802185059 0.4742611249287923 0.7212745547294617 0.4742611249287923 0.7257367968559265 0.48629387219746906 0.7257367968559265 0.49657344818115234 0.719796359539032 0.4988578160603841 0.7067273855209351 0.49657344818115234 0.7055392861366272 0.49086256821950275 0.709103524684906 0.48172513643900555
1 0.7007869482040405 0.35037461916605633 0.7233606576919556 0.35608553886413574 0.7346474528312683 0.35494335492451984 0.7417759895324707 0.3526589870452881 0.7590032815933228 0.35608553886413574 0.76197350025177 0.3629386027654012 0.7679139375686646 0.3823556105295817 0.7714781761169434 0.4063413937886556 0.7732603549957275 0.4257584015528361 0.7673198580741882 0.450886329015096 0.7578151822090149 0.4737298885981242 0.7536568641662598 0.4942891200383504 0.7334593534469604 0.49657344818115234 0.7310832142829895 0.47487207253774005 0.7233606576919556 0.44860196113586426 0.7132619023323059 0.4257584015528361 0.7025690674781799 0.40063047409057617 0.6995988488197327 0.3823556105295817 0.6995988488197327 0.3697916666666667
1 0.5813840627670288 0.008863303810358047 0.5659388899803162 0.07054093480110168 0.5487115979194641 0.11165935794512431 0.5297021865844727 0.109375 0.5166332125663757 0.08424707253774007 0.5112868547439575 0.04883954922358195 0.5100987553596497 0.005436768755316734 0.5134919285774231 0.0013020833333333333 0.5320783853530884 0.00201023385549585 0.5623746514320374 0.003152412362396717
1 0.5873245000839233 0.005436768755316734 0.5825721621513367 0.0476973702510198 0.5742555260658264 0.08538925647735596 0.5677210688591003 0.09909539421399434 0.5855423808097839 0.10137975215911865 0.5962351560592651 0.09681103626887004 0.6081160306930542 0.08653143048286438 0.6176207661628723 0.07168311377366383 0.6211850047111511 0.044270833333333336 0.622373104095459 0.011147660513718924 0.622373104095459 0.003152412362396717 0.6009874939918518 0.0077211254586776095
1 0.6069279313087463 0.09566886226336162 0.6081160306930542 0.12308113773663838 0.6081160306930542 0.13792945941289267 0.6075220108032227 0.1607730289300283 0.6075220108032227 0.17105263471603394 0.6116803288459778 0.17904788255691528 0.6235612034797668 0.17904788255691528 0.6390063762664795 0.16876826683680216 0.6425706148147583 0.1436403493086497 0.6324718594551086 0.12308113773663838 0.6229671239852905 0.09452667832374573 0.6158385872840881 0.08538925647735596
1 0.3158462941646576 0.6439144611358643 0.328321248292923 0.6450566450754801 0.33471834659576416 0.664794921875 0.3443604111671448 0.6896015803019205 0.3217867314815521 0.6930281321207682 0.31703439354896545 0.6896015803019205 0.31168797612190247 0.672468900680542 0.3128760755062103 0.6610471407572428
1 0.462575227022171 0.8072459697723389 0.44831815361976624 0.8186677296956381 0.43584322929382324 0.8575018246968588 0.42336830496788025 0.8769188721974691 0.3805971145629883 0.8929093678792318 0.4245563745498657 0.8997623920440674 0.46673351526260376 0.8951937357584635 0.5118808746337891 0.8997623920440674 0.5285141468048096 0.8997623920440674 0.5291081666946411 0.8689235846201578 0.5089106559753418 0.8483644326527914 0.494653582572937 0.8300895690917969 0.4815846085548401 0.8118147055308024 0.4762382507324219 0.7981085777282715
1 0.3200046122074127 0.7044498920440674 0.3520829975605011 0.7067342599232992 0.37109240889549255 0.7535635630289713 0.39663630723953247 0.7741227944691976 0.39426013827323914 0.7878289222717285 0.3752506971359253 0.792397658030192 0.3538651466369629 0.7992507616678873 0.3467365801334381 0.8072459697723389 0.3520829975605011 0.8654971122741699 0.3823792636394501 0.8769188721974691 0.36039960384368896 0.8951937357584635 0.34376636147499084 0.8929093678792318 0.3306973874568939 0.8929093678792318 0.31525224447250366 0.8232364654541016 0.3265390992164612 0.7832602659861246 0.3200046122074127 0.7455683549245199 0.31881651282310486 0.7261513074239095
1 0.31347012519836426 0.6016538937886556 0.3146582245826721 0.6187865336736044 0.3247569501399994 0.633634885152181 0.3431723415851593 0.6633315086364746 0.3538651466369629 0.6907437642415365 0.36396387219429016 0.7124451796213785 0.3687162399291992 0.7215825716654459 0.3687162399291992 0.6975968678792318 0.38891372084617615 0.6884593963623047 0.40495291352272034 0.682748556137085 0.42158618569374084 0.6793220043182373 0.4245563745498657 0.6644736925760905 0.41208145022392273 0.6621893246968588 0.40317079424858093 0.659904956817627 0.3936660885810852 0.6610471407572428 0.38178521394729614 0.6690424283345541 0.372280478477478 0.6633315086364746 0.3609936535358429 0.6461988290150961 0.35445916652679443 0.6142178376515707 0.3461425304412842 0.5662463506062826 0.34257829189300537 0.5571089188257853 0.3360438048839569 0.5685307184855143 0.33129143714904785 0.5765259663263956 0.3200046122074127 0.5902320941289266
1 0.4495062530040741 0.11508588989575703 0.4097052812576294 0.17105263471603394 0.41505166888237 0.20074927806854248 0.4239623546600342 0.2258771856625875 0.4441598355770111 0.1779056986172994 0.45188242197036743 0.15506213903427124
1 0.5297021865844727 0.12422332167625427 0.5285141468048096 0.15848867098490396 0.5368307828903198 0.19503837823867798 0.5291081666946411 0.21902412176132202 0.5142570734024048 0.2361568013827006 0.5142570734024048 0.27499085664749146 0.5445533394813538 0.2612847288449605 0.5683150887489319 0.25900036096572876 0.5831661820411682 0.255573829015096 0.5706912875175476 0.1984649101893107 0.5772257447242737 0.1607730289300283 0.5980172753334045 0.14706688125928244 0.602769672870636 0.1413559913635254 0.6021755933761597 0.11965460578600566 0.6009874939918518 0.10823282599449158 0.5843542814254761 0.11165935794512431 0.5689091086387634 0.11051717400550842 0.5588103532791138 0.11165935794512431 0.5469294786453247 0.12422332167625427 0.5368307828903198 0.12308113773663838
1 0.5956411361694336 0.1767635146776835 0.5837602019309998 0.1881853143374125 0.580195963382721 0.20646015803019205 0.5819780826568604 0.2304459015528361 0.5855423808097839 0.23958333333333334 0.59207683801651 0.2144554058710734 0.5992053747177124 0.19618056217829385 0.602769672870636 0.18133223056793213 0.6021755933761597 0.16876826683680216
1 0.45604071021080017 0.10823282599449158 0.4714858829975128 0.11737024784088135 0.4893072247505188 0.12422332167625427 0.5148510932922363 0.14820906519889832 0.5100987553596497 0.18475876251856485 0.5065344572067261 0.24300986528396606 0.5059404373168945 0.2829861044883728 0.5035642981529236 0.32753105958302814 0.4982178509235382 0.3492324749628703 0.4708918333053589 0.35722772280375165 0.4548526406288147 0.34466373920440674 0.4310908615589142 0.32867324352264404 0.420398086309433 0.3058296839396159 0.4192099869251251 0.27955957253774005 0.42871469259262085 0.2361568013827006 0.44118961691856384 0.21102887392044067 0.45069435238838196 0.1881853143374125 0.4548526406288147 0.15734648704528809 0.4566347599029541 0.13450292746225992
1 0.38178521394729614 0.3058296839396159 0.3941503167152405 0.30304622650146484 0.40376484394073486 0.29555006821950275 0.41089338064193726 0.3001187841097514 0.41980403661727905 0.32410452763239544 0.4085172116756439 0.32410452763239544 0.3918839693069458 0.33324195941289264 0.38356733322143555 0.3252467115720113
1 0.27010488510131836 0.2715643246968587 0.2908964455127716 0.2715643246968587 0.30040115118026733 0.2841282884279887 0.30396541953086853 0.3195358117421468 0.3122820258140564 0.3675072987874349 0.3235688805580139 0.40519920984903973 0.3265390992164612 0.4348958333333333 0.32772719860076904 0.45888157685597736 0.3265390992164612 0.47487207253774005 0.3211926817893982 0.488578200340271 0.3140641748905182 0.5 0.30396541953086853 0.5057108799616495 0.28852027654647827 0.4988578160603841 0.2748572528362274 0.49314693609873456 0.26475849747657776 0.4737298885981242 0.2671346664428711 0.42690058549245197 0.267728716135025 0.3914930423100789 0.2600061297416687 0.3583698670069377 0.26060017943382263 0.342379371325175 0.26832276582717896 0.32296236356099445 0.27010488510131836 0.29555006821950275 0.27010488510131836 0.28527047236760456
1 0.7494986057281494 0.24986292918523154 0.7732603549957275 0.255573829015096 0.7803888916969299 0.2772752245267232 0.7892995476722717 0.30240315198898315 0.7928637862205505 0.31268274784088135 0.7881114482879639 0.32410452763239544 0.7780126929283142 0.3263888955116272 0.76197350025177 0.32296236356099445 0.756627082824707 0.29555006821950275 0.7548449635505676 0.2669956088066101
1 0.1554543673992157 0.09110014637311299 0.1643650233745575 0.0819627195596695 0.19109700620174408 0.09224232037862141 0.20654216408729553 0.07396747171878815 0.22852179408073425 0.059119150042533875 0.2368384152650833 0.059119150042533875 0.250501424074173 0.09909539421399434 0.2457490712404251 0.11622807383537292 0.22911584377288818 0.11965460578600566 0.20297789573669434 0.13336074352264404 0.18337443470954895 0.14249817530314127 0.16495907306671143 0.15963084499041238 0.15486031770706177 0.1767635146776835 0.1554543673992157 0.1447825332482656 0.15486031770706177 0.11622807383537292
1 0.5147961974143982 0.29319852590560913 0.5386977791786194 0.27897409598032635 0.5608920454978943 0.2745973467826843 0.580810010433197 0.28225664297739667 0.5887771248817444 0.30632877349853516 0.5921916961669922 0.3358718554178874 0.5785336494445801 0.3500963052113851 0.5614610910415649 0.3686974843343099 0.535852313041687 0.3851102987925212 0.5256087779998779 0.36103816827138263 0.5119507312774658 0.3544730345408122 0.506829023361206 0.3479079008102417 0.5096744298934937 0.3205532232920329 0.5130889415740967 0.3085171580314636
1 0.5364213585853577 0.39824052651723224 0.5523557662963867 0.38401611646016437 0.5768263936042786 0.36541489760080975 0.5916225910186768 0.34900208314259845 0.5944679975509644 0.3511904875437419 0.5899153351783752 0.3665091196695964 0.580810010433197 0.39058125019073486 0.5768263936042786 0.41793592770894367 0.5779645442962646 0.44310224056243896 0.5745500326156616 0.4507615566253662 0.5603229403495789 0.44310224056243896 0.5449576377868652 0.42997197310129803 0.5369904637336731 0.4201242923736572
1 0.39927205443382263 0.43325455983479816 0.41179192066192627 0.41465338071187335 0.4214663505554199 0.4026172955830892 0.431709885597229 0.3829219341278076 0.4408152401447296 0.36432071526845294 0.4493514895439148 0.3588498036066691 0.45731866359710693 0.36541489760080975 0.46528586745262146 0.3686974843343099 0.4556114375591278 0.38620448112487793 0.44992056488990784 0.4168417453765869 0.44309157133102417 0.43872547149658203 0.4260190427303314 0.4441964228947957 0.4095155894756317 0.44310224056243896 0.4021174907684326 0.44310224056243896
1 0.5865008234977722 0.48249300320943195 0.604142427444458 0.5043767690658569 0.6172313690185547 0.5109418630599976 0.6320275664329529 0.49234068393707275 0.6462546586990356 0.4660801887512207 0.6587745547294617 0.46389182408650714 0.6656035780906677 0.48358718554178876 0.6564981937408447 0.49781163533528644 0.6508073806762695 0.5153186321258545 0.6428402066230774 0.5328256289164225 0.6246294975280762 0.5372023979822794 0.6018661260604858 0.5328256289164225 0.5944679975509644 0.5295430819193522 0.5893462896347046 0.513130267461141 0.5853626728057861 0.5
1 0.1892799437046051 0.877494732538859 0.20179979503154755 0.8588935534159342 0.20919789373874664 0.8501400947570801 0.22399407625198364 0.8479516506195068 0.23537577688694 0.8457632859547933 0.23480668663978577 0.8610819180806478 0.23253034055233002 0.8764005502065023 0.23196126520633698 0.8917191823323568 0.22114865481853485 0.8960959116617838 0.20293796062469482 0.8960959116617838 0.19326353073120117 0.8950017293294271
1 0.2456192970275879 0.12578781445821127 0.2564318776130676 0.11375174919764201 0.2752116918563843 0.11703431606292725 0.28545519709587097 0.12797618905703226 0.28659334778785706 0.17830882469813028 0.29399147629737854 0.2220763365427653 0.3093567490577698 0.26365546385447186 0.3190311789512634 0.30742297569910687 0.3122021555900574 0.3293067216873169 0.30708038806915283 0.3041404088338216 0.29968228936195374 0.26584382851918537 0.2917151153087616 0.2614670793215434 0.27634984254837036 0.25927871465682983 0.26439908146858215 0.25927871465682983 0.25813913345336914 0.23082983493804932 0.25358647108078003 0.2166053851445516 0.2564318776130676 0.2067577044169108 0.25984638929367065 0.19253325462341309 0.2592773139476776 0.16408438483874002 0.25244829058647156 0.14657737811406454
1 0.6274749040603638 0.005427171165744464 0.6451165080070496 0.004332983245452245 0.6661726236343384 0.008709733684857687 0.6860905885696411 0.008709733684857687 0.6980413198471069 0.011992296824852625 0.6980413198471069 0.04591211676597595 0.6917814612388611 0.07326680918534596 0.6821070313453674 0.08202030758062999 0.669018030166626 0.09296218554178874 0.6570672988891602 0.10828080773353577 0.6417019963264465 0.10499825080235799 0.6314585208892822 0.10280987620353699 0.6269057989120483 0.0874912440776825 0.6223531365394592 0.07983193298180898 0.6269057989120483 0.06232493122418722 0.6280439496040344 0.04044117530186971 0.6280439496040344 0.02731092522541682
1 0.6354420781135559 0.11484594146410625 0.6508073806762695 0.11812849839528401 0.6644653677940369 0.11703431606292725 0.6712943911552429 0.10828080773353577 0.6769852638244629 0.09843312700589497 0.6855214834213257 0.0896796186765035 0.6980413198471069 0.0874912440776825 0.7077158093452454 0.0874912440776825 0.7099921107292175 0.09624475240707397 0.7060085535049438 0.12250524759292603 0.7065775990486145 0.13891807198524475 0.690643310546875 0.13454131285349527 0.6792615652084351 0.13454131285349527 0.6644653677940369 0.13672968745231628 0.6542218327522278 0.13672968745231628 0.6462546586990356 0.13454131285349527 0.6411329507827759 0.12797618905703226
1 0.2556267976760864 0.24513485034306845 0.25772666931152344 0.2643128236134847 0.2614014446735382 0.28046270211537677 0.26297634840011597 0.3117530743281047 0.2545768618583679 0.3420340617497762 0.25195202231407166 0.3692869742711385 0.23777782917022705 0.37433381875356037 0.22780340909957886 0.3642401297887166 0.22255373001098633 0.3349685271581014 0.22360366582870483 0.30771559476852417 0.22780340909957886 0.2865188916524251 0.23987771570682526 0.2653221885363261 0.2503770887851715 0.2501816948254903
1 0.2173040360212326 0.3753432035446167 0.22570353746414185 0.37635254859924316 0.23357808589935303 0.37938066323598224 0.24460242688655853 0.3854368527730306 0.24985212087631226 0.39553054173787433 0.24250255525112152 0.4126897652943929 0.24145261943340302 0.4237927993138631 0.2383028119802475 0.43590521812438965 0.2293783277273178 0.44095202287038165 0.21257930994033813 0.4399426778157552 0.20260488986968994 0.4348958333333333 0.20050501823425293 0.4116803805033366 0.20837955176830292 0.3894743124643962
1 0.15483269095420837 0.3188186287879944 0.1621822565793991 0.32386547327041626 0.16638201475143433 0.3430434465408325 0.16848188638687134 0.3531370957692464 0.1611323207616806 0.3591933250427246 0.15588262677192688 0.3571745951970418
1 0.15588262677192688 0.3692869742711385 0.16795691847801208 0.36524951457977295 0.1721566766500473 0.37635254859924316 0.17163170874118805 0.39250242710113525 0.16060735285282135 0.40259607632954914 0.15483269095420837 0.40360546112060547 0.15483269095420837 0.37938066323598224
1 0.15535765886306763 0.4147084951400757 0.1721566766500473 0.4096616506576538 0.1842309683561325 0.407642920811971 0.19578029215335846 0.415717879931132 0.19578029215335846 0.4278302590052287 0.19158053398132324 0.4369145631790161 0.17530648410320282 0.4399426778157552 0.15955741703510284 0.441961407661438 0.15430772304534912 0.4348958333333333
