1 0.0009765625 0.0076155463854471845 0.04841780290007591 0.004332983245452245 0.06565126031637192 0.016369047264258068 0.0697544664144516 0.07983193298180898 0.0697544664144516 0.13891807198524475 0.04349396005272865 0.15970763564109802 0.0009765625 0.1629901925722758 0.0009765625 0.1601419448852539 0.0009765625 0.06889005502065022
1 0.07467830926179886 0.008709733684857687 0.1148897111415863 0.0013020833333333333 0.15756303071975708 0.005427171165744464 0.16823135316371918 0.005427171165744464 0.15263918042182922 0.05466561516125997 0.1427914947271347 0.12250524759292603 0.13540571928024292 0.1728378931681315 0.12637867033481598 0.1870623230934143 0.09027048200368881 0.17940300703048706 0.07631959021091461 0.1761204401652018 0.0837053582072258 0.14001225431760153 0.0804227963089943 0.09077381094296773 0.07631959021091461 0.04372373720010122
1 0.18546481430530548 0.0076155463854471845 0.1641281545162201 0.07654937108357747 0.15428046882152557 0.12359943985939026 0.15099789202213287 0.16955532630284628 0.16823135316371918 0.19253325462341309 0.188747376203537 0.21988795200983682 0.21336659789085388 0.21879376967748007 0.23552389442920685 0.1914390722910563 0.2691701650619507 0.12250524759292603 0.29296875 0.07217261691888173 0.286403626203537 0.003238795635600885 0.25158658623695374 0.0013020833333333333 0.2166491597890854 0.003238795635600885
1 0.3274356722831726 0.0076155463854471845 0.3651851415634155 0.07764355838298798 0.3865217864513397 0.111563374598821 0.40621718764305115 0.12469363212585449 0.475151002407074 0.10499825080235799 0.5153623819351196 0.09515056014060974 0.535057783126831 0.08420868714650472 0.5539324879646301 0.06013655662536621 0.5481880307197571 0.010898109525442123 0.5366990566253662 0.0013020833333333333 0.475151002407074 0.003238795635600885 0.4160648584365845 0.002144607870529095 0.3733915388584137 0.0013020833333333333 0.34384846687316895 0.002144607870529095
1 0.31184348464012146 0.07107842961947124 0.3282563090324402 0.14001225431760153 0.3184086084365845 0.19034488995869955 0.2970719635486603 0.23520658413569132 0.25932246446609497 0.2417717178662618 0.24619221687316895 0.23411240180333456 0.2650669515132904 0.1870623230934143 0.2896861732006073 0.13235293825467428 0.2970719635486603 0.09405636787414551 0.30445772409439087 0.07873774568239848
1 0.3446691036224365 0.14438900351524353 0.39308691024780273 0.14548319578170776 0.4291951060295105 0.14110644658406576 0.47268906235694885 0.1356355051199595 0.49648767709732056 0.1268820067246755 0.5293132662773132 0.12031687299410503 0.5432642102241516 0.13344713052113852 0.5490086674690247 0.16408438483874002 0.5465467572212219 0.19472163915634155 0.5342371463775635 0.2209821343421936 0.5153623819351196 0.2417717178662618 0.495667040348053 0.26803221305211383 0.4718684256076813 0.2899159590403239 0.4497111439704895 0.3041404088338216 0.41688549518585205 0.31289390722910565 0.38570114970207214 0.3096113403638204 0.3446691036224365 0.2767857114473979 0.32004988193511963 0.25271358092625934 0.32907694578170776 0.21879376967748007 0.3381039798259735 0.18049718936284384
1 0.5736278891563416 0.006521358465154965 0.5769104361534119 0.052477240562438965 0.5629595518112183 0.0874912440776825 0.5481880307197571 0.12250524759292603 0.5678834319114685 0.18925070762634277 0.5875787734985352 0.1881565054257711 0.6179425120353699 0.17940300703048706 0.6540507078170776 0.16408438483874002 0.6844143867492676 0.14329482118288675 0.7114955186843872 0.10609243313471477 0.7361147403717041 0.06451330582300822 0.7517069578170776 0.015274859964847565 0.7435005307197571 0.004332983245452245 0.709854245185852 0.004332983245452245 0.663077712059021 0.006521358465154965 0.6425617337226868 0.006521358465154965 0.6220456957817078 0.006521358465154965 0.5941439270973206 0.005427171165744464 0.5834755897521973 0.005427171165744464
1 0.40949973464012146 0.3380602200826009 0.43411895632743835 0.3380602200826009 0.4603794515132904 0.3260241548220317 0.48663997650146484 0.30304622650146484 0.508797287940979 0.27787989377975464 0.5243894457817078 0.2713147799173991 0.5293132662773132 0.29101016124089557 0.521927535533905 0.31289390722910565 0.5104385614395142 0.34571953614552814 0.5005908608436584 0.373074213663737 0.4923844337463379 0.4026172955830892 0.4808954894542694 0.4201242923736572 0.4735097289085388 0.43434874216715497 0.4628413915634155 0.4463847875595093 0.4423253536224365 0.4627976020177205 0.4259125590324402 0.4748336871465047 0.4185267984867096 0.4759278694788615 0.41032037138938904 0.4463847875595093 0.4070378243923187 0.4223126570383708 0.397190123796463 0.3851102987925212 0.39636948704719543 0.3599439859390259
1 0.0009765625 0.4573266903559367 0.05170036852359772 0.4420080582300822 0.09929753094911575 0.43872547149658203 0.10668329894542694 0.44966737429300946 0.09027048200368881 0.5043767690658569 0.07139574736356735 0.526260495185852 0.04349396005272865 0.5350139935811361 0.008206408470869064 0.5470500787099203 0.0009765625 0.548144261042277 0.0009765625 0.508753498395284 0.0009765625 0.48452818393707275
1 0.0016412818804383278 0.19253325462341309 0.03857011720538139 0.18049718936284384 0.07221638411283493 0.18487395842870077 0.1116071417927742 0.1980042060216268 0.14115020632743835 0.20347513755162558 0.1641281545162201 0.2220763365427653 0.18054096400737762 0.24286590019861856 0.1813616007566452 0.29757527510325116 0.16002494096755981 0.35228466987609863 0.13704700767993927 0.41355915864308673 0.1222754716873169 0.43872547149658203 0.08780856430530548 0.4234068791071574 0.05416228622198105 0.421218474706014 0.028722427785396576 0.4277836084365845 0.0009765625 0.43653710683186847 0.0009765625 0.4168417453765869 0.0009765625 0.3413428068161011 0.0009765625 0.2745973467826843 0.0009765625 0.23520658413569132 0.0009765625 0.1980042060216268
1 0.201877623796463 0.24833683172861734 0.22567620873451233 0.2406775156656901 0.2502954304218292 0.2549019654591878 0.2519367039203644 0.33696603775024414 0.2535780072212219 0.40480566024780273 0.2437303066253662 0.4441964228947957 0.22567620873451233 0.5317314465840658 0.22157301008701324 0.5645570755004883 0.21911108493804932 0.6083245674769083 0.19613313674926758 0.5951943397521973 0.1813616007566452 0.5547093947728475 0.1706932783126831 0.5142244497934977 0.15181854367256165 0.47702205181121826 0.14935661852359772 0.43981969356536865 0.1608455926179886 0.40918242931365967 0.18054096400737762 0.3599439859390259 0.19613313674926758 0.30195202430089313 0.20023635029792786 0.26912639538447064
1 0.27081143856048584 0.25380776325861615 0.31594669818878174 0.2745973467826843 0.3528755307197571 0.3107055226961772 0.37831538915634155 0.3358718554178874 0.38898372650146484 0.3676033020019531 0.39226627349853516 0.4420080582300822 0.40293461084365845 0.4748336871465047 0.41278231143951416 0.5251663128534952 0.42673319578170776 0.5525209903717041 0.40211397409439087 0.5711222092310587 0.36436450481414795 0.5667454401652018 0.3216911852359772 0.5623687108357748 0.3110228478908539 0.513130267461141 0.3069196343421936 0.460609237353007 0.29461002349853516 0.4234068791071574 0.2790178656578064 0.40480566024780273 0.2683495283126831 0.3697916666666667 0.2675288915634155 0.3325892885526021 0.26999080181121826 0.2899159590403239 0.2683495283126831 0.26803221305211383
1 0.26588761806488037 0.4223126570383708 0.279838502407074 0.4376312891642253 0.29050683975219727 0.48249300320943195 0.29296875 0.5328256289164225 0.2896861732006073 0.5711222092310587 0.28722426295280457 0.6028536558151245 0.2437303066253662 0.5853466192881266 0.23142069578170776 0.561274528503418 0.23962709307670593 0.5054709513982137 0.2502954304218292 0.44310224056243896 0.25932246446609497 0.43325455983479816
1 0.5366990566253662 0.25709033012390137 0.5588563680648804 0.2133228381474813 0.580193042755127 0.2067577044169108 0.6080948114395142 0.20128677288691202 0.636817216873169 0.19691002368927002 0.6688222289085388 0.19362745682398477 0.6983652710914612 0.21004027128219604 0.6803112030029297 0.2417717178662618 0.6688222289085388 0.2855392098426819 0.6671809554100037 0.3347776730855306 0.6589745283126831 0.3588498036066691 0.6302521228790283 0.38401611646016437 0.6031709313392639 0.3916754325230916 0.580193042755127 0.4080882469813029 0.5662420988082886 0.4409138758977254 0.5531118512153625 0.47373950481414795 0.5342371463775635 0.5229779481887817 0.5235688090324402 0.5547093947728475 0.5046940445899963 0.5667454401652018 0.4784335494041443 0.5711222092310587 0.4464285671710968 0.5273546775182089 0.4365808963775635 0.4945290486017863 0.45873817801475525 0.46826855341593426 0.4915637969970703 0.43325455983479816 0.5202862620353699 0.3588498036066691 0.5366990566253662 0.30195202430089313
1 0.8083311319351196 0.02512254814306895 0.8624934554100037 0.002144607870529095 0.9035254716873169 0.006521358465154965 0.9593290686607361 0.004332983245452245 0.9873046875 0.008158712337414423 0.9873046875 0.07764355838298798 0.983948290348053 0.09952730933825175 0.9667147994041443 0.12359943985939026 0.9388130307197571 0.16189601023991904 0.892036497592926 0.2023809552192688 0.8567489385604858 0.22754726807276407 0.8354122638702393 0.2363007664680481 0.807510495185852 0.20785188674926758 0.7878151535987854 0.1728378931681315 0.7689403891563416 0.16955532630284628 0.7459624409675598 0.17940300703048706 0.7155987620353699 0.19034488995869955 0.6942620873451233 0.1914390722910563 0.6885175704956055 0.18049718936284384 0.7180606722831726 0.13891807198524475 0.7459624409675598 0.11046919226646423 0.7705816626548767 0.0853028694788615 0.786994457244873 0.06341911852359772 0.7976627945899963 0.041535365084807076
1 0.983948290348053 0.13016456365585327 0.950302004814148 0.17393207550048828 0.9141938090324402 0.20347513755162558 0.8641347289085388 0.2417717178662618 0.8444393277168274 0.2713147799173991 0.845259964466095 0.2986694773038228 0.8575695753097534 0.3632265329360962 0.871520459651947 0.43653710683186847 0.8649553656578064 0.47702205181121826 0.8641347289085388 0.5142244497934977 0.865776002407074 0.5350139935811361 0.9018841981887817 0.5503326257069906 0.9281446933746338 0.5689338048299154 0.9601497054100037 0.5984768867492676 0.9798450469970703 0.6148897012074789 0.9873046875 0.60856032371521 0.9873046875 0.4715511401494344 0.9864102005958557 0.37745098272959393 0.9831276535987854 0.2921043435732524 0.9872308373451233 0.21551120281219482 0.9873046875 0.2144279678662618 0.9873046875 0.1356355051199595
1 0.7525275945663452 0.1870623230934143 0.7722229361534119 0.18377975622812906 0.7853531837463379 0.19581582148869833 0.8124343752861023 0.22754726807276407 0.8247439861297607 0.2406775156656901 0.8239232897758484 0.26803221305211383 0.7878151535987854 0.26584382851918537 0.7500656247138977 0.2647496461868286 0.717240035533905 0.26912639538447064 0.6975446343421936 0.2855392098426819 0.7090336084365845 0.25271358092625934 0.7221638560295105 0.23082983493804932 0.7377560138702393 0.2176995873451233
1 0.5637801885604858 0.5 0.5851168632507324 0.4409138758977254 0.6039915680885315 0.4102766116460164 0.6466649174690247 0.4058998425801595 0.6647189855575562 0.41465338071187335 0.6671809554100037 0.4551382859547933 0.6663603186607361 0.4879639546076457 0.6597951650619507 0.5251663128534952 0.6384584903717041 0.5503326257069906 0.6236869692802429 0.5711222092310587 0.5982471108436584 0.5579919417699178 0.5703453421592712 0.5295430819193522
1 0.5514705777168274 0.5328256289164225 0.580193042755127 0.561274528503418 0.5875787734985352 0.5765931208928426 0.5662420988082886 0.5754989385604858 0.5416228771209717 0.5722163915634155 0.5358784198760986 0.5689338048299154 0.5416228771209717 0.5470500787099203
1 0.5120798349380493 0.6006652514139811 0.5301339030265808 0.5842524369557699 0.5621389150619507 0.5886292060216268 0.593323290348053 0.5962885220845541 0.6163011789321899 0.6094187498092651 0.6154805421829224 0.6389618317286173 0.6105567216873169 0.6794467767079672 0.5908613204956055 0.7243084907531738 0.5752691626548767 0.7494747638702393 0.5646008253097534 0.7604166666666666 0.5342371463775635 0.7494747638702393 0.5063353180885315 0.7308735847473145 0.5112591981887817 0.692577044169108 0.514541745185852 0.6641281445821127 0.5120798349380493 0.6291141510009766
1 0.21829044818878174 0.6334908803304037 0.2683495283126831 0.6225490172704061 0.32579436898231506 0.6017594734827677 0.3651851415634155 0.5919117530186971 0.39965203404426575 0.5930059353510538 0.4390428066253662 0.5930059353510538 0.47597163915634155 0.5995710690816244 0.4891018867492676 0.6028536558151245 0.4915637969970703 0.6236431996027628 0.49402570724487305 0.6608455975850424 0.4915637969970703 0.6958595911661783 0.4874606132507324 0.7221201260884603 0.4702271521091461 0.7385329405466715 0.4283744692802429 0.7582283020019531 0.4004727005958557 0.7866772015889486 0.38159796595573425 0.8216911951700846 0.3742121756076813 0.8359156449635824 0.36026129126548767 0.8315388361612955 0.3389246463775635 0.8249737421671549 0.3077402710914612 0.811843474706014 0.279838502407074 0.7965248425801595 0.25603991746902466 0.7801120281219482 0.24290966987609863 0.7801120281219482 0.22239364683628082 0.7888655662536621 0.20351891219615936 0.7823003927866617 0.18628545105457306 0.7735469341278076 0.18710608780384064 0.7254026730855306 0.20105698704719543 0.6717875003814697 0.2125459611415863 0.6477153301239014
1 0.0009765625 0.570028026898702 0.0279017873108387 0.5590861241022745 0.06811318546533585 0.5547093947728475 0.059086136519908905 0.5897233883539835 0.06072741746902466 0.6302083333333334 0.06236869841814041 0.6542804638544718 0.03528755158185959 0.6608455975850424 0.01395089365541935 0.667410691579183 0.0009765625 0.6685048739115397 0.0009765625 0.6280199686686198
1 0.1501772552728653 0.5098476807276408 0.11571034789085388 0.526260495185852 0.09847689419984818 0.5404849449793497 0.0869879201054573 0.570028026898702 0.07714023441076279 0.6039478381474813 0.0804227963089943 0.6269257863362631 0.08616727590560913 0.6575630108515421 0.09601496905088425 0.6914828618367513 0.1009388118982315 0.7177433172861735 0.09765625 0.7374387582143148 0.13048188388347626 0.746192216873169 0.14853598177433014 0.7527573903401693 0.16166622936725616 0.7549457550048828 0.17233455181121826 0.6991421381632487 0.1879267394542694 0.6531862815221151 0.19285057485103607 0.6291141510009766 0.18300288915634155 0.6006652514139811 0.1747964769601822 0.5754989385604858 0.1641281545162201 0.539390762646993 0.15838366746902466 0.5207895835240682
1 0.0009765625 0.6871060530344645 0.033646270632743835 0.6761642297108968 0.06236869841814041 0.6695990562438965 0.0730370283126831 0.6728816827138265 0.07796087116003036 0.698047955830892 0.0804227963089943 0.7188374996185303 0.0837053582072258 0.736344575881958 0.06483061611652374 0.7571341196695963 0.0418526791036129 0.7669817606608073 0.018054096028208733 0.7702643871307373 0.0009765625 0.7768294811248779 0.0009765625 0.7790178457895914
1 0.0009765625 0.8074667453765869 0.027081143110990524 0.7855830192565918 0.05826549232006073 0.7757352987925211 0.09601496905088425 0.7658875783284506 0.11899290978908539 0.7702643871307373 0.12637867033481598 0.7888655662536621 0.12719932198524475 0.8129376570383707 0.12719932198524475 0.8348214626312256 0.13294380903244019 0.8610819180806478 0.1255580335855484 0.8950017293294271 0.10668329894542694 0.9267331759134928 0.08862920105457306 0.951899528503418 0.07960215210914612 0.9672181606292725 0.06893382221460342 0.9869135220845541 0.05567637085914612 0.9986979166666666 0.019695378839969635 0.9986979166666666 0.0009765625 0.9957230091094971 0.0009765625 0.9234506289164225 0.0009765625 0.8435749212900797
1 0.14115020632743835 0.781206210454305 0.16494879126548767 0.7823003927866617 0.17315520346164703 0.8030900160471598 0.1780790388584137 0.8216911951700846 0.1920299381017685 0.8545168240865072 0.1985950618982315 0.877494732538859 0.20680147409439087 0.9048494497934977 0.21911108493804932 0.9311099052429199 0.23306196928024292 0.9606529871622721 0.2511160671710968 0.9901960690816244 0.23962709307670593 0.9945727984110514 0.20516018569469452 0.9934786160786947 0.16494879126548767 0.9912902514139811 0.1288405954837799 0.9956669807434082 0.09929753094911575 0.9956669807434082 0.11571034789085388 0.9508053461710612 0.13868828117847443 0.9234506289164225 0.15099789202213287 0.8884366353352865 0.14935661852359772 0.8523284594217936 0.1427914947271347 0.8271621068318685 0.14115020632743835 0.816220204035441 0.14032956957817078 0.7921481132507324
1 0.21418723464012146 0.8216911951700846 0.24290966987609863 0.7976190249125162 0.25932246446609497 0.7998073895772299 0.2896861732006073 0.811843474706014 0.3077402710914612 0.8260679244995117 0.32989758253097534 0.8402923742930094 0.3315388560295105 0.84685746828715 0.3175879716873169 0.8829657236735026 0.29789260029792786 0.9190738995869955 0.28804489970207214 0.9486169815063477 0.2749146521091461 0.9792541662851969 0.2675288915634155 0.982536792755127 0.24208903312683105 0.9508053461710612 0.22403492033481598 0.9168855349222819 0.2166491597890854 0.8851540883382162 0.21172530949115753 0.8567051887512207 0.21172530949115753 0.8446691036224365
1 0.35041359066963196 0.8512342770894369 0.3733915388584137 0.8545168240865072 0.3898043632507324 0.873118003209432 0.42016807198524475 0.8928133646647135 0.45135241746902466 0.9004727204640707 0.49074316024780273 0.9092261791229248 0.5227481722831726 0.9201680819193522 0.5465467572212219 0.9398634433746338 0.5498293042182922 0.969406525293986 0.5481880307197571 0.9945727984110514 0.521927535533905 0.9967612425486246 0.47597163915634155 0.9956669807434082 0.41032037138938904 0.9912902514139811 0.3381039798259735 0.9912902514139811 0.284927636384964 0.9986979166666666 0.2970719635486603 0.9573704401652018 0.3216911852359772 0.9048494497934977 0.33974528312683105 0.8796830972035726
1 0.3898043632507324 0.8337272802988688 0.43740153312683105 0.781206210454305 0.4841780364513397 0.7582283020019531 0.5153623819351196 0.7571341196695963 0.5465467572212219 0.7746411164601644 0.5588563680648804 0.811843474706014 0.5613182783126831 0.842480738957723 0.5703453421592712 0.8829657236735026 0.572807252407074 0.9223564465840658 0.559677004814148 0.9376750787099203 0.5375196933746338 0.9190738995869955 0.5055146813392639 0.8971900939941406 0.4669446051120758 0.8960959116617838 0.41688549518585205 0.8862482706705729 0.390625 0.8545168240865072
1 0.572807252407074 0.9562762578328451 0.6015296578407288 0.9781599839528402 0.6146599054336548 0.9923844337463379 0.5851168632507324 0.9956669807434082 0.5637801885604858 0.9956669807434082 0.5572150945663452 0.9901960690816244 0.5621389150619507 0.9705007076263428
1 0.663077712059021 0.38948702812194824 0.6811318397521973 0.32821253935496014 0.6926208138465881 0.3008578419685364 0.7180606722831726 0.28444502751032513 0.7640165686607361 0.2745973467826843 0.8050485849380493 0.28116246064503986 0.828026533126831 0.2921043435732524 0.832129716873169 0.3358718554178874 0.8370535969734192 0.37526261806488037 0.8403361439704895 0.42997197310129803 0.8436186909675598 0.47045691808064777 0.845259964466095 0.5153186321258545 0.8362329602241516 0.5404849449793497 0.8124343752861023 0.5547093947728475 0.7722229361534119 0.539390762646993 0.7525275945663452 0.5350139935811361 0.7188813090324402 0.5229779481887817 0.690979540348053 0.5142244497934977 0.68359375 0.4813988208770752 0.6770285964012146 0.4321603775024414 0.670463502407074 0.3971463441848755
1 0.8600314855575562 0.5590861241022745 0.8255646228790283 0.5831582546234131 0.8116136789321899 0.6039478381474813 0.8009454011917114 0.6236431996027628 0.8034073114395142 0.6553746461868286 0.8132550120353699 0.7494747638702393 0.8427980542182922 0.7297794024149576 0.87890625 0.7319677670796713 0.858390212059021 0.6761642297108968 0.8649553656578064 0.6422443787256876 0.8813681602478027 0.6006652514139811 0.8723410964012146 0.570028026898702
1 0.8830094337463379 0.5689338048299154 0.9207589030265808 0.5886292060216268 0.9420955777168274 0.6094187498092651 0.9478400945663452 0.6378676493962606 0.9552258253097534 0.6663165092468262 0.9642528891563416 0.702424685160319 0.9765625 0.7297794024149576 0.9675354361534119 0.781206210454305 0.9617909789085388 0.8249737421671549 0.9585084319114685 0.8709296385447184 0.9494813680648804 0.8742121855417887 0.9330685138702393 0.8709296385447184 0.9224002361297607 0.8249737421671549 0.9010635614395142 0.7636992136637369 0.8895745873451233 0.7407213052113851 0.8739824295043945 0.6860118707021078 0.8682379126548767 0.6772584120432535 0.8772649765014648 0.6488095124562582 0.8821887969970703 0.6159838835398356 0.8903952240943909 0.5984768867492676 0.884650707244873 0.5842524369557699
1 0.689338207244873 0.530637264251709 0.7574514150619507 0.5547093947728475 0.7902770638465881 0.5678396224975586 0.794380247592926 0.5853466192881266 0.7837119102478027 0.6400560140609741 0.7796087265014648 0.7440038522084554 0.775505542755127 0.7768294811248779 0.7746848464012146 0.8315388361612955 0.7640165686607361 0.8807772795359293 0.7385767102241516 0.9026610851287842 0.7016478180885315 0.9354867140452067 0.6663603186607361 0.9464285373687744 0.6433823704719543 0.965029795964559 0.6245076060295105 0.9814426104227701 0.5834755897521973 0.9442401727040609 0.5851168632507324 0.8960959116617838 0.5818343162536621 0.8402923742930094 0.5678834319114685 0.7998073895772299 0.5875787734985352 0.7626050313313802 0.612197995185852 0.7264968554178873 0.6294314861297607 0.684917688369751 0.6277901530265808 0.6291141510009766 0.6269695162773132 0.5951943397521973 0.6540507078170776 0.5667454401652018 0.6803112030029297 0.5470500787099203
1 0.8157169222831726 0.7626050313313802 0.8345916271209717 0.7516631285349528 0.852645754814148 0.7429096698760986 0.8690585494041443 0.746192216873169 0.8871126770973206 0.753851572672526 0.899422287940979 0.7833945751190186 0.9092699289321899 0.8140318393707275 0.9158350825309753 0.8370098272959391 0.9191176295280457 0.8610819180806478 0.9010635614395142 0.8567051887512207 0.8756237030029297 0.8523284594217936 0.8600314855575562 0.8621761004130045 0.8534663915634155 0.8928133646647135 0.8386948704719543 0.9398634433746338 0.832129716873169 0.969406525293986 0.8239232897758484 0.9792541662851969 0.7935596108436584 0.9639356136322021 0.7672991156578064 0.9453343550364176 0.7517069578170776 0.9322041670481364 0.775505542755127 0.8960959116617838 0.7919183373451233 0.8490458329518636 0.8050485849380493 0.8129376570383707 0.8091517686843872 0.781206210454305
1 0.8682379126548767 0.8676470915476481 0.8830094337463379 0.8610819180806478 0.9035254716873169 0.873118003209432 0.9273240566253662 0.877494732538859 0.9511226415634155 0.8840599060058594 0.9732799530029297 0.8676470915476481 0.969176709651947 0.8534226417541504 0.9855895638465881 0.8567051887512207 0.9872308373451233 0.873118003209432 0.983948290348053 0.9125087261199951 0.9798450469970703 0.9442401727040609 0.9601497054100037 0.9715948899586996 0.9240415096282959 0.9956669807434082 0.9049468040466309 0.9986979166666666 0.8501838445663452 0.9986979166666666 0.8354122638702393 0.9956669807434082 0.852645754814148 0.9508053461710612 0.8592108488082886 0.8993785381317139
1 0.6491268277168274 0.9956669807434082 0.696723997592926 0.9945727984110514 0.7385767102241516 0.9923844337463379 0.7960215210914612 0.9945727984110514 0.8181788325309753 0.9967612425486246 0.7927389740943909 0.9748774369557699 0.7705816626548767 0.9617471694946289 0.7459624409675598 0.9562762578328451 0.730370283126831 0.9508053461710612 0.7090336084365845 0.9573704401652018 0.6860556602478027 0.965029795964559 0.676207959651947 0.9759716192881266
