1 0.08313152194023132 0.024028360843658447 0.11759842932224274 0.06998424232006073 0.1430383026599884 0.10280987620353699 0.16519559919834137 0.15204831957817078 0.18324969708919525 0.19362745682398477 0.20704826712608337 0.24396008253097534 0.2333087921142578 0.2953869104385376 0.2653137743473053 0.33149510622024536 0.28418850898742676 0.3676033020019531 0.24233582615852356 0.3927696148554484 0.21935787796974182 0.41137079397837323 0.18899418413639069 0.4223126570383708 0.16109240055084229 0.4420080582300822 0.13401125371456146 0.45185573895772296 0.10282690078020096 0.4452906052271525 0.0839521661400795 0.43872547149658203 0.08313152194023132 0.3676033020019531 0.07879853993654251 0.2537077267964681 0.08066960424184799 0.12578781445821127 0.08066960424184799 0.06232493122418722
1 0.09708241373300552 0.006521358465154965 0.15124469995498657 0.09077381094296773 0.17586392164230347 0.09296218554178874 0.21443405747413635 0.11703431606292725 0.2406945526599884 0.14548319578170776 0.27680274844169617 0.15095412731170654 0.3079870939254761 0.15095412731170654 0.3202967047691345 0.11922269066174825 0.3104490041732788 0.07654937108357747 0.3079870939254761 0.04700630406538645 0.3465571999549866 0.0349702388048172 0.37938281893730164 0.0360644261042277 0.40974652767181396 0.02512254814306895 0.41302910447120667 0.0076155463854471845 0.38266539573669434 0.002144607870529095 0.31108909845352173 0.0013020833333333333 0.22510236501693726 0.0013020833333333333 0.18078777194023132 0.003238795635600885 0.13893508911132812 0.004332983245452245 0.11677779257297516 0.003238795635600885
1 0.24151518940925598 0.1608018179734548 0.28418850898742676 0.16736694176991782 0.31947606801986694 0.15642506877581278 0.3317856788635254 0.13016456365585327 0.3276824653148651 0.09077381094296773 0.32686182856559753 0.08202030758062999 0.35722553730010986 0.08639706174532573 0.3916924297809601 0.0896796186765035 0.40646398067474365 0.10609243313471477 0.4253387153148651 0.13344713052113852 0.43764832615852356 0.1629901925722758 0.4442134499549866 0.19034488995869955 0.44585472345352173 0.2166053851445516 0.43108320236206055 0.2603728969891866 0.40728461742401123 0.30632877349853516 0.3761002719402313 0.3325892885526021 0.3490191102027893 0.36213235060373944 0.3071664571762085 0.36213235060373944 0.28500914573669434 0.3172706564267476 0.26777568459510803 0.2756915291150411 0.25956928730010986 0.23958333333333334 0.25382480025291443 0.20785188674926758 0.24890094995498657 0.1870623230934143
1 0.40974652767181396 0.051383053263028465 0.4360070526599884 0.07217261691888173 0.4639088213443756 0.0896796186765035 0.5082234144210815 0.09515056014060974 0.5377665162086487 0.0853028694788615 0.5566412210464478 0.10499825080235799 0.5829017162322998 0.13344713052113852 0.5517174005508423 0.17940300703048706 0.5361252427101135 0.22317051887512207 0.5197123885154724 0.2549019654591878 0.48606613278388977 0.2363007664680481 0.4680120348930359 0.21113445361455283 0.4573436975479126 0.18159139156341553 0.44093087315559387 0.13454131285349527 0.42041486501693726 0.10390405853589375 0.4081052541732788 0.08092612028121948 0.40728461742401123 0.06232493122418722
1 0.5443316102027893 0.011992296824852625 0.5804398059844971 0.07326680918534596 0.5952113270759583 0.107186625401179 0.6296782493591309 0.13344713052113852 0.6575800180435181 0.13782387971878052 0.7018946409225464 0.10828080773353577 0.7338996529579163 0.06779586772123973 0.7429266571998596 0.05028886596361796 0.7297964096069336 0.02512254814306895 0.7207694053649902 0.006521358465154965 0.6805579662322998 0.0013020833333333333 0.6263957023620605 0.0013020833333333333 0.5968526005744934 0.0013020833333333333 0.567309558391571 0.003238795635600885 0.5492554903030396 0.003238795635600885
1 0.5919287800788879 0.14220062891642252 0.6395259499549866 0.15204831957817078 0.6780960559844971 0.14767157038052878 0.7068184614181519 0.12031687299410503 0.7355409264564514 0.0853028694788615 0.7576982378959656 0.06341911852359772 0.7839587330818176 0.06560749312241872 0.8184256553649902 0.06998424232006073 0.8381209969520569 0.08202030758062999 0.8504306077957153 0.107186625401179 0.860278308391571 0.16408438483874002 0.8693053722381592 0.2209821343421936 0.8668434619903564 0.25927871465682983 0.8455067873001099 0.2953869104385376 0.8118605017662048 0.34024858474731445 0.7741110324859619 0.3872986634572347 0.7429266571998596 0.43981969356536865 0.7256932258605957 0.4660801887512207 0.702715277671814 0.4660801887512207 0.6707103252410889 0.44310224056243896 0.6263957023620605 0.4080882469813029 0.5837223529815674 0.37526261806488037 0.5476142168045044 0.3588498036066691 0.5270981788635254 0.3347776730855306 0.5246362686157227 0.3052345911661784 0.5213537216186523 0.2767857114473979 0.5418696999549866 0.24833683172861734 0.5599238276481628 0.19909838835398355 0.5689508318901062 0.1761204401652018 0.584542989730835 0.1542366941769918
1 0.18981482088565826 0.43981969356536865 0.20540699362754822 0.4266894261042277 0.22592300176620483 0.4234068791071574 0.24643903970718384 0.41355915864308673 0.26367250084877014 0.40042893091837567 0.27352017164230347 0.3829219341278076 0.2833678722381592 0.37745098272959393 0.29075363278388977 0.3763568003972371 0.2833678722381592 0.4015231132507324 0.26777568459510803 0.43981969356536865 0.2554660737514496 0.46717437108357746 0.24643903970718384 0.4792104164759318 0.22920557856559753 0.47373950481414795 0.2136133909225464 0.4595150550206502 0.20130379498004913 0.45294992129007977
1 0.08477280288934708 0.4562325080235799 0.1118539497256279 0.46170341968536377 0.14467957615852356 0.4660801887512207 0.16683688759803772 0.4551382859547933 0.17996713519096375 0.4540441036224365 0.1988418698310852 0.4660801887512207 0.22264045476913452 0.4813988208770752 0.2267436683177948 0.4967174530029297 0.21935787796974182 0.5492384433746338 0.20458635687828064 0.5689338048299154 0.1783258616924286 0.574404756228129 0.150424063205719 0.5820640722910563 0.11923971772193909 0.5951943397521973 0.09872369468212128 0.6017594734827677 0.08477280288934708 0.6083245674769083 0.07879853993654251 0.6038992007573446 0.07879853993654251 0.5667454401652018 0.08149024099111557 0.5120360453923544 0.08066960424184799 0.4879639546076457 0.08066960424184799 0.47045691808064777
1 0.3047045171260834 0.37963934739430744 0.33753013610839844 0.3851102987925212 0.35148105025291443 0.37526261806488037 0.38512730598449707 0.3479079008102417 0.40728461742401123 0.3205532232920329 0.43026256561279297 0.30304622650146484 0.44503408670425415 0.2647496461868286 0.4598056375980377 0.23411240180333456 0.4671913981437683 0.22535890340805054 0.48688676953315735 0.25380776325861615 0.5098647475242615 0.26912639538447064 0.5172504782676697 0.30195202430089313 0.5180711150169373 0.3413428068161011 0.5139679312705994 0.37088584899902344 0.4893486797809601 0.421218474706014 0.4606262743473053 0.460609237353007 0.42697998881340027 0.5317314465840658 0.4113878309726715 0.5886292060216268 0.40318140387535095 0.6116071542104086 0.3637906610965729 0.6225490172704061 0.3342475891113281 0.6345851023991903 0.31947606801986694 0.6345851023991903 0.29485684633255005 0.618172287940979 0.2653137743473053 0.5951943397521973 0.23248815536499023 0.5733105738957723 0.2201785147190094 0.570028026898702 0.2341294288635254 0.5317314465840658 0.24725967645645142 0.4967174530029297 0.25710737705230713 0.48358718554178876 0.27762338519096375 0.44857319196065265 0.2899329960346222 0.41793592770894367 0.29813939332962036 0.40042893091837567
1 0.08313152194023132 0.6225490172704061 0.11021266877651215 0.6137955188751221 0.14550021290779114 0.605042020479838 0.17996713519096375 0.5919117530186971 0.1988418698310852 0.58753502368927 0.21935787796974182 0.5864408413569132 0.25956928730010986 0.6083245674769083 0.30142197012901306 0.6345851023991903 0.3219379782676697 0.6499036947886149 0.3112696409225464 0.6969537734985352 0.31209030747413635 0.7593224843343099 0.31619349122047424 0.816220204035441 0.2825472354888916 0.8326330184936523 0.25382480025291443 0.8643644650777181 0.23823261260986328 0.9070378144582113 0.21525469422340393 0.921262264251709 0.17586392164230347 0.9136029084523519 0.13154932856559753 0.9103203614552816 0.09215857088565826 0.9223564465840658 0.08149024099111557 0.9234506289164225 0.08231088519096375 0.8413865566253662 0.08313152194023132 0.7669817606608073 0.08066960424184799 0.7035189469655355 0.08066960424184799 0.6630339622497559 0.08231088519096375 0.6378676493962606
1 0.08313152194023132 0.9420518080393473 0.11349523067474365 0.9289215405782064 0.1643749475479126 0.9201680819193522 0.20868957042694092 0.9311099052429199 0.2333087921142578 0.9354867140452067 0.25300416350364685 0.9584646224975586 0.2792646586894989 0.9814426104227701 0.2906836271286011 0.9986979166666666 0.23248815536499023 0.9986979166666666 0.15863047540187836 0.9986979166666666 0.10610946267843246 0.9967612425486246 0.08805536478757858 0.9967612425486246 0.07879853993654251 0.9967612425486246 0.07879853993654251 0.9792541662851969 0.07902831584215164 0.9628413518269857
1 0.248080313205719 0.9092261791229248 0.27105826139450073 0.8654586474100748 0.2956774830818176 0.8391981919606527 0.32357925176620483 0.829350471496582 0.34081271290779114 0.8315388361612955 0.3728176951408386 0.8512342770894369 0.42451807856559753 0.8862482706705729 0.4581643342971802 0.9059436321258545 0.46883267164230347 0.9256389935811361 0.48032164573669434 0.9737832546234131 0.48606613278388977 0.9945727984110514 0.44913730025291443 0.9978554248809814 0.43428778648376465 0.9986979166666666 0.32686182856559753 0.9986979166666666 0.3030632436275482 0.9986979166666666 0.29075363278388977 0.982536792755127 0.26695504784584045 0.9551820755004883 0.25956928730010986 0.9322041670481364 0.25382480025291443 0.9179797172546387
1 0.33014437556266785 0.6597514152526855 0.358866810798645 0.6520920991897583 0.3941543698310852 0.6433386007944742 0.40974652767181396 0.6433386007944742 0.42287677526474 0.6520920991897583 0.44503408670425415 0.6761642297108968 0.47293588519096375 0.7177433172861735 0.49345189332962036 0.7505689462025961 0.5123266577720642 0.781206210454305 0.52053302526474 0.8107492923736572 0.5221743583679199 0.8381040096282959 0.5024789571762085 0.8632702827453613 0.4753977954387665 0.8993785381317139 0.4540611505508423 0.8917191823323568 0.3875892460346222 0.8490458329518636 0.3465571999549866 0.8195028305053711 0.3317856788635254 0.8085609277089437 0.3219379782676697 0.7976190249125162 0.3170141279697418 0.7396271228790283 0.31947606801986694 0.7166491349538168 0.31947606801986694 0.684917688369751 0.3252205550670624 0.6728816827138265
1 0.5385871529579163 0.37526261806488037 0.5681301951408386 0.38401611646016437 0.6042383909225464 0.403711477915446 0.638705313205719 0.4277836084365845 0.6625038981437683 0.4551382859547933 0.6969708204269409 0.47702205181121826 0.7183074355125427 0.48030463854471844 0.7338996529579163 0.5054709513982137 0.7535949945449829 0.5601803064346313 0.7708284854888916 0.6028536558151245 0.7732903957366943 0.6313025156656901 0.7585188746452332 0.6630339622497559 0.7240519523620605 0.698047955830892 0.6912263035774231 0.733061949412028 0.644449770450592 0.781206210454305 0.6075209379196167 0.7965248425801595 0.5763366222381592 0.7998073895772299 0.5500761270523071 0.8019958337148031 0.5295600891113281 0.8063725630442301 0.5172504782676697 0.7746411164601644 0.49673447012901306 0.733061949412028 0.46965330839157104 0.688200314839681 0.44503408670425415 0.6564688285191854 0.4294419288635254 0.6334908803304037 0.42287677526474 0.6148897012074789 0.4220561385154724 0.58753502368927 0.44093087315559387 0.5317314465840658 0.4598056375980377 0.491246501604716 0.4745771586894989 0.460609237353007 0.4959138035774231 0.43653710683186847 0.5147885680198669 0.41793592770894367 0.5229949951171875 0.38620448112487793
1 0.5344839692115784 0.8304446538289388 0.5820810794830322 0.8205970128377279 0.6091622114181519 0.8085609277089437 0.6625038981437683 0.781206210454305 0.6797373294830322 0.7604166666666666 0.7043565511703491 0.7374387582143148 0.7314377427101135 0.7089898586273193 0.7642633318901062 0.6871060530344645 0.7954477071762085 0.6608455975850424 0.8159636855125427 0.667410691579183 0.8487893342971802 0.6936712265014648 0.8717672824859619 0.7308735847473145 0.8824356198310852 0.7647933959960938 0.8873594403266907 0.7976190249125162 0.8840768933296204 0.816220204035441 0.8610989451408386 0.7724527517954508 0.841403603553772 0.753851572672526 0.8061160445213318 0.7516631285349528 0.7593395113945007 0.7505689462025961 0.6953295469284058 0.8063725630442301 0.6657864451408386 0.8304446538289388 0.6510149240493774 0.8577993710835775 0.6600419878959656 0.8818714618682861 0.6674277186393738 0.9354867140452067 0.6813786029815674 0.9705007076263428 0.682199239730835 0.9956669807434082 0.6390089392662048 0.9986979166666666 0.5681301951408386 0.9986979166666666 0.5287394523620605 0.9986979166666666 0.5065821409225464 0.9967612425486246 0.4991963803768158 0.9945727984110514 0.49016931653022766 0.982536792755127 0.48278355598449707 0.9442401727040609 0.4745771586894989 0.921262264251709 0.48360419273376465 0.908131996790568 0.5057615041732788 0.8807772795359293 0.52053302526474 0.8643644650777181
1 0.6698896288871765 0.8512342770894369 0.7051771879196167 0.8173143863677979 0.7281551361083984 0.7921481132507324 0.7511330842971802 0.7757352987925211 0.7773935794830322 0.7658875783284506 0.8028334379196167 0.7626050313313802 0.8233494758605957 0.7636992136637369 0.8528925180435181 0.7833945751190186 0.8660228252410889 0.8129376570383707 0.8881800770759583 0.8534226417541504 0.9037722945213318 0.8818714618682861 0.9160819053649902 0.8950017293294271 0.9070548415184021 0.9322041670481364 0.8898213505744934 0.969406525293986 0.8832562565803528 0.9934786160786947 0.8692760467529297 0.9986979166666666 0.7716491222381592 0.9934786160786947 0.7297964096069336 0.9967612425486246 0.7092804312705994 0.9934786160786947 0.6936882138252258 0.9661239782969157 0.6830199360847473 0.9311099052429199 0.6756341457366943 0.8971900939941406 0.6707103252410889 0.8742121855417887 0.6707103252410889 0.8654586474100748
1 0.924288272857666 0.8971900939941406 0.965320348739624 0.9201680819193522 0.9866569638252258 0.9365808963775635 0.9981459379196167 0.9661239782969157 0.9965046644210815 0.9869135220845541 0.9788280725479126 0.9986979166666666 0.9357772469520569 0.9986979166666666 0.9086961150169373 0.9967612425486246 0.8865388035774231 0.9956669807434082 0.9037722945213318 0.9584646224975586 0.9160819053649902 0.93439253171285 0.9193644523620605 0.9179797172546387
1 0.749491810798645 0.008709733684857687 0.7650839686393738 0.030593487123648327 0.7888825535774231 0.038252800703048706 0.8249907493591309 0.04262954990069071 0.8520718812942505 0.039346988002459206 0.8906420469284058 0.024028360843658447 0.9086961150169373 0.011992296824852625 0.9139427542686462 0.0013020833333333333 0.8586370348930359 0.0013020833333333333 0.7995508909225464 0.004332983245452245 0.7741110324859619 0.006521358465154965
1 0.9292121529579163 0.009803921605149904 0.9103373885154724 0.029499299824237823 0.8848975300788879 0.04372373720010122 0.8791530728340149 0.04919467866420746 0.8988484144210815 0.051383053263028465 0.9275708794593811 0.06451330582300822 0.9472662210464478 0.07436099648475647 0.9743473529815674 0.0853028694788615 0.9948633909225464 0.0874912440776825 1.0 0.09624475240707397 1.0 0.09515056014060974 1.0 0.09843312700589497 1.0 0.064008762439092 1.0 0.0013020833333333333 1.0 0.0013020833333333333 1.0 0.004332983245452245 0.9735267162322998 0.003238795635600885 0.9472662210464478 0.003238795635600885
1 0.8586370348930359 0.08639706174532573 0.8848975300788879 0.07107842961947124 0.9021309614181519 0.06889005502065022 0.924288272857666 0.07873774568239848 0.9480868577957153 0.09186799327532451 0.9439836740493774 0.12250524759292603 0.9398804903030396 0.15533088644345602 0.939059853553772 0.19472163915634155 0.9464455842971802 0.22426470120747885 0.937418520450592 0.24286590019861856 0.9201850891113281 0.2516193985939026 0.898027777671814 0.25709033012390137 0.8857181668281555 0.2559961477915446 0.8791530728340149 0.2363007664680481 0.8783324360847473 0.19691002368927002 0.8717672824859619 0.1629901925722758 0.8660228252410889 0.12578781445821127 0.8635608553886414 0.109375
1 0.9538313746452332 0.10828080773353577 0.9915808439254761 0.111563374598821 1.0 0.11265756686528523 1.0 0.11812849839528401 1.0 0.14329482118288675 0.9924014806747437 0.17721464236577353 0.9825537800788879 0.21441702047983804 0.9809125065803528 0.23958333333333334 0.9644997119903564 0.2319240172704061 0.957934558391571 0.22535890340805054 0.9472662210464478 0.20456931988398233 0.9431630373001099 0.17174369096755981 0.9489074945449829 0.14220062891642252 0.9505487680435181 0.12141106526056926
1 1.0 0.1312587559223175 1.0 0.14657737811406454 1.0 0.14877806107203165 1.0 0.20456931988398233 1.0 0.2472426493962606 1.0 0.2855392098426819 1.0 0.3194590409596761 1.0 0.3194590409596761 1.0 0.2953869104385376 1.0 0.2921043435732524 1.0 0.2800682783126831 0.9907602071762085 0.26256128152211505 0.9874776005744934 0.23082983493804932 0.9932221174240112 0.20347513755162558 1.0 0.17830882469813028 1.0 0.15970763564109802 1.0 0.14110644658406576
1 0.8816149830818176 0.2745973467826843 0.9086961150169373 0.26803221305211383 0.9382391571998596 0.2603728969891866 0.9513694643974304 0.24833683172861734 0.9628583788871765 0.24396008253097534 0.9743473529815674 0.25271358092625934 0.9841950535774231 0.2767857114473979 0.9989665746688843 0.2942927082379659 1.0 0.31617647409439087 1.0 0.3347776730855306 1.0 0.3391544024149577 1.0 0.36213235060373944 1.0 0.39058125019073486 1.0 0.41793592770894367 1.0 0.4573266903559367 1.0 0.4813988208770752 1.0 0.513130267461141 1.0 0.5372023979822794 1.0 0.5667454401652018 0.9792712330818176 0.5689338048299154 0.9546520113945007 0.5831582546234131 0.9480868577957153 0.6170780658721924 0.9431630373001099 0.6291141510009766 0.9193644523620605 0.6203606526056925 0.9021309614181519 0.618172287940979 0.8635608553886414 0.6236431996027628 0.834017813205719 0.6291141510009766 0.8184256553649902 0.6389618317286173 0.7946270704269409 0.6367734670639038 0.7897031903266907 0.618172287940979 0.7724697589874268 0.556897759437561 0.7445679903030396 0.491246501604716 0.7347202897071838 0.46389182408650714 0.7560569643974304 0.4474790096282959 0.7741110324859619 0.41465338071187335 0.7938064336776733 0.3872986634572347 0.8110398650169373 0.36432071526845294 0.8290939927101135 0.33368349075317383 0.8430448770523071 0.31836483875910443 0.8586370348930359 0.2986694773038228 0.8725879192352295 0.2833508451779683
1 1.0 0.40918242931365967 1.0 0.43106619517008465 1.0 0.44857319196065265 1.0 0.48577555020650226 1.0 0.526260495185852 1.0 0.5536152124404907 1.0 0.5634628931681315 1.0 0.578781525293986 0.9841950535774231 0.5798757076263428 0.965320348739624 0.5962885220845541 0.9603964686393738 0.618172287940979 0.952190101146698 0.6400560140609741 0.937418520450592 0.6433386007944742 0.9045929312705994 0.6411501963933309 0.8709466457366943 0.6422443787256876 0.8537132143974304 0.644432783126831 0.8315559029579163 0.6488095124562582 0.8290939927101135 0.6608455975850424 0.8389416337013245 0.6761642297108968 0.8701260089874268 0.7100840409596761 0.8832562565803528 0.7396271228790283 0.8898213505744934 0.7669817606608073 0.8963865041732788 0.7932422955830892 0.8963865041732788 0.8184086481730143 0.8996690511703491 0.8381040096282959 0.9103373885154724 0.8577993710835775 0.924288272857666 0.8698354562123617 0.9407011270523071 0.8895308176676432 0.9538313746452332 0.8971900939941406 0.9759886860847473 0.9092261791229248 0.9891189336776733 0.921262264251709 1.0 0.938769261042277 1.0 0.9639356136322021 1.0 0.9628413518269857 1.0 0.9486169815063477 1.0 0.9136029084523519 1.0 0.9136029084523519 1.0 0.9136029084523519 1.0 0.8490458329518636 1.0 0.8481923739115397 1.0 0.7078956762949625 1.0 0.605042020479838 1.0 0.5153186321258545 1.0 0.4551382859547933
1 0.42347458004951477 0.04146461933851242 0.4495723843574524 0.016769935687383015 0.5009260773658752 0.0358521913488706 0.5303913354873657 0.05493444701035818 0.5371262431144714 0.07401670018831889 0.49587491154670715 0.07962913314501445 0.4546235501766205 0.06840427219867706
