1 0.0009765625 0.021839986244837444 0.0009765625 0.029499299824237823 0.0009765625 0.053571427861849465 0.0009765625 0.07983193298180898 0.0009765625 0.09624475240707397 0.0009765625 0.11265756686528523 0.0009765625 0.13016456365585327 0.0009765625 0.13782387971878052 0.0009765625 0.1358605921268463 0.0009765625 0.09952730933825175 0.0009765625 0.05904236932595571 0.0009765625 0.041535365084807076
1 0.0009765625 0.02840511252482732 0.0009765625 0.015274859964847565 0.012219693511724472 0.005427171165744464 0.0286325104534626 0.010898109525442123 0.030273791402578354 0.024028360843658447 0.025349948555231094 0.05028886596361796 0.021246742457151413 0.06998424232006073 0.0023720040917396545 0.07654937108357747 0.0009765625 0.07764355838298798 0.0009765625 0.06341911852359772 0.0009765625 0.04372373720010122
1 0.041762758046388626 0.03278186172246933 0.06145813688635826 0.03168767442305883 0.073767751455307 0.04591211676597595 0.08607736229896545 0.06451330582300822 0.10002826154232025 0.08202030758062999 0.10659338533878326 0.09733893473943074 0.10084889829158783 0.12469363212585449 0.09428377449512482 0.14220062891642252 0.07787096500396729 0.14001225431760153 0.05899621918797493 0.1268820067246755 0.04012147709727287 0.09515056014060974 0.0286325104534626 0.07654937108357747 0.03683891519904137 0.05685398976008097
1 0.04340403899550438 0.003238795635600885 0.09264248609542847 0.0013020833333333333 0.1402396559715271 0.006521358465154965 0.1747065633535385 0.0013020833333333333 0.18701617419719696 0.013086484124263128 0.17963041365146637 0.030593487123648327 0.15829375386238098 0.051383053263028465 0.1328538954257965 0.06123074392477671 0.11315850913524628 0.07107842961947124 0.10084889829158783 0.06889005502065022 0.08525672554969788 0.04262954990069071 0.06884390115737915 0.02731092522541682 0.05571365728974342 0.022934173544247944 0.0425834022462368 0.022934173544247944 0.03519763424992561 0.011992296824852625
1 0.1230061948299408 0.0853028694788615 0.1435222178697586 0.06889005502065022 0.16896207630634308 0.05466561516125997 0.18701617419719696 0.04481792946656545 0.19850516319274902 0.053571427861849465 0.20507028698921204 0.07217261691888173 0.20753219723701477 0.09405636787414551 0.21984180808067322 0.11375174919764201 0.21573859453201294 0.13672968745231628 0.20917347073554993 0.1629901925722758 0.19768449664115906 0.17064950863520303 0.1820923388004303 0.1826855738957723 0.17306528985500336 0.20019257068634033 0.15254926681518555 0.19581582148869833 0.13203324377536774 0.19253325462341309 0.11890299618244171 0.18377975622812906 0.11151723563671112 0.16627275943756104 0.10659338533878326 0.14110644658406576 0.11397914588451385 0.11812849839528401 0.11644107103347778 0.10280987620353699
1 0.06309941411018372 0.17502625783284506 0.07294711470603943 0.1608018179734548 0.08361543715000153 0.15095412731170654 0.09756633639335632 0.153142511844635 0.10331082344055176 0.16627275943756104 0.11069658398628235 0.18487395842870077 0.11397914588451385 0.19691002368927002 0.0951044112443924 0.19909838835398355 0.08197416365146637 0.1980042060216268 0.06966455280780792 0.19581582148869833 0.062278781086206436 0.1870623230934143
1 0.19111938774585724 0.004332983245452245 0.21655923128128052 0.0013020833333333333 0.22955819964408875 0.0013020833333333333 0.25677064061164856 0.003238795635600885 0.2411784827709198 0.0349702388048172 0.2280482053756714 0.04372373720010122 0.21655923128128052 0.053571427861849465 0.20917347073554993 0.05685398976008097 0.19194002449512482 0.0338760515054067 0.1894780993461609 0.02731092522541682 0.19358129799365997 0.018557423104842503
1 0.2657977044582367 0.004332983245452245 0.29205819964408875 0.0013020833333333333 0.31585678458213806 0.003238795635600885 0.3207806348800659 0.011992296824852625 0.3207806348800659 0.0360644261042277 0.33062830567359924 0.05466561516125997 0.32734575867652893 0.07326680918534596 0.3224219083786011 0.10171568393707275 0.32406318187713623 0.13891807198524475 0.3216012716293335 0.15095412731170654 0.3109329342842102 0.15970763564109802 0.3002645969390869 0.1608018179734548 0.2863137125968933 0.14220062891642252 0.2838518023490906 0.11046919226646423 0.2830311357975006 0.08202030758062999 0.27482473850250244 0.06889005502065022 0.26087385416030884 0.05685398976008097 0.24938488006591797 0.05028886596361796 0.23625463247299194 0.04919467866420746 0.25348809361457825 0.0349702388048172 0.2584119141101837 0.021839986244837444
1 0.3142154812812805 0.17064950863520303 0.32406318187713623 0.1651785671710968 0.3429379165172577 0.1728378931681315 0.3609920144081116 0.17502625783284506 0.3765842020511627 0.18377975622812906 0.3913557231426239 0.2067577044169108 0.40284469723701477 0.22754726807276407 0.4085891842842102 0.2461484670639038 0.4085891842842102 0.26256128152211505 0.3987414836883545 0.28225664297739667 0.38643187284469604 0.2899159590403239 0.3700190782546997 0.2899159590403239 0.3527856171131134 0.28444502751032513 0.33801406621932983 0.27240896224975586 0.3224219083786011 0.25709033012390137 0.3076503574848175 0.2549019654591878 0.29534074664115906 0.2472426493962606 0.2863137125968933 0.2319240172704061 0.28467243909835815 0.22317051887512207 0.2936994731426239 0.2166053851445516 0.3068297207355499 0.20566352208455405 0.30929166078567505 0.19034488995869955
1 0.3322695791721344 0.006521358465154965 0.353606253862381 0.021839986244837444 0.3921763598918915 0.03168767442305883 0.4192575216293335 0.030593487123648327 0.4438767433166504 0.039346988002459206 0.450441837310791 0.051383053263028465 0.465213418006897 0.06232493122418722 0.49065327644348145 0.08420868714650472 0.5062454342842102 0.09296218554178874 0.5226582288742065 0.08639706174532573 0.5415329933166504 0.07654937108357747 0.5595870614051819 0.07217261691888173 0.5710760354995728 0.06670168042182922 0.5768205523490906 0.04919467866420746 0.5743586421012878 0.03278186172246933 0.5645109415054321 0.017463235805432003 0.5538426041603088 0.003238795635600885 0.521837592124939 0.0013020833333333333 0.49393582344055176 0.003238795635600885 0.46028953790664673 0.004332983245452245 0.4291051924228668 0.004332983245452245 0.3987414836883545 0.003238795635600885 0.366736501455307 0.002144607870529095 0.35442689061164856 0.002144607870529095 0.3421172797679901 0.003238795635600885
1 0.5661522150039673 0.003238795635600885 0.5825650095939636 0.003238795635600885 0.5915920734405518 0.0076155463854471845 0.6104668378829956 0.019651610404253006 0.589130163192749 0.030593487123648327 0.5718966722488403 0.016369047264258068
1 0.589130163192749 0.04262954990069071 0.6014397740364075 0.03278186172246933 0.6170319318771362 0.02731092522541682 0.619493842124939 0.04591211676597595 0.6268796324729919 0.06123074392477671 0.6539607644081116 0.07873774568239848 0.673656165599823 0.0874912440776825 0.6884276866912842 0.09624475240707397 0.6933515071868896 0.11265756686528523 0.6802212595939636 0.13016456365585327 0.6465749740600586 0.13891807198524475 0.6252383589744568 0.13454131285349527 0.6063635945320129 0.12578781445821127 0.5981572270393372 0.11594012379646301 0.589130163192749 0.08311449488004048 0.581744372844696 0.07107842961947124 0.5833856463432312 0.052477240562438965
1 0.7294597029685974 0.0013020833333333333 0.7253565192222595 0.014180672665437063 0.7146881818771362 0.02731092522541682 0.7073023915290833 0.04591211676597595 0.7089437246322632 0.053571427861849465 0.7327423095703125 0.04700630406538645 0.7516170144081116 0.04700630406538645 0.7704917788505554 0.04700630406538645 0.7860839366912842 0.04919467866420746 0.7910077571868896 0.041535365084807076 0.7885458469390869 0.026216737926006317 0.784442663192749 0.011992296824852625 0.7762362360954285 0.003238795635600885 0.7557201981544495 0.002144607870529095 0.7393074035644531 0.002144607870529095
1 0.7959316372871399 0.005427171165744464 0.8156269788742065 0.004332983245452245 0.8303985595703125 0.004332983245452245 0.8303985595703125 0.022934173544247944 0.8230127692222595 0.038252800703048706 0.8131650686264038 0.039346988002459206 0.8049586415290833 0.02731092522541682
1 0.8459907174110413 0.005427171165744464 0.8665066957473755 0.006521358465154965 0.8958528637886047 0.0013020833333333333 0.9182071089744568 0.0013020833333333333 0.9411850571632385 0.004332983245452245 0.9428263306617737 0.014180672665437063 0.9428263306617737 0.037158613403638206 0.9321579933166504 0.06013655662536621 0.9214896559715271 0.06889005502065022 0.9075387716293335 0.07873774568239848 0.8911259770393372 0.08858543634414673 0.8771750330924988 0.08639706174532573 0.8583003282546997 0.07217261691888173 0.8394255638122559 0.05904236932595571 0.8295778632164001 0.051383053263028465 0.8328604698181152 0.037158613403638206 0.8394255638122559 0.024028360843658447
1 0.9026148915290833 0.09733893473943074 0.9116419553756714 0.0874912440776825 0.9231309294700623 0.08311449488004048 0.9313373565673828 0.07873774568239848 0.9428263306617737 0.06560749312241872 0.9445414543151855 0.0821871707836787 0.9444676041603088 0.11594012379646301 0.9428263306617737 0.13344713052113852 0.9321579933166504 0.1312587559223175 0.9182071089744568 0.11922269066174825 0.8985117077827454 0.11594012379646301 0.8927672505378723 0.11375174919764201 0.8919466137886047 0.107186625401179 0.8919466137886047 0.10171568393707275
1 0.7245358824729919 0.06123074392477671 0.7458725571632385 0.05575980246067047 0.76392662525177 0.05794817705949148 0.7745949625968933 0.06232493122418722 0.7803394198417664 0.09515056014060974 0.7803394198417664 0.12250524759292603 0.7803394198417664 0.15642506877581278 0.7754155993461609 0.18925070762634277 0.7680298089981079 0.2067577044169108 0.7557201981544495 0.22317051887512207 0.737666130065918 0.2363007664680481 0.7245358824729919 0.23958333333333334 0.7130469083786011 0.23411240180333456 0.6990960240364075 0.22535890340805054 0.6958134770393372 0.20347513755162558 0.7040198445320129 0.19472163915634155 0.7269977927207947 0.18596814076105753 0.745051920413971 0.17064950863520303 0.7516170144081116 0.16408438483874002 0.7614647150039673 0.153142511844635 0.7516170144081116 0.14548319578170776 0.7384867668151855 0.1356355051199595 0.7311009764671326 0.11922269066174825 0.7253565192222595 0.09624475240707397 0.7245358824729919 0.07764355838298798
1 0.7852632999420166 0.06451330582300822 0.7959316372871399 0.051383053263028465 0.8065999746322632 0.04591211676597595 0.8246540427207947 0.05794817705949148 0.8394255638122559 0.07217261691888173 0.8574796915054321 0.08420868714650472 0.8738924860954285 0.09186799327532451 0.882098913192749 0.107186625401179 0.874713122844696 0.12797618905703226 0.8550177812576294 0.14767157038052878 0.8451700806617737 0.16189601023991904 0.8295778632164001 0.16736694176991782 0.8082412481307983 0.1684611439704895 0.7942903637886047 0.16408438483874002 0.7869045734405518 0.15970763564109802 0.7877252101898193 0.13454131285349527 0.7877252101898193 0.11812849839528401 0.7877252101898193 0.09952730933825175 0.7877252101898193 0.08639706174532573 0.7860839366912842 0.07983193298180898
1 0.7393074035644531 0.2581845323244731 0.750796377658844 0.2899159590403239 0.7778775095939636 0.3041404088338216 0.7934697270393372 0.32821253935496014 0.8049586415290833 0.3511904875437419 0.8065999746322632 0.3763568003972371 0.8115237951278687 0.38620448112487793 0.8238334059715271 0.3883928457895915 0.8377842903137207 0.3916754325230916 0.8500939011573792 0.37088584899902344 0.8722512125968933 0.3665091196695964 0.8804576396942139 0.36432071526845294 0.8919466137886047 0.3544730345408122 0.8870227336883545 0.3260241548220317 0.8935878872871399 0.29648109277089435 0.8788163065910339 0.28116246064503986 0.8591209650039673 0.26256128152211505 0.8451700806617737 0.23411240180333456 0.835322380065918 0.1870623230934143 0.8361430168151855 0.17830882469813028 0.8164476156234741 0.18049718936284384 0.8000348210334778 0.17721464236577353 0.7918283939361572 0.17502625783284506 0.784442663192749 0.18377975622812906 0.7828013896942139 0.20128677288691202 0.771312415599823 0.21879376967748007 0.7622853517532349 0.2319240172704061 0.7499757409095764 0.24286590019861856 0.7425899505615234 0.24505426486333212
1 0.8509145379066467 0.17721464236577353 0.86158287525177 0.15533088644345602 0.874713122844696 0.13782387971878052 0.8853814601898193 0.12578781445821127 0.8993323445320129 0.12469363212585449 0.9165658354759216 0.13672968745231628 0.9321579933166504 0.14767157038052878 0.9445414543151855 0.16253173351287842 0.9370818138122559 0.19581582148869833 0.9321579933166504 0.2166053851445516 0.9247722029685974 0.2472426493962606 0.9198483824729919 0.26912639538447064 0.9042562246322632 0.2756915291150411 0.895229160785675 0.2767857114473979 0.8812782764434814 0.2735031445821126 0.8681480288505554 0.2559961477915446 0.8574796915054321 0.23411240180333456 0.8517351746559143 0.21441702047983804 0.848452627658844 0.19472163915634155
0 0.9017942547798157 0.29319852590560913 0.915745198726654 0.28444502751032513 0.9247722029685974 0.27240896224975586 0.9305167198181152 0.24833683172861734 0.938723087310791 0.21879376967748007 0.9445414543151855 0.2094844182332357 0.9445414543151855 0.26256128152211505 0.9445414543151855 0.30632877349853516 0.9445414543151855 0.3413428068161011 0.9346199035644531 0.37088584899902344 0.9264134764671326 0.3829219341278076 0.9264134764671326 0.40918242931365967 0.9264134764671326 0.4420080582300822 0.925592839717865 0.46389182408650714 0.9173864722251892 0.46389182408650714 0.9067181348800659 0.44310224056243896 0.8985117077827454 0.41137079397837323 0.895229160785675 0.38073352972666424 0.8960497975349426 0.36432071526845294 0.9058974981307983 0.33040090401967365
1 0.3774048388004303 0.15970763564109802 0.39627957344055176 0.14657737811406454 0.4126923978328705 0.1268820067246755 0.4233607053756714 0.109375 0.4340290427207947 0.08311449488004048 0.4471592903137207 0.06341911852359772 0.46275144815444946 0.07654937108357747 0.4791643023490906 0.09405636787414551 0.49803900718688965 0.109375 0.504604160785675 0.11703431606292725 0.5013216137886047 0.14548319578170776 0.4988596439361572 0.17174369096755981 0.4931151866912842 0.19034488995869955 0.47424042224884033 0.20128677288691202 0.45536571741104126 0.2209821343421936 0.44223544001579285 0.23411240180333456 0.4233607053756714 0.2363007664680481 0.4126923978328705 0.21988795200983682 0.39956212043762207 0.20128677288691202 0.38561123609542847 0.17940300703048706
1 0.5177344083786011 0.10280987620353699 0.5341472029685974 0.09515056014060974 0.5505600571632385 0.0896796186765035 0.56861412525177 0.08858543634414673 0.5784618258476257 0.0874912440776825 0.5874888896942139 0.10171568393707275 0.5899507999420166 0.1268820067246755 0.5956952571868896 0.15204831957817078 0.5948746204376221 0.16627275943756104 0.575999915599823 0.17830882469813028 0.555483877658844 0.1870623230934143 0.5415329933166504 0.19909838835398355 0.5275821089744568 0.19253325462341309 0.5144518613815308 0.18159139156341553 0.5103486180305481 0.16627275943756104 0.5128105878829956 0.14438900351524353 0.5144518613815308 0.12359943985939026
1 0.4233607053756714 0.2549019654591878 0.4373116195201874 0.24286590019861856 0.45208317041397095 0.2417717178662618 0.465213418006897 0.2549019654591878 0.46931660175323486 0.26584382851918537 0.45618635416030884 0.28444502751032513 0.44551801681518555 0.29648109277089435 0.43074649572372437 0.3008578419685364 0.41761621832847595 0.3008578419685364 0.41105109453201294 0.30195202430089313 0.4167955815792084 0.2833508451779683 0.41761621832847595 0.2713147799173991
1 0.4676753282546997 0.22973565260569254 0.47998493909835815 0.2133228381474813 0.4922945499420166 0.20566352208455405 0.5021422505378723 0.1980042060216268 0.5095279812812805 0.19581582148869833 0.5226582288742065 0.20456931988398233 0.5300440192222595 0.21222863594690958 0.5341472029685974 0.22973565260569254 0.521837592124939 0.2472426493962606 0.5160931348800659 0.26256128152211505 0.4996802806854248 0.26584382851918537 0.4890120029449463 0.2614670793215434 0.4775230288505554 0.2549019654591878 0.47095787525177 0.24396008253097534
1 0.548098087310791 0.21222863594690958 0.5563045144081116 0.20347513755162558 0.5743586421012878 0.19472163915634155 0.5965158939361572 0.1914390722910563 0.6104668378829956 0.19362745682398477 0.6096461415290833 0.2220763365427653 0.6080048680305481 0.23958333333333334 0.5989778637886047 0.2702205975850423 0.5907714366912842 0.3008578419685364 0.589130163192749 0.3194590409596761 0.5850269198417664 0.33368349075317383 0.5694347620010376 0.3347776730855306 0.5522013306617737 0.3325892885526021 0.5357884764671326 0.3150822917620341 0.5275821089744568 0.2986694773038228 0.5267614722251892 0.27787989377975464 0.5284027457237244 0.25927871465682983 0.534967839717865 0.24396008253097534 0.5431742668151855 0.22973565260569254
1 0.6137493848800659 0.17940300703048706 0.632624089717865 0.19362745682398477 0.6498575806617737 0.21222863594690958 0.6695529222488403 0.22973565260569254 0.6777593493461609 0.24505426486333212 0.6826831698417664 0.26256128152211505 0.6761180758476257 0.2866334120432536 0.6703735589981079 0.3107055226961772 0.6597052812576294 0.3227415879567464 0.6367273330688477 0.32821253935496014 0.6235970854759216 0.3347776730855306 0.6104668378829956 0.3325892885526021 0.5973365306854248 0.33149510622024536 0.6006191372871399 0.3096113403638204 0.6063635945320129 0.2800682783126831 0.6137493848800659 0.2603728969891866 0.6186732053756714 0.23739494880040488 0.6186732053756714 0.22317051887512207 0.6186732053756714 0.20785188674926758 0.6178525686264038 0.19691002368927002
1 0.6309828162193298 0.17174369096755981 0.6482163071632385 0.16627275943756104 0.6539607644081116 0.16408438483874002 0.6670910120010376 0.16408438483874002 0.6802212595939636 0.17064950863520303 0.6876070499420166 0.1826855738957723 0.6892483234405518 0.1980042060216268 0.6892483234405518 0.22535890340805054 0.6925308704376221 0.24286590019861856 0.6761180758476257 0.22754726807276407 0.658884584903717 0.20785188674926758 0.6482163071632385 0.20019257068634033 0.6359066963195801 0.18925070762634277 0.6301621794700623 0.1826855738957723
1 0.0009765625 0.26256128152211505 0.0009765625 0.24396008253097534 0.0009765625 0.23739494880040488 0.025349948555231094 0.24505426486333212 0.03519763424992561 0.2581845323244731 0.01960546150803566 0.26912639538447064 0.0009765625 0.2647496461868286 0.0009765625 0.26584382851918537 0.0009765625 0.27897409598032635 0.0009765625 0.29101016124089557 0.0009765625 0.2888217767079671
1 0.04340403899550438 0.28116246064503986 0.06884390115737915 0.28116246064503986 0.07951223850250244 0.2745973467826843 0.09920762479305267 0.2702205975850423 0.11397914588451385 0.2702205975850423 0.12793004512786865 0.27787989377975464 0.1336745321750641 0.29757527510325116 0.12054428458213806 0.3096113403638204 0.09674569964408875 0.3205532232920329 0.08279480040073395 0.32492997248967487 0.06309941411018372 0.3293067216873169 0.05078980699181557 0.3238357901573181 0.03765955939888954 0.31289390722910565 0.032735709100961685 0.3096113403638204 0.034376997500658035 0.2866334120432536
1 0.0009765625 0.3763568003972371 0.0009765625 0.3479079008102417 0.013860974460840225 0.3238357901573181 0.030273791402578354 0.3227415879567464 0.041762758046388626 0.33040090401967365 0.04094212129712105 0.34900208314259845 0.031094428151845932 0.37963934739430744 0.021246742457151413 0.4080882469813029 0.018784817308187485 0.43434874216715497 0.017964180558919907 0.4551382859547933 0.010578412562608719 0.48577555020650226 0.001551363617181778 0.5098476807276408 0.0009765625 0.5273546775182089 0.0009765625 0.5240721305211385 0.0009765625 0.5207895835240682 0.0009765625 0.5076757272084554 0.0009765625 0.43653710683186847 0.0009765625 0.4080882469813029 0.0009765625 0.38620448112487793
1 0.05161045119166374 0.3577556212743123 0.06063750013709068 0.3500963052113851 0.062278781086206436 0.38620448112487793 0.06309941411018372 0.42450106143951416 0.06392006576061249 0.4562325080235799 0.04668660834431648 0.4660801887512207 0.031094428151845932 0.47045691808064777 0.020426098257303238 0.4715511401494344 0.02452930435538292 0.43434874216715497 0.030273791402578354 0.403711477915446 0.04012147709727287 0.37745098272959393 0.04340403899550438 0.36541489760080975
1 0.07705031335353851 0.34571953614552814 0.09674569964408875 0.3325892885526021 0.11479979753494263 0.32164740562438965 0.1295713186264038 0.3172706564267476 0.1435222178697586 0.32164740562438965 0.1476254165172577 0.3446253538131714 0.15583182871341705 0.37526261806488037 0.16567951440811157 0.3971463441848755 0.171424001455307 0.41137079397837323 0.15993502736091614 0.4354429244995117 0.1468047797679901 0.4573266903559367 0.13449516892433167 0.4726453224817912 0.12136492133140564 0.47702205181121826 0.09920762479305267 0.4726453224817912 0.07869160175323486 0.4627976020177205 0.073767751455307 0.4376312891642253 0.07294711470603943 0.40042893091837567 0.07212647795677185 0.3697916666666667 0.07294711470603943 0.35556721687316895
1 0.13941901922225952 0.2713147799173991 0.14844606816768646 0.2735031445821126 0.16321758925914764 0.2735031445821126 0.17060336470603943 0.2669380307197571 0.1747065633535385 0.28116246064503986 0.16650016605854034 0.2942927082379659 0.1541905552148819 0.30304622650146484 0.1468047797679901 0.30632877349853516 0.14106029272079468 0.29648109277089435 0.13613645732402802 0.2855392098426819
1 0.15254926681518555 0.3194590409596761 0.16403824090957642 0.30632877349853516 0.17963041365146637 0.2921043435732524 0.19194002449512482 0.28116246064503986 0.19768449664115906 0.2866334120432536 0.2034289836883545 0.30304622650146484 0.1927606612443924 0.32492997248967487 0.19358129799365997 0.3424369891484578 0.19522258639335632 0.3741684357325236 0.19194002449512482 0.3883928457895915 0.18045105040073395 0.39605216185251874 0.16732080280780792 0.3785451650619507 0.1574731171131134 0.35556721687316895 0.15254926681518555 0.3358718554178874
1 0.1960432231426239 0.26584382851918537 0.20753219723701477 0.2647496461868286 0.21655923128128052 0.26912639538447064 0.22148308157920837 0.2833508451779683 0.22558629512786865 0.30304622650146484 0.21573859453201294 0.30195202430089313 0.2099941074848175 0.2953869104385376 0.20178771018981934 0.28225664297739667
1 0.2280482053756714 0.26256128152211505 0.2477436065673828 0.25052521626154584 0.2657977044582367 0.24286590019861856 0.2772866487503052 0.24286590019861856 0.2863137125968933 0.25709033012390137 0.2978026866912842 0.26912639538447064 0.29534074664115906 0.2942927082379659 0.29205819964408875 0.32711835702260333 0.29123756289482117 0.35556721687316895 0.2838518023490906 0.3588498036066691 0.26825961470603943 0.34681371847788495 0.2526674270629883 0.3325892885526021 0.2444610297679901 0.3260241548220317 0.23707526922225952 0.31836483875910443 0.2305101454257965 0.2942927082379659 0.2280482053756714 0.2767857114473979
1 0.34375855326652527 0.30195202430089313 0.3642745912075043 0.3041404088338216 0.38971444964408875 0.30742297569910687 0.3987414836883545 0.3150822917620341 0.40284469723701477 0.3293067216873169 0.39299699664115906 0.3577556212743123 0.3847905993461609 0.37526261806488037 0.37248098850250244 0.3938637971878052 0.36263328790664673 0.4058998425801595 0.3486824035644531 0.3938637971878052 0.3388347327709198 0.3829219341278076 0.33309024572372437 0.3665091196695964 0.33801406621932983 0.34024858474731445 0.33801406621932983 0.32711835702260333
1 0.27810731530189514 0.3851102987925212 0.29123756289482117 0.37745098272959393 0.30518844723701477 0.3872986634572347 0.31339484453201294 0.39495797952016193 0.3257044553756714 0.39605216185251874 0.33719342947006226 0.40042893091837567 0.3495030403137207 0.4102766116460164 0.35524752736091614 0.43653710683186847 0.3527856171131134 0.4573266903559367 0.3421172797679901 0.460609237353007 0.3248838186264038 0.4540441036224365 0.3076503574848175 0.4573266903559367 0.2936994731426239 0.4595150550206502 0.2805692255496979 0.44966737429300946 0.2723628282546997 0.4266894261042277 0.2723628282546997 0.4026172955830892 0.2723628282546997 0.39495797952016193
1 0.0009765625 0.5317314465840658 0.0009765625 0.5372023979822794 0.0009765625 0.5601803064346313 0.0009765625 0.58753502368927 0.0009765625 0.6017594734827677 0.0009765625 0.6105129718780518 0.0009765625 0.6076242923736572 0.0009765625 0.5798757076263428 0.0009765625 0.5579919417699178
1 0.41351303458213806 0.31179972489674884 0.43074649572372437 0.3139880895614624 0.43074649572372437 0.3347776730855306 0.41761621832847595 0.3479079008102417 0.4126923978328705 0.34571953614552814 0.41023045778274536 0.33149510622024536 0.4094098210334778 0.3227415879567464
1 0.478343665599823 0.27240896224975586 0.5037835240364075 0.2735031445821126 0.5185550451278687 0.2800682783126831 0.5267614722251892 0.3172706564267476 0.525120198726654 0.3446253538131714 0.5210169553756714 0.3632265329360962 0.5169137716293335 0.3938637971878052 0.5021422505378723 0.4058998425801595 0.48819130659103394 0.4288777907689412 0.4816262125968933 0.4452906052271525 0.4643927812576294 0.43981969356536865 0.4537244439125061 0.41246497631073 0.4463386535644531 0.381827712059021 0.4405941665172577 0.3533788522084554 0.4397735297679901 0.33368349075317383 0.44469738006591797 0.3107055226961772 0.4611101746559143 0.2942927082379659 0.47095787525177 0.27897409598032635
1 0.0009765625 0.5350139935811361 0.0009765625 0.5372023979822794 0.0009765625 0.5525209903717041 0.0009765625 0.574404756228129 0.0009765625 0.5831582546234131 0.0009765625 0.5798757076263428 0.0009765625 0.561274528503418 0.0009765625 0.5470500787099203
1 0.0072958506643772125 0.5186011791229248 0.017964180558919907 0.4945290486017863 0.034376997500658035 0.48249300320943195 0.056534294039011 0.478116234143575 0.06966455280780792 0.478116234143575 0.07458838820457458 0.5043767690658569 0.07294711470603943 0.5317314465840658 0.07212647795677185 0.5558035771052042 0.067202627658844 0.5842524369557699 0.06474070250988007 0.6017594734827677 0.041762758046388626 0.5951943397521973 0.022888023406267166 0.5951943397521973 0.008937131613492966 0.5864408413569132 0.00811648741364479 0.5678396224975586 0.006475210189819336 0.548144261042277 0.006475210189819336 0.530637264251709
1 0.4044859707355499 0.36213235060373944 0.41351303458213806 0.3566613992055257 0.42828455567359924 0.35556721687316895 0.43567031621932983 0.3785451650619507 0.4463386535644531 0.41465338071187335 0.4471592903137207 0.4376312891642253 0.43156713247299194 0.4573266903559367 0.41023045778274536 0.4726453224817912 0.39299699664115906 0.4748336871465047 0.3749428987503052 0.4715511401494344 0.36263328790664673 0.46170341968536377 0.36591586470603943 0.4376312891642253 0.3749428987503052 0.41465338071187335 0.3839699625968933 0.40042893091837567 0.3946382999420166 0.3785451650619507
1 0.23543399572372437 0.58753502368927 0.2510261535644531 0.5415791273117065 0.26825961470603943 0.5065651337305704 0.28221049904823303 0.48249300320943195 0.2895962595939636 0.478116234143575 0.30518844723701477 0.4748336871465047 0.31995996832847595 0.47045691808064777 0.3355521559715271 0.4759278694788615 0.34047600626945496 0.48577555020650226 0.3363727927207947 0.5164128144582113 0.3322695791721344 0.5361081759134928 0.3289870321750641 0.5503326257069906 0.3076503574848175 0.5765931208928426 0.3002645969390869 0.5951943397521973 0.2969820499420166 0.6137955188751221 0.2830311357975006 0.6269257863362631 0.26497703790664673 0.6269257863362631 0.2411784827709198 0.6247373819351196 0.23625463247299194 0.6247373819351196
1 0.09428377449512482 0.5142244497934977 0.1123378723859787 0.4945290486017863 0.12793004512786865 0.48905813694000244 0.14598414301872253 0.5054709513982137 0.15665246546268463 0.5317314465840658 0.1615763157606125 0.548144261042277 0.14188094437122345 0.5711222092310587 0.12710940837860107 0.5941001574198405 0.11315850913524628 0.6170780658721924 0.10084889829158783 0.6291141510009766 0.08607736229896545 0.6280199686686198 0.07622967660427094 0.6214548349380493 0.07130582630634308 0.5995710690816244 0.07787096500396729 0.5678396224975586 0.08279480040073395 0.5317314465840658
1 0.1747065633535385 0.43325455983479816 0.16321758925914764 0.44966737429300946 0.15254926681518555 0.46498600641886395 0.1435222178697586 0.4846813678741455 0.14926670491695404 0.4967174530029297 0.15665246546268463 0.5098476807276408 0.16321758925914764 0.526260495185852 0.16978272795677185 0.539390762646993 0.17963041365146637 0.5317314465840658 0.17634785175323486 0.5196953614552816 0.171424001455307 0.5076593160629272 0.16896207630634308 0.48686973253885907 0.17306528985500336 0.45842087268829346
1 0.07294711470603943 0.6378676493962606 0.09346313774585724 0.644432783126831 0.10249018669128418 0.6531862815221151 0.09920762479305267 0.7002363204956055 0.08689799904823303 0.67507004737854 0.08033287525177002 0.6553746461868286
1 0.10577274858951569 0.6400560140609741 0.11972363293170929 0.6159838835398356 0.13449516892433167 0.5962885220845541 0.14926670491695404 0.5722163915634155 0.1615763157606125 0.5634628931681315 0.1607556790113449 0.5908175706863403 0.15665246546268463 0.6192664702733358 0.15583182871341705 0.6520920991897583 0.16403824090957642 0.6761642297108968 0.16650016605854034 0.705707311630249 0.1681414395570755 0.7374387582143148 0.1681414395570755 0.7691702047983805 0.1468047797679901 0.7527573903401693 0.13203324377536774 0.7429096698760986 0.11315850913524628 0.7297794024149576 0.10823465883731842 0.7166491349538168 0.10823465883731842 0.6914828618367513 0.10905531048774719 0.6685048739115397
1 0.2305101454257965 0.6455269654591879 0.2592325508594513 0.6389618317286173 0.2797485888004303 0.6389618317286173 0.29205819964408875 0.6389618317286173 0.28138986229896545 0.6772584120432535 0.2764660120010376 0.705707311630249 0.2699008882045746 0.723214308420817 0.2444610297679901 0.7166491349538168 0.2272275686264038 0.7100840409596761 0.21163541078567505 0.7002363204956055 0.21737989783287048 0.6783525943756104 0.2239450216293335 0.6652223269144694
1 0.29205819964408875 0.6947654088338217 0.31339484453201294 0.6805409590403239 0.3347315192222595 0.67507004737854 0.3503236770629883 0.6652223269144694 0.36263328790664673 0.6663165092468262 0.3634539544582367 0.6761642297108968 0.360171377658844 0.6969537734985352 0.37576356530189514 0.7133665879567465 0.366736501455307 0.7308735847473145 0.3289870321750641 0.7440038522084554 0.3068297207355499 0.7549457550048828 0.29123756289482117 0.7615108489990234 0.2838518023490906 0.746192216873169 0.28221049904823303 0.7308735847473145 0.2895962595939636 0.7100840409596761
1 0.3519649803638458 0.4792104164759318 0.37248098850250244 0.48249300320943195 0.40038278698921204 0.48905813694000244 0.4167955815792084 0.5032825469970703 0.4299258291721344 0.5317314465840658 0.43484967947006226 0.561274528503418 0.4299258291721344 0.574404756228129 0.4044859707355499 0.5798757076263428 0.37904611229896545 0.5765931208928426 0.3560681641101837 0.5601803064346313 0.3453998565673828 0.5514268080393473 0.34457919001579285 0.5218837658564249 0.34457919001579285 0.5021883646647135
1 0.4151543080806732 0.48577555020650226 0.42746391892433167 0.47373950481414795 0.4438767433166504 0.45842087268829346 0.45208317041397095 0.4507615566253662 0.46603405475616455 0.45294992129007977 0.4791643023490906 0.46389182408650714 0.48819130659103394 0.491246501604716 0.4988596439361572 0.5207895835240682 0.5070660710334778 0.5448617140452067 0.5128105878829956 0.5678396224975586 0.5111692547798157 0.5809698899586996 0.4717785120010376 0.5765931208928426 0.4430561065673828 0.5689338048299154 0.44141480326652527 0.5525209903717041 0.4373116195201874 0.5372023979822794 0.43074649572372437 0.5186011791229248 0.4258226454257965 0.5076593160629272
1 0.4890120029449463 0.4452906052271525 0.5070660710334778 0.4190301100413005 0.5193756818771362 0.40480566024780273 0.5374298095703125 0.40042893091837567 0.548098087310791 0.40042893091837567 0.5702553987503052 0.39824052651723224 0.5833856463432312 0.3938637971878052 0.6096461415290833 0.4058998425801595 0.6145700216293335 0.4288777907689412 0.6071842312812805 0.46717437108357746 0.6014397740364075 0.5032825469970703 0.5956952571868896 0.530637264251709 0.6071842312812805 0.5601803064346313 0.6088255047798157 0.5754989385604858 0.5997985005378723 0.58753502368927 0.5522013306617737 0.5798757076263428 0.5259408354759216 0.5798757076263428 0.5169137716293335 0.5623687108357748 0.5070660710334778 0.5251663128534952 0.49721837043762207 0.4967174530029297 0.491473913192749 0.4792104164759318 0.4849087595939636 0.460609237353007
1 0.6342653632164001 0.3500963052113851 0.647395670413971 0.3347776730855306 0.6695529222488403 0.3293067216873169 0.6752974390983582 0.33696603775024414 0.6670910120010376 0.3566613992055257 0.6572433114051819 0.3686974843343099 0.6646291017532349 0.39824052651723224 0.6752974390983582 0.4277836084365845 0.6514988541603088 0.4168417453765869 0.6293415427207947 0.4058998425801595 0.6170319318771362 0.4015231132507324 0.6252383589744568 0.381827712059021 0.6293415427207947 0.3665091196695964
1 0.8041380047798157 0.4026172955830892 0.8221921324729919 0.4015231132507324 0.8295778632164001 0.40918242931365967 0.8394255638122559 0.4321603775024414 0.842708170413971 0.4507615566253662 0.8402462005615234 0.48249300320943195 0.8336811065673828 0.49562323093414307 0.814806342124939 0.5021883646647135 0.7860839366912842 0.5109418630599976 0.7688504457473755 0.5196953614552816 0.7745949625968933 0.5043767690658569 0.7852632999420166 0.4934348662694295 0.7934697270393372 0.478116234143575 0.7959316372871399 0.4409138758977254 0.8000348210334778 0.4223126570383708
1 0.8418874740600586 0.40480566024780273 0.8574796915054321 0.38948702812194824 0.8730718493461609 0.38073352972666424 0.8862020969390869 0.40918242931365967 0.9009736180305481 0.4354429244995117 0.9050768613815308 0.46389182408650714 0.912462592124939 0.4759278694788615 0.9305167198181152 0.4792104164759318 0.938723087310791 0.4792104164759318 0.9436469674110413 0.5043767690658569 0.9420056939125061 0.5361081759134928 0.938723087310791 0.5459558963775635 0.9149245023727417 0.5470500787099203 0.8944085240364075 0.5361081759134928 0.868968665599823 0.5273546775182089 0.8500939011573792 0.5109418630599976 0.8386049270629883 0.5010941823323568 0.8509145379066467 0.478116234143575 0.8509145379066467 0.460609237353007 0.8443494439125061 0.4354429244995117 0.841066837310791 0.4201242923736572
1 0.7696711421012878 0.5350139935811361 0.7926490306854248 0.526260495185852 0.8238334059715271 0.5229779481887817 0.8517351746559143 0.5251663128534952 0.8697893023490906 0.5415791273117065 0.8935878872871399 0.5470500787099203 0.9067181348800659 0.5590861241022745 0.9058974981307983 0.5831582546234131 0.9091800451278687 0.5984768867492676 0.8870227336883545 0.6083245674769083 0.868968665599823 0.6367734670639038 0.8369636535644531 0.6323966979980469 0.8008554577827454 0.6247373819351196 0.7778775095939636 0.6323966979980469 0.7598234415054321 0.6225490172704061 0.7499757409095764 0.6127013365427653 0.7524376511573792 0.5831582546234131 0.7598234415054321 0.5547093947728475
1 0.6646291017532349 0.6302083333333334 0.6818625330924988 0.6345851023991903 0.6941721439361572 0.635679284731547 0.7023785710334778 0.6302083333333334 0.7015579342842102 0.644432783126831 0.7007372975349426 0.6575630108515421 0.7105849981307983 0.6783525943756104 0.699916660785675 0.6827293237050375 0.6876070499420166 0.6772584120432535 0.6785799860954285 0.6652223269144694 0.66627037525177 0.6542804638544718 0.6564226746559143 0.6520920991897583 0.6580639481544495 0.6422443787256876
1 0.6235970854759216 0.5689338048299154 0.632624089717865 0.5645570755004883 0.6441130638122559 0.5689338048299154 0.6465749740600586 0.578781525293986 0.6309828162193298 0.5820640722910563 0.6268796324729919 0.5930059353510538 0.6277002692222595 0.6116071542104086 0.6211351156234741 0.6148897012074789 0.6112874746322632 0.6072303851445516 0.6112874746322632 0.5973827044169108 0.6170319318771362 0.5831582546234131
1 0.7557201981544495 0.6378676493962606 0.7729536890983582 0.6422443787256876 0.7910077571868896 0.6411501963933309 0.8041380047798157 0.6367734670639038 0.8246540427207947 0.6400560140609741 0.8418874740600586 0.6433386007944742 0.8566590547561646 0.6455269654591879 0.8697893023490906 0.6477153301239014 0.8779956698417664 0.6509979168574015 0.8673273921012878 0.6860118707021078 0.8574796915054321 0.684917688369751 0.8320398330688477 0.6827293237050375 0.8189095854759216 0.6947654088338217 0.8074206113815308 0.7078956762949625 0.7795187830924988 0.702424685160319 0.7680298089981079 0.6947654088338217 0.7491551041603088 0.684917688369751 0.7343835830688477 0.6838235060373942 0.745051920413971 0.6663165092468262 0.7524376511573792 0.6531862815221151
1 0.5464568138122559 0.67507004737854 0.5677934885025024 0.6717875003814697 0.5940539836883545 0.688200314839681 0.6030810475349426 0.7111782232920328 0.5989778637886047 0.733061949412028 0.5874888896942139 0.7560399373372396 0.5792824625968933 0.7626050313313802 0.562869668006897 0.7472863992055258 0.5489187240600586 0.7188374996185303 0.5390710830688477 0.6947654088338217 0.5407123565673828 0.684917688369751
1 0.6145700216293335 0.7199317614237467 0.632624089717865 0.7221201260884603 0.6498575806617737 0.7144607702891032 0.6720148921012878 0.6991421381632487 0.6818625330924988 0.6903886795043945 0.699916660785675 0.6958595911661783 0.7122262716293335 0.7002363204956055 0.7179707288742065 0.723214308420817 0.7220739722251892 0.7505689462025961 0.7114056348800659 0.7768294811248779 0.6892483234405518 0.7965248425801595 0.6777593493461609 0.8227853775024414 0.6638084650039673 0.8370098272959391 0.6383686065673828 0.8249737421671549 0.6162112951278687 0.8107492923736572 0.5973365306854248 0.7998073895772299 0.5932333469390869 0.7779236634572347 0.6014397740364075 0.7505689462025961 0.6096461415290833 0.733061949412028
1 0.561228334903717 0.7604166666666666 0.5727173089981079 0.7757352987925211 0.5776411890983582 0.7954306602478027 0.5743586421012878 0.8184086481730143 0.5604076981544495 0.8413865566253662 0.5448155403137207 0.877494732538859 0.5325059294700623 0.9015669027964274 0.5193756818771362 0.9059436321258545 0.49803900718688965 0.9103203614552816 0.48326748609542847 0.8950017293294271 0.4725991487503052 0.8829657236735026 0.49065327644348145 0.8588935534159342 0.5095279812812805 0.8315388361612955 0.5300440192222595 0.8063725630442301 0.5448155403137207 0.7866772015889486
1 0.45946890115737915 0.8402923742930094 0.4676753282546997 0.8315388361612955 0.4824468493461609 0.8249737421671549 0.4963977336883545 0.8140318393707275 0.49721837043762207 0.8249737421671549 0.48408812284469604 0.8457632859547933 0.4750610589981079 0.8632702827453613 0.46603405475616455 0.8632702827453613 0.4619308114051819 0.8523284594217936
1 0.450441837310791 0.702424685160319 0.46931660175323486 0.7243084907531738 0.4750610589981079 0.7429096698760986 0.47670239210128784 0.7669817606608073 0.46685469150543213 0.7604166666666666 0.4570069909095764 0.7352503140767416 0.44962120056152344 0.7210259437561035 0.44223544001579285 0.7122724056243896
1 0.3109329342842102 0.7669817606608073 0.32980766892433167 0.7527573903401693 0.3519649803638458 0.7450980345408121 0.3708397150039673 0.7407213052113851 0.3815080523490906 0.7308735847473145 0.39299699664115906 0.733061949412028 0.4012034237384796 0.7615108489990234 0.4020240604877472 0.7823003927866617 0.3880731761455536 0.7998073895772299 0.37576356530189514 0.8184086481730143 0.360171377658844 0.8326330184936523 0.35524752736091614 0.8523284594217936 0.3453998565673828 0.8632702827453613 0.32652512192726135 0.8665529092152914 0.3150361478328705 0.8523284594217936 0.3068297207355499 0.8205970128377279 0.30272653698921204 0.7965248425801595 0.3076503574848175 0.781206210454305
1 0.21573859453201294 0.7210259437561035 0.24610230326652527 0.7264968554178873 0.2699008882045746 0.733061949412028 0.2772866487503052 0.7516631285349528 0.2797485888004303 0.7647933959960938 0.2666183412075043 0.7790178457895914 0.2411784827709198 0.7877713839213053 0.21902117133140564 0.7910539309183756 0.2034289836883545 0.7921481132507324 0.20178771018981934 0.7680759429931641 0.20424962043762207 0.7319677670796713
1 0.0009765625 0.5984768867492676 0.0072958506643772125 0.5995710690816244 0.02452930435538292 0.6094187498092651 0.027811866253614426 0.6302083333333334 0.020426098257303238 0.667410691579183 0.022888023406267166 0.702424685160319 0.02370866760611534 0.7210259437561035 0.006475210189819336 0.6892944971720377 0.0009765625 0.6531862815221151 0.0009765625 0.6203606526056925 0.0009765625 0.6105129718780518
1 0.08607736229896545 0.7604166666666666 0.0951044112443924 0.7582283020019531 0.10823465883731842 0.7472863992055258 0.11808235943317413 0.746192216873169 0.13941901922225952 0.7626050313313802 0.16239695250988007 0.7801120281219482 0.16650016605854034 0.7910539309183756 0.15829375386238098 0.8074667453765869 0.14270158112049103 0.8195028305053711 0.1295713186264038 0.8227853775024414 0.11726170778274536 0.8041841983795166 0.10823465883731842 0.7866772015889486 0.09756633639335632 0.7735469341278076
1 0.058175574988126755 0.7866772015889486 0.06966455280780792 0.7680759429931641 0.07705031335353851 0.7658875783284506 0.08853928744792938 0.7823003927866617 0.10331082344055176 0.7954306602478027 0.11315850913524628 0.8129376570383707 0.12382684648036957 0.8271621068318685 0.11397914588451385 0.8381040096282959 0.09674569964408875 0.84685746828715 0.07787096500396729 0.8501400947570801 0.067202627658844 0.8413865566253662 0.05735493823885918 0.8260679244995117 0.05407236889004707 0.8184086481730143 0.05899621918797493 0.8041841983795166
1 0.010578412562608719 0.8337272802988688 0.021246742457151413 0.811843474706014 0.034376997500658035 0.8085609277089437 0.04750724509358406 0.8271621068318685 0.06145813688635826 0.8457632859547933 0.06638199090957642 0.8588935534159342 0.06309941411018372 0.877494732538859 0.05489301308989525 0.890625 0.04094212129712105 0.8796830972035726 0.026991229504346848 0.8632702827453613 0.018784817308187485 0.8490458329518636
1 0.0009765625 0.9672181606292725 0.0009765625 0.9562762578328451 0.0009765625 0.9715948899586996 0.0009765625 0.9814426104227701 0.0146816186606884 0.9803484280904134 0.018784817308187485 0.9901960690816244 0.01960546150803566 0.9967612425486246 0.006475210189819336 0.9967612425486246 0.0009765625 0.9956669807434082 0.0009765625 0.9934786160786947 0.0009765625 0.9836309750874838
1 0.048327889293432236 0.9606529871622721 0.06063750013709068 0.9672181606292725 0.07869160175323486 0.9639356136322021 0.10166953504085541 0.9562762578328451 0.10823465883731842 0.9726890722910563 0.11644107103347778 0.9912902514139811 0.09920762479305267 0.9945727984110514 0.08279480040073395 0.9945727984110514 0.06638199090957642 0.9934786160786947 0.05407236889004707 0.9880077044169108 0.04668660834431648 0.9748774369557699
1 0.11151723563671112 0.9508053461710612 0.12464748322963715 0.9332983493804932 0.1402396559715271 0.921262264251709 0.14926670491695404 0.9201680819193522 0.15172863006591797 0.93439253171285 0.14106029272079468 0.9497111638387045 0.13941901922225952 0.9737832546234131 0.13203324377536774 0.9912902514139811 0.12136492133140564 0.9781599839528402 0.1123378723859787 0.9628413518269857
1 0.13777773082256317 0.8654586474100748 0.14926670491695404 0.8479516506195068 0.1615763157606125 0.8446691036224365 0.1681414395570755 0.8567051887512207 0.17634785175323486 0.8643644650777181 0.16896207630634308 0.8829657236735026 0.164858877658844 0.9070378144582113 0.15829375386238098 0.9168855349222819 0.15172863006591797 0.9015669027964274 0.15172863006591797 0.8807772795359293 0.1402396559715271 0.8796830972035726 0.13613645732402802 0.877494732538859
1 0.18783682584762573 0.8556110064188639 0.19850516319274902 0.8479516506195068 0.21820053458213806 0.8359156449635824 0.23215141892433167 0.8282562891642252 0.2543087303638458 0.8140318393707275 0.2789279520511627 0.8009015719095866 0.29205819964408875 0.7910539309183756 0.296161413192749 0.8107492923736572 0.3002645969390869 0.8359156449635824 0.3076503574848175 0.8588935534159342 0.3150361478328705 0.8742121855417887 0.2969820499420166 0.8950017293294271 0.2838518023490906 0.9136029084523519 0.2723628282546997 0.9332983493804932 0.26743897795677185 0.9486169815063477 0.2485642433166504 0.951899528503418 0.2313307821750641 0.9475227197011312 0.22230371832847595 0.9475227197011312 0.21245604753494263 0.9136029084523519 0.2099941074848175 0.8939075469970703 0.21573859453201294 0.8687412738800049 0.2132766842842102 0.8588935534159342 0.20917347073554993 0.8567051887512207
1 0.7220739722251892 0.692577044169108 0.7417693138122559 0.6914828618367513 0.7524376511573792 0.698047955830892 0.7540789246559143 0.7177433172861735 0.7516170144081116 0.7440038522084554 0.7532582879066467 0.7571341196695963 0.7401280403137207 0.7626050313313802 0.7311009764671326 0.7593224843343099 0.7269977927207947 0.733061949412028 0.7237152457237244 0.7166491349538168 0.7220739722251892 0.705707311630249
1 0.6769387125968933 0.8501400947570801 0.6925308704376221 0.8216911951700846 0.7081230878829956 0.7954306602478027 0.7228946089744568 0.7801120281219482 0.7368454933166504 0.7735469341278076 0.756540834903717 0.7702643871307373 0.7647472620010376 0.7647933959960938 0.7737743258476257 0.7790178457895914 0.7910077571868896 0.7888655662536621 0.8074206113815308 0.7998073895772299 0.8115237951278687 0.811843474706014 0.7918283939361572 0.8326330184936523 0.7860839366912842 0.8512342770894369 0.7860839366912842 0.8687412738800049 0.7885458469390869 0.8785889148712158 0.7721330523490906 0.8840599060058594 0.7622853517532349 0.8917191823323568 0.7557201981544495 0.9015669027964274 0.7499757409095764 0.9103203614552816 0.7352042198181152 0.9146970907847086 0.7146881818771362 0.9190738995869955 0.7023785710334778 0.9136029084523519 0.6925308704376221 0.9026610851287842 0.6802212595939636 0.8753063678741455 0.6769387125968933 0.8610819180806478
1 0.37576356530189514 0.8304446538289388 0.3987414836883545 0.8359156449635824 0.42418137192726135 0.8446691036224365 0.4430561065673828 0.8435749212900797 0.450441837310791 0.8490458329518636 0.4586482644081116 0.8676470915476481 0.4619308114051819 0.8829657236735026 0.4471592903137207 0.890625 0.4192575216293335 0.8960959116617838 0.40038278698921204 0.9015669027964274 0.38561123609542847 0.8960959116617838 0.3700190782546997 0.8764005502065023 0.36181265115737915 0.8687412738800049 0.36591586470603943 0.8556110064188639 0.36837777495384216 0.8457632859547933
1 0.28138986229896545 0.9475227197011312 0.29862332344055176 0.9070378144582113 0.31585678458213806 0.8895308176676432 0.32980766892433167 0.8796830972035726 0.3462204933166504 0.8785889148712158 0.36263328790664673 0.8818714618682861 0.3815080523490906 0.8993785381317139 0.3946382999420166 0.9179797172546387 0.3905350863933563 0.9365808963775635 0.3872525095939636 0.9606529871622721 0.39299699664115906 0.9847251574198405 0.38561123609542847 0.9967612425486246 0.3396553695201874 0.9912902514139811 0.3174980580806732 0.9923844337463379 0.30272653698921204 0.9891018867492676 0.2904169261455536 0.9726890722910563
1 0.23871654272079468 0.9628413518269857 0.2592325508594513 0.9617471694946289 0.269080251455307 0.9617471694946289 0.2830311357975006 0.969406525293986 0.2928788363933563 0.9869135220845541 0.2871343493461609 0.9923844337463379 0.26415640115737915 0.9945727984110514 0.2485642433166504 0.9934786160786947 0.23543399572372437 0.9923844337463379 0.23215141892433167 0.9792541662851969
1 0.40612727403640747 0.9179797172546387 0.4291051924228668 0.9070378144582113 0.4512624740600586 0.9059436321258545 0.4611101746559143 0.9070378144582113 0.47670239210128784 0.9168855349222819 0.4922945499420166 0.9245448112487793 0.5013216137886047 0.938769261042277 0.5013216137886047 0.965029795964559 0.49475646018981934 0.9901960690816244 0.4835978150367737 0.9986979166666666 0.44962120056152344 0.9967612425486246 0.42418137192726135 0.9967612425486246 0.4053066074848175 0.9934786160786947 0.4012034237384796 0.969406525293986 0.3987414836883545 0.9508053461710612 0.39956212043762207 0.9332983493804932
1 0.5152724981307983 0.9354867140452067 0.5308646559715271 0.9245448112487793 0.5390710830688477 0.9267331759134928 0.5522013306617737 0.9398634433746338 0.5677934885025024 0.9606529871622721 0.5784618258476257 0.9726890722910563 0.5883095264434814 0.9847251574198405 0.5883095264434814 0.9934786160786947 0.5636903047561646 0.9978554248809814 0.5374298095703125 0.9978554248809814 0.5087073445320129 0.9967612425486246 0.5037835240364075 0.9923844337463379 0.5037835240364075 0.9781599839528402 0.5062454342842102 0.9573704401652018 0.5070660710334778 0.9420518080393473
1 0.5924127101898193 0.8184086481730143 0.622776448726654 0.8260679244995117 0.6441130638122559 0.842480738957723 0.6597052812576294 0.8523284594217936 0.6687322854995728 0.8742121855417887 0.6752974390983582 0.8950017293294271 0.6810418963432312 0.9146970907847086 0.6818625330924988 0.9278273582458496 0.6670910120010376 0.9464285373687744 0.6441130638122559 0.9573704401652018 0.6260589957237244 0.9705007076263428 0.6112874746322632 0.982536792755127 0.5997985005378723 0.9803484280904134 0.5874888896942139 0.9628413518269857 0.5636903047561646 0.9409576257069906 0.5489187240600586 0.9201680819193522 0.5382504463195801 0.9092261791229248 0.5530219674110413 0.8851540883382162 0.562869668006897 0.8610819180806478 0.5710760354995728 0.8446691036224365 0.5801030993461609 0.8304446538289388
1 0.6104668378829956 0.9912902514139811 0.6342653632164001 0.9912902514139811 0.6490369439125061 0.9847251574198405 0.6703735589981079 0.9705007076263428 0.6917102336883545 0.9606529871622721 0.7040198445320129 0.9617471694946289 0.7237152457237244 0.9737832546234131 0.730280339717865 0.9869135220845541 0.7212533354759216 0.9573704401652018 0.7114056348800659 0.9376750787099203 0.7015579342842102 0.9278273582458496 0.6900689601898193 0.9332983493804932 0.6761180758476257 0.9464285373687744 0.6646291017532349 0.9562762578328451 0.6482163071632385 0.9672181606292725 0.6359066963195801 0.9748774369557699 0.6260589957237244 0.9792541662851969
1 0.9058974981307983 0.8052783807118734 0.9231309294700623 0.7943364779154459 0.9354405403137207 0.7954306602478027 0.940364420413971 0.8129376570383707 0.9420056939125061 0.8381040096282959 0.940364420413971 0.8457632859547933 0.9214896559715271 0.8391981919606527 0.912462592124939 0.8304446538289388 0.9050768613815308 0.8195028305053711
1 0.8763543963432312 0.8413865566253662 0.8853814601898193 0.8315388361612955 0.8993323445320129 0.8337272802988688 0.912462592124939 0.8501400947570801 0.9223102927207947 0.8545168240865072 0.9305167198181152 0.8577993710835775 0.938723087310791 0.8621761004130045 0.9436469674110413 0.890625 0.940364420413971 0.9179797172546387 0.9198483824729919 0.9190738995869955 0.9034355878829956 0.9179797172546387 0.8935878872871399 0.9114145437876383 0.8804576396942139 0.9004727204640707 0.8755337595939636 0.8764005502065023 0.8722512125968933 0.8512342770894369
1 0.9108213186264038 0.938769261042277 0.9231309294700623 0.9245448112487793 0.9337992668151855 0.9267331759134928 0.9428263306617737 0.9300157229105631 0.9444676041603088 0.9453343550364176 0.9445414543151855 0.9459745089213053 0.9436469674110413 0.9847251574198405 0.9288754463195801 0.9847251574198405 0.9198483824729919 0.9792541662851969 0.9116419553756714 0.969406525293986 0.9083594083786011 0.9551820755004883
1 0.8599416017532349 0.9912902514139811 0.8763543963432312 0.9781599839528402 0.8886640071868896 0.9726890722910563 0.8960497975349426 0.9726890722910563 0.9083594083786011 0.9814426104227701 0.9223102927207947 0.9891018867492676 0.9280548095703125 0.9945727984110514 0.9108178019523621 0.9986979166666666 0.8804576396942139 0.9986979166666666 0.8640447854995728 0.9986979166666666
1 0.9165658354759216 0.561274528503418 0.9370818138122559 0.556897759437561 0.9445414543151855 0.5668439070383707 0.9420056939125061 0.5919117530186971 0.9346199035644531 0.6137955188751221 0.9206690192222595 0.6203606526056925 0.8968704342842102 0.6203606526056925 0.9001529812812805 0.6127013365427653 0.9165658354759216 0.605042020479838 0.9198483824729919 0.5886292060216268
0 0.0009765625 0.15095412731170654 0.0009765625 0.13672968745231628 0.0009765625 0.12250524759292603 0.0009765625 0.10171568393707275 0.008937131613492966 0.0896796186765035 0.025349948555231094 0.09843312700589497 0.0425834022462368 0.11265756686528523 0.05489301308989525 0.13782387971878052 0.05981685593724251 0.14985994497934976 0.04996917024254799 0.16955532630284628 0.049148526042699814 0.19362745682398477 0.03355635330080986 0.21222863594690958 0.01714353635907173 0.2209821343421936 0.0009765625 0.22426470120747885 0.0009765625 0.2319240172704061 0.0009765625 0.24396008253097534 0.0009765625 0.25380776325861615 0.0009765625 0.21988795200983682 0.0009765625 0.17830882469813028
0 0.0009765625 0.004332983245452245 0.0009765625 0.002144607870529095 0.0009765625 0.0013020833333333333 0.0009765625 0.015274859964847565 0.0009765625 0.016369047264258068
0 0.04750724509358406 0.21004027128219604 0.07540903985500336 0.20894606908162436 0.09264248609542847 0.21222863594690958 0.10084889829158783 0.21879376967748007 0.10166953504085541 0.24943101406097412 0.09756633639335632 0.2603728969891866 0.07540903985500336 0.26584382851918537 0.05571365728974342 0.2702205975850423 0.04504532739520073 0.2702205975850423 0.039300840348005295 0.25380776325861615 0.03765955939888954 0.23520658413569132 0.04340403899550438 0.2209821343421936
0 0.10577274858951569 0.20894606908162436 0.1230061948299408 0.20785188674926758 0.14188094437122345 0.21004027128219604 0.15254926681518555 0.2166053851445516 0.16650016605854034 0.2209821343421936 0.16978272795677185 0.23739494880040488 0.16732080280780792 0.25709033012390137 0.15501119196414948 0.2647496461868286 0.1369570940732956 0.2614670793215434 0.11972363293170929 0.25709033012390137 0.10823465883731842 0.2559961477915446 0.10659338533878326 0.2363007664680481
0 0.21491795778274536 0.07217261691888173 0.22312438488006592 0.06232493122418722 0.2411784827709198 0.06013655662536621 0.255950003862381 0.06779586772123973 0.26743897795677185 0.07873774568239848 0.27154216170310974 0.08639706174532573 0.2723628282546997 0.12359943985939026 0.28138986229896545 0.15204831957817078 0.29205819964408875 0.17174369096755981 0.2945201098918915 0.18159139156341553 0.2936994731426239 0.2023809552192688 0.27564537525177 0.21441702047983804 0.255950003862381 0.22535890340805054 0.24199911952018738 0.23520658413569132 0.22230371832847595 0.25052521626154584 0.1960432231426239 0.2549019654591878 0.18619553744792938 0.2614670793215434 0.18045105040073395 0.26803221305211383 0.17552721500396729 0.2516193985939026 0.17634785175323486 0.22864145040512085 0.18045105040073395 0.20785188674926758 0.19029873609542847 0.19581582148869833 0.20589092373847961 0.18487395842870077 0.22148308157920837 0.1629901925722758 0.2280482053756714 0.1356355051199595 0.22886887192726135 0.11046919226646423 0.22148308157920837 0.09515056014060974
0 0.3101122975349426 0.2669380307197571 0.3216012716293335 0.2702205975850423 0.3314489424228668 0.28225664297739667 0.33062830567359924 0.30195202430089313 0.3224219083786011 0.33696603775024414 0.32324254512786865 0.3829219341278076 0.3076503574848175 0.3741684357325236 0.2969820499420166 0.3632265329360962 0.30272653698921204 0.3227415879567464 0.30600908398628235 0.2942927082379659
0 0.20424962043762207 0.31617647409439087 0.23297205567359924 0.3238357901573181 0.24281975626945496 0.34571953614552814 0.262515127658844 0.3686974843343099 0.2616944909095764 0.3927696148554484 0.2666183412075043 0.4288777907689412 0.2723628282546997 0.4627976020177205 0.27154216170310974 0.48030463854471844 0.2616944909095764 0.49890581766764325 0.2510261535644531 0.5142244497934977 0.23215141892433167 0.5470500787099203 0.22476565837860107 0.5951943397521973 0.2239450216293335 0.6313025156656901 0.2206624448299408 0.6575630108515421 0.20424962043762207 0.67507004737854 0.1993257999420166 0.698047955830892 0.18045105040073395 0.7013305028279623 0.17060336470603943 0.6871060530344645 0.17224463820457458 0.6663165092468262 0.16567951440811157 0.6488095124562582 0.16650016605854034 0.618172287940979 0.171424001455307 0.5842524369557699 0.17306528985500336 0.5590861241022745 0.18045105040073395 0.5536152124404907 0.19358129799365997 0.5426733096440634 0.19358129799365997 0.5186011791229248 0.18045105040073395 0.5032825469970703 0.17716848850250244 0.4813988208770752 0.1853749006986618 0.4463847875595093 0.1886574625968933 0.4168417453765869 0.1993257999420166 0.39933474858601886 0.20507028698921204 0.38073352972666424 0.20260834693908691 0.3588498036066691 0.20260834693908691 0.3424369891484578 0.20260834693908691 0.32711835702260333
0 0.0009765625 0.6258315642674764 0.0009765625 0.6225490172704061 0.0009765625 0.6291141510009766 0.0009765625 0.6542804638544718 0.0009765625 0.6892944971720377 0.00811648741364479 0.7111782232920328 0.01960546150803566 0.7308735847473145 0.02370866760611534 0.753851572672526 0.01714353635907173 0.7724527517954508 0.01714353635907173 0.7965248425801595 0.013040337711572647 0.8151260217030843 0.0023720040917396545 0.8205970128377279 0.0009765625 0.8184086481730143 0.0009765625 0.8009015719095866 0.0009765625 0.7877713839213053 0.0009765625 0.7829919656117758 0.0009765625 0.7177433172861735 0.0009765625 0.6728816827138265 0.0009765625 0.6422443787256876
0 0.03765955939888954 0.6061362028121948 0.05161045119166374 0.6137955188751221 0.06063750013709068 0.6269257863362631 0.07294711470603943 0.6663165092468262 0.08853928744792938 0.7078956762949625 0.09920762479305267 0.7341561317443848 0.09182184934616089 0.7472863992055258 0.06966455280780792 0.7505689462025961 0.05735493823885918 0.7615108489990234 0.048327889293432236 0.7790178457895914 0.049148526042699814 0.7976190249125162 0.02945314720273018 0.7965248425801595 0.027811866253614426 0.7790178457895914 0.032735709100961685 0.7593224843343099 0.03765955939888954 0.733061949412028 0.034376997500658035 0.6936712265014648 0.032735709100961685 0.6608455975850424 0.03683891519904137 0.6422443787256876 0.03765955939888954 0.6236431996027628
0 0.0009765625 0.8129376570383707 0.0009765625 0.8107492923736572 0.0009765625 0.8216911951700846 0.0009765625 0.8359156449635824 0.0009765625 0.8534226417541504 0.0009765625 0.8632702827453613 0.0009765625 0.8720238208770752 0.0009765625 0.8609944184621176 0.0009765625 0.829350471496582
0 0.0009765625 0.8862482706705729 0.0009765625 0.8753063678741455 0.0009765625 0.8676470915476481 0.0009765625 0.8512342770894369 0.0009765625 0.84685746828715 0.006475210189819336 0.8577993710835775 0.021246742457151413 0.8764005502065023 0.03519763424992561 0.8928133646647135 0.03601827844977379 0.9015669027964274 0.027811866253614426 0.9168855349222819 0.04012147709727287 0.9464285373687744 0.03683891519904137 0.965029795964559 0.041762758046388626 0.9836309750874838 0.04586596414446831 0.9945727984110514 0.03683891519904137 0.9945727984110514 0.0286325104534626 0.9891018867492676 0.018784817308187485 0.9737832546234131 0.005654565989971161 0.965029795964559 0.0009765625 0.9606529871622721 0.0009765625 0.9497111638387045 0.0009765625 0.9508053461710612 0.0009765625 0.9606529871622721 0.0009765625 0.9901960690816244 0.0009765625 0.9978554248809814 0.0009765625 0.9947492281595866 0.0009765625 0.9486169815063477 0.0009765625 0.9201680819193522 0.0009765625 0.9059436321258545
0 0.31995996832847595 0.5809698899586996 0.34047600626945496 0.5634628931681315 0.3609920144081116 0.5765931208928426 0.38889381289482117 0.58753502368927 0.4332084059715271 0.58753502368927 0.4545450806617737 0.5820640722910563 0.4857293963432312 0.5897233883539835 0.5152724981307983 0.5962885220845541 0.5275821089744568 0.6083245674769083 0.5398917198181152 0.6378676493962606 0.5431742668151855 0.6597514152526855 0.5169137716293335 0.6761642297108968 0.5054247975349426 0.6827293237050375 0.525120198726654 0.6947654088338217 0.5341472029685974 0.71555495262146 0.5456361770629883 0.733061949412028 0.5522013306617737 0.7516631285349528 0.549739420413971 0.7680759429931641 0.5341472029685974 0.7877713839213053 0.5169137716293335 0.8009015719095866 0.5070660710334778 0.8009015719095866 0.4963977336883545 0.7899597485860189 0.48819130659103394 0.746192216873169 0.4791643023490906 0.7166491349538168 0.46275144815444946 0.7035189469655355 0.44551801681518555 0.688200314839681 0.4258226454257965 0.6706932385762533 0.4044859707355499 0.6597514152526855 0.38314932584762573 0.6597514152526855 0.37330162525177 0.661939779917399 0.353606253862381 0.6531862815221151 0.3363727927207947 0.6553746461868286 0.3191393315792084 0.6608455975850424 0.29534074664115906 0.6783525943756104 0.3002645969390869 0.6586571931838989 0.3068297207355499 0.635679284731547 0.3109329342842102 0.6061362028121948
0 0.5357884764671326 0.3479079008102417 0.562869668006897 0.3446253538131714 0.5866682529449463 0.3479079008102417 0.6112874746322632 0.3424369891484578 0.619493842124939 0.3446253538131714 0.619493842124939 0.36541489760080975 0.6088255047798157 0.3829219341278076 0.6047223210334778 0.38948702812194824 0.581744372844696 0.38620448112487793 0.5636903047561646 0.38620448112487793 0.5513806939125061 0.3916754325230916 0.5357884764671326 0.3883928457895915 0.5325059294700623 0.3719800313313802
0 0.6966341137886047 0.2516193985939026 0.7105849981307983 0.25052521626154584 0.7196120023727417 0.25709033012390137 0.7261771559715271 0.2767857114473979 0.7409486770629883 0.29757527510325116 0.7548995614051819 0.31179972489674884 0.7672091722488403 0.32164740562438965 0.7795187830924988 0.33368349075317383 0.7901871204376221 0.36541489760080975 0.7951110005378723 0.3971463441848755 0.7893664836883545 0.43653710683186847 0.7860839366912842 0.4627976020177205 0.7811600565910339 0.48249300320943195 0.7704917788505554 0.4945290486017863 0.7540789246559143 0.5043767690658569 0.7384867668151855 0.5076593160629272 0.7220739722251892 0.4846813678741455 0.7114056348800659 0.45842087268829346 0.6785799860954285 0.4102766116460164 0.6728355288505554 0.3851102987925212 0.6703735589981079 0.3697916666666667 0.679400622844696 0.3577556212743123 0.6851451396942139 0.3424369891484578 0.6835038065910339 0.31836483875910443 0.6859657764434814 0.29319852590560913 0.6908895969390869 0.2713147799173991
0 0.6039016842842102 0.003238795635600885 0.6318034529685974 0.002144607870529095 0.6670910120010376 0.004332983245452245 0.6990960240364075 0.002144607870529095 0.7237152457237244 0.002144607870529095 0.7073023915290833 0.019651610404253006 0.6941721439361572 0.0349702388048172 0.6966341137886047 0.05575980246067047 0.7089437246322632 0.06341911852359772 0.7155088186264038 0.07217261691888173 0.7187913656234741 0.10390405853589375 0.7196120023727417 0.11375174919764201 0.7040198445320129 0.10171568393707275 0.6876070499420166 0.0853028694788615 0.66627037525177 0.07545518378416698 0.6465749740600586 0.06560749312241872 0.632624089717865 0.05685398976008097 0.6268796324729919 0.04372373720010122 0.6293415427207947 0.03278186172246933 0.6235970854759216 0.014180672665437063 0.6178525686264038 0.011992296824852625
0 0.6235970854759216 0.41574756304423016 0.6482163071632385 0.4255952437718709 0.6646291017532349 0.4376312891642253 0.6777593493461609 0.45185573895772296 0.6851451396942139 0.46498600641886395 0.6941721439361572 0.4748336871465047 0.7122262716293335 0.49890581766764325 0.7261771559715271 0.5153186321258545 0.745051920413971 0.5207895835240682 0.7540789246559143 0.5229779481887817 0.7524376511573792 0.5470500787099203 0.7401280403137207 0.5798757076263428 0.7401280403137207 0.6148897012074789 0.7458725571632385 0.6378676493962606 0.7352042198181152 0.6630339622497559 0.7278184294700623 0.6717875003814697 0.7163294553756714 0.667410691579183 0.7130469083786011 0.6499036947886149 0.7097643613815308 0.6214548349380493 0.6892483234405518 0.6203606526056925 0.6621671915054321 0.6203606526056925 0.6498575806617737 0.6302083333333334 0.6482163071632385 0.6575630108515421 0.6638084650039673 0.6728816827138265 0.6687322854995728 0.6860118707021078 0.6350860595703125 0.7100840409596761 0.6145700216293335 0.7100840409596761 0.6080048680305481 0.67507004737854 0.5850269198417664 0.6663165092468262 0.5677934885025024 0.6608455975850424 0.5513806939125061 0.6575630108515421 0.5472774505615234 0.6345851023991903 0.5390710830688477 0.6159838835398356 0.5325059294700623 0.5951943397521973 0.561228334903717 0.5951943397521973 0.5825650095939636 0.5995710690816244 0.5956952571868896 0.6094187498092651 0.6137493848800659 0.6247373819351196 0.6293415427207947 0.6269257863362631 0.6350860595703125 0.6148897012074789 0.6334447264671326 0.5973827044169108 0.640009880065918 0.5908175706863403 0.653140127658844 0.5831582546234131 0.653140127658844 0.5623687108357748 0.6408305168151855 0.5558035771052042 0.6268796324729919 0.5536152124404907 0.6178525686264038 0.556897759437561 0.6121081113815308 0.5503326257069906 0.6063635945320129 0.530637264251709 0.6121081113815308 0.5065651337305704 0.6178525686264038 0.478116234143575 0.6203144788742065 0.4573266903559367 0.6203144788742065 0.43981969356536865
0 0.8919466137886047 0.6323966979980469 0.9067181348800659 0.6280199686686198 0.9288754463195801 0.6280199686686198 0.9444676041603088 0.6214548349380493 0.9445414543151855 0.622611920038859 0.9428263306617737 0.7078956762949625 0.9420056939125061 0.7166491349538168 0.9280548095703125 0.723214308420817 0.9116419553756714 0.7254026730855306 0.8976910710334778 0.7221201260884603 0.8829195499420166 0.7188374996185303 0.8763543963432312 0.7046131292978922 0.8796370029449463 0.6816351413726807 0.882098913192749 0.6608455975850424 0.8878433704376221 0.6433386007944742
0 0.7663885354995728 0.7122724056243896 0.784442663192749 0.7089898586273193 0.7951110005378723 0.7177433172861735 0.8139857053756714 0.7199317614237467 0.8238334059715271 0.7100840409596761 0.8369636535644531 0.7013305028279623 0.8533764481544495 0.6969537734985352 0.8648654222488403 0.7046131292978922 0.8730718493461609 0.7188374996185303 0.8829195499420166 0.7352503140767416 0.8944085240364075 0.7494747638702393 0.8968704342842102 0.7647933959960938 0.8968704342842102 0.7921481132507324 0.8935878872871399 0.8030900160471598 0.8738924860954285 0.8140318393707275 0.86158287525177 0.8260679244995117 0.855838418006897 0.8490458329518636 0.8574796915054321 0.8785889148712158 0.8640447854995728 0.8884366353352865 0.8771750330924988 0.9114145437876383 0.8878433704376221 0.921262264251709 0.9042562246322632 0.9300157229105631 0.9026148915290833 0.9464285373687744 0.8976910710334778 0.9617471694946289 0.8771750330924988 0.965029795964559 0.8656860589981079 0.9683123429616293 0.8533764481544495 0.9453343550364176 0.8451700806617737 0.9322041670481364 0.8303985595703125 0.9311099052429199 0.827936589717865 0.9508053461710612 0.8312191963195801 0.9672181606292725 0.8377842903137207 0.9705007076263428 0.8476319909095764 0.9759716192881266 0.8500939011573792 0.9880077044169108 0.8492732644081116 0.9978554248809814 0.8246540427207947 0.9978554248809814 0.7762362360954285 0.9934786160786947 0.7573615312576294 0.9956669807434082 0.7491551041603088 0.9945727984110514 0.7401280403137207 0.9847251574198405 0.7311009764671326 0.9606529871622721 0.7220739722251892 0.9420518080393473 0.7212533354759216 0.9300157229105631 0.7368454933166504 0.9289215405782064 0.7466931939125061 0.9278273582458496 0.7598234415054321 0.9234506289164225 0.7688504457473755 0.9125087261199951 0.7786981463432312 0.9026610851287842 0.7893664836883545 0.8950017293294271 0.7992141842842102 0.8785889148712158 0.8024967312812805 0.8523284594217936 0.8082412481307983 0.8381040096282959 0.8205508589744568 0.8238795598347982 0.8230127692222595 0.8063725630442301 0.8156269788742065 0.7910539309183756 0.7967522740364075 0.7801120281219482 0.7819807529449463 0.7658875783284506 0.7762362360954285 0.7571341196695963 0.7598234415054321 0.746192216873169 0.7614647150039673 0.7221201260884603
0 0.9042562246322632 0.7396271228790283 0.9149245023727417 0.7341561317443848 0.9305167198181152 0.7308735847473145 0.9428263306617737 0.7297794024149576 0.940364420413971 0.7549457550048828 0.9395437240600586 0.7801120281219482 0.9264134764671326 0.7833945751190186 0.915745198726654 0.7877713839213053 0.9050768613815308 0.7888655662536621 0.9034355878829956 0.7658875783284506 0.9026148915290833 0.7516631285349528
0 0.328194260597229 0.038593143224716187 0.32932978868484497 0.021181566019852955 0.3412529230117798 0.02723776549100876 0.376454621553421 0.03707909335692724 0.4201728105545044 0.0431352953116099 0.43096041679382324 0.05070554713408152 0.43096041679382324 0.06811712682247162 0.4201728105545044 0.09234192967414856 0.40938520431518555 0.10975350936253865 0.3980298340320587 0.12413699428240459 0.3713446855545044 0.1521469255288442 0.36339592933654785 0.16123122970263162 0.3463628590106964 0.16198824842770895 0.328762024641037 0.15441800157229105 0.32932978868484497 0.12640807032585144 0.32989755272865295 0.09839813907941182 0.33557525277137756 0.0749303549528122 0.3406851589679718 0.06206092735131582 0.33671078085899353 0.05070554713408152
0 0.6024266481399536 0.14457666873931885 0.6228663325309753 0.14154857397079468 0.6438737511634827 0.14306262135505676 0.6580680012702942 0.14306262135505676 0.6762365698814392 0.14003451665242514 0.694405198097229 0.1286791463692983 0.7017861604690552 0.12035186092058818 0.717683732509613 0.1286791463692983 0.7341490387916565 0.14003451665242514 0.7460721731185913 0.15063286821047464 0.7409622669219971 0.16577338178952536 0.7227936387062073 0.17864280939102173 0.7040572762489319 0.1854560375213623 0.6966762542724609 0.1824279228846232 0.6909985542297363 0.1627452770868937 0.6841853260993958 0.15744609634081522 0.6648812294006348 0.15744609634081522 0.6438737511634827 0.15744609634081522 0.6330861449241638 0.1635023057460785 0.622298538684845 0.16577338178952536 0.6154853105545044 0.15971717238426208 0.6069687604904175 0.14987584948539734
0 0.36680254340171814 0.6919058958689371 0.3719124495983124 0.6767653624216715 0.3804289996623993 0.6691950956980387 0.3923521339893341 0.6669240792592367 0.4082496762275696 0.6714661916097006 0.42414718866348267 0.6813075542449951 0.43323150277137756 0.6987191041310629 0.4423157870769501 0.7221868832906088 0.4542389512062073 0.7464117209116617 0.47127199172973633 0.7698795000712076 0.48262739181518555 0.79713241259257 0.4871695637702942 0.8069736957550049 0.4775174856185913 0.8206001917521158 0.46672987937927246 0.8243853251139323 0.45140010118484497 0.8304414749145508 0.43039265275001526 0.8372547626495361 0.39121660590171814 0.8274134000142416 0.3889455199241638 0.8198431332906088 0.402004212141037 0.79713241259257 0.41165629029273987 0.7751786708831787 0.4082496762275696 0.744140625 0.402004212141037 0.714616616566976 0.3798612356185913 0.7070464293162028
0 0.1788710355758667 0.7085604667663574 0.19931071996688843 0.7055323123931885 0.2032850980758667 0.7093174457550049 0.1976073980331421 0.7274860541025797 0.1976073980331421 0.7479257583618164 0.1976073980331421 0.7759356498718262 0.1998784840106964 0.791833241780599 0.19874295592308044 0.7963753541310629 0.18398095667362213 0.7925902207692465 0.17376111447811127 0.7872910499572754 0.18114210665225983 0.7471686999003092 0.18284541368484497 0.7244579792022705
0 0.05282633379101753 0.9538365999857584 0.04544534161686897 0.9129572709401449 0.06134286895394325 0.8970596790313721 0.07667262852191925 0.8751060167948405 0.0812147855758667 0.8637506167093912 0.10733215510845184 0.8539092540740967 0.14480489492416382 0.8289274374643961 0.1635412722826004 0.8160579999287924 0.17432887852191925 0.8016745249430338 0.19590410590171814 0.8069736957550049 0.22031816840171814 0.8031885623931885 0.24700328707695007 0.79713241259257 0.2697140574455261 0.7857770125071207 0.28674712777137756 0.7759356498718262 0.29980581998825073 0.7774497667948405 0.28390827775001526 0.7903191248575846 0.23451238870620728 0.8183290958404541 0.2123694121837616 0.8266563415527344 0.19476856291294098 0.8402828375498453 0.18114210665225983 0.8508811791737875 0.17432887852191925 0.8508811791737875 0.169786736369133 0.8410398165384928 0.15388919413089752 0.841796875 0.14026275277137756 0.8516382376352946 0.133449524641037 0.860722541809082 0.13174621760845184 0.8773770332336426 0.1362883597612381 0.8857043584187826 0.14707598090171814 0.8887324333190918 0.14650820195674896 0.9122002124786377 0.12606853246688843 0.9220415751139323 0.11017099022865295 0.9356679916381836 0.10335777699947357 0.9447522958119711 0.07951147854328156 0.9553506374359131 0.05963956192135811 0.958378791809082
0 0.13742390275001526 0.9985010623931885 0.14650820195674896 0.9621638456980387 0.14934705197811127 0.9470233917236328 0.157863587141037 0.9364250500996908 0.1635412722826004 0.9235556125640869 0.17092226445674896 0.9008448123931885 0.17830325663089752 0.8758629957834879 0.18625202775001526 0.8637506167093912 0.1976073980331421 0.8614795207977295 0.2004462480545044 0.870563824971517 0.20498839020729065 0.9023589293162028 0.2123694121837616 0.9356679916381836 0.2214536964893341 0.9795754750569662 0.22088593244552612 0.9932018915812174 0.1907941848039627 0.997744083404541 0.16013465821743011 0.9947159290313721
0 0.6529580354690552 0.9939589500427246 0.6677200794219971 0.9833606084187826 0.6836175918579102 0.9720052083333334 0.6972440481185913 0.968220074971517 0.7103027105331421 0.9765473206837972 0.7227936387062073 0.987145741780599 0.7279035449028015 0.9962300459543864 0.6995151042938232 0.9947159290313721 0.6802109479904175 0.9947159290313721
