1 0.0009765625 0.111563374598821 0.004144236445426941 0.12141106526056926 0.014812566339969635 0.14110644658406576 0.021377690136432648 0.15204831957817078 0.03368730470538139 0.16408438483874002 0.05584460496902466 0.18049718936284384 0.0788225457072258 0.21113445361455283 0.10426241159439087 0.23848915100097656 0.12806099653244019 0.2581845323244731 0.13872931897640228 0.2745973467826843 0.12806099653244019 0.3041404088338216 0.12559907138347626 0.3227415879567464 0.12313714623451233 0.34681371847788495 0.10754497349262238 0.3577556212743123 0.08374638855457306 0.3577556212743123 0.06405100971460342 0.3544730345408122 0.05174139887094498 0.29101016124089557 0.04681755602359772 0.2549019654591878 0.023839615285396576 0.21441702047983804 0.01153000257909298 0.17721464236577353 0.004144236445426941 0.16955532630284628 0.0009765625 0.16742753982543945 0.0009765625 0.13782387971878052
1 0.09933856129646301 0.008709733684857687 0.09851792454719543 0.039346988002459206 0.08538766950368881 0.06232493122418722 0.04927947372198105 0.08858543634414673 0.019736409187316895 0.11703431606292725 0.026301536709070206 0.13672968745231628 0.03943178802728653 0.15204831957817078 0.06076844781637192 0.17064950863520303 0.08292575180530548 0.1980042060216268 0.10590369254350662 0.2176995873451233 0.12806099653244019 0.2363007664680481 0.1420118808746338 0.2406775156656901 0.15432149171829224 0.20456931988398233 0.1830439269542694 0.15204831957817078 0.21586954593658447 0.10171568393707275 0.2569015920162201 0.06232493122418722 0.2782382369041443 0.039346988002459206 0.2979336380958557 0.0076155463854471845 0.29957491159439087 0.002144607870529095 0.24569162726402283 0.0013020833333333333 0.20520122349262238 0.0013020833333333333 0.19318704307079315 0.0013020833333333333 0.13298483192920685 0.0013020833333333333 0.1100068986415863 0.0013020833333333333
1 0.24130940437316895 0.11046919226646423 0.2667492926120758 0.14548319578170776 0.2872653007507324 0.17174369096755981 0.31434643268585205 0.19362745682398477 0.3094225823879242 0.2209821343421936 0.31844964623451233 0.2516193985939026 0.3225528597831726 0.26256128152211505 0.30039554834365845 0.27240896224975586 0.2807001769542694 0.2756915291150411 0.25115710496902466 0.2756915291150411 0.20602186024188995 0.2767857114473979 0.1731962263584137 0.2647496461868286 0.14775636792182922 0.2516193985939026 0.16663110256195068 0.20894606908162436 0.19617417454719543 0.157519261042277 0.22079339623451233 0.1268820067246755
0 0.3225528597831726 0.20456931988398233 0.3570197522640228 0.17940300703048706 0.39476922154426575 0.153142511844635 0.4177471697330475 0.13672968745231628 0.43990448117256165 0.14657737811406454 0.4440076947212219 0.1728378931681315 0.44729024171829224 0.2023809552192688 0.4440076947212219 0.22754726807276407 0.4349806308746338 0.2406775156656901 0.4103614091873169 0.2417717178662618 0.3816389739513397 0.23739494880040488 0.36276423931121826 0.2516193985939026 0.33240053057670593 0.25709033012390137 0.3233734965324402 0.23958333333333334 0.32091155648231506 0.2209821343421936
0 0.671325147151947 0.26256128152211505 0.684455394744873 0.29319852590560913 0.6901999115943909 0.3391544024149577 0.6836347579956055 0.34900208314259845 0.6672219634056091 0.34571953614552814 0.6590155363082886 0.3238357901573181 0.6549123525619507 0.2942927082379659 0.6590155363082886 0.2713147799173991
0 0.9807067513465881 0.698047955830892 0.9191586971282959 0.7341561317443848 0.8879743218421936 0.7658875783284506 0.8707408905029297 0.7943364779154459 0.8576106429100037 0.8370098272959391 0.8502248525619507 0.8665529092152914 0.8518661260604858 0.8971900939941406 0.8551486730575562 0.9223564465840658 0.8633551001548767 0.93439253171285 0.887153685092926 0.9322041670481364 0.9117729067802429 0.9354867140452067 0.9421366453170776 0.9136029084523519 0.9601907134056091 0.9048494497934977 0.9782448410987854 0.8971900939941406 0.982421875 0.8767689069112142 0.9807067513465881 0.8457632859547933 0.9536256194114685 0.8195028305053711 0.9577288031578064 0.7910539309183756 0.9741415977478027 0.7658875783284506 0.9807067513465881 0.7604166666666666 0.982421875 0.7398350238800049 0.982421875 0.702424685160319
0 0.9807067513465881 0.7735469341278076 0.9651145339012146 0.7943364779154459 0.9634732604026794 0.8096551100413004 0.9675765037536621 0.8216911951700846 0.9807067513465881 0.8315388361612955 0.9823480248451233 0.8315388361612955 0.9815273880958557 0.7910539309183756
1 0.42923614382743835 0.008709733684857687 0.4308774173259735 0.05904236932595571 0.4489315152168274 0.09733893473943074 0.470268189907074 0.11046919226646423 0.490784227848053 0.11922269066174825 0.5088382959365845 0.1312587559223175 0.5285336971282959 0.13672968745231628 0.5802340507507324 0.13672968745231628 0.6040326356887817 0.14329482118288675 0.6270105838775635 0.1608018179734548 0.6401408314704895 0.19909838835398355 0.6590155363082886 0.23301819960276285 0.672966480255127 0.24943101406097412 0.691841185092926 0.25709033012390137 0.7246668338775635 0.24505426486333212 0.750106692314148 0.2166053851445516 0.7730846405029297 0.16627275943756104 0.770622730255127 0.14001225431760153 0.750106692314148 0.10499825080235799 0.7451828122138977 0.08858543634414673 0.7205635905265808 0.07217261691888173 0.6631187796592712 0.026216737926006317 0.6270105838775635 0.014180672665437063 0.5687450766563416 0.013086484124263128 0.5450258255004883 0.0013020833333333333 0.4899635910987854 0.0013020833333333333 0.43908384442329407 0.002144607870529095
0 0.7419002652168274 0.4846813678741455 0.783752977848053 0.5065651337305704 0.8091928362846375 0.5284488598505656 0.8485835790634155 0.5667454401652018 0.866637647151947 0.5995710690816244 0.8887949585914612 0.6433386007944742 0.9060284495353699 0.6903886795043945 0.9232618808746338 0.71555495262146 0.9052078127861023 0.7374387582143148 0.8830505013465881 0.753851572672526 0.868278980255127 0.7724527517954508 0.8313501477241516 0.7560399373372396 0.8083721995353699 0.7254026730855306 0.796883225440979 0.6805409590403239 0.7796497344970703 0.635679284731547 0.7550305128097534 0.5908175706863403 0.7263081073760986 0.5558035771052042 0.7082539796829224 0.5273546775182089 0.7164604067802429 0.5021883646647135 0.7320525646209717 0.4901523192723592
0 0.24459198117256165 0.4507615566253662 0.2593635022640228 0.4660801887512207 0.25526031851768494 0.5065651337305704 0.24459198117256165 0.5634628931681315 0.2248965948820114 0.5831582546234131 0.20520122349262238 0.6072303851445516 0.2150489091873169 0.6389618317286173 0.22735852003097534 0.6794467767079672 0.22653788328170776 0.6991421381632487 0.2216140329837799 0.7210259437561035 0.21258698403835297 0.7516631285349528 0.196994811296463 0.7636992136637369 0.18058200180530548 0.7560399373372396 0.18140263855457306 0.6991421381632487 0.18140263855457306 0.5667454401652018 0.196994811296463 0.5032825469970703 0.21586954593658447 0.4846813678741455 0.2322823703289032 0.4660801887512207
1 0.13708804547786713 0.33696603775024414 0.16170726716518402 0.2866334120432536 0.18550583720207214 0.2866334120432536 0.21669019758701324 0.29101016124089557 0.24869519472122192 0.2997636596361796 0.29054784774780273 0.29648109277089435 0.32173222303390503 0.3150822917620341 0.33814501762390137 0.3413428068161011 0.3438895046710968 0.3676033020019531 0.3340418338775635 0.40918242931365967 0.3299386203289032 0.44310224056243896 0.3168083727359772 0.46170341968536377 0.2979336380958557 0.4792104164759318 0.2839827239513397 0.5153186321258545 0.2733144164085388 0.5361081759134928 0.26182544231414795 0.530637264251709 0.26592862606048584 0.4879639546076457 0.26510798931121826 0.4540441036224365 0.24705389142036438 0.4409138758977254 0.22982044517993927 0.4540441036224365 0.21340763568878174 0.47045691808064777 0.19453288614749908 0.4813988208770752 0.18140263855457306 0.4474790096282959 0.1658104658126831 0.40480566024780273 0.15432149171829224 0.37526261806488037 0.1411912441253662 0.3544730345408122
1 0.0009765625 0.17721464236577353 0.0009765625 0.17940300703048706 0.007426798343658447 0.1914390722910563 0.02055704966187477 0.22535890340805054 0.03204602003097534 0.2549019654591878 0.04189370945096016 0.27787989377975464 0.042714349925518036 0.2997636596361796 0.04681755602359772 0.3238357901573181 0.050100117921829224 0.3533788522084554 0.037790507078170776 0.373074213663737 0.01563320681452751 0.3927696148554484 0.0009765625 0.41137079397837323 0.0009765625 0.4080882469813029 0.0009765625 0.3632703224817912 0.0009765625 0.27240896224975586 0.0009765625 0.2220763365427653
1 0.4513934552669525 0.1290703813234965 0.4653443396091461 0.11922269066174825 0.4866809844970703 0.13344713052113852 0.5014525055885315 0.153142511844635 0.5055557489395142 0.18925070762634277 0.5055557489395142 0.2209821343421936 0.4866809844970703 0.2363007664680481 0.46042048931121826 0.22426470120747885 0.45057281851768494 0.16189601023991904
1 0.4628824293613434 0.25380776325861615 0.4440076947212219 0.2516193985939026 0.43580126762390137 0.2669380307197571 0.45631730556488037 0.30632877349853516 0.4792952239513397 0.34681371847788495 0.4940667748451233 0.3851102987925212 0.496528685092926 0.4201242923736572 0.4940667748451233 0.4573266903559367 0.4866809844970703 0.49234068393707275 0.47108882665634155 0.539390762646993 0.48175716400146484 0.5558035771052042 0.530174970626831 0.556897759437561 0.5400226712226868 0.578781525293986 0.5572561025619507 0.5995710690816244 0.5703863501548767 0.6072303851445516 0.586799144744873 0.5941001574198405 0.6171628832817078 0.5645570755004883 0.631934404373169 0.5415791273117065 0.6467059254646301 0.5218837658564249 0.6434233784675598 0.5021883646647135 0.6434233784675598 0.4846813678741455 0.6105977296829224 0.478116234143575 0.5876198410987854 0.46498600641886395 0.5695657134056091 0.43981969356536865 0.5712069869041443 0.4102766116460164 0.5826959609985352 0.3741684357325236 0.5826959609985352 0.3325892885526021 0.5613592863082886 0.3194590409596761 0.5334575176239014 0.2953869104385376 0.5088382959365845 0.26365546385447186 0.48832225799560547 0.2581845323244731
1 0.3135257959365845 0.2855392098426819 0.33896565437316895 0.2702205975850423 0.3758944869041443 0.26584382851918537 0.40461692214012146 0.26365546385447186 0.43251872062683105 0.28444502751032513 0.4407251179218292 0.3041404088338216 0.4251329302787781 0.3205532232920329 0.4070788323879242 0.3413428068161011 0.398872435092926 0.3686974843343099 0.4005137085914612 0.40042893091837567 0.4070788323879242 0.42450106143951416 0.4210297465324402 0.44857319196065265 0.4308774173259735 0.4573266903559367 0.46042048931121826 0.4540441036224365 0.48175716400146484 0.4201242923736572 0.48586034774780273 0.4540441036224365 0.4760126769542694 0.4726453224817912 0.470268189907074 0.5043767690658569 0.4669856131076813 0.5295430819193522 0.470268189907074 0.5514268080393473 0.4448283314704895 0.5415791273117065 0.41282331943511963 0.5109418630599976 0.37425321340560913 0.48577555020650226 0.34224823117256165 0.4595150550206502 0.3619436025619507 0.381827712059021 0.35209590196609497 0.33696603775024414 0.33486247062683105 0.3041404088338216 0.3200909197330475 0.2953869104385376
1 0.7542098760604858 0.07764355838298798 0.7763671875 0.07217261691888173 0.7862148880958557 0.07654937108357747 0.7927799820899963 0.0853028694788615 0.8042689561843872 0.09952730933825175 0.8182198405265808 0.11046919226646423 0.8338120579719543 0.11703431606292725 0.8510454893112183 0.11594012379646301 0.881409227848053 0.10609243313471477 0.9257237911224365 0.10062150160471599 0.9462398290634155 0.09296218554178874 0.977424144744873 0.0874912440776825 0.982421875 0.0919336477915446 0.982421875 0.11922269066174825 0.9675765037536621 0.13344713052113852 0.9503430128097534 0.14548319578170776 0.9257237911224365 0.16408438483874002 0.9142348170280457 0.1728378931681315 0.8904362320899963 0.1826855738957723 0.8625344634056091 0.18596814076105753 0.8280675411224365 0.17721464236577353 0.8083721995353699 0.16955532630284628 0.7886767983436584 0.15095412731170654 0.7788290977478027 0.13016456365585327 0.763236939907074 0.10828080773353577 0.7566717863082886 0.09515056014060974
1 0.8518661260604858 0.3566613992055257 0.8904362320899963 0.3413428068161011 0.9158760905265808 0.3588498036066691 0.9298270344734192 0.39824052651723224 0.9577288031578064 0.4288777907689412 0.9823480248451233 0.4627976020177205 0.982421875 0.4644717375437419 0.982421875 0.6105129718780518 0.9749622344970703 0.618172287940979 0.9437779188156128 0.6192664702733358 0.9109522700309753 0.6072303851445516 0.8699202537536621 0.5733105738957723 0.8584312796592712 0.5503326257069906 0.8674582839012146 0.5273546775182089 0.8764853477478027 0.4901523192723592 0.8518661260604858 0.4627976020177205 0.827246904373169 0.4277836084365845 0.8329914212226868 0.381827712059021
1 0.8247849941253662 0.38948702812194824 0.7903180718421936 0.41793592770894367 0.7788290977478027 0.43653710683186847 0.7812910079956055 0.469362735748291 0.7903180718421936 0.4945290486017863 0.8075515627861023 0.5109418630599976 0.8387358784675598 0.5328256289164225 0.8551486730575562 0.5295430819193522 0.860893189907074 0.5043767690658569 0.8469423055648804 0.4792104164759318 0.8280675411224365 0.4573266903559367 0.8198611736297607 0.42997197310129803
1 0.782111644744873 0.157519261042277 0.810013473033905 0.18596814076105753 0.8247849941253662 0.21879376967748007 0.8223230838775635 0.2603728969891866 0.8083721995353699 0.2866334120432536 0.796883225440979 0.3172706564267476 0.7780084609985352 0.3533788522084554 0.7624163031578064 0.381827712059021 0.7550305128097534 0.39824052651723224 0.7361558079719543 0.41793592770894367 0.712357223033905 0.43653710683186847 0.691841185092926 0.41246497631073 0.684455394744873 0.37963934739430744 0.6901999115943909 0.36432071526845294 0.6984063386917114 0.3413428068161011 0.6901999115943909 0.27897409598032635 0.6893792748451233 0.2669380307197571 0.7025095224380493 0.2647496461868286 0.7336938977241516 0.25271358092625934 0.7574924230575562 0.2319240172704061 0.768981397151947 0.2023809552192688 0.7788290977478027 0.17393207550048828
1 0.530174970626831 0.17830882469813028 0.5769515037536621 0.16408438483874002 0.6097770929336548 0.17174369096755981 0.6261899471282959 0.1914390722910563 0.645064651966095 0.22645308574040732 0.6565536260604858 0.2559961477915446 0.645064651966095 0.28225664297739667 0.6286518573760986 0.3096113403638204 0.6032119989395142 0.3391544024149577 0.594184935092926 0.3413428068161011 0.5843372344970703 0.3227415879567464 0.5539735555648804 0.2953869104385376 0.5268924236297607 0.24286590019861856 0.5268924236297607 0.20347513755162558
1 0.13052290678024292 0.3577556212743123 0.16006597876548767 0.4234068791071574 0.1731962263584137 0.4813988208770752 0.1699136644601822 0.4945290486017863 0.12231650948524475 0.4792104164759318 0.09523536264896393 0.48686973253885907 0.08292575180530548 0.5164128144582113 0.09851792454719543 0.5459558963775635 0.1346261203289032 0.5722163915634155 0.16006597876548767 0.58753502368927 0.15760405361652374 0.6017594734827677 0.13298483192920685 0.6061362028121948 0.08867023140192032 0.5941001574198405 0.059127166867256165 0.5809698899586996 0.03204602003097534 0.5667454401652018 0.0009765625 0.5525209903717041 0.0009765625 0.5448617140452067 0.0009765625 0.43981969356536865 0.0009765625 0.421218474706014 0.0049648769199848175 0.41793592770894367 0.03368730470538139 0.38948702812194824 0.04927947372198105 0.3719800313313802 0.06323037296533585 0.3665091196695964 0.0960559993982315 0.3686974843343099
1 0.0009765625 0.5634628931681315 0.01563320681452751 0.5809698899586996 0.06405100971460342 0.6006652514139811 0.11903394758701324 0.6258315642674764 0.14365316927433014 0.6400560140609741 0.1625279039144516 0.6531862815221151 0.1625279039144516 0.6860118707021078 0.16745173931121826 0.7407213052113851 0.18058200180530548 0.7768294811248779 0.19207097589969635 0.798713207244873 0.19125032424926758 0.8184086481730143 0.17155495285987854 0.8534226417541504 0.16006597876548767 0.8785889148712158 0.14447380602359772 0.8895308176676432 0.09441471844911575 0.8753063678741455 0.08374638855457306 0.8807772795359293 0.08456703275442123 0.9026610851287842 0.0894908756017685 0.921262264251709 0.08128446340560913 0.9508053461710612 0.07471933960914612 0.9891018867492676 0.05372803658246994 0.9986979166666666 0.0009765625 0.9947881698608398 0.0009765625 0.8457632859547933 0.0009765625 0.8348214626312256 0.027122177183628082 0.8348214626312256 0.06569229066371918 0.816220204035441 0.09195279330015182 0.7823003927866617 0.06405100971460342 0.7450980345408121 0.017274487763643265 0.7418154875437418 0.0009765625 0.7319677670796713 0.0009765625 0.7068014939626058
1 0.009888721629977226 0.7735469341278076 0.040252428501844406 0.7779236634572347 0.06323037296533585 0.7921481132507324 0.06076844781637192 0.8041841983795166 0.04189370945096016 0.8129376570383707 0.0230189748108387 0.8195028305053711 0.004144236445426941 0.8107492923736572 0.0009765625 0.7888655662536621
1 0.32829734683036804 0.4748336871465047 0.3044987618923187 0.5021883646647135 0.29300978779792786 0.5317314465840658 0.2889065742492676 0.5645570755004883 0.31106388568878174 0.6006652514139811 0.3274766802787781 0.644432783126831 0.3438895046710968 0.6597514152526855 0.3611229658126831 0.661939779917399 0.39148667454719543 0.6477153301239014 0.4202091097831726 0.6247373819351196 0.4316980838775635 0.5711222092310587 0.4308774173259735 0.5404849449793497 0.3996930718421936 0.5153186321258545 0.36358487606048584 0.49234068393707275 0.3463514447212219 0.47702205181121826
1 0.2774176001548767 0.6838235060373942 0.3225528597831726 0.6728816827138265 0.3512752652168274 0.6892944971720377 0.3603023290634155 0.746192216873169 0.36604681611061096 0.7932422955830892 0.35866105556488037 0.8173143863677979 0.32091155648231506 0.8348214626312256 0.31434643268585205 0.8534226417541504 0.3258354067802429 0.8796830972035726 0.3307592570781708 0.9157913525899252 0.3274766802787781 0.9464285373687744 0.3332211673259735 0.9869135220845541 0.32806551456451416 0.9986979166666666 0.28644466400146484 0.9986979166666666 0.24869519472122192 0.9986979166666666 0.19535353779792786 0.9945727984110514 0.16006597876548767 0.9945727984110514 0.15514212846755981 0.9278273582458496 0.17155495285987854 0.8917191823323568 0.19125032424926758 0.8370098272959391 0.23064108192920685 0.7790178457895914 0.25854286551475525 0.7440038522084554 0.2774176001548767 0.7078956762949625
1 0.3709706664085388 0.6717875003814697 0.40461692214012146 0.6772584120432535 0.4210297465324402 0.6903886795043945 0.4448283314704895 0.7210259437561035 0.46042048931121826 0.7494747638702393 0.4686269164085388 0.7757352987925211 0.4833984375 0.811843474706014 0.4866809844970703 0.8391981919606527 0.490784227848053 0.8665529092152914 0.49570804834365845 0.9059436321258545 0.49570804834365845 0.9300157229105631 0.4940667748451233 0.9442401727040609 0.49160486459732056 0.9759716192881266 0.49231505393981934 0.9986979166666666 0.379177063703537 0.9986979166666666 0.34142759442329407 0.9967612425486246 0.3332211673259735 0.9573704401652018 0.3365037441253662 0.9354867140452067 0.3406069576740265 0.908131996790568 0.3471720814704895 0.8982842763264974 0.37014999985694885 0.8862482706705729 0.392307311296463 0.8840599060058594 0.40872013568878174 0.8884366353352865 0.39476922154426575 0.8643644650777181 0.38410091400146484 0.8501400947570801 0.38820409774780273 0.8173143863677979 0.3964105248451233 0.7943364779154459 0.38081833720207214 0.7385329405466715 0.3693293631076813 0.7078956762949625 0.3676880896091461 0.6892944971720377
1 0.6089564561843872 0.3577556212743123 0.6401408314704895 0.34900208314259845 0.652450442314148 0.34900208314259845 0.6696838736534119 0.36213235060373944 0.686096727848053 0.41355915864308673 0.7025095224380493 0.44857319196065265 0.7287700176239014 0.4376312891642253 0.750106692314148 0.41793592770894367 0.7615956664085388 0.40918242931365967 0.763236939907074 0.43872547149658203 0.7607750296592712 0.460609237353007 0.750106692314148 0.469362735748291 0.7320525646209717 0.4813988208770752 0.7197429537773132 0.4879639546076457 0.7041507959365845 0.508753498395284 0.7008682489395142 0.5317314465840658 0.691841185092926 0.5372023979822794 0.6705045104026794 0.5328256289164225 0.6573742628097534 0.5251663128534952 0.6549123525619507 0.5010941823323568 0.652450442314148 0.48249300320943195 0.6302931308746338 0.46717437108357746 0.6188041567802429 0.4562325080235799 0.6081358194351196 0.40918242931365967
1 0.4481108784675598 0.570028026898702 0.4825778007507324 0.5809698899586996 0.5367400646209717 0.6094187498092651 0.5613592863082886 0.6225490172704061 0.5991087555885315 0.6017594734827677 0.6467059254646301 0.570028026898702 0.6696838736534119 0.5951943397521973 0.6746077537536621 0.6367734670639038 0.6737871170043945 0.6903886795043945 0.6680426001548767 0.7177433172861735 0.6491678953170776 0.728685220082601 0.6155216097831726 0.7177433172861735 0.5925436615943909 0.6947654088338217 0.5703863501548767 0.684917688369751 0.5326368808746338 0.688200314839681 0.5104795694351196 0.6903886795043945 0.4669856131076813 0.6816351413726807 0.4374425411224365 0.6389618317286173 0.4415457546710968 0.6072303851445516 0.4481108784675598 0.58753502368927
1 0.5030938386917114 0.7844887574513754 0.5433052182197571 0.7374387582143148 0.5646418929100037 0.7243084907531738 0.5909023880958557 0.7297794024149576 0.6188041567802429 0.7407213052113851 0.6614775061607361 0.7450980345408121 0.6787109375 0.7319677670796713 0.6926618218421936 0.7450980345408121 0.6959443688392639 0.7636992136637369 0.6885586380958557 0.7855830192565918 0.6787109375 0.8009015719095866 0.658194899559021 0.8359156449635824 0.6491678953170776 0.8588935534159342 0.6155216097831726 0.8818714618682861 0.5835165977478027 0.877494732538859 0.5556148290634155 0.8676470915476481 0.5350987911224365 0.8545168240865072 0.5178653597831726 0.8381040096282959 0.5080176591873169 0.8085609277089437
0 0.5080176591873169 0.9880077044169108 0.5080176591873169 0.9420518080393473 0.5178653597831726 0.9103203614552816 0.5416639447212219 0.8851540883382162 0.5810546875 0.8928133646647135 0.6163422465324402 0.9048494497934977 0.6327550411224365 0.9234506289164225 0.6393201947212219 0.9540878931681315 0.6393201947212219 0.9923844337463379 0.6352169513702393 0.9978554248809814 0.6267917156219482 0.9986979166666666 0.5424845814704895 0.9986979166666666 0.5195066332817078 0.9986979166666666
1 0.6803522109985352 0.5536152124404907 0.699226975440979 0.5601803064346313 0.7328732013702393 0.5941001574198405 0.7566717863082886 0.6269257863362631 0.7755465507507324 0.6663165092468262 0.789497435092926 0.702424685160319 0.783752977848053 0.7297794024149576 0.763236939907074 0.7505689462025961 0.7394383549690247 0.7582283020019531 0.7131778597831726 0.7505689462025961 0.7008682489395142 0.7352503140767416 0.6910205483436584 0.7068014939626058 0.6926618218421936 0.6586571931838989 0.6877380013465881 0.6323966979980469 0.6828141212463379 0.605042020479838 0.6803522109985352 0.5776873429616293
1 0.6770696640014648 0.9190738995869955 0.6951237320899963 0.8446691036224365 0.6975857019424438 0.8063725630442301 0.7074333429336548 0.7735469341278076 0.755851149559021 0.7626050313313802 0.7845736145973206 0.7571341196695963 0.8173992037773132 0.7790178457895914 0.8444803953170776 0.8052783807118734 0.8379152417182922 0.8446691036224365 0.8387358784675598 0.8939075469970703 0.8502248525619507 0.9409576257069906 0.8928982019424438 0.951899528503418 0.9298270344734192 0.9464285373687744 0.9445985555648804 0.9420518080393473 0.9610113501548767 0.9792541662851969 0.9610113501548767 0.9945727984110514 0.8912568688392639 0.9978554248809814 0.8765127062797546 0.9986979166666666 0.755851149559021 0.9967612425486246 0.6910205483436584 0.9934786160786947 0.6672219634056091 0.9901960690816244 0.658194899559021 0.969406525293986 0.6598361730575562 0.9464285373687744 0.6696838736534119 0.9278273582458496
1 0.7977038621902466 0.06889005502065022 0.8157579302787781 0.03168767442305883 0.8444803953170776 0.017463235805432003 0.8756647109985352 0.0013020833333333333 0.9134141802787781 0.016369047264258068 0.9298270344734192 0.0338760515054067 0.9569081664085388 0.04591211676597595 0.982421875 0.06343669195969899 0.9798861145973206 0.07983193298180898 0.9462398290634155 0.08092612028121948 0.9101316332817078 0.09733893473943074 0.8863330483436584 0.10062150160471599 0.8658170104026794 0.10280987620353699 0.8411977887153625 0.11046919226646423 0.8198611736297607 0.10062150160471599 0.8042689561843872 0.08311449488004048
1 0.8239643573760986 0.1870623230934143 0.8649963736534119 0.19362745682398477 0.8920775055885315 0.19691002368927002 0.9035664796829224 0.22973565260569254 0.9109522700309753 0.2461484670639038 0.9199793338775635 0.2702205975850423 0.9257237911224365 0.29101016124089557 0.920799970626831 0.30632877349853516 0.9043871164321899 0.3194590409596761 0.887153685092926 0.31836483875910443 0.8822298645973206 0.29757527510325116 0.8510454893112183 0.28116246064503986 0.823143720626831 0.28444502751032513 0.8141166567802429 0.28772759437561035 0.8321707844734192 0.26365546385447186 0.8362739682197571 0.2319240172704061 0.8305294513702393 0.20894606908162436
1 0.9060284495353699 0.1870623230934143 0.9027458429336548 0.20785188674926758 0.9142348170280457 0.23301819960276285 0.9257237911224365 0.25709033012390137 0.9363921284675598 0.2855392098426819 0.9478811025619507 0.29648109277089435 0.9683971405029297 0.2888217767079671 0.982421875 0.2857051690419515 0.9823480248451233 0.14110644658406576 0.9782448410987854 0.13782387971878052 0.9601907134056091 0.15095412731170654 0.9421366453170776 0.16736694176991782 0.9290063977241516 0.17721464236577353 0.9158760905265808 0.1826855738957723
1 0.9027458429336548 0.33040090401967365 0.920799970626831 0.31836483875910443 0.9314683079719543 0.30742297569910687 0.9708590507507324 0.3107055226961772 0.982421875 0.30703479051589966 0.982421875 0.43872547149658203 0.982421875 0.4474790096282959 0.9618319869041443 0.4234068791071574 0.9445985555648804 0.39824052651723224 0.9347508549690247 0.37745098272959393 0.9166967272758484 0.34681371847788495
1 0.9495223760604858 0.9332983493804932 0.9683971405029297 0.9179797172546387 0.979065477848053 0.9354867140452067 0.9807067513465881 0.9584646224975586 0.9807067513465881 0.9781599839528402 0.9716796875 0.982536792755127 0.9626526236534119 0.9705007076263428 0.9552668929100037 0.9486169815063477
