1 0.0009765625 0.004332983245452245 0.02980104833841324 0.0013020833333333333 0.026526696979999542 0.030593487123648327 0.015858367085456848 0.04262954990069071 0.0009765625 0.051383053263028465 0.0009765625 0.04919467866420746 0.0009765625 0.038252800703048706
1 0.0009765625 0.04919467866420746 0.0009765625 0.06341911852359772 0.0009765625 0.09077381094296773 0.0009765625 0.11594012379646301 0.0009765625 0.1356355051199595 0.0009765625 0.15204831957817078 0.0009765625 0.16163738568623862 0.0009765625 0.11703431606292725 0.0009765625 0.07873774568239848
1 0.0009765625 0.06123074392477671 0.009293235838413239 0.05575980246067047 0.023244135081768036 0.05904236932595571 0.038015663623809814 0.07436099648475647 0.06427616626024246 0.0896796186765035 0.07494450360536575 0.10609243313471477 0.06837937235832214 0.11484594146410625 0.04129822552204132 0.12469363212585449 0.03227117657661438 0.13344713052113852 0.021602846682071686 0.14548319578170776 0.010113880038261414 0.153142511844635 0.0009765625 0.13891807198524475 0.0009765625 0.13672968745231628 0.0009765625 0.10828080773353577 0.0009765625 0.08420868714650472
1 0.028167977929115295 0.04810049136479696 0.04047758877277374 0.06451330582300822 0.04786335676908493 0.07326680918534596 0.06181424856185913 0.08311449488004048 0.0733032152056694 0.08858543634414673 0.08150962740182877 0.10171568393707275 0.08807475119829178 0.11375174919764201 0.10038436204195023 0.10062150160471599 0.10448756068944931 0.0874912440776825 0.10777012258768082 0.052477240562438965 0.11597653478384018 0.03168767442305883 0.11269397288560867 0.010898109525442123 0.1012049987912178 0.006521358465154965 0.07740642875432968 0.0013020833333333333 0.05442848056554794 0.002144607870529095 0.04047758877277374 0.004332983245452245 0.033091820776462555 0.022934173544247944
1 0.11351460963487625 0.09077381094296773 0.12254165858030319 0.09952730933825175 0.12007974833250046 0.11265756686528523 0.11351460963487625 0.12797618905703226 0.10694948583841324 0.1356355051199595 0.09874308854341507 0.12031687299410503 0.10366692394018173 0.109375
1 0.12254165858030319 0.014180672665437063 0.15864986181259155 0.011992296824852625 0.177524596452713 0.014180672665437063 0.1881929337978363 0.026216737926006317 0.1988612711429596 0.041535365084807076 0.19393742084503174 0.05794817705949148 0.18737229704856873 0.07436099648475647 0.18408972024917603 0.08639706174532573 0.16193240880966187 0.0896796186765035 0.15290537476539612 0.09405636787414551 0.14223703742027283 0.09733893473943074 0.13321000337600708 0.09515056014060974 0.12172102183103561 0.08311449488004048 0.11433526128530502 0.07545518378416698 0.11433526128530502 0.05794817705949148 0.11843845993280411 0.04372373720010122 0.12418294697999954 0.030593487123648327
2 0.9300521612167358 0.3260241548220317 0.9398998618125916 0.3205532232920329 0.9382585287094116 0.33040090401967365
1 0.9423617720603943 0.15204831957817078 0.911177396774292 0.1629901925722758 0.9005090594291687 0.1761204401652018 0.8873788118362427 0.20894606908162436 0.8734279274940491 0.23739494880040488 0.8668628334999084 0.2549019654591878 0.8791724443435669 0.28116246064503986 0.8955852389335632 0.3150822917620341 0.9046123027801514 0.33040090401967365 0.9325140714645386 0.33696603775024414 0.9440768957138062 0.33696603775024414
2 0.6701278686523438 0.43113426367441815 0.6641645431518555 0.4255952437718709 0.6690883636474609 0.4190301100413005 0.6764741539955139 0.4255952437718709
1 0.0009765625 0.16943232218424478 0.0009765625 0.1553011933962504 0.0009765625 0.150254358847936 0.0009765625 0.1563105583190918 0.013170607388019562 0.1714510718981425 0.011656560003757477 0.20576953887939453 0.009385481476783752 0.2350411812464396 0.005600355565547943 0.24816294511159262 0.0009765625 0.2643128236134847 0.0009765625 0.28046270211537677 0.0009765625 0.3067062298456828 0.0009765625 0.3319404125213623 0.0009765625 0.344052791595459 0.0009765625 0.3581839402516683 0.0009765625 0.37635254859924316 0.0009765625 0.3884649674097697 0.0009765625 0.400324543317159 0.0009765625 0.30367813507715863 0.0009765625 0.22898497184117636
1 0.022254906594753265 0.16539486249287924 0.03815244138240814 0.1381419599056244 0.05253591388463974 0.13309512535730997 0.0699474960565567 0.16135739286740622 0.08054585009813309 0.17851662635803223 0.09114419668912888 0.18659156560897827 0.10855578631162643 0.20476017395655313 0.10704173892736435 0.21586320797602335 0.09568635374307632 0.22797560691833496 0.07448964565992355 0.236050546169281 0.0517788901925087 0.2370599110921224 0.0283111110329628 0.23403181632359824 0.01619870960712433 0.22797560691833496 0.018469780683517456 0.1976945996284485 0.023011937737464905 0.17750726143519083
1 0.015441685914993286 0.24109739065170288 0.03361028432846069 0.24109739065170288 0.042694590985774994 0.24311612049738565 0.0373954102396965 0.25320978959401447 0.027554087340831757 0.26229409376780194 0.02074085921049118 0.2653221885363261 0.014684654772281647 0.2522004246711731
1 0.0009765625 0.2612847288449605 0.018469780683517456 0.2764252225557963 0.029825158417224884 0.29661256074905396 0.03966648876667023 0.3188186287879944 0.04496566206216812 0.3339591423670451 0.04799376428127289 0.34909963607788086 0.038909465074539185 0.35212775071461994 0.026040032505989075 0.35515586535135907 0.010142505168914795 0.34708090623219806 0.0009765625 0.32588420311609906 0.0009765625 0.30065004030863446 0.0009765625 0.2774345874786377
1 0.05707807093858719 0.3410247166951497 0.06237724423408508 0.3501090208689372 0.06389129906892776 0.3622213999430339 0.054806992411613464 0.3612120548884074 0.05329294502735138 0.3501090208689372
1 0.0009765625 0.40259607632954914 0.0009765625 0.415717879931132 0.0009765625 0.4096616506576538 0.018469780683517456 0.3874555826187134 0.022254906594753265 0.3662588993708293 0.006357379257678986 0.35515586535135907 0.0009765625 0.35111836592356366 0.0009765625 0.3612120548884074 0.0009765625 0.37635254859924316
1 0.0009765625 0.4116803805033366 0.0009765625 0.40562419096628827 0.0009765625 0.4147084951400757 0.0009765625 0.4237927993138631 0.0009765625 0.43287710348765057 0.0009765625 0.44498952229817706 0.0009765625 0.4601300160090129 0.0009765625 0.4692143201828003 0.0009765625 0.481326699256897 0.0009765625 0.4823360840479533 0.0009765625 0.4581112861633301 0.0009765625 0.4369145631790161
1 0.0009765625 0.4227834145228068 0.006357379257678986 0.41067103544871014 0.01619870960712433 0.4005773464838664 0.026797063648700714 0.38341812292734784 0.029825158417224884 0.3702963590621948 0.042694590985774994 0.36323078473409015 0.05026484280824661 0.3692869742711385 0.06313426792621613 0.3773619333902995 0.07448964565992355 0.3884649674097697 0.08357394486665726 0.40562419096628827 0.0881161019206047 0.4167272249857585 0.079031802713871 0.428839643796285 0.06767642498016357 0.44599886735280353 0.06162022054195404 0.4581112861633301 0.056321047246456146 0.4661862055460612 0.043451614677906036 0.48334542910257977 0.029825158417224884 0.48435481389363605 0.014684654772281647 0.4712330500284831 0.0010582059621810913 0.4621487458546956 0.0009765625 0.4581112861633301 0.0009765625 0.441961407661438
1 0.0283111110329628 0.27137839794158936 0.04572269320487976 0.25724724928538006 0.05556401610374451 0.249172310034434 0.07146155089139938 0.24715358018875122 0.0881161019206047 0.24311612049738565 0.10704173892736435 0.23302245140075684 0.11461199074983597 0.23907864093780518 0.11915413290262222 0.25724724928538006 0.11991115659475327 0.2723877628644307 0.11991115659475327 0.2865188916524251 0.11461199074983597 0.2935844659805298 0.0934152826666832 0.30569686492284137 0.07827477902173996 0.3117530743281047 0.06313426792621613 0.32386547327041626 0.05783509463071823 0.32689356803894043 0.04420863837003708 0.30771559476852417 0.03588136285543442 0.28550952672958374
1 0.058592118322849274 0.12804829080899557 0.07600369304418564 0.12804829080899557 0.08508800715208054 0.12602955102920532 0.09644337743520737 0.13006702065467834 0.1024995818734169 0.15328246355056763 0.11006983369588852 0.17346980174382529 0.11839710921049118 0.19567586978276572 0.11385495215654373 0.19870396455128989 0.10401362925767899 0.18861029545466104 0.09114419668912888 0.1724604368209839 0.07448964565992355 0.15227309862772623 0.06691939383745193 0.14016068975130716
1 0.06919047236442566 0.3349685271581014 0.11915413290262222 0.30165940523147583 0.13580867648124695 0.30872495969136554 0.1403508484363556 0.3299216826756795 0.14110785722732544 0.3702963590621948 0.13580867648124695 0.3864462375640869 0.10855578631162643 0.3854368527730306 0.08584503084421158 0.37938066323598224 0.07448964565992355 0.3753432035446167 0.07070452719926834 0.3571745951970418
1 0.12823843955993652 0.10786095261573792 0.1494351327419281 0.10281411806742351 0.1782020926475525 0.10382348299026489 0.18804341554641724 0.13511385520299277 0.18955746293067932 0.15227309862772623 0.17365995049476624 0.1714510718981425 0.16836076974868774 0.18053537607192993 0.12823843955993652 0.18861029545466104 0.12218224257230759 0.18558220068613687 0.11764008551836014 0.167413592338562 0.11082685738801956 0.14722626407941183 0.12218224257230759 0.12905765573183695
1 0.18425831198692322 0.09978601336479187 0.19409963488578796 0.09171107411384583 0.20621204376220703 0.10180474321047465 0.21378228068351746 0.1098796824614207 0.21605336666107178 0.11997335155804952 0.20999717712402344 0.1320857604344686 0.19712772965431213 0.1391513248284658 0.19182854890823364 0.12703892588615417 0.1872864067554474 0.11492651700973511
1 0.1782020926475525 0.004905523111422856 0.19561368227005005 0.02509286254644394 0.2107541859149933 0.04124273359775543 0.22665172815322876 0.042252098520596824 0.24557733535766602 0.042252098520596824 0.2546616494655609 0.03720526397228241 0.256175696849823 0.012980458637078604 0.254677951335907 0.0013020833333333333 0.23119387030601501 0.0013020833333333333 0.19788476824760437 0.002886789540449778
1 0.2614748775959015 0.0018774224445223808 0.2622319161891937 0.03316779683033625 0.2622319161891937 0.044270833333333336 0.2781294286251068 0.04729893306891123 0.29705506563186646 0.05436450242996216 0.31143853068351746 0.05537386735280355 0.3159807026386261 0.05537386735280355 0.3212798833847046 0.034177164236704506 0.32203689217567444 0.014999192208051682 0.3159807026386261 0.002886789540449778 0.2978120744228363 0.0013020833333333333
1 0.328850120306015 0.006924257303277652 0.3303641676902771 0.02812096228202184 0.3280930817127228 0.05739260216554006 0.33112120628356934 0.06849564115206401 0.3371773958206177 0.08262677490711212 0.34928980469703674 0.07858931024869283 0.3591311275959015 0.07051437099774678 0.37124353647232056 0.051336402694384255 0.37654271721839905 0.044270833333333336 0.3704864978790283 0.020046026756366093 0.3652244210243225 0.0013020833333333333 0.34399062395095825 0.0013020833333333333
1 0.2054550051689148 0.04729893306891123 0.19637072086334229 0.07959867517153423 0.20696905255317688 0.08767361442248027 0.21908146142959595 0.09978601336479187 0.2289227843284607 0.09171107411384583 0.241792231798172 0.06849564115206401 0.25314760208129883 0.050327032804489136 0.23725005984306335 0.051336402694384255 0.216810405254364 0.051336402694384255
1 0.2599608302116394 0.05436450242996216 0.25163355469703674 0.0695050060749054 0.2402781844139099 0.09070170919100444 0.2327079176902771 0.10079537828763326 0.22438064217567444 0.1088703175385793 0.22438064217567444 0.12703892588615417 0.24330627918243408 0.137132594982783 0.25693273544311523 0.1320857604344686 0.27510133385658264 0.11997335155804952 0.28418564796447754 0.10584221283594768 0.30386829376220703 0.10584221283594768 0.3197658061981201 0.09675790866216023 0.3235509395599365 0.08666423956553142 0.32052284479141235 0.07051437099774678 0.3137096166610718 0.06445817152659099 0.29554101824760437 0.06243943671385447 0.2758583426475525 0.05739260216554006
1 0.28797075152397156 0.12502018610636392 0.3015972077846527 0.12905765573183695 0.3250649869441986 0.1320857604344686 0.3227939307689667 0.11795462171236674 0.3197658061981201 0.1088703175385793 0.29856911301612854 0.1098796824614207 0.28948479890823364 0.11290778716405232
1 0.3341493010520935 0.08969234426816304 0.328850120306015 0.10382348299026489 0.3318782150745392 0.12199209133783977 0.33490630984306335 0.137132594982783 0.34247657656669617 0.13612322012583414 0.34928980469703674 0.13107638557751974 0.35156089067459106 0.10382348299026489 0.35156089067459106 0.08767361442248027
1 0.37124353647232056 0.004905523111422856 0.3825989067554474 0.02812096228202184 0.38714104890823364 0.042252098520596824 0.40001049637794495 0.044270833333333336 0.4151510000228882 0.044270833333333336 0.4295344650745392 0.03518653164307276 0.44316092133522034 0.022064760327339172 0.4620865285396576 0.00793362408876419 0.4696567952632904 0.0038961563259363174 0.4386187791824341 0.002886789540449778 0.40530967712402344 0.002886789540449778 0.38184189796447754 0.002886789540449778
1 0.3848699927330017 0.05234576761722565 0.3992534577846527 0.05537386735280355 0.4151510000228882 0.061430071791013084 0.4257493317127228 0.08060804506142934 0.43104851245880127 0.09473917881647746 0.4333195984363556 0.11189842224121094 0.4355906844139099 0.12602955102920532 0.4446749687194824 0.1431887944539388 0.44846007227897644 0.15328246355056763 0.44164687395095825 0.1664042274157206 0.4318055510520935 0.1724604368209839 0.4204501807689667 0.17346980174382529 0.40758073329925537 0.17447916666666666 0.39471131563186646 0.17447916666666666 0.38941213488578796 0.16135739286740622 0.3772997260093689 0.14722626407941183 0.36518731713294983 0.13511385520299277 0.3591311275959015 0.11593588193257649 0.35837408900260925 0.08969234426816304 0.3614022135734558 0.07657057543595631 0.3735145926475525 0.06344880660374959
1 0.13050952553749084 0.1966852347056071 0.15246325731277466 0.19365713993708292 0.17063185572624207 0.19365713993708292 0.17971614003181458 0.2087976336479187 0.18123018741607666 0.21990068753560385 0.16987481713294983 0.2249475121498108 0.15624836087226868 0.22696624199549356 0.14565002918243408 0.22898497184117636 0.13732275366783142 0.23403181632359824 0.12899544835090637 0.23907864093780518 0.11839710921049118 0.2259568770726522 0.11612603813409805 0.21485384305318198
1 0.17971614003181458 0.18558220068613687 0.18880045413970947 0.16438549757003784 0.20242691040039062 0.14621688922246298 0.21605336666107178 0.1391513248284658 0.22816577553749084 0.1421794295310974 0.23725005984306335 0.1482356290022532 0.241792231798172 0.16539486249287924 0.24784842133522034 0.17851662635803223 0.24330627918243408 0.18861029545466104 0.22589468955993652 0.2007227142651876 0.20242691040039062 0.22091005245844522 0.19334259629249573 0.21889130274454752 0.18652936816215515 0.20274144411087036
1 0.25011950731277466 0.1492449939250946 0.2743442952632904 0.13309512535730997 0.2819145619869232 0.13410449028015137 0.3015972077846527 0.1381419599056244 0.32430797815322876 0.14117005467414856 0.3174947500228882 0.1664042274157206 0.3091674745082855 0.18154474099477133 0.28948479890823364 0.1825541059176127 0.2705591917037964 0.18154474099477133 0.26071783900260925 0.17952601114908853 0.2546616494655609 0.1724604368209839 0.2523905634880066 0.16337613264719644
1 0.20621204376220703 0.23201308647791544 0.2236236333847046 0.21687257289886475 0.2402781844139099 0.2077882687250773 0.2546616494655609 0.18961968024571738 0.26677405834198 0.18760093053181967 0.2796434760093689 0.19163841009140015 0.2993261516094208 0.19466650485992432 0.31295257806777954 0.20274144411087036 0.314466655254364 0.22292878230412802 0.3197658061981201 0.24109739065170288 0.3159807026386261 0.2511910597483317 0.30235424637794495 0.2653221885363261 0.28797075152397156 0.2774345874786377 0.27510133385658264 0.2885376214981079 0.2629889249801636 0.3026687701543172 0.25541868805885315 0.3097343444824219 0.241792231798172 0.30165940523147583 0.22589468955993652 0.2885376214981079 0.21378228068351746 0.28248143196105957 0.20999717712402344 0.2663315534591675 0.2092401385307312 0.2501816948254903
1 0.1274814009666443 0.249172310034434 0.14186489582061768 0.24008802572886148 0.15624836087226868 0.2350411812464396 0.17365995049476624 0.23201308647791544 0.18955746293067932 0.22898497184117636 0.19561368227005005 0.24513485034306845 0.2001558244228363 0.2683502833048503 0.19939881563186646 0.28550952672958374 0.18501532077789307 0.29459383090337116 0.16306158900260925 0.30065004030863446 0.14186489582061768 0.30569686492284137 0.1297524869441986 0.28550952672958374
1 0.1441359519958496 0.3188186287879944 0.17441695928573608 0.31276243925094604 0.19334259629249573 0.3067062298456828 0.19939881563186646 0.3188186287879944 0.20318394899368286 0.3319404125213623 0.20242691040039062 0.35111836592356366 0.19788476824760437 0.36323078473409015 0.1766880452632904 0.3692869742711385 0.15246325731277466 0.37837127844492596 0.14489299058914185 0.3803900082906087 0.14565002918243408 0.3501090208689372
1 0.09720040112733841 0.4126897652943929 0.1312665343284607 0.40461480617523193 0.13807976245880127 0.3965398867925008 0.12521034479141235 0.39553054173787433 0.10931281000375748 0.39553054173787433 0.09568635374307632 0.39250242710113525 0.08281692117452621 0.3874555826187134 0.09114419668912888 0.40360546112060547
1 0.0009765625 0.49949530760447186 0.0009765625 0.48637354373931885 0.0009765625 0.47325177987416583 0.0009765625 0.47627989451090497 0.015441685914993286 0.48334542910257977 0.03285326063632965 0.4964672327041626 0.04118053615093231 0.5025234222412109 0.04420863837003708 0.5196826457977295 0.04572269320487976 0.5338137944539388 0.04496566206216812 0.5408793687820435 0.04193756729364395 0.5469355583190918 0.026040032505989075 0.558038592338562 0.0071144066751003265 0.5681322813034058 0.0009765625 0.5741884708404541 0.0009765625 0.5731790860493978 0.0009765625 0.5712539752324423
1 0.0009765625 0.5802446603775024 0.0009765625 0.584282120068868 0.0009765625 0.5883196194966634 0.0009765625 0.6064882278442383 0.0009765625 0.6095163027445475 0.0009765625 0.6044694582621256 0.0009765625 0.6014468669891357
1 0.0009765625 0.6175912618637085 0.0009765625 0.6175912618637085 0.0009765625 0.626675566037496 0.0009765625 0.6367692152659098 0.0009765625 0.6468629042307535 0.0009765625 0.6620033979415894 0.0009765625 0.6731064319610596 0.0009765625 0.6801719665527344 0.0009765625 0.6650314728418986 0.0009765625 0.6387879451115926
1 0.0009765625 0.64787224928538 0.0009765625 0.6609940131505331 0.0009765625 0.6781532764434814 0.0009765625 0.6832001209259033 0.0009765625 0.6912750403086344 0.0009765625 0.7064155737559 0.0009765625 0.7235747973124186 0.0009765625 0.745780865351359 0.0009765625 0.7619307041168213 0.0009765625 0.7821180820465088 0.0009765625 0.7962492307027181 0.0009765625 0.8103802998860677 0.0009765625 0.8073522249857584 0.0009765625 0.7589026292165121 0.0009765625 0.7197997570037842 0.0009765625 0.6882469654083252 0.0009765625 0.6630127429962158
1 0.0009765625 0.584282120068868 0.009385481476783752 0.5772165854771932 0.026797063648700714 0.5691416263580322 0.04193756729364395 0.5640947818756104 0.05404996871948242 0.5671228965123495 0.06162022054195404 0.5721697409947714 0.079031802713871 0.579235315322876 0.08660205453634262 0.5852915048599243 0.09265825897455215 0.6034601132074991 0.0934152826666832 0.6145631472269694 0.08281692117452621 0.6175912618637085 0.06389129906892776 0.6135537624359131 0.04193756729364395 0.6196099917093912 0.030582189559936523 0.6276849110921224 0.015441685914993286 0.6327317555745443 0.004843331873416901 0.6357598702112833 0.0009765625 0.6216287215550741 0.0009765625 0.6125444173812866 0.0009765625 0.6014413833618164
1 0.051021866500377655 0.4934391180674235 0.0699474960565567 0.4601300160090129 0.08735907822847366 0.43388644854227704 0.09568635374307632 0.4237927993138631 0.12066818028688431 0.41369911034901935 0.13656571507453918 0.4126897652943929 0.15397730469703674 0.44599886735280353 0.1570053994655609 0.46113936106363934 0.14867812395095825 0.4793079694112142 0.14792108535766602 0.5095889965693156 0.1494351327419281 0.5247294902801514 0.14565002918243408 0.5418887138366699 0.12142520397901535 0.5540011326471964 0.10098553448915482 0.5671228965123495 0.08963014930486679 0.5741884708404541 0.07146155089139938 0.5651041666666666 0.05404996871948242 0.5489542881647745 0.05404996871948242 0.528766949971517 0.05404996871948242 0.5146358013153076 0.0517788901925087 0.5045421520868937
1 0.15170621871948242 0.39250242710113525 0.18274426460266113 0.37938066323598224 0.20242691040039062 0.3733244339625041 0.2145393192768097 0.3803900082906087 0.22589468955993652 0.39250242710113525 0.23043683171272278 0.40158673127492267 0.22967982292175293 0.420764684677124 0.2289227843284607 0.44297075271606445 0.22286659479141235 0.4500363270441691 0.20469799637794495 0.44700825214385986 0.18350127339363098 0.44700825214385986 0.16684672236442566 0.44801759719848633 0.1494351327419281 0.42480214436848956 0.14337894320487976 0.4096616506576538
1 0.20848312973976135 0.291565736134847 0.22589468955993652 0.30367813507715863 0.241792231798172 0.3157905340194702 0.25541868805885315 0.32891229788462323 0.25541868805885315 0.34708090623219806 0.24406328797340393 0.36726824442545575 0.23119387030601501 0.3803900082906087 0.21529632806777954 0.3702963590621948 0.20848312973976135 0.36323078473409015 0.2107541859149933 0.3450621763865153 0.20772609114646912 0.3167998989423116 0.20091286301612854 0.30771559476852417
1 0.26828810572624207 0.317809263865153 0.28797075152397156 0.291565736134847 0.3084104359149933 0.2744064927101135 0.3137096166610718 0.2744064927101135 0.3235509395599365 0.28450016180674237 0.328850120306015 0.2996406555175781 0.31825175881385803 0.32386547327041626 0.3084104359149933 0.3501090208689372 0.30386829376220703 0.3571745951970418 0.2872137427330017 0.3581839402516683 0.2652600109577179 0.34909963607788086 0.2629889249801636 0.3329497774442037
1 0.33112120628356934 0.14722626407941183 0.3462617099285126 0.15126372377077738 0.3561030328273773 0.1684229572614034 0.3614022135734558 0.19466650485992432 0.3598881661891937 0.2239381472269694 0.3553459942340851 0.236050546169281 0.3356633484363556 0.23907864093780518 0.328850120306015 0.2350411812464396 0.32430797815322876 0.21889130274454752 0.31825175881385803 0.19870396455128989 0.3159807026386261 0.19163841009140015 0.32430797815322876 0.17346980174382529 0.328850120306015 0.16034802794456482
1 0.35458898544311523 0.1421794295310974 0.3614022135734558 0.14016068975130716 0.3742716312408447 0.15227309862772623 0.3825989067554474 0.167413592338562 0.38714104890823364 0.17750726143519083 0.3742716312408447 0.18558220068613687 0.36443030834198 0.17548853158950806 0.3598881661891937 0.16135739286740622 0.35458898544311523 0.15328246355056763
1 0.41969314217567444 0.051336402694384255 0.44013282656669617 0.04124273359775543 0.46284356713294983 0.024083495140075684 0.4719279110431671 0.018027293185393017 0.4772270619869232 0.032158429423967995 0.4810121953487396 0.053355137507120766 0.476470023393631 0.07051437099774678 0.4726848900318146 0.08161740998427074 0.465871661901474 0.08464550971984863 0.45073118805885315 0.08565487464269002 0.43786174058914185 0.08464550971984863 0.4280204176902771 0.0695050060749054 0.4242352843284607 0.061430071791013084
1 0.3720005452632904 0.1966852347056071 0.38941213488578796 0.18760093053181967 0.40909478068351746 0.1845728357632955 0.42877745628356934 0.1835634708404541 0.43634769320487976 0.1835634708404541 0.4386187791824341 0.20274144411087036 0.44316092133522034 0.2259568770726522 0.4446749687194824 0.236050546169281 0.42877745628356934 0.2501816948254903 0.4083377718925476 0.2723877628644307 0.40001049637794495 0.28550952672958374 0.3833559453487396 0.2814720670382182 0.3742716312408447 0.25623788436253864 0.3682154417037964 0.23907864093780518 0.3682154417037964 0.22091005245844522 0.37124353647232056 0.2087976336479187
1 0.2380070984363556 0.3884649674097697 0.25390464067459106 0.368277629216512 0.25920379161834717 0.3591933250427246 0.26601701974868774 0.3602026700973511 0.2796434760093689 0.3642401297887166 0.29856911301612854 0.3692869742711385 0.30992448329925537 0.37837127844492596 0.31522366404533386 0.39048369725545246 0.32203689217567444 0.40663357575734455 0.32052284479141235 0.42177406946818036 0.3159807026386261 0.43186771869659424 0.2993261516094208 0.44700825214385986 0.2856996953487396 0.4581112861633301 0.26753106713294983 0.44902698198954266 0.24936246871948242 0.43590521812438965 0.2380070984363556 0.43287710348765057 0.2380070984363556 0.4126897652943929
1 0.16533267498016357 0.45710190137227374 0.19637072086334229 0.45407378673553467 0.21151122450828552 0.45710190137227374 0.21756741404533386 0.4601300160090129 0.21983850002288818 0.47022366523742676 0.21378228068351746 0.4873829285303752 0.20469799637794495 0.5055515368779501 0.19561368227005005 0.5176639159520467 0.1857723593711853 0.5267482201258341 0.17744508385658264 0.5297763347625732 0.16608968377113342 0.5227107604344686 0.158519446849823 0.5217013756434122 0.15549135208129883 0.49949530760447186 0.15549135208129883 0.4803173542022705 0.16003349423408508 0.4692143201828003
1 0.31900879740715027 0.26229409376780194 0.32960715889930725 0.24715358018875122 0.3447476625442505 0.24614421526590982 0.3591311275959015 0.24715358018875122 0.36443030834198 0.25623788436253864 0.36972948908805847 0.27339712778727215 0.3704864978790283 0.2865188916524251 0.3629162609577179 0.2996406555175781 0.3561030328273773 0.30165940523147583 0.34399062395095825 0.29459383090337116 0.33339226245880127 0.2905563712120056 0.3265790343284607 0.2723877628644307
1 0.3364203870296478 0.30367813507715863 0.35307493805885315 0.3097343444824219 0.36443030834198 0.3167998989423116 0.3735145926475525 0.32689356803894043 0.37805676460266113 0.339005986849467 0.378813773393631 0.35515586535135907 0.3772997260093689 0.3753432035446167 0.3757856786251068 0.3854368527730306 0.3606451749801636 0.3884649674097697 0.3500468134880066 0.39048369725545246 0.3356633484363556 0.39048369725545246 0.3250649869441986 0.3884649674097697 0.3137096166610718 0.3692869742711385 0.3137096166610718 0.35616521040598553 0.3227939307689667 0.3329497774442037 0.33112120628356934 0.3167998989423116
1 0.36745840311050415 0.30771559476852417 0.37805676460266113 0.2925751010576884 0.3901691734790802 0.291565736134847 0.4007675051689148 0.30065004030863446 0.4030385911464691 0.31478116909662884 0.40379562973976135 0.32487483819325763 0.39622536301612854 0.3339591423670451 0.3863840401172638 0.3420340617497762 0.3810848593711853 0.32891229788462323 0.37654271721839905 0.317809263865153
1 0.4098518192768097 0.2905563712120056 0.426506370306015 0.2633034586906433 0.43937578797340393 0.2501816948254903 0.45073118805885315 0.24412548542022705 0.4620865285396576 0.2522004246711731 0.4696567952632904 0.25522851943969727 0.4711708724498749 0.2814720670382182 0.4749560058116913 0.30367813507715863 0.47798410058021545 0.3279029329617818 0.4787410795688629 0.33597787221272785 0.46738573908805847 0.339005986849467 0.4530022442340851 0.3369872570037842 0.43256255984306335 0.3299216826756795 0.41666504740715027 0.32487483819325763 0.4098518192768097 0.3188186287879944 0.41060882806777954 0.3046875
1 0.32733607292175293 0.42480214436848956 0.328850120306015 0.407642920811971 0.3326352536678314 0.4005773464838664 0.34777575731277466 0.3995680014292399 0.3667013943195343 0.3965398867925008 0.3841129541397095 0.40360546112060547 0.378813773393631 0.4167272249857585 0.36594435572624207 0.42682091395060223 0.3553459942340851 0.4389332930246989 0.343233585357666 0.43590521812438965
1 0.3863840401172638 0.35212775071461994 0.4045526385307312 0.33799660205841064 0.41287991404533386 0.3329497774442037 0.4340766370296478 0.3430434465408325 0.465871661901474 0.34708090623219806 0.4772270619869232 0.34909963607788086 0.4772270619869232 0.3591933250427246 0.46511468291282654 0.3702963590621948 0.4530022442340851 0.3854368527730306 0.4348336458206177 0.40158673127492267 0.4212071895599365 0.4116803805033366 0.41060882806777954 0.4116803805033366 0.3954683244228363 0.40158673127492267 0.3901691734790802 0.39048369725545246 0.3863840401172638 0.3803900082906087 0.38562700152397156 0.368277629216512
1 0.4386187791824341 0.09171107411384583 0.4734419286251068 0.09171107411384583 0.4772270619869232 0.1098796824614207 0.4772270619869232 0.12502018610636392 0.47041383385658264 0.13410449028015137 0.4567873775959015 0.1431887944539388 0.45073118805885315 0.1431887944539388 0.4424039125442505 0.12199209133783977 0.44164687395095825 0.10786095261573792
1 0.4787410795688629 0.00793362408876419 0.4840402901172638 0.021055392920970917 0.49085351824760437 0.04124273359775543 0.5037229061126709 0.04830830295880636 0.5256766676902771 0.04528019825617472 0.5574716925621033 0.04729893306891123 0.5642849206924438 0.04729893306891123 0.5733692049980164 0.031149064501126606 0.5816965103149414 0.011971091230710348 0.5756403207778931 0.006924257303277652 0.556714653968811 0.006924257303277652 0.5294617414474487 0.009952357659737269 0.5029658675193787 0.00793362408876419 0.4878254234790802 0.004905523111422856
1 0.4916105568408966 0.05840197205543518 0.5082650780677795 0.053355137507120766 0.5294617414474487 0.053355137507120766 0.5514155030250549 0.05436450242996216 0.5612568259239197 0.05739260216554006 0.5657989978790283 0.06849564115206401 0.5620138645172119 0.07757994035879771 0.5506584644317627 0.09574854373931885 0.5446022748947144 0.11189842224121094 0.5340039134025574 0.12602955102920532 0.5188634395599365 0.13511385520299277 0.5059939622879028 0.1391513248284658 0.4961526691913605 0.13107638557751974 0.4893394410610199 0.11391715208689372 0.4825262129306793 0.09272044897079468 0.48176923394203186 0.07858931024869283
1 0.48176923394203186 0.13410449028015137 0.4969097077846527 0.14520752429962158 0.5082650780677795 0.16337613264719644 0.5097790956497192 0.17952601114908853 0.5112931728363037 0.20274144411087036 0.5044799447059631 0.21283511320749918 0.48706838488578796 0.23201308647791544 0.47419896721839905 0.23907864093780518 0.4643576443195343 0.23806927601496378 0.45451632142066956 0.23100372155507407 0.4461890161037445 0.20476017395655313 0.4446749687194824 0.18053537607192993 0.44846007227897644 0.167413592338562 0.45830145478248596 0.15227309862772623 0.465871661901474 0.14419815937678018
1 0.476470023393631 0.24614421526590982 0.4961526691913605 0.236050546169281 0.5067510008811951 0.2239381472269694 0.5218915343284607 0.21990068753560385 0.5317328572273254 0.22696624199549356 0.5393031239509583 0.2370599110921224 0.5377890467643738 0.25522851943969727 0.538546085357666 0.2764252225557963 0.5264336466789246 0.2865188916524251 0.5097790956497192 0.30569686492284137 0.4916105568408966 0.32487483819325763 0.4863113462924957 0.33093104759852093 0.4825262129306793 0.3157905340194702 0.4787410795688629 0.2935844659805298 0.4772270619869232 0.2764252225557963 0.4772270619869232 0.26229409376780194
1 0.22589468955993652 0.4631580909093221 0.24103519320487976 0.44700825214385986 0.26450297236442566 0.45710190137227374 0.27888646721839905 0.46820493539174396 0.2819145619869232 0.4984859625498454 0.28267157077789307 0.5217013756434122 0.26980215311050415 0.5398699839909872 0.2546616494655609 0.5651041666666666 0.24406328797340393 0.5751978556315104 0.216810405254364 0.584282120068868 0.19939881563186646 0.5883196194966634 0.1948566436767578 0.5852915048599243 0.18955746293067932 0.558038592338562 0.18501532077789307 0.5418887138366699 0.2039409577846527 0.5217013756434122 0.21756741404533386 0.4984859625498454 0.22210955619812012 0.48637354373931885 0.22438064217567444 0.47527050971984863
1 0.2864567041397095 0.4712330500284831 0.30386829376220703 0.4530644416809082 0.3235509395599365 0.4389332930246989 0.3470187187194824 0.4530644416809082 0.3598881661891937 0.4671955903371175 0.36518731713294983 0.481326699256897 0.3629162609577179 0.49545784791310626 0.35458898544311523 0.49949530760447186 0.34020549058914185 0.49949530760447186 0.31825175881385803 0.5055515368779501 0.30613937973976135 0.5126170714696249 0.28797075152397156 0.518673300743103 0.2864567041397095 0.48839227358500165
1 0.09720040112733841 0.5822633902231852 0.12218224257230759 0.5671228965123495 0.14262190461158752 0.5509730180104574 0.15776240825653076 0.5378512541453043 0.16987481713294983 0.5368419090906779 0.17441695928573608 0.5418887138366699 0.1782020926475525 0.5610667069753011 0.18501532077789307 0.5762072006861368 0.18652936816215515 0.5943758090337118 0.17971614003181458 0.6064882278442383 0.16684672236442566 0.6125444173812866 0.14186489582061768 0.6165818770726522 0.12066818028688431 0.6155725320180258 0.10022851079702377 0.6165818770726522 0.0987144485116005 0.6014413833618164
1 0.03588136285543442 0.6337411006291708 0.05253591388463974 0.6256661812464396 0.06313426792621613 0.6236474514007568 0.07146155089139938 0.6236474514007568 0.08281692117452621 0.626675566037496 0.09114419668912888 0.6297036409378052 0.09492933005094528 0.6569565534591675 0.09114419668912888 0.6751251220703125 0.07751775532960892 0.6882469654083252 0.06843344867229462 0.6953125 0.05783509463071823 0.6912750403086344 0.051021866500377655 0.6852188110351562 0.04118053615093231 0.6700783570607504 0.038909465074539185 0.655947208404541
1 0.0071144066751003265 0.6458535194396973 0.02906813472509384 0.6387879451115926 0.030582189559936523 0.6609940131505331 0.0373954102396965 0.682190736134847 0.038909465074539185 0.6932937304178873 0.023768961429595947 0.7074248790740967 0.00862845778465271 0.7195373376210531 0.0009765625 0.7316497166951498 0.0009765625 0.7377059459686279 0.0009765625 0.7366965611775717 0.0009765625 0.7003593444824219 0.0009765625 0.6882469654083252 0.0009765625 0.6761345068613688 0.0009765625 0.6640221277872721
1 0.0009765625 0.7488089402516683 0.0009765625 0.7417434056599935 0.01241358369588852 0.7296309471130371 0.03209623694419861 0.7144904931386312 0.04496566206216812 0.7023780345916748 0.06313426792621613 0.7064155737559 0.0699474960565567 0.7134811083475748 0.06843344867229462 0.7336684068044027 0.06464832276105881 0.7467902501424154 0.058592118322849274 0.7599120140075684 0.04875078797340393 0.7689963181813558 0.03815244138240814 0.7800993124643961 0.027554087340831757 0.7901930014292399 0.013170607388019562 0.7942304611206055 0.0009765625 0.7932210763295492 0.0009765625 0.7780806223551432 0.0009765625 0.7649587790171305
1 0.07448964565992355 0.7477995554606119 0.09038717299699783 0.7659681638081869 0.09644337743520737 0.7800993124643961 0.10401362925767899 0.7952398459116617 0.10628470033407211 0.811389684677124 0.10022851079702377 0.824511448542277 0.08584503084421158 0.8386425971984863 0.06843344867229462 0.8608486652374268 0.054806992411613464 0.8689235846201578 0.03436731547117233 0.8709423542022705 0.017712756991386414 0.8608486652374268 0.009385481476783752 0.8467175165812174 0.01241358369588852 0.8265302181243896 0.021497882902622223 0.8134084542592367 0.030582189559936523 0.8053334554036459 0.03966648876667023 0.7972585360209147 0.0517788901925087 0.7750524679819742 0.06767642498016357 0.7599120140075684
1 0.0009765625 0.8164365291595459 0.0009765625 0.8194646040598551 0.0009765625 0.8255208333333334 0.0009765625 0.8366239070892334 0.0009765625 0.853783130645752 0.011656560003757477 0.8679142793019613 0.0464797168970108 0.8759891986846924 0.06389129906892776 0.8719517389933268 0.07978882640600204 0.8658955097198486 0.08357394486665726 0.8810360431671143 0.09114419668912888 0.8941578070322672 0.08735907822847366 0.9002139568328857 0.056321047246456146 0.9002139568328857 0.02906813472509384 0.901223341623942 0.003329280763864517 0.9032421112060547 0.0009765625 0.8992046515146891 0.0009765625 0.9002139568328857 0.0009765625 0.8971919218699137 0.0009765625 0.8558018207550049 0.0009765625 0.8325863679250082
1 0.09795742481946945 0.6276849110921224 0.11309792846441269 0.6226380666097006 0.13580867648124695 0.6236474514007568 0.1676037609577179 0.6216287215550741 0.17971614003181458 0.6226380666097006 0.1819872260093689 0.6509003639221191 0.1910715401172638 0.6609940131505331 0.20091286301612854 0.6801719665527344 0.20772609114646912 0.7033874193827311 0.2039409577846527 0.7356871763865153 0.1910715401172638 0.7578932444254557 0.17441695928573608 0.7730337778727213 0.16003349423408508 0.7922116915384928 0.14640703797340393 0.8123990694681803 0.1259673535823822 0.8154271443684896 0.11536901444196701 0.8184552987416586 0.11082685738801956 0.7962492307027181 0.09947147220373154 0.7710150082906088 0.0843309685587883 0.7488089402516683 0.0752466693520546 0.7366965611775717 0.07827477902173996 0.7074248790740967 0.0881161019206047 0.6872375806172689 0.1024995818734169 0.6650314728418986 0.1024995818734169 0.644844134648641
1 0.1872864067554474 0.6115350325902303 0.19712772965431213 0.6004319985707601 0.21605336666107178 0.5953851938247681 0.24936246871948242 0.5832727750142416 0.2622319161891937 0.584282120068868 0.26753106713294983 0.6074975728988647 0.2743442952632904 0.6246567964553833 0.27510133385658264 0.6408066749572754 0.27358728647232056 0.6680595874786377 0.2743442952632904 0.6943031152089437 0.27510133385658264 0.7154998779296875 0.26753106713294983 0.7286216417948405 0.25541868805885315 0.7427527109781901 0.24482032656669617 0.7568838596343994 0.23043683171272278 0.760921319325765 0.20242691040039062 0.7568838596343994 0.21378228068351746 0.7195373376210531 0.2130252718925476 0.6922844250996908 0.20166990160942078 0.6640221277872721 0.19182854890823364 0.6468629042307535 0.1872864067554474 0.6337411006291708
1 0.27510133385658264 0.5863008896509806 0.2902418375015259 0.584282120068868 0.3068963885307312 0.5863008896509806 0.3235509395599365 0.5943758090337118 0.32960715889930725 0.5984132687250773 0.3303641676902771 0.6105256875356039 0.32203689217567444 0.6246567964553833 0.3137096166610718 0.6276849110921224 0.30084019899368286 0.6276849110921224 0.28797075152397156 0.6226380666097006 0.2781294286251068 0.6105256875356039 0.27358728647232056 0.5974039236704508
1 0.2622319161891937 0.5721697409947714 0.27888646721839905 0.5469355583190918 0.28797075152397156 0.531795064608256 0.3091674745082855 0.518673300743103 0.33490630984306335 0.5136264562606812 0.35458898544311523 0.5136264562606812 0.3704864978790283 0.5610667069753011 0.36745840311050415 0.5852915048599243 0.36215922236442566 0.5963945388793945 0.339448481798172 0.5974039236704508 0.3265790343284607 0.5832727750142416 0.29856911301612854 0.5751978556315104 0.2758583426475525 0.5782259305318197
1 0.36215922236442566 0.44902698198954266 0.38032782077789307 0.4258115291595459 0.3954683244228363 0.4147084951400757 0.4098518192768097 0.42480214436848956 0.41666504740715027 0.4399426778157552 0.41666504740715027 0.46113936106363934 0.4098518192768097 0.4712330500284831 0.3825989067554474 0.4782986243565877 0.37275758385658264 0.47627989451090497
1 0.3667013943195343 0.5015140374501547 0.37654271721839905 0.4914203882217407 0.39244022965431213 0.48839227358500165 0.41287991404533386 0.48637354373931885 0.42347827553749084 0.48637354373931885 0.4355906844139099 0.4904110034306844 0.447703093290329 0.5075702667236328 0.4514882266521454 0.5196826457977295 0.4446749687194824 0.5328044096628824 0.4424039125442505 0.5519824028015137 0.41817909479141235 0.5540011326471964 0.4007675051689148 0.5610667069753011 0.38562700152397156 0.5651041666666666 0.3757856786251068 0.5509730180104574 0.3720005452632904 0.528766949971517
1 0.4227212369441986 0.41975533962249756 0.4227212369441986 0.4510457118352254 0.42726340889930725 0.47224239508310956 0.4424039125442505 0.4873829285303752 0.4530022442340851 0.5015140374501547 0.46360060572624207 0.5136264562606812 0.47419896721839905 0.5055515368779501 0.4825262129306793 0.4934391180674235 0.5006948113441467 0.45912063121795654 0.5052369832992554 0.4500363270441691 0.5082650780677795 0.43388644854227704 0.5105361342430115 0.40360546112060547 0.5097790956497192 0.3854368527730306 0.5006948113441467 0.37635254859924316 0.4863113462924957 0.368277629216512 0.4696567952632904 0.3824087381362915 0.465871661901474 0.3874555826187134 0.45073118805885315 0.40158673127492267 0.4355906844139099 0.4147084951400757
1 0.48706838488578796 0.3420340617497762 0.5006948113441467 0.32588420311609906 0.5143212676048279 0.3117530743281047 0.5234055519104004 0.2996406555175781 0.5377890467643738 0.2925751010576884 0.5446022748947144 0.28450016180674237 0.5468733310699463 0.32184674342473346 0.5453593134880066 0.3420340617497762 0.5438452363014221 0.3531370957692464 0.5355179905891418 0.3662588993708293 0.5203774571418762 0.3733244339625041 0.5150783061981201 0.3733244339625041 0.5029658675193787 0.3662588993708293 0.49388161301612854 0.3591933250427246 0.48858246207237244 0.35616521040598553
1 0.5211344957351685 0.3854368527730306 0.5438452363014221 0.3713057041168213 0.5582287311553955 0.3692869742711385 0.5741262435913086 0.37837127844492596 0.5832105278968811 0.3985586166381836 0.5854816436767578 0.41369911034901935 0.5809394717216492 0.43590521812438965 0.5733692049980164 0.4500363270441691 0.5657989978790283 0.4621487458546956 0.5476303696632385 0.4581112861633301 0.5256766676902771 0.4530644416809082 0.5158352851867676 0.44498952229817706 0.5158352851867676 0.4278302590052287 0.5158352851867676 0.41369911034901935 0.5165923237800598 0.40158673127492267
1 0.5536865592002869 0.28450016180674237 0.5703411102294922 0.28248143196105957 0.5900237560272217 0.2905563712120056 0.5960800051689148 0.31074370940526325 0.5998651385307312 0.3369872570037842 0.6013791561126709 0.35414648056030273 0.5900237560272217 0.36524951457977295 0.5771543383598328 0.3713057041168213 0.5597427487373352 0.3642401297887166 0.5536865592002869 0.3591933250427246 0.5521725416183472 0.3430434465408325 0.5559576749801636 0.317809263865153 0.5559576749801636 0.2996406555175781
1 0.5650419592857361 0.20274144411087036 0.5847246050834656 0.2118257482846578 0.5998651385307312 0.21990068753560385 0.6127345561981201 0.22898497184117636 0.6203047633171082 0.24210675557454428 0.609706461429596 0.25825661420822144 0.6013791561126709 0.26935964822769165 0.5892667770385742 0.2723877628644307 0.5726122260093689 0.27137839794158936 0.5559576749801636 0.27137839794158936 0.5483874082565308 0.270369033018748 0.5499014258384705 0.24311612049738565 0.5514155030250549 0.2259568770726522 0.556714653968811 0.21485384305318198
1 0.5143212676048279 0.1492449939250946 0.5241625905036926 0.14016068975130716 0.5400601029396057 0.13511385520299277 0.5506584644317627 0.1391513248284658 0.5597427487373352 0.18861029545466104 0.556714653968811 0.20274144411087036 0.5483874082565308 0.21687257289886475 0.5423312187194824 0.22797560691833496 0.5287047624588013 0.21586320797602335 0.519620418548584 0.2077882687250773 0.5181064009666443 0.18861029545466104 0.5181064009666443 0.1684229572614034
1 0.5574716925621033 0.12905765573183695 0.5665559768676758 0.11896398663520813 0.5824535489082336 0.10786095261573792 0.5945659279823303 0.10483284791310628 0.6271179914474487 0.12703892588615417 0.6354452967643738 0.17346980174382529 0.6346882581710815 0.19264777501424155 0.6301461458206177 0.21485384305318198 0.625603973865509 0.2259568770726522 0.5854816436767578 0.20375080903371176 0.5710981488227844 0.19466650485992432 0.5597427487373352 0.14016068975130716
1 0.58623868227005 0.02509286254644394 0.5998651385307312 0.03013969709475835 0.5968369841575623 0.05638323724269867 0.5869956612586975 0.0715237408876419 0.5748832821846008 0.06546753644943237 0.5695841312408447 0.05840197205543518 0.5756403207778931 0.03922399878501892
1 0.5726122260093689 0.0745518406232198 0.5877526998519897 0.08363614479700725 0.588509738445282 0.09675790866216023 0.5635278820991516 0.11189842224121094 0.5536865592002869 0.12300145626068115 0.556714653968811 0.10483284791310628 0.5650419592857361 0.08868297934532166
1 0.465871661901474 0.5206920305887858 0.47949811816215515 0.5126170714696249 0.4863113462924957 0.5176639159520467 0.49085351824760437 0.5277576049168905 0.49388161301612854 0.558038592338562 0.49766674637794495 0.5762072006861368 0.49085351824760437 0.5883196194966634 0.47798410058021545 0.6024507284164429 0.47041383385658264 0.6125444173812866 0.4590584337711334 0.5933664242426554 0.4492171108722687 0.566113551457723 0.45073118805885315 0.5509730180104574 0.45830145478248596 0.5358325242996216
1 0.5128071904182434 0.4621487458546956 0.527947723865509 0.4601300160090129 0.5589857697486877 0.47022366523742676 0.5756403207778931 0.48334542910257977 0.5794254541397095 0.4964672327041626 0.5733692049980164 0.5136264562606812 0.5468733310699463 0.5166545708974203 0.5188634395599365 0.5217013756434122 0.5006948113441467 0.5257388750712076 0.49085351824760437 0.5045421520868937 0.501451849937439 0.481326699256897 0.5059939622879028 0.4671955903371175
1 0.6127345561981201 0.26935964822769165 0.6407444477081299 0.2683502833048503 0.6513428092002869 0.270369033018748 0.6604271531105042 0.2925751010576884 0.6634552478790283 0.30771559476852417 0.6642122268676758 0.3208373785018921 0.6604271531105042 0.33093104759852093 0.6505857706069946 0.34708090623219806 0.6392304301261902 0.3602026700973511 0.627875030040741 0.3622213999430339 0.6127345561981201 0.3531370957692464 0.6081923842430115 0.3339591423670451 0.5998651385307312 0.30065004030863446 0.599108099937439 0.2885376214981079 0.6036502122879028 0.28046270211537677
1 0.6377163529396057 0.22292878230412802 0.6475576758384705 0.22191941738128662 0.6520998477935791 0.24311612049738565 0.6551279425621033 0.2612847288449605 0.636202335357666 0.2592659791310628 0.6195477843284607 0.26229409376780194 0.6293891072273254 0.24008802572886148
1 0.6006221175193787 0.01398982604344686 0.6218188405036926 0.031149064501126606 0.6475576758384705 0.03720526397228241 0.6679973602294922 0.023074127733707428 0.6816238164901733 0.00894299087425073 0.6566420197486877 0.00793362408876419 0.6331742405891418 0.009952357659737269 0.6104634404182434 0.009952357659737269
1 0.6089494228363037 0.03720526397228241 0.6377163529396057 0.042252098520596824 0.6483147144317627 0.0664769063393275 0.6483147144317627 0.09372981389363606 0.6430155634880066 0.10382348299026489 0.6293891072273254 0.11189842224121094 0.6089494228363037 0.09776728351910909 0.6006221175193787 0.08969234426816304 0.5953229665756226 0.07051437099774678 0.6028932332992554 0.06042070190111796 0.6051642894744873 0.04628956814606985
1 0.6324172019958496 0.12199209133783977 0.6513428092002869 0.10685157775878906 0.6816238164901733 0.1381419599056244 0.6725395321846008 0.18861029545466104 0.6490717530250549 0.209807018438975 0.6415014863014221 0.17851662635803223 0.6354452967643738 0.14016068975130716
1 0.6899511218070984 0.1381419599056244 0.6990354061126709 0.14016068975130716 0.707362711429596 0.18558220068613687 0.7043346166610718 0.19567586978276572 0.6914651393890381 0.1976945996284485 0.6816238164901733 0.18861029545466104 0.6801097989082336 0.16943232218424478 0.6823808550834656 0.15227309862772623
1 0.6513428092002869 0.04326146841049194 0.6717824935913086 0.029130329688390095 0.6907081604003906 0.026102227469285328 0.7119048237800598 0.03720526397228241 0.7179610133171082 0.05840197205543518 0.7217461466789246 0.08060804506142934 0.7005494832992554 0.12804829080899557 0.6831378936767578 0.12300145626068115 0.6619411706924438 0.09978601336479187 0.6551279425621033 0.08868297934532166
1 0.6990354061126709 0.006924257303277652 0.7043346166610718 0.026102227469285328 0.7172040343284607 0.029130329688390095 0.7467280030250549 0.021055392920970917 0.7633825540542603 0.00793362408876419 0.7406718134880066 0.005914889896909396 0.7119048237800598 0.006924257303277652
1 0.37275758385658264 0.5984132687250773 0.3825989067554474 0.5782259305318197 0.4189361333847046 0.5671228965123495 0.4355906844139099 0.5640947818756104 0.44543197751045227 0.584282120068868 0.4567873775959015 0.6135537624359131 0.4575444161891937 0.6226380666097006 0.44013282656669617 0.6377786000569662 0.41969314217567444 0.6519097089767456 0.3969824016094208 0.6418160597483317 0.378813773393631 0.6236474514007568
1 0.28267157077789307 0.6337411006291708 0.30235424637794495 0.6367692152659098 0.32960715889930725 0.626675566037496 0.3409625291824341 0.6095163027445475 0.35080385208129883 0.6074975728988647 0.36367326974868774 0.6105256875356039 0.3757856786251068 0.6327317555745443 0.3886550962924957 0.6529190937678019 0.4083377718925476 0.6670502026875814 0.4113658666610718 0.6973312695821127 0.40758073329925537 0.7205466429392496 0.4045526385307312 0.732659101486206 0.39092618227005005 0.7306403319040934 0.3735145926475525 0.7316497166951498 0.3591311275959015 0.7387152512868246 0.34247657656669617 0.7538557847340902 0.3341493010520935 0.7659681638081869 0.3265790343284607 0.7750524679819742 0.31900879740715027 0.7710150082906088 0.30765342712402344 0.7407340208689371 0.2872137427330017 0.7175185680389404 0.2819145619869232 0.6832001209259033 0.281157523393631 0.6509003639221191 0.28267157077789307 0.644844134648641
1 0.41969314217567444 0.6650314728418986 0.44013282656669617 0.6488816340764364 0.4605725109577179 0.6337411006291708 0.4711708724498749 0.6246567964553833 0.49236753582954407 0.6307130257288615 0.512050211429596 0.6488816340764364 0.5029658675193787 0.6771438916524252 0.5037229061126709 0.7064155737559 0.5067510008811951 0.7235747973124186 0.4984237849712372 0.7316497166951498 0.47949811816215515 0.7316497166951498 0.4514882266521454 0.7286216417948405 0.426506370306015 0.7255934874216715 0.4204501807689667 0.721556027730306 0.41666504740715027 0.6973312695821127
1 0.24557733535766602 0.7700056234995524 0.2599608302116394 0.7498183250427246 0.2743442952632904 0.7356871763865153 0.2834286093711853 0.7316497166951498 0.29175588488578796 0.7397246360778809 0.3015972077846527 0.7528463999430338 0.3084104359149933 0.7700056234995524 0.31295257806777954 0.7821180820465088 0.3031112551689148 0.7972585360209147 0.2872137427330017 0.8043241500854492 0.27131620049476624 0.8053334554036459 0.25693273544311523 0.7912023862202963 0.24936246871948242 0.7800993124643961
1 0.0881161019206047 0.8558018207550049 0.11006983369588852 0.8325863679250082 0.13580867648124695 0.824511448542277 0.15624836087226868 0.824511448542277 0.16987481713294983 0.8386425971984863 0.17365995049476624 0.8547924359639486 0.16608968377113342 0.8689235846201578 0.16003349423408508 0.8901203473409017 0.15776240825653076 0.9022327264149984 0.13278058171272278 0.9032421112060547 0.10855578631162643 0.9022327264149984 0.09947147220373154 0.8992046515146891 0.09265825897455215 0.8769985834757487
1 0.1872864067554474 0.7710150082906088 0.2001558244228363 0.7679869333902994 0.22059550881385803 0.772024393081665 0.23725005984306335 0.7770712375640869 0.24860545992851257 0.7972585360209147 0.26601701974868774 0.8123990694681803 0.25920379161834717 0.8356145222981771 0.2523905634880066 0.8547924359639486 0.22210955619812012 0.8517643610636393 0.20242691040039062 0.8416706720987955 0.18880045413970947 0.8356145222981771 0.17744508385658264 0.8335957527160645 0.16079053282737732 0.8154271443684896 0.17517399787902832 0.7962492307027181
1 0.5824535489082336 0.3824087381362915 0.6006221175193787 0.368277629216512 0.6218188405036926 0.368277629216512 0.627875030040741 0.37635254859924316 0.6210618019104004 0.40360546112060547 0.6059213280677795 0.40562419096628827 0.5953229665756226 0.40562419096628827
1 0.18274426460266113 0.8416706720987955 0.20091286301612854 0.8497456709543864 0.2145393192768097 0.8588299751281738 0.23725005984306335 0.8648861249287924 0.256175696849823 0.8699329694112142 0.2758583426475525 0.8780078887939453 0.2864567041397095 0.8870921929677328 0.2849426567554474 0.8992046515146891 0.2470914125442505 0.8992046515146891 0.21908146142959595 0.8981952667236328 0.20091286301612854 0.8820453484853109 0.18123018741607666 0.8689235846201578 0.1804731786251068 0.8588299751281738
1 0.16684672236442566 0.8961764971415201 0.1948566436767578 0.901223341623942 0.2092401385307312 0.9002139568328857 0.18804341554641724 0.8850735028584799 0.17365995049476624 0.8739704291025797
1 0.2622319161891937 0.8598392804463705 0.2728302478790283 0.8679142793019613 0.2902418375015259 0.8669048945109049 0.3068963885307312 0.8547924359639486 0.3265790343284607 0.8356145222981771 0.3447476625442505 0.8335957527160645 0.3591311275959015 0.8285489082336426 0.36594435572624207 0.8275396029154459 0.3795708119869232 0.7982679208119711 0.3576170802116394 0.7901930014292399 0.34171953797340393 0.7700056234995524 0.3318782150745392 0.7811086972554525 0.3174947500228882 0.7942304611206055 0.3121955692768097 0.8033147652943929 0.30235424637794495 0.811389684677124 0.28797075152397156 0.8144177595774332 0.27737241983413696 0.822492758433024 0.2705591917037964 0.8346051375071207 0.2652600109577179 0.8487362861633301
1 0.29554101824760437 0.8840641180674235 0.3091674745082855 0.863876740137736 0.33339226245880127 0.8457082112630209 0.35686004161834717 0.840661366780599 0.3667013943195343 0.8416706720987955 0.378813773393631 0.8588299751281738 0.3863840401172638 0.8739704291025797 0.39622536301612854 0.8840641180674235 0.39849644899368286 0.8951671123504639 0.37805676460266113 0.8961764971415201 0.35458898544311523 0.8961764971415201 0.3326352536678314 0.8961764971415201 0.3015972077846527 0.8992046515146891 0.29478397965431213 0.8992046515146891
1 0.3485327661037445 0.760921319325765 0.3591311275959015 0.7498183250427246 0.3742716312408447 0.7407340208689371 0.39319726824760437 0.7407340208689371 0.3977394104003906 0.7528463999430338 0.3886550962924957 0.7821180820465088 0.38184189796447754 0.7932210763295492 0.36367326974868774 0.7841367721557617 0.3523178994655609 0.774043083190918
1 0.40909478068351746 0.7467902501424154 0.4204501807689667 0.734677791595459 0.44013282656669617 0.7356871763865153 0.45981547236442566 0.7397246360778809 0.47798410058021545 0.7417434056599935 0.4961526691913605 0.7437620957692465 0.5006948113441467 0.7578932444254557 0.4969097077846527 0.7901930014292399 0.4946386516094208 0.7982679208119711 0.47949811816215515 0.8063428401947021 0.4734419286251068 0.8144177595774332 0.4590584337711334 0.8396519819895426 0.4446749687194824 0.8527737458546957 0.4257493317127228 0.8608486652374268 0.41287991404533386 0.8709423542022705 0.40379562973976135 0.8739704291025797 0.3848699927330017 0.8527737458546957 0.37654271721839905 0.8315770626068115 0.3848699927330017 0.8103802998860677 0.3969824016094208 0.7871649265289307 0.4022815525531769 0.7669775485992432 0.40379562973976135 0.7558745543162028
1 0.40909478068351746 0.8961764971415201 0.440889835357666 0.8941578070322672 0.49085351824760437 0.8971858819325765 0.5105361342430115 0.8961764971415201 0.5158352851867676 0.8840641180674235 0.5143212676048279 0.863876740137736 0.5128071904182434 0.8386425971984863 0.5128071904182434 0.8144177595774332 0.5029658675193787 0.8033147652943929 0.4946386516094208 0.8073522249857584 0.4840402901172638 0.8194646040598551 0.4749560058116913 0.8366239070892334 0.46132954955101013 0.850754976272583 0.4424039125442505 0.863876740137736 0.42726340889930725 0.8729610443115234 0.41287991404533386 0.8840641180674235
1 0.48706838488578796 0.608506957689921 0.49918076395988464 0.5873102347056071 0.5105361342430115 0.5893289645512899 0.5234055519104004 0.6004319985707601 0.5332468748092651 0.6155725320180258 0.5271906852722168 0.6276849110921224 0.5211344957351685 0.6327317555745443 0.5112931728363037 0.6377786000569662 0.501451849937439 0.626675566037496
1 0.5022088885307312 0.5570292472839355 0.5029658675193787 0.5358325242996216 0.5181064009666443 0.528766949971517 0.5423312187194824 0.5277576049168905 0.5642849206924438 0.5227107604344686 0.5763972997665405 0.5247294902801514 0.5892667770385742 0.5368419090906779 0.5900237560272217 0.5600573221842448 0.5915378332138062 0.5812540451685587 0.5816965103149414 0.5933664242426554 0.5657989978790283 0.5984132687250773 0.5430881977081299 0.6125444173812866 0.5340039134025574 0.5984132687250773 0.5241625905036926 0.5873102347056071 0.512050211429596 0.5802446603775024 0.5067510008811951 0.5741884708404541
1 0.5741262435913086 0.46517686049143475 0.5839675664901733 0.4873829285303752 0.6195477843284607 0.4692143201828003 0.6452866196632385 0.45710190137227374 0.6520998477935791 0.44801759719848633 0.6430155634880066 0.4348958333333333 0.6309031248092651 0.4237927993138631 0.6225758790969849 0.4126897652943929 0.6021361947059631 0.4167272249857585 0.5907807946205139 0.428839643796285 0.5854816436767578 0.4500363270441691
1 0.5854816436767578 0.5166545708974203 0.5869956612586975 0.49949530760447186 0.6044072508811951 0.4894016583760579 0.6157626509666443 0.481326699256897 0.6430155634880066 0.4661862055460612 0.6573989987373352 0.46113936106363934 0.6717824935913086 0.4631580909093221 0.6831378936767578 0.47728923956553143 0.6785957217216492 0.49545784791310626 0.6763246655464172 0.5025234222412109 0.6551279425621033 0.5075702667236328 0.6422585248947144 0.5176639159520467 0.6210618019104004 0.5227107604344686 0.6021361947059631 0.5277576049168905
1 0.6006221175193787 0.5398699839909872 0.6233329176902771 0.5358325242996216 0.6573989987373352 0.5237201054890951 0.6763246655464172 0.5227107604344686 0.68389493227005 0.531795064608256 0.6922221779823303 0.5540011326471964 0.6990354061126709 0.5741884708404541 0.6982783675193787 0.5832727750142416 0.6823808550834656 0.5822633902231852 0.6695114374160767 0.579235315322876 0.6520998477935791 0.5852915048599243 0.6369593739509583 0.5943758090337118 0.6263610124588013 0.6095163027445475 0.6225758790969849 0.6175912618637085 0.6127345561981201 0.6135537624359131 0.5998651385307312 0.6034601132074991 0.5960800051689148 0.5933664242426554 0.5960800051689148 0.5671228965123495
1 0.5483874082565308 0.6196099917093912 0.5763972997665405 0.6014413833618164 0.588509738445282 0.5974039236704508 0.5983510613441467 0.6135537624359131 0.6127345561981201 0.6246567964553833 0.615005612373352 0.6317223707834879 0.6066783666610718 0.6488816340764364 0.5983510613441467 0.6549378236134847 0.5854816436767578 0.64787224928538 0.5718551874160767 0.6337411006291708 0.5589857697486877 0.6256661812464396
1 0.5181064009666443 0.6458535194396973 0.5347609519958496 0.6357598702112833 0.5430881977081299 0.6317223707834879 0.5635278820991516 0.6428254048029581 0.5786684155464172 0.655947208404541 0.5900237560272217 0.666040857632955 0.588509738445282 0.6852188110351562 0.577911376953125 0.6943031152089437 0.5635278820991516 0.7074248790740967 0.5476303696632385 0.7306403319040934 0.5377890467643738 0.7306403319040934 0.517349362373352 0.721556027730306 0.5105361342430115 0.6963218847910563 0.5128071904182434 0.6731064319610596
1 0.5105361342430115 0.7336684068044027 0.5294617414474487 0.7387152512868246 0.5453593134880066 0.7427527109781901 0.549144446849823 0.7649587790171305 0.5521725416183472 0.7821180820465088 0.5430881977081299 0.7901930014292399 0.5256766676902771 0.7972585360209147 0.5158352851867676 0.8002866903940836 0.5059939622879028 0.7932210763295492 0.5067510008811951 0.7780806223551432 0.5097790956497192 0.7518370151519775
1 0.5249196290969849 0.8083616097768148 0.546116292476654 0.8002866903940836 0.5657989978790283 0.7922116915384928 0.5816965103149414 0.7932210763295492 0.5953229665756226 0.8043241500854492 0.6074353456497192 0.8134084542592367 0.6142485737800598 0.8235020637512207 0.6195477843284607 0.8396519819895426 0.6134915351867676 0.8517643610636393 0.6089494228363037 0.863876740137736 0.6044072508811951 0.8780078887939453 0.6013791561126709 0.8850735028584799 0.5892667770385742 0.8951671123504639 0.5620138645172119 0.8941578070322672 0.5438452363014221 0.8921390374501547 0.5294617414474487 0.8881015777587891 0.5241625905036926 0.8830547332763672 0.5218915343284607 0.8699329694112142 0.5181064009666443 0.8467175165812174 0.5181064009666443 0.8325863679250082 0.5188634395599365 0.8194646040598551
1 0.654370903968811 0.21788193782170615 0.6687543988227844 0.20173207918802896 0.6763246655464172 0.19870396455128989 0.686165988445282 0.20375080903371176 0.686165988445282 0.2249475121498108 0.6808667778968811 0.24715358018875122 0.6770817041397095 0.25825661420822144 0.6672403812408447 0.2592659791310628 0.6619411706924438 0.25522851943969727 0.6589130759239197 0.24210675557454428
1 0.6626982092857361 0.2723877628644307 0.6725395321846008 0.2643128236134847 0.6823808550834656 0.27339712778727215 0.6869230270385742 0.29459383090337116 0.6816238164901733 0.30367813507715863 0.6732965707778931 0.3046875
1 0.7156899571418762 0.1976945996284485 0.7399147748947144 0.2108163833618164 0.7512701749801636 0.22191941738128662 0.7611114978790283 0.24412548542022705 0.7611114978790283 0.2663315534591675 0.7535412311553955 0.2814720670382182 0.7421858310699463 0.2925751010576884 0.7209891676902771 0.29459383090337116 0.6952502727508545 0.2925751010576884 0.686165988445282 0.2653221885363261 0.686165988445282 0.2511910597483317 0.6944932341575623 0.2239381472269694 0.6975213885307312 0.209807018438975 0.7088767290115356 0.20476017395655313
1 0.6657263040542603 0.3369872570037842 0.686165988445282 0.35616521040598553 0.707362711429596 0.37635254859924316 0.7164469957351685 0.3803900082906087 0.7187180519104004 0.40663357575734455 0.7134189009666443 0.4278302590052287 0.7043346166610718 0.44700825214385986 0.6929792165756226 0.45912063121795654 0.686165988445282 0.4692143201828003 0.6748105883598328 0.455083171526591 0.6642122268676758 0.4510457118352254 0.6573989987373352 0.4389332930246989 0.6430155634880066 0.41773660977681476 0.6324172019958496 0.40461480617523193 0.6324172019958496 0.3874555826187134 0.6407444477081299 0.3692869742711385 0.6581560373306274 0.35515586535135907
1 0.6740535497665405 0.3188186287879944 0.6854089498519897 0.30872495969136554 0.7005494832992554 0.2996406555175781 0.7293164134025574 0.2996406555175781 0.7429428696632385 0.30165940523147583 0.7505131363868713 0.3339591423670451 0.7489990592002869 0.3420340617497762 0.7391577363014221 0.35111836592356366 0.7209891676902771 0.3702963590621948 0.7088767290115356 0.36524951457977295 0.6891940832138062 0.3480902910232544 0.6748105883598328 0.3349685271581014
1 0.7209891676902771 0.038214631378650665 0.7429428696632385 0.03013969709475835 0.7633825540542603 0.021055392920970917 0.7739809155464172 0.01398982604344686 0.7823081612586975 0.022064760327339172 0.7792800664901733 0.04326146841049194 0.7777660489082336 0.0664769063393275 0.7580834031105042 0.0664769063393275 0.7406718134880066 0.06445817152659099 0.7308304905891418 0.06243943671385447 0.723260223865509 0.05234576761722565
1 0.7346156239509583 0.0755612055460612 0.762625515460968 0.07354247570037842 0.7800371050834656 0.0755612055460612 0.7951776385307312 0.08767361442248027 0.8035048842430115 0.1098796824614207 0.7929065227508545 0.14419815937678018 0.7898784279823303 0.17952601114908853 0.7860932946205139 0.1976945996284485 0.7739809155464172 0.20476017395655313 0.744456946849823 0.1997133493423462 0.7217461466789246 0.18961968024571738 0.7156899571418762 0.16943232218424478 0.7066056728363037 0.13511385520299277 0.7187180519104004 0.10483284791310628 0.7293164134025574 0.08767361442248027
1 0.7845792770385742 0.00894299087425073 0.7921494841575623 0.020046026756366093 0.8163743019104004 0.01398982604344686 0.823187530040741 0.00793362408876419 0.8057759404182434 0.004905523111422856
1 0.7898784279823303 0.02812096228202184 0.812589168548584 0.022064760327339172 0.8262156248092651 0.024083495140075684 0.8368139863014221 0.03619589904944102 0.8413561582565308 0.061430071791013084 0.8451412916183472 0.08161740998427074 0.831514835357666 0.08565487464269002 0.8118321895599365 0.09070170919100444 0.8019908666610718 0.08161740998427074 0.7876073718070984 0.0695050060749054 0.7845792770385742 0.05436450242996216
1 0.8163743019104004 0.09574854373931885 0.8413561582565308 0.09272044897079468 0.8504404425621033 0.11088904738426208 0.8587677478790283 0.12905765573183695 0.8754222989082336 0.1482356290022532 0.8935908675193787 0.16438549757003784 0.8852636218070984 0.18659156560897827 0.8761792778968811 0.2087976336479187 0.8640668988227844 0.23403181632359824 0.8610388040542603 0.24311612049738565 0.8383280634880066 0.23907864093780518 0.8247016072273254 0.23806927601496378 0.8178883790969849 0.22797560691833496 0.7989627122879028 0.20476017395655313 0.7936635613441467 0.19264777501424155 0.7989627122879028 0.16943232218424478 0.805018961429596 0.13612322012583414 0.8095610737800598 0.11593588193257649
1 0.8383280634880066 0.009952357659737269 0.8398420810699463 0.03316779683033625 0.849683403968811 0.06243943671385447 0.8519545197486877 0.07253310581048329 0.870880126953125 0.06445817152659099 0.8981330394744873 0.061430071791013084 0.9125165343284607 0.061430071791013084 0.9238718748092651 0.05234576761722565 0.931442141532898 0.03518653164307276 0.9427975416183472 0.024083495140075684 0.9440768957138062 0.01128976916273435 0.918572723865509 0.00894299087425073 0.881478488445282 0.010961725066105524 0.8489264249801636 0.00894299087425073
1 0.7573263645172119 0.209807018438975 0.7747379541397095 0.2118257482846578 0.7913925051689148 0.2087976336479187 0.7974486947059631 0.21889130274454752 0.7853362560272217 0.21788193782170615 0.7747379541397095 0.2239381472269694 0.7694387435913086 0.23201308647791544 0.7618684768676758 0.22898497184117636
1 0.7262883186340332 0.4227834145228068 0.7406718134880066 0.420764684677124 0.7527841925621033 0.41975533962249756 0.773223876953125 0.42984898885091144 0.7951776385307312 0.44095202287038165 0.805018961429596 0.4530644416809082 0.8065329790115356 0.4631580909093221 0.7853362560272217 0.47325177987416583 0.7633825540542603 0.4853641986846924 0.744456946849823 0.48839227358500165 0.7285593748092651 0.47527050971984863 0.7156899571418762 0.4661862055460612 0.714932918548584 0.44902698198954266 0.7164469957351685 0.43590521812438965
1 0.6937362551689148 0.46820493539174396 0.7035775780677795 0.4601300160090129 0.707362711429596 0.47022366523742676 0.6982783675193787 0.47728923956553143
1 0.6907081604003906 0.4894016583760579 0.7134189009666443 0.4823360840479533 0.7308304905891418 0.49444846312205 0.7436999082565308 0.5005046923955282 0.7474850416183472 0.5227107604344686 0.7573263645172119 0.5439074436823527 0.7588403820991516 0.5540011326471964 0.7580834031105042 0.5610667069753011 0.7399147748947144 0.5701510111490885 0.7240172624588013 0.571160356203715 0.7081196904182434 0.5731790860493978 0.6952502727508545 0.5398699839909872 0.6876800060272217 0.5156451861063639
1 0.7558122873306274 0.3480902910232544 0.7664106488227844 0.3480902910232544 0.7717097997665405 0.3702963590621948 0.7747379541397095 0.3854368527730306 0.7656536102294922 0.4005773464838664 0.7542982697486877 0.4096616506576538 0.7368866801261902 0.4096616506576538 0.7270453572273254 0.40360546112060547 0.7247742414474487 0.3854368527730306 0.733858585357666 0.36726824442545575 0.741428792476654 0.3602026700973511
1 0.78155118227005 0.22999435663223267 0.7906354665756226 0.2259568770726522 0.805018961429596 0.2259568770726522 0.810318112373352 0.23100372155507407 0.8110751509666443 0.24715358018875122 0.7997197508811951 0.26027536392211914 0.7853362560272217 0.2723877628644307 0.7739809155464172 0.2744064927101135 0.7694387435913086 0.2643128236134847 0.7694387435913086 0.2522004246711731 0.773223876953125 0.24210675557454428 0.7754949331283569 0.2370599110921224
1 0.7679247260093689 0.28349079688390094 0.7558122873306274 0.29863129059473675 0.7527841925621033 0.30569686492284137 0.7542982697486877 0.32386547327041626 0.7580834031105042 0.3339591423670451 0.7679247260093689 0.33597787221272785 0.7739809155464172 0.3228561083475749 0.7747379541397095 0.2996406555175781 0.7785230278968811 0.2895469864209493
1 0.8519545197486877 0.08464550971984863 0.8769363164901733 0.0745518406232198 0.9011611342430115 0.0695050060749054 0.918572723865509 0.08060804506142934 0.931442141532898 0.10281411806742351 0.9427975416183472 0.12098271648089091 0.9390124082565308 0.14520752429962158 0.9132735133171082 0.15328246355056763 0.8996471166610718 0.1553011933962504 0.8845065832138062 0.1391513248284658 0.8663379549980164 0.12300145626068115 0.8572536706924438 0.1098796824614207 0.8527114987373352 0.09574854373931885
1 0.9412834644317627 0.042252098520596824 0.9321991801261902 0.05537386735280355 0.9321991801261902 0.07757994035879771 0.9405264258384705 0.09675790866216023 0.9435545206069946 0.10281411806742351
1 0.7982057332992554 0.2723877628644307 0.8239445686340332 0.270369033018748 0.8330288529396057 0.2794533173243205 0.8428701758384705 0.30771559476852417 0.8595247268676758 0.34001533190409344 0.8754222989082336 0.3723150889078776 0.87920743227005 0.39048369725545246 0.8754222989082336 0.40663357575734455 0.8625528812408447 0.4187459548314412 0.8413561582565308 0.4258115291595459 0.8277297019958496 0.42984898885091144 0.8163743019104004 0.4187459548314412 0.8057759404182434 0.40158673127492267 0.7951776385307312 0.3864462375640869 0.7876073718070984 0.3824087381362915 0.7830651998519897 0.3803900082906087 0.7785230278968811 0.35515586535135907 0.7747379541397095 0.3460715611775716 0.7770090103149414 0.3339591423670451 0.7823081612586975 0.3117530743281047 0.7830651998519897 0.2976219256718953 0.7883644104003906 0.28349079688390094 0.7906354665756226 0.27844395240147907
1 0.8262156248092651 0.249172310034434 0.8534685373306274 0.2522004246711731 0.8625528812408447 0.26229409376780194 0.8723942041397095 0.28349079688390094 0.8829925060272217 0.3026687701543172 0.892076849937439 0.3228561083475749 0.8988900780677795 0.3339591423670451 0.8958619832992554 0.3501090208689372 0.8882917165756226 0.3723150889078776 0.8867776393890381 0.3773619333902995 0.87920743227005 0.36323078473409015 0.870880126953125 0.344052791595459 0.8633098602294922 0.32386547327041626 0.8511974811553955 0.2976219256718953 0.839085042476654 0.2723877628644307 0.833785891532898 0.2653221885363261
1 0.9064602851867676 0.34001533190409344 0.9246289134025574 0.3430434465408325 0.9435545206069946 0.3450621763865153 0.9440768957138062 0.34854447841644287 0.9427975416183472 0.40259607632954914 0.9440768957138062 0.4307423035303752 0.9405264258384705 0.44599886735280353 0.9193297624588013 0.44599886735280353 0.8973760008811951 0.4348958333333333 0.881478488445282 0.42177406946818036 0.8867776393890381 0.40360546112060547 0.8905627727508545 0.3864462375640869 0.8951049447059631 0.3702963590621948 0.8996471166610718 0.3571745951970418
1 0.8368139863014221 0.4389332930246989 0.8519545197486877 0.428839643796285 0.8701230883598328 0.42682091395060223 0.8784503936767578 0.42984898885091144 0.8860206604003906 0.44498952229817706 0.8860206604003906 0.4631580909093221 0.8769363164901733 0.47627989451090497 0.8686090707778931 0.4914203882217407 0.8534685373306274 0.47728923956553143 0.8474123477935791 0.4641674757003784
1 0.8163743019104004 0.43287710348765057 0.8254586458206177 0.44801759719848633 0.842113196849823 0.47224239508310956 0.8481693863868713 0.4873829285303752 0.8330288529396057 0.4924297332763672 0.8178883790969849 0.49444846312205 0.8141032457351685 0.47627989451090497 0.812589168548584 0.4560925563176473
1 0.7807941436767578 0.39250242710113525 0.7959346175193787 0.3995680014292399 0.805018961429596 0.41975533962249756 0.8065329790115356 0.44095202287038165 0.7959346175193787 0.43388644854227704 0.7845792770385742 0.4227834145228068 0.7664106488227844 0.4167272249857585 0.7724668383598328 0.40259607632954914
1 0.7558122873306274 0.5035327672958374 0.7656536102294922 0.4904110034306844 0.7830651998519897 0.48435481389363605 0.8012338280677795 0.47627989451090497 0.8072900176048279 0.47627989451090497 0.810318112373352 0.4904110034306844 0.810318112373352 0.49949530760447186 0.8072900176048279 0.5136264562606812 0.7913925051689148 0.5277576049168905 0.7823081612586975 0.5439074436823527 0.7785230278968811 0.5519824028015137 0.7664106488227844 0.544916828473409 0.7603544592857361 0.5307856798171997 0.7542982697486877 0.5166545708974203
1 0.627875030040741 0.6246567964553833 0.6422585248947144 0.6014413833618164 0.6634552478790283 0.5923570791880289 0.6823808550834656 0.5883196194966634 0.6922221779823303 0.6034601132074991 0.696764349937439 0.6236474514007568 0.6952502727508545 0.6408066749572754 0.6793527603149414 0.6519097089767456 0.6679973602294922 0.6579659382502238 0.6505857706069946 0.6418160597483317 0.6392304301261902 0.6327317555745443
1 0.5521725416183472 0.7427527109781901 0.5733692049980164 0.7144904931386312 0.5869956612586975 0.7074248790740967 0.5975940227508545 0.7144904931386312 0.6104634404182434 0.7296309471130371 0.6195477843284607 0.7377059459686279 0.6263610124588013 0.7548651695251465 0.6271179914474487 0.7790899276733398 0.6293891072273254 0.7891836166381836 0.6203047633171082 0.8002866903940836 0.6112204790115356 0.8073522249857584 0.5953229665756226 0.7952398459116617 0.5832105278968811 0.785146156946818 0.5635278820991516 0.7811086972554525 0.5589857697486877 0.7780806223551432 0.5574716925621033 0.7659681638081869 0.556714653968811 0.7518370151519775
1 0.5930519104003906 0.6983405749003092 0.5953229665756226 0.6761345068613688 0.6006221175193787 0.666040857632955 0.6119775176048279 0.6498909791310629 0.625603973865509 0.6397973299026489 0.6309031248092651 0.6387879451115926 0.6422585248947144 0.6438347895940145 0.6528568863868713 0.6579659382502238 0.6634552478790283 0.666040857632955 0.6695114374160767 0.682190736134847 0.6725395321846008 0.6983405749003092 0.6732965707778931 0.7074248790740967 0.6596701145172119 0.7195373376210531 0.6475576758384705 0.7286216417948405 0.6309031248092651 0.7356871763865153 0.6157626509666443 0.721556027730306 0.6044072508811951 0.708434263865153
1 0.8943479061126709 0.4581112861633301 0.9163016676902771 0.4530644416809082 0.939769446849823 0.4530644416809082 0.9435545206069946 0.4793079694112142 0.9420405030250549 0.5126170714696249 0.9420405030250549 0.5328044096628824 0.9352272748947144 0.5428980986277262 0.9216008186340332 0.5499636729558309 0.902675211429596 0.5388606389363607 0.8890487551689148 0.5368419090906779 0.87920743227005 0.5388606389363607 0.8754222989082336 0.5015140374501547 0.8829925060272217 0.4823360840479533 0.8898057341575623 0.47224239508310956
1 0.7853362560272217 0.5731790860493978 0.783822238445282 0.5600573221842448 0.794420599937439 0.5439074436823527 0.8065329790115356 0.5277576049168905 0.8201594352722168 0.5126170714696249 0.8300007581710815 0.5015140374501547 0.8489264249801636 0.4964672327041626 0.8640668988227844 0.4984859625498454 0.8701230883598328 0.5196826457977295 0.8731511831283569 0.5428980986277262 0.8739082217216492 0.5600573221842448 0.8746652603149414 0.5852915048599243 0.881478488445282 0.6115350325902303 0.8784503936767578 0.6216287215550741 0.8686090707778931 0.6327317555745443 0.8580107092857361 0.6408066749572754 0.8375710248947144 0.6428254048029581 0.8254586458206177 0.6397973299026489 0.8141032457351685 0.6206193367640177 0.8012338280677795 0.5933664242426554
1 0.7050915956497192 0.5863008896509806 0.723260223865509 0.5812540451685587 0.7452139258384705 0.5802446603775024 0.7671676874160767 0.5762072006861368 0.7800371050834656 0.5802446603775024 0.7770090103149414 0.5994226535161337 0.7747379541397095 0.626675566037496 0.7792800664901733 0.6418160597483317 0.7754949331283569 0.6529190937678019 0.7542982697486877 0.655947208404541 0.7384006977081299 0.6620033979415894 0.7187180519104004 0.644844134648641 0.7066056728363037 0.6357598702112833 0.7020635008811951 0.6135537624359131 0.6997924447059631 0.5994226535161337
1 0.6740535497665405 0.666040857632955 0.6891940832138062 0.6549378236134847 0.7035775780677795 0.6498909791310629 0.7081196904182434 0.6488816340764364 0.714932918548584 0.6498909791310629 0.7240172624588013 0.6630127429962158 0.7285593748092651 0.6731064319610596 0.7315874695777893 0.6932937304178873 0.7179610133171082 0.7043968041737875 0.7103908061981201 0.7144904931386312 0.7043346166610718 0.7195373376210531 0.6884370446205139 0.7054061889648438 0.6801097989082336 0.7013687292734782 0.6770817041397095 0.6832001209259033
1 0.6331742405891418 0.7437620957692465 0.6513428092002869 0.7366965611775717 0.6596701145172119 0.7286216417948405 0.6710254549980164 0.7205466429392496 0.6808667778968811 0.7124717235565186 0.6899511218070984 0.7165091832478842 0.7020635008811951 0.7266028722127279 0.7058486342430115 0.734677791595459 0.7035775780677795 0.7538557847340902 0.6929792165756226 0.772024393081665 0.6854089498519897 0.7861555417378744 0.6785957217216492 0.7901930014292399 0.6558849811553955 0.7891836166381836 0.6415014863014221 0.785146156946818 0.6339312195777893 0.7689963181813558
1 0.6203047633171082 0.8134084542592367 0.6324172019958496 0.8012959957122803 0.6392304301261902 0.7952398459116617 0.6475576758384705 0.7962492307027181 0.6611841320991516 0.7982679208119711 0.6778386831283569 0.7972585360209147 0.6831378936767578 0.7992773056030273 0.6854089498519897 0.8184552987416586 0.68389493227005 0.8295582930246989 0.6695114374160767 0.8396519819895426 0.6573989987373352 0.8558018207550049 0.6445295810699463 0.8467175165812174 0.6271179914474487 0.8436894416809082 0.6248469352722168 0.8275396029154459
1 0.6225758790969849 0.850754976272583 0.6339312195777893 0.8568112055460612 0.6475576758384705 0.863876740137736 0.6528568863868713 0.880026658376058 0.6513428092002869 0.8931484222412109 0.6415014863014221 0.8992046515146891 0.6271179914474487 0.8981952667236328 0.6112204790115356 0.8881015777587891 0.617276668548584 0.8709423542022705
1 0.7119048237800598 0.7205466429392496 0.7262883186340332 0.7074248790740967 0.7346156239509583 0.7043968041737875 0.7384006977081299 0.7255934874216715 0.7353726029396057 0.7306403319040934 0.7247742414474487 0.7306403319040934 0.7141759395599365 0.7336684068044027
1 0.7421858310699463 0.6771438916524252 0.7542982697486877 0.6650314728418986 0.7724668383598328 0.6579659382502238 0.7883644104003906 0.655947208404541 0.8080470561981201 0.666040857632955 0.8148602843284607 0.6832001209259033 0.812589168548584 0.6912750403086344 0.8012338280677795 0.7023780345916748 0.7898784279823303 0.7195373376210531 0.7876073718070984 0.7336684068044027 0.7724668383598328 0.7427527109781901 0.7565693259239197 0.7397246360778809 0.7452139258384705 0.7296309471130371 0.7406718134880066 0.7023780345916748 0.7406718134880066 0.6872375806172689
1 0.7876073718070984 0.5863008896509806 0.7974486947059631 0.6004319985707601 0.8080470561981201 0.6175912618637085 0.8148602843284607 0.6367692152659098 0.8178883790969849 0.64787224928538 0.8118321895599365 0.655947208404541 0.7951776385307312 0.64787224928538 0.7860932946205139 0.6438347895940145 0.7823081612586975 0.6286942958831787 0.7807941436767578 0.6135537624359131 0.7830651998519897 0.5994226535161337
1 0.8277297019958496 0.6509003639221191 0.8451412916183472 0.6509003639221191 0.8572536706924438 0.6529190937678019 0.8595247268676758 0.6700783570607504 0.8564966320991516 0.6882469654083252 0.8481693863868713 0.6953125 0.8345429301261902 0.6932937304178873 0.823187530040741 0.6862281958262125 0.8201594352722168 0.669068972269694 0.8194023966789246 0.6589752833048502
1 0.8837495446205139 0.5499636729558309 0.8935908675193787 0.544916828473409 0.9072173237800598 0.5489542881647745 0.9178156852722168 0.558038592338562 0.9193297624588013 0.579235315322876 0.9140305519104004 0.605478843053182 0.910245418548584 0.6135537624359131 0.8943479061126709 0.6145631472269694 0.8882917165756226 0.608506957689921 0.8829925060272217 0.5893289645512899 0.8799644112586975 0.5671228965123495
1 0.9268999695777893 0.5610667069753011 0.939769446849823 0.5489542881647745 0.9440768957138062 0.5456724166870117 0.9440768957138062 0.5731790860493978 0.9440768957138062 0.6155725320180258 0.9440768957138062 0.6509003639221191 0.9329562187194824 0.6438347895940145 0.9216008186340332 0.6236474514007568 0.9200867414474487 0.6115350325902303 0.9231148958206177 0.5923570791880289 0.9276570081710815 0.5731790860493978
1 0.8663379549980164 0.6488816340764364 0.8769363164901733 0.6327317555745443 0.8905627727508545 0.6226380666097006 0.9110024571418762 0.6206193367640177 0.9216008186340332 0.6438347895940145 0.9299281239509583 0.6589752833048502 0.9299281239509583 0.6720970471700033 0.9246289134025574 0.6872375806172689 0.918572723865509 0.6932937304178873 0.9011611342430115 0.6993499596913656 0.8890487551689148 0.7094436486562093 0.8754222989082336 0.7003593444824219 0.8663379549980164 0.6902656555175781 0.8663379549980164 0.6751251220703125 0.8678520321846008 0.6609940131505331
1 0.8178883790969849 0.6953125 0.8398420810699463 0.7054061889648438 0.8360569477081299 0.7276122570037842 0.823187530040741 0.7599120140075684 0.8156172633171082 0.7589026292165121 0.7951776385307312 0.7417434056599935 0.7982057332992554 0.7245841026306152 0.8088040351867676 0.7104530334472656
1 0.8451412916183472 0.7124717235565186 0.8564966320991516 0.7013687292734782 0.8754222989082336 0.7104530334472656 0.8845065832138062 0.721556027730306 0.8905627727508545 0.7417434056599935 0.902675211429596 0.7710150082906088 0.9057033061981201 0.7831273873647054 0.8996471166610718 0.7982679208119711 0.8860206604003906 0.8103802998860677 0.8655809760093689 0.8174459139506022 0.839085042476654 0.8204739888509115 0.8239445686340332 0.8386425971984863 0.8201594352722168 0.8033147652943929 0.8216735124588013 0.7750524679819742 0.8330288529396057 0.7578932444254557 0.8383280634880066 0.7397246360778809 0.8428701758384705 0.7255934874216715
1 0.8913198113441467 0.7175185680389404 0.9011611342430115 0.7114623387654623 0.9155446290969849 0.7074248790740967 0.9231148958206177 0.7023780345916748 0.9337131977081299 0.7195373376210531 0.9405264258384705 0.7316497166951498 0.9344702363014221 0.7760618527730306 0.9147875905036926 0.7750524679819742 0.9004040956497192 0.7427527109781901
1 0.9352272748947144 0.6741158167521158 0.9405264258384705 0.6579659382502238 0.9440768957138062 0.6863694985707601 0.9440768957138062 0.7185279528299967 0.9344702363014221 0.6983405749003092 0.9329562187194824 0.6892562707265218
1 0.714932918548584 0.7437620957692465 0.7323445081710815 0.7387152512868246 0.7474850416183472 0.7437620957692465 0.7580834031105042 0.7508277098337809 0.7505131363868713 0.7780806223551432 0.7497560977935791 0.8053334554036459 0.7482420206069946 0.8366239070892334 0.7384006977081299 0.8396519819895426 0.7225031852722168 0.8335957527160645 0.7020635008811951 0.8214833736419678 0.6937362551689148 0.8214833736419678 0.6914651393890381 0.8002866903940836 0.7028205394744873 0.774043083190918 0.7096337676048279 0.760921319325765
1 0.7641395926475525 0.7538557847340902 0.7762519717216492 0.7508277098337809 0.7898784279823303 0.7477995554606119 0.8019908666610718 0.7589026292165121 0.8148602843284607 0.7679869333902994 0.812589168548584 0.8002866903940836 0.8156172633171082 0.8285489082336426 0.8148602843284607 0.83763321240743 0.805018961429596 0.8467175165812174 0.7951776385307312 0.8527737458546957 0.7770090103149414 0.8446988264719645 0.7595974206924438 0.8325863679250082 0.7542982697486877 0.8255208333333334 0.7565693259239197 0.7972585360209147 0.7595974206924438 0.772024393081665
1 0.6922221779823303 0.8335957527160645 0.7119048237800598 0.8356145222981771 0.7262883186340332 0.8436894416809082 0.7285593748092651 0.8658955097198486 0.725531280040741 0.8901203473409017 0.7217461466789246 0.8971858819325765 0.6944932341575623 0.8981952667236328 0.675567626953125 0.8981952667236328 0.6581560373306274 0.8992046515146891 0.6611841320991516 0.8709423542022705 0.664969265460968 0.8558018207550049 0.6748105883598328 0.8467175165812174
1 0.736129641532898 0.8487362861633301 0.7459709644317627 0.8477269013722738 0.7512701749801636 0.8739704291025797 0.7558122873306274 0.8931484222412109 0.7368866801261902 0.8951671123504639 0.7308304905891418 0.8951671123504639 0.7315874695777893 0.8830547332763672 0.7331015467643738 0.8608486652374268
1 0.7566502690315247 0.8435843785603842 0.7797942161560059 0.8578847249348959 0.7961643934249878 0.8654112815856934 0.7831811904907227 0.8842275142669678 0.7792297601699829 0.8955171902974447 0.7679400444030762 0.8962698777516683 0.7617306709289551 0.8932592868804932 0.752134382724762 0.8586374123891195
1 0.8051961660385132 0.8669165770212809 0.8277756571769714 0.8789589405059814 0.8396298885345459 0.8887434005737305 0.8520485758781433 0.8992804686228434 0.8272111415863037 0.900033156077067 0.8012447357177734 0.900033156077067 0.7831811904907227 0.900033156077067 0.7916484475135803 0.8887434005737305
1 0.9147066473960876 0.7848777770996094 0.9316412210464478 0.7871356805165609 0.9418020248413086 0.7954148451487223 0.9440599679946899 0.8082098960876465 0.9440599679946899 0.8232628504435221 0.9361571669578552 0.8285314242045084 0.9271253347396851 0.8330473105112711 0.9147066473960876 0.8179943561553955 0.9068038463592529 0.8044466177622477 0.910190761089325 0.7931569417317709
1 0.9271253347396851 0.8413264751434326 0.9423664808273315 0.8337999979654948 0.9429309964179993 0.8684218724568685 0.9423664808273315 0.8879907131195068 0.9276898503303528 0.8684218724568685 0.9226094484329224 0.8578847249348959
1 0.8802729249000549 0.8947645823160807 0.8949496150016785 0.8714324633280436 0.9022879004478455 0.8578847249348959 0.9124487042427063 0.8586374123891195 0.9231739640235901 0.8744430541992188 0.9367216229438782 0.890248696009318 0.9395440816879272 0.8962698777516683 0.923738420009613 0.8977751731872559 0.9056748747825623 0.8977751731872559 0.8893046975135803 0.8970224857330322
1 0.8210017681121826 0.860142707824707 0.8170503973960876 0.8496056397755941 0.8210017681121826 0.8428317705790201 0.8339849710464478 0.8390684922536215 0.8486616611480713 0.8345526059468588 0.8672897219657898 0.8277788162231445 0.8814018964767456 0.8277788162231445 0.8847888112068176 0.8375631968180338 0.8853533267974854 0.8518635431925455 0.8859177827835083 0.8721850713094076 0.8825308680534363 0.8834748268127441 0.8757570385932922 0.8925065994262695 0.8684186935424805 0.8970224857330322 0.856564462184906 0.8962698777516683 0.8435812592506409 0.8879907131195068
1 0.8926916718482971 0.8247681458791097 0.8966430425643921 0.8134784698486328 0.9051103591918945 0.816489060719808 0.9147066473960876 0.8315420150756836 0.920351505279541 0.8435843785603842 0.9164000749588013 0.8511109352111816 0.9056748747825623 0.8518635431925455 0.8983365297317505 0.846595048904419 0.8909981846809387 0.8375631968180338
