1 0.012307040393352509 0.0013020833333333333 0.01936652883887291 0.0013020833333333333 0.004659262020140886 0.0013020833333333333 0.0009765625 0.0013020833333333333 0.0009765625 0.0013020833333333333 0.0009765625 0.0013020833333333333
1 0.028190888464450836 0.0013020833333333333 0.04701618850231171 0.0013020833333333333 0.055252257734537125 0.0013020833333333333 0.05995858460664749 0.0013020833333333333 0.062311746180057526 0.0013020833333333333 0.06407661736011505 0.0013020833333333333 0.04995764419436455 0.0013020833333333333 0.03172063082456589 0.0013020833333333333 0.012895331718027592 0.0013020833333333333 0.011130459606647491 0.0013020833333333333
1 0.07584243267774582 0.0013020833333333333 0.10584525763988495 0.0013020833333333333 0.11761107295751572 0.0013020833333333333 0.109375 0.0013020833333333333 0.09113799035549164 0.0013020833333333333 0.07701901346445084 0.0013020833333333333 0.07231269031763077 0.0013020833333333333 0.05584054812788963 0.0013020833333333333 0.03466208651661873 0.0013020833333333333 0.019954819232225418 0.0013020833333333333 0.01583678461611271 0.0013020833333333333
1 0.0887848287820816 0.053440997997919716 0.12172910571098328 0.036184469858805336 0.13525979220867157 0.05736293395360311 0.14761389791965485 0.08403209845225017 0.14996705949306488 0.101288636525472 0.13820123672485352 0.11776077747344971 0.10349209606647491 0.1154076059659322 0.09466773271560669 0.10050423940022786 0.09172628074884415 0.07697262366612752
1 0.12114081531763077 0.0013020833333333333 0.14114269614219666 0.0013020833333333333 0.16055628657341003 0.0013020833333333333 0.17526355385780334 0.0013020833333333333 0.18879424035549164 0.0013020833333333333 0.2005600482225418 0.0013020833333333333 0.20467808842658997 0.0013020833333333333 0.20114834606647491 0.0013020833333333333 0.19467714428901672 0.007946511109670004 0.1858527809381485 0.01892794171969096 0.1646743267774582 0.015790392955144245 0.14879047870635986 0.006377736727396647 0.1305534690618515 0.0013020833333333333
1 0.8023813962936401 0.16796157757441202 0.7770848870277405 0.19619953632354736 0.7682605385780334 0.20482778549194336 0.7694371342658997 0.22600624958674112 0.7817912101745605 0.2471847136815389 0.797086775302887 0.25032226244608563 0.8153237700462341 0.25032226244608563 0.8317959308624268 0.2471847136815389 0.845914900302887 0.21816237767537436 0.8488563895225525 0.19698391358057657 0.8382671475410461 0.18051177263259888 0.8247364163398743 0.1695303519566854
1 0.20467808842658997 0.0518722136815389 0.22644484043121338 0.058147321144739784 0.24703501164913177 0.0644224186738332 0.255859375 0.06912874182065327 0.25821253657341003 0.09109159310658772 0.2611539959907532 0.12011392911275227 0.26468372344970703 0.14129239320755005 0.26468372344970703 0.15148943662643433 0.24409356713294983 0.17188352346420288 0.2340926229953766 0.18521809577941895 0.21291415393352509 0.13658607006072998 0.20526637136936188 0.12403587500254314 0.1993834674358368 0.08560089270273845 0.19820688664913177 0.0652068058649699
1 0.0010504202218726277 0.19587653875350952 0.003482680767774582 0.18286494414011636 0.008436187170445919 0.1827462911605835 0.017013365402817726 0.17423667510350546 0.024661144241690636 0.17737422386805216 0.020543109625577927 0.19698391358057657 0.014180672354996204 0.20134749015172324 0.0134836221113801 0.21816237767537436 0.007012424524873495 0.2220843235651652 0.002306099282577634 0.21816237767537436
1 0.03348550572991371 0.26444125175476074 0.062311746180057526 0.2636568546295166 0.08937311917543411 0.2722851037979126 0.0740775614976883 0.29424798488616943 0.05937029421329498 0.31228888034820557 0.035838667303323746 0.3020918369293213 0.032308924943208694 0.27306950092315674
1 0.005247552879154682 0.35652438799540204 0.04113328456878662 0.361230731010437 0.06525319814682007 0.35260244210561115 0.08231362700462341 0.35652438799540204 0.10408038645982742 0.3659370342890422 0.11996423453092575 0.3627994855244954 0.12937688827514648 0.37378092606862384 0.12408226728439331 0.38633112112681073 0.10761012881994247 0.4028032620747884 0.10113892704248428 0.41221590836842853 0.09113799035549164 0.4247661034266154 0.062311746180057526 0.43182559808095294 0.031132342293858528 0.4396694501241048 0.010542168281972408 0.44516019026438397 0.0011295180302113295 0.4420226414998372
1 0.46293768286705017 0.2813879648844401 0.48235127329826355 0.2758972644805908 0.5017648935317993 0.27119092146555585 0.5152955651283264 0.2727597157160441 0.5282379388809204 0.28217236200968426 0.5382388830184937 0.2931538025538127 0.5405920743942261 0.30962590376536053 0.5429452061653137 0.32217613855997723 0.5441218018531799 0.33158878485361737 0.5458866953849792 0.3386482795079549 0.5341208577156067 0.3472765286763509 0.5211784839630127 0.3543360233306885 0.5047063231468201 0.37865201632181805 0.49588197469711304 0.3951241572697957 0.4876458942890167 0.40532120068868 0.4641142785549164 0.4068899949391683 0.44175922870635986 0.38963345686594647 0.4288168251514435 0.3668862183888753 0.42587536573410034 0.35198283195495605 0.44234752655029297 0.3111946980158488 0.45352503657341003 0.30413520336151123 0.46058452129364014 0.29080061117808026
1 0.016425075009465218 0.4547376235326131 0.0534873865544796 0.4445405801137288 0.08760824799537659 0.43983423709869385 0.1158461943268776 0.43669668833414715 0.14231927692890167 0.4359123309453328 0.14937876164913177 0.4484625260035197 0.16349774599075317 0.4680722157160441 0.16820406913757324 0.4900350570678711 0.14114269614219666 0.5072915951410929 0.12467055767774582 0.5316075881322225 0.10819841921329498 0.5410202344258627 0.07819559425115585 0.5520016749699911 0.06819465011358261 0.5496485233306885 0.04995764419436455 0.5229793389638265 0.03172063082456589 0.48768190542856854 0.0187782384455204 0.4735629161198934
1 0.3335137367248535 0.37159252166748047 0.3541039228439331 0.37002376715342206 0.359986811876297 0.38728030522664386 0.3670462965965271 0.41473384698232013 0.37763553857803345 0.4335591395696004 0.39999058842658997 0.4500312805175781 0.41352126002311707 0.45630637804667157 0.4235222041606903 0.4782692591349284 0.4235222041606903 0.5065071980158488 0.4176393151283264 0.5276856422424316 0.4029320478439331 0.5457265774408976 0.39175450801849365 0.5582767724990845 0.3817535638809204 0.5637674729029337 0.35822194814682007 0.5551392237345377 0.3276308476924896 0.5700425704320272 0.31645330786705017 0.556708017985026 0.30233433842658997 0.5441577831904093 0.2893919348716736 0.48768190542856854 0.2770378291606903 0.46101272106170654 0.2758612632751465 0.4500312805175781 0.2964514195919037 0.413949449857076 0.30939382314682007 0.40139925479888916 0.32115963101387024 0.38414275646209717
1 0.23329176008701324 0.2494917313257853 0.24642200767993927 0.22432541847229004 0.2628348171710968 0.2122893532117208 0.2866334021091461 0.20353585481643677 0.2907366156578064 0.23417311906814575 0.30762895941734314 0.2547187805175781 0.32292452454566956 0.26099387804667157 0.33527860045433044 0.25393442312876385 0.3458678424358368 0.2594251235326131 0.359986811876297 0.25236562887827557 0.3752823770046234 0.24609053134918213 0.3882247805595398 0.24452173709869385 0.39881399273872375 0.24922808011372885 0.4094032347202301 0.2578563292821248 0.4158744215965271 0.263347069422404 0.395872563123703 0.29236940542856854 0.38410672545433044 0.30491960048675537 0.36998775601387024 0.31511664390563965 0.359986811876297 0.32060734430948895 0.35175076127052307 0.3370794852574666 0.34410297870635986 0.3511984745661418 0.32939571142196655 0.3692393700281779 0.2823324501514435 0.42571528752644855 0.26468372344970703 0.4547376235326131 0.25232961773872375 0.475916067759196 0.2352692037820816 0.49238820870717365 0.21938535571098328 0.5041540463765463 0.20291320979595184 0.5049384037653605 0.1787932962179184 0.49238820870717365 0.16643919050693512 0.4633658727010091 0.16232116520404816 0.44218742847442627 0.16232116520404816 0.418655792872111 0.15702654421329498 0.39590855439503986 0.1852644979953766 0.4264996846516927 0.21173757314682007 0.43277478218078613 0.22585655748844147 0.4249308904012044 0.25350621342658997 0.40296804904937744 0.26056569814682007 0.37316131591796875 0.2629188597202301 0.35198283195495605 0.26056569814682007 0.33158878485361737
1 0.4311699867248535 0.0013020833333333333 0.4282285273075104 0.0013020833333333333 0.43352314829826355 0.0013020833333333333 0.43999436497688293 0.0013020833333333333 0.45411333441734314 0.0013020833333333333 0.4799981117248535 0.0013020833333333333 0.4994117021560669 0.0013020833333333333 0.508824348449707 0.0013020833333333333 0.5100009441375732 0.0013020833333333333 0.5058829188346863 0.0013020833333333333 0.504118025302887 0.0013020833333333333 0.5063613653182983 0.0013020833333333333
1 0.005247552879154682 0.6727973620096842 0.02348456345498562 0.6610315243403116 0.04289815574884415 0.6445594231287638 0.051134224981069565 0.6257341305414835 0.06937123835086823 0.6194590330123901 0.0881965383887291 0.6257341305414835 0.10819841921329498 0.6327936251958212 0.11761107295751572 0.6374999284744263 0.10996329039335251 0.6602471272150675 0.11349303275346756 0.6822099685668945 0.10643354803323746 0.692406972249349 0.09113799035549164 0.7057415644327799 0.07878388464450836 0.7198605537414551 0.07172439992427826 0.7339795430501302 0.06113516539335251 0.7551581064860026 0.050545934587717056 0.7692770957946777 0.044074736535549164 0.7810428937276205 0.02642601728439331 0.7802584966023763 0.01583678461611271 0.7810428937276205 0.0040709711611270905 0.7818272908528646 0.0009765625 0.7810517946879069
1 0.0028943901415914297 0.7907652854919434 0.0152484942227602 0.7907652854919434 0.02320772036910057 0.7911146481831869 0.02972412109375 0.7899759610493978 0.03525037690997124 0.7939028739929199 0.043486446142196655 0.7962560653686523 0.05231080576777458 0.8111592928568522 0.02117919921875 0.8078796068827311 0.002306099282577634 0.8080218633015951
1 0.32115963101387024 0.618674635887146 0.347044438123703 0.6061244408289591 0.3676345944404602 0.609261949857076 0.3794004023075104 0.5998493432998657 0.39351940155029297 0.5974961519241333 0.40410861372947693 0.6171058416366577 0.4105798304080963 0.6374999284744263 0.4094032347202301 0.6594627300898234 0.39999058842658997 0.6673065821329752 0.38410672545433044 0.6759349505106608 0.3670462965965271 0.6712285677591959 0.36292827129364014 0.6508345206578573 0.34469127655029297 0.6508345206578573 0.3264542520046234 0.6547564268112183 0.3182181715965271 0.6469125350316366
1 0.7229621410369873 0.44696255524953205 0.7329630851745605 0.4155870278676351 0.7494352459907532 0.39283978939056396 0.7600244879722595 0.38734908898671466 0.7676722407341003 0.3951929807662964 0.7900273203849792 0.4116651217142741 0.8053228259086609 0.41950897375742596 0.8259130120277405 0.4218621651331584 0.8341491222381592 0.4155870278676351 0.8470914959907532 0.41715582211812335 0.8612104654312134 0.4155870278676351 0.8700348138809204 0.41950897375742596 0.8953313231468201 0.44931570688883465 0.9053322672843933 0.47206294536590576 0.9059205651283264 0.4838287830352783 0.8953313231468201 0.495594580968221 0.8788591623306274 0.5050072272618612 0.8553275465965271 0.5214793682098389 0.8359139561653137 0.5332451661427816 0.8253247141838074 0.5261857112248739 0.7988516688346863 0.5285388628641764 0.784144401550293 0.5269700686136881 0.7706137299537659 0.5097135702768961 0.7582595944404602 0.49088823795318604 0.7411991953849792 0.4587283531824748
1 0.6111869215965271 0.49238820870717365 0.6264824867248535 0.4743473132451375 0.6317771077156067 0.45787517229715985 0.6323654055595398 0.4531688292821248 0.6564853191375732 0.4547376235326131 0.6841349601745605 0.45395322640736896 0.7111963629722595 0.45787517229715985 0.7317865490913391 0.46885661284128827 0.7517883777618408 0.5010164976119995 0.7600244879722595 0.5214105447133383 0.7635542154312134 0.542589028676351 0.7612010836601257 0.5590611696243286 0.7417874336242676 0.5778864622116089 0.7211973071098328 0.6100463469823202 0.7141377925872803 0.6241653362909952 0.7017837166786194 0.6351467370986938 0.6658979654312134 0.6390687227249146 0.6441311836242676 0.6343623399734497 0.6247175931930542 0.6343623399734497 0.6047157645225525 0.6194590330123901 0.5929499268531799 0.6131839354832967 0.5835372805595398 0.5888678630193075 0.5911850333213806 0.542589028676351 0.6029508709907532 0.5065071980158488
1 0.06466490775346756 0.5614143212636312 0.05584054812788963 0.5990649461746216 0.05642883852124214 0.6108307441075643 0.09937405586242676 0.6218121449152628 0.11937594413757324 0.6241653362909952 0.1364363729953766 0.6131839354832967 0.14231927692890167 0.6076931556065878 0.13820123672485352 0.5810240507125854 0.1305534690618515 0.5574923753738403 0.12643542885780334 0.5465109745661417 0.1029038056731224 0.5527860720952352 0.0811370462179184 0.5606299241383871
1 0.1587914228439331 0.7112323443094889 0.1858527809381485 0.7018197377522787 0.20467808842658997 0.7026041348775228 0.2146790325641632 0.7143699328104655 0.22467997670173645 0.7402547200520834 0.2352692037820816 0.7912398974100748 0.2352692037820816 0.8045744895935059 0.12172910571098328 0.8037900924682617 0.1229056864976883 0.7779053052266439 0.13937781751155853 0.7433923085530599 0.15232022106647491 0.7159387270609537
1 0.2988045811653137 0.7190761566162109 0.3182181715965271 0.7135855356852213 0.3399849534034729 0.7096635500590006 0.35175076127052307 0.7112323443094889 0.3682228922843933 0.7112323443094889 0.38645991683006287 0.7159387270609537 0.4011671543121338 0.7386859258015951 0.4017554521560669 0.759864330291748 0.3882247805595398 0.7692770957946777 0.3688111901283264 0.7810428937276205 0.35116246342658997 0.7873179117838541 0.33527860045433044 0.7724145253499349 0.30704066157341003 0.7731989224751791 0.29292169213294983 0.7630019187927246 0.2911568284034729 0.7222137451171875
1 0.9941641688346863 0.38844327131907147 0.9723973870277405 0.37432432174682617 0.9582784175872803 0.3813837766647339 0.9406297206878662 0.3923652172088623 0.9312170743942261 0.4206031560897827 0.9270990490913391 0.4417816400527954 0.9253341555595398 0.4637444814046224 0.9294521808624268 0.47551031907399494 0.9676910638809204 0.4982575575510661 0.9888695478439331 0.5123765071233114 0.9988704919815063 0.5139453013737997
1 0.1723220944404602 0.502585252126058 0.15937970578670502 0.542589028676351 0.16173286736011505 0.5598455667495728 0.16055628657341003 0.5888678630193075 0.16055628657341003 0.6014180580774943 0.18291133642196655 0.6100463469823202 0.21173757314682007 0.6006337404251099 0.2211502194404602 0.595927357673645 0.22409167885780334 0.5598455667495728 0.22232680022716522 0.5402358770370483 0.2146790325641632 0.5206261873245239 0.20879612863063812 0.5119978984196981 0.1852644979953766 0.5018008550008138
1 0.07054781913757324 0.7559425036112467 0.09466773271560669 0.7512361208597819 0.12467055767774582 0.7480985323588053 0.14055439829826355 0.7245669364929199 0.13996611535549164 0.7073103586832682 0.12055252492427826 0.6955445607503256 0.11525790393352509 0.6947601636250814 0.08701995760202408 0.7237825393676758 0.07701901346445084 0.7402547200520834
1 0.4735269248485565 0.6931913693745931 0.49705854058265686 0.6829943656921387 0.5282379388809204 0.6916227340698242 0.5547110438346863 0.7167231241861979 0.557652473449707 0.7410391171773275 0.5611822009086609 0.7739833196004232 0.5588290691375732 0.7818272908528646 0.5523578524589539 0.7818272908528646 0.5276496410369873 0.759864330291748 0.5029414296150208 0.737901528676351 0.4864693284034729 0.7222137451171875 0.4741152226924896 0.7104479471842448
1 0.7664956450462341 0.5664992729822794 0.7823795080184937 0.5853245655695597 0.79296875 0.6127781470616659 0.7959101796150208 0.6316034396489462 0.7764965891838074 0.6457224289576212 0.7600244879722595 0.6535662412643433 0.7523766756057739 0.6606257359186808 0.7317865490913391 0.6457224289576212 0.7217856049537659 0.6355253458023071 0.7229621410369873 0.6206219593683878 0.7370811104774475 0.6033654610315958 0.7453172206878662 0.5814026594161987 0.7564947009086609 0.5719899733861288
1 0.744140625 0.30423641204833984 0.7480784058570862 0.34098875522613525 0.7606791853904724 0.34938931465148926 0.7693422436714172 0.3556897242863973 0.7795804142951965 0.34308890501658124 0.7787928581237793 0.31893738110860187 0.7748550772666931 0.30423641204833984 0.7630418539047241 0.29688596725463867
1 0.8063570857048035 0.6338173945744833 0.8173828125 0.6380176941553751 0.8291960954666138 0.6537686586380005 0.8299835920333862 0.6758200327555338 0.8244707584381104 0.6989215215047201 0.8134450316429138 0.7115224202473959 0.7953314185142517 0.7199228604634603 0.7748550772666931 0.716772715250651 0.7567414045333862 0.7073221206665039 0.7543787956237793 0.6978715260823568 0.7520161271095276 0.6779201825459799 0.7630418539047241 0.6684695879618326 0.7724924683570862 0.6579689582188925 0.7843056917190552 0.6516685883204142 0.796118974685669 0.6432679891586304
1 0.9063760042190552 0.3272898991902669 0.9284273982048035 0.32413971424102783 0.9465410709381104 0.32308963934580487 0.9544165730476379 0.337790568669637 0.9583543539047241 0.35669179757436115 0.9622920751571655 0.3682425419489543 0.9457535147666931 0.37559298674265545 0.9378780126571655 0.3818933963775635 0.9213394522666931 0.36719246705373126 0.9016507267951965 0.3514414628346761
1 0.001871060929261148 0.10505896806716919 0.024849001318216324 0.07661008834838867 0.05110950767993927 0.05910308162371317 0.07162552326917648 0.053632150093714394 0.08229385316371918 0.08536358674367268 0.09050026535987854 0.11490664879480998 0.08967962116003036 0.13022528092066446 0.0675223246216774 0.13569623231887817 0.03797925263643265 0.14226134618123373 0.02813156507909298 0.12694271405537924 0.021566439419984818 0.1138124664624532
1 0.03469669073820114 0.16195672750473022 0.054392069578170776 0.14554391304651895 0.07819065451622009 0.14335552851359049 0.0987066701054573 0.13679041465123495 0.11347820609807968 0.12694271405537924 0.13645614683628082 0.13022528092066446 0.1405593454837799 0.14663809537887573 0.12824973464012146 0.15976834297180176 0.10773371905088425 0.17946372429529825 0.09296218305826187 0.20681842168172201 0.08967962116003036 0.24511500199635824 0.09624474495649338 0.2604336341222127 0.07244616746902466 0.25277431805928546 0.047826942056417465 0.2494917313257853 0.03551733121275902 0.25277431805928546 0.024028360843658447 0.2407382329305013 0.024028360843658447 0.21885448694229126 0.033876050263643265 0.19149978955586752
1 0.36722177267074585 0.36350802580515545 0.39977383613586426 0.3646502097447713 0.414336621761322 0.36693453788757324 0.43146929144859314 0.3920624653498332 0.4443188011646271 0.40462644894917804 0.48115405440330505 0.4194747606913249 0.511992871761322 0.3852094014485677 0.5351219773292542 0.36122365792592365 0.5531113147735596 0.35094404220581055 0.5753837823867798 0.357797106107076 0.6002261638641357 0.3749297857284546 0.6182154417037964 0.38292503356933594 0.6147889494895935 0.41147951285044354 0.621641993522644 0.42747000853220624 0.6233552694320679 0.4411761363347371 0.6147889494895935 0.4777258634567261 0.6045092940330505 0.491431991259257 0.5908032059669495 0.5108490387598673 0.5822368264198303 0.5256973505020142 0.5805235505104065 0.5953702529271444 0.5813801884651184 0.6067920128504435 0.5719572305679321 0.5999389092127482 0.5685306787490845 0.5588205258051554 0.5685306787490845 0.5142755508422852 0.5839501023292542 0.48343674341837567 0.5950863361358643 0.4571666320164998 0.5985128879547119 0.43774962425231934 0.5933730602264404 0.4080529610315959 0.5865200161933899 0.3966312011082967 0.5788103342056274 0.3852094014485677 0.5685306787490845 0.37835633754730225 0.5471148490905762 0.3852094014485677 0.5282689332962036 0.40005771319071454 0.5068530440330505 0.42061694463094074 0.488007128238678 0.43889176845550537 0.4734443426132202 0.45602444807688397 0.4580249488353729 0.4685884316762288 0.4340392053127289 0.47087279955546063 0.4126233458518982 0.4446026881535848 0.3920641541481018 0.429754376411438 0.3800712823867798 0.41490602493286133 0.37664473056793213 0.3977733850479126 0.37150493264198303 0.37835633754730225
1 0.12907758355140686 0.6330620845158895 0.1530633270740509 0.6170715888341268 0.17619243264198303 0.6182137727737427 0.18904194235801697 0.6273512442906698 0.20017817616462708 0.6421995560328165 0.21474094688892365 0.6319199005762736 0.22673383355140686 0.612502932548523 0.22673383355140686 0.60222327709198 0.2284470945596695 0.6307777166366577 0.22587719559669495 0.6490525801976522 0.21902412176132202 0.6673274040222168 0.19418174028396606 0.675322691599528 0.18390214443206787 0.6856023470560709 0.17105263471603394 0.6913132667541504 0.15563322603702545 0.6981662114461263 0.1470668911933899 0.6970240275065104 0.1316474825143814 0.6867445309956869 0.1205112412571907 0.6707539558410645 0.12393777072429657 0.6559056838353475
1 0.004865679889917374 0.6284934282302856 0.015001312829554081 0.6237039168675741 0.03827439621090889 0.6239246924718221 0.03399122878909111 0.6421995560328165 0.02199835516512394 0.6536213159561157 0.010005482472479343 0.6581900517145792 0.004009046126157045 0.6559056838353475 0.003152412362396717 0.6467682123184204
1 0.004009046126157045 0.46516187985738117 0.01600191928446293 0.49257417519887287 0.04255756735801697 0.529123862584432 0.053693804889917374 0.5473987261454264 0.04855400323867798 0.5885171492894491 0.0442708320915699 0.6079341967900594 0.013432017527520657 0.6159294048945109 0.004009046126157045 0.6113607486089071 0.00657894741743803 0.5713844696680704 0.0009765625 0.52683953444163 0.0014391447184607387 0.4891476233800252
1 0.7175849676132202 0.06996817390124004 0.756133496761322 0.05511986215909322 0.7895421981811523 0.05740421017011007 0.8083881735801697 0.08024777968724568 0.8280907273292542 0.09738045930862427 0.8332305550575256 0.11565530300140381 0.8306606411933899 0.13849888245264688 0.8092448115348816 0.15563156207402548 0.7749794125556946 0.17276422182718912 0.7552768588066101 0.1910390853881836 0.7432839870452881 0.23444185654322305 0.7415707111358643 0.24129494031270346 0.7518503069877625 0.25956980387369794 0.7484238147735596 0.2789868116378784 0.7415707111358643 0.30297255516052246 0.7364309430122375 0.3326692183812459 0.7449972629547119 0.3543705940246582 0.7595600485801697 0.3646502097447713 0.7449972629547119 0.37721415360768634 0.7235814332962036 0.36236584186553955 0.7141584157943726 0.32467397054036456 0.6978824138641357 0.28812424341837567 0.6781798005104065 0.26071194807688397 0.6473410129547119 0.2275887926419576 0.6422011852264404 0.1910390853881836 0.6473410129547119 0.17276422182718912 0.6610471606254578 0.15106284618377686 0.6756099462509155 0.13393016656239828 0.6961691379547119 0.09966480731964111 0.707305371761322 0.08138996362686157
1 0.9617255926132202 0.6182137727737427 0.98828125 0.6216403245925903 0.9977042078971863 0.6284934282302856 0.9951342940330505 0.6718961397806803 0.9942777156829834 0.6844601631164551 0.9745751023292542 0.6844601631164551 0.9608689546585083 0.6844601631164551 0.9523026347160339 0.6581900517145792 0.9548725485801697 0.6444839239120483
1 0.4357524812221527 0.4891476233800252 0.4717310965061188 0.478868047396342 0.49743008613586426 0.45488230387369794 0.5205591917037964 0.4240434567133586 0.5428316593170166 0.4023420810699463 0.560820996761322 0.39434683322906494 0.5753837823867798 0.4011998971303304 0.5848067402839661 0.4194747606913249 0.5839501023292542 0.43889176845550537 0.5779536962509155 0.4628775517145793 0.5659608244895935 0.491431991259257 0.5625342726707458 0.5188442866007487 0.5625342726707458 0.5805219411849976 0.5668174624443054 0.5999389092127482 0.5796669125556946 0.6204981406529745 0.6002261638641357 0.6342042684555054 0.6105057597160339 0.6581900517145792 0.6105057597160339 0.6741805076599121 0.6147889494895935 0.6958818435668945 0.6122190356254578 0.7175833384195963 0.5925164222717285 0.7164411544799805 0.5565378069877625 0.7038771311442057 0.5222724676132202 0.6787492434183756 0.5085663199424744 0.6707539558410645 0.47515761852264404 0.6661852598190308 0.45888158679008484 0.6707539558410645 0.439179003238678 0.6593322356541952 0.4186197817325592 0.6433417399724325 0.4091968238353729 0.5908015171686808 0.40577027201652527 0.5668157736460367 0.41091009974479675 0.550825277964274 0.42632949352264404 0.5314082304636637 0.43146929144859314 0.5085646708806356
1 0.7921121120452881 0.0013020833333333333 0.79296875 0.0013020833333333333 0.7878289222717285 0.0013020833333333333 0.7998217940330505 0.0013020833333333333 0.8135279417037964 0.0013020833333333333 0.8340871930122375 0.0013020833333333333 0.8469367027282715 0.0013020833333333333 0.8460800647735596 0.0013020833333333333 0.8186677694320679 0.0013020833333333333 0.8015350699424744 0.0013020833333333333
1 0.9865679740905762 0.20246086517969766 0.9591556787490845 0.21845136086146036 0.9385964870452881 0.23558404048283896 0.9111841917037964 0.25842761993408203 0.8940515518188477 0.284697691599528 0.8991913199424744 0.29269293944040936 0.9043311476707458 0.30868343512217206 0.9411664009094238 0.30183037122090656 0.9711485505104065 0.3063991069793701 0.9874246120452881 0.2949773073196411 0.9968475699424744 0.25842761993408203 0.9990234375 0.2294162710507711 0.9968475699424744 0.19674996534983316
1 0.8966214656829834 0.36236584186553955 0.8803454041481018 0.3966312011082967 0.8794887661933899 0.41147951285044354 0.8914816379547119 0.42632782459259033 0.9017612338066101 0.43889176845550537 0.9077576994895935 0.45374011993408203 0.9128974676132202 0.4628775517145793 0.9248903393745422 0.4400339523951213 0.9317434430122375 0.39548901716868085 0.9317434430122375 0.37835633754730225 0.9197505712509155 0.36807672182718915 0.9077576994895935 0.3600814739863078
1 0.9206072092056274 0.4857211112976074 0.9488760828971863 0.5119912226994833 0.9977042078971863 0.52683953444163 0.9977042078971863 0.5987967252731323 0.9668654203414917 0.5987967252731323 0.9480194449424744 0.6170715888341268 0.9266036152839661 0.6353464523951212 0.9077576994895935 0.6353464523951212 0.8820586800575256 0.6342042684555054 0.8632127046585083 0.6444839239120483 0.8486499190330505 0.6479103962580363 0.8315172791481018 0.6387730042139689 0.817811131477356 0.6262090603510538 0.8023917078971863 0.6033654610315958 0.7766926884651184 0.55196746190389 0.7766926884651184 0.5382612943649292 0.8066748976707458 0.5496830940246582 0.8315172791481018 0.5485409100850424 0.8606427907943726 0.5416878461837769 0.8949081897735596 0.5142755508422852 0.9077576994895935 0.502853790918986
1 0.853789746761322 0.6593322356541952 0.8769188523292542 0.6513369480768839 0.9111841917037964 0.6479103962580363 0.9283168911933899 0.6467682123184204 0.9231770634651184 0.6673274040222168 0.9231770634651184 0.6810336112976074 0.927460253238678 0.6935976346333822 0.9317434430122375 0.7095880508422852 0.9343132972717285 0.7301472028096517 0.9385964870452881 0.7484221458435059 0.9428796768188477 0.7678391138712565 0.9428796768188477 0.7769765853881836 0.9540159106254578 0.7883984247843424 0.9651521444320679 0.7975357373555502 0.9660087823867798 0.8055310249328613 0.8812020421028137 0.8078153928120931 0.8486499190330505 0.7746922175089518 0.8426535129547119 0.7621281941731771 0.8118146657943726 0.7609860102335612 0.8075315356254578 0.7724078496297201 0.7826891541481018 0.7918249766031901 0.7390007972717285 0.8066732088724772 0.720154881477356 0.7849718729654948 0.7184416055679321 0.7335737546284994 0.7261512875556946 0.7221520741780599 0.7458539009094238 0.7267208099365234 0.7921121120452881 0.7312893867492676 0.8315172791481018 0.7130146026611328 0.8409402370452881 0.700450579325358 0.8349438309669495 0.6650430758794149
1 0.6310649514198303 0.6467682123184204 0.6764665842056274 0.6444839239120483 0.7038788199424744 0.6456261078516642 0.7124451994895935 0.6536213159561157 0.7141584157943726 0.6844601631164551 0.7150150537490845 0.7061614990234375 0.7141584157943726 0.7130146026611328 0.6884594559669495 0.710730234781901 0.6653302907943726 0.7084458669026693 0.6387746930122375 0.6935976346333822 0.6267818212509155 0.6798914273579916 0.6267818212509155 0.6593322356541952
1 0.6319215893745422 0.7073036829630533 0.658477246761322 0.7175833384195963 0.670470118522644 0.7267208099365234 0.6653302907943726 0.746137777964274 0.6533374190330505 0.7689812978108724 0.6336348652839661 0.8021044731140137 0.6027960777282715 0.7906827926635742 0.5865200161933899 0.7518486976623535 0.5822368264198303 0.7335737546284994 0.6027960777282715 0.737000306447347 0.6105057597160339 0.737000306447347 0.6190720796585083 0.7278628349304199
1 0.6824629902839661 0.7529908816019694 0.6987390518188477 0.7872562408447266 0.6978824138641357 0.8009622891743978 0.6644737124443054 0.8009622891743978 0.6499109268188477 0.7975357373555502 0.6559073328971863 0.7826875050862631 0.6679002046585083 0.7655547459920248
1 0.6456277370452881 0.27670244375864667 0.6310649514198303 0.2904086112976074 0.6182154417037964 0.33152703444163006 0.621641993522644 0.34980185826619464 0.6310649514198303 0.3749297857284546 0.6516242027282715 0.3977733850479126 0.671326756477356 0.40691077709198 0.6935992240905762 0.38406721750895184 0.7081620097160339 0.3646502097447713 0.7021655440330505 0.3258161147435506 0.6841762661933899 0.2949773073196411 0.6696134805679321 0.2801289955774943 0.6576206088066101 0.27099156379699707
1 0.2824150323867798 0.06768381595611572 0.3372395932674408 0.07796343167622884 0.36122533679008484 0.0950960914293925 0.37236157059669495 0.11793967088063557 0.3860677182674408 0.14763631423314413 0.3706482946872711 0.17961730559666952 0.3697916567325592 0.18761255343755087 0.3380962312221527 0.19674996534983316 0.32439008355140686 0.20360304911931357 0.30725741386413574 0.20017651716868082 0.2884114682674408 0.1853281855583191 0.2729920446872711 0.15677372614542642 0.2729920446872711 0.10766005516052246 0.27470532059669495 0.07567906379699707
1 0.3098272979259491 0.00600619117418925 0.3269599676132202 0.0013020833333333333 0.347519189119339 0.0013020833333333333 0.38264116644859314 0.0013020833333333333 0.40491366386413574 0.0013020833333333333 0.4237595796585083 0.0013020833333333333 0.43232592940330505 0.0013020833333333333 0.43232592940330505 0.0013020833333333333 0.4229029715061188 0.016285796960194904 0.3954906761646271 0.04255589842796326 0.365508496761322 0.06996817390124004 0.3492324650287628 0.07339471578598022 0.32353344559669495 0.06197292606035868 0.2952645421028137 0.056262036164601646 0.29612115025520325 0.03798718253771464
1 0.19503837823867798 0.0013020833333333333 0.21131442487239838 0.0013020833333333333 0.2121710479259491 0.0013020833333333333 0.20017817616462708 0.019712328910827637 0.201034814119339 0.036845008532206215 0.23273026943206787 0.045982430378595986 0.2515762150287628 0.04940896232922872 0.26442572474479675 0.056262036164601646 0.2764185965061188 0.05169332027435303 0.2875548303127289 0.031134108702341717 0.30811402201652527 0.0013020833333333333 0.31925028562545776 0.0013020833333333333 0.32781660556793213 0.0013020833333333333 0.32781660556793213 0.0013020833333333333 0.2832716703414917 0.0013020833333333333 0.25243285298347473 0.0013020833333333333 0.21645422279834747 0.0013020833333333333
1 0.3363829553127289 0.0013020833333333333 0.3329564034938812 0.0013020833333333333 0.3329564034938812 0.0013020833333333333 0.353515625 0.0013020833333333333 0.3800712823867798 0.0013020833333333333 0.39977383613586426 0.0013020833333333333 0.4091968238353729 0.0013020833333333333 0.4194764196872711 0.0013020833333333333 0.41470107436180115 0.0013020833333333333 0.38949424028396606 0.0013020833333333333 0.3543722629547119 0.0013020833333333333 0.3504660129547119 0.0013020833333333333 0.34066611528396606 0.0013020833333333333
1 0.7912554740905762 0.34980185826619464 0.8023917078971863 0.357797106107076 0.8101014494895935 0.36693453788757324 0.8058182597160339 0.37721415360768634 0.7921121120452881 0.3817828893661499 0.7847623229026794 0.3807942469914754 0.7749794125556946 0.38292503356933594 0.7629865407943726 0.37835633754730225 0.7732661962509155 0.36579235394795734 0.7826891541481018 0.35665496190388996
1 0.810001790523529 0.38459845383961994 0.8190861344337463 0.38459845383961994 0.8255208134651184 0.3966312011082967 0.8255208134651184 0.40691077709198 0.816954493522644 0.40919514497121173 0.7981085777282715 0.40691077709198 0.7963953018188477 0.4011998971303304 0.8015350699424744 0.3920624653498332
1 0.7895421981811523 0.26071194807688397 0.8220943212509155 0.2664228677749634 0.8383703231811523 0.2652806838353475 0.8486499190330505 0.2629963159561157 0.8734923005104065 0.2664228677749634 0.8777754902839661 0.2732759316762288 0.8863418102264404 0.29269293944040936 0.8914816379547119 0.3166787226994832 0.8940515518188477 0.33609573046366376 0.8854851722717285 0.36122365792592365 0.8717790842056274 0.38406721750895184 0.865782618522644 0.40462644894917804 0.8366570472717285 0.40691077709198 0.8332305550575256 0.3852094014485677 0.8220943212509155 0.3589392900466919 0.8075315356254578 0.33609573046366376 0.7921121120452881 0.3109678030014038 0.7878289222717285 0.29269293944040936 0.7878289222717285 0.2801289955774943
1 0.6173588037490845 0.0013020833333333333 0.5950863361358643 0.0013020833333333333 0.5702439546585083 0.021996686855951946 0.5428316593170166 0.019712328910827637 0.523985743522644 0.0013020833333333333 0.5162760615348816 0.0013020833333333333 0.5145627856254578 0.0013020833333333333 0.5194558501243591 0.0013020833333333333 0.5462582111358643 0.0013020833333333333 0.5899465680122375 0.0013020833333333333
1 0.6259251832962036 0.0013020833333333333 0.6190720796585083 0.0013020833333333333 0.6070792078971863 0.0013020833333333333 0.59765625 0.009432723124821981 0.6233552694320679 0.011717081069946289 0.6387746930122375 0.007148365179697673 0.6559073328971863 0.0013020833333333333 0.6696134805679321 0.0013020833333333333 0.6747533082962036 0.0013020833333333333 0.6764665842056274 0.0013020833333333333 0.6764665842056274 0.0013020833333333333 0.6456277370452881 0.0013020833333333333
1 0.6541940569877625 0.00600619117418925 0.6559073328971863 0.033418466647466026 0.6559073328971863 0.0482667883237203 0.6550506949424744 0.07111035784085591 0.6550506949424744 0.08138996362686157 0.6610471606254578 0.08938521146774292 0.6781798005104065 0.08938521146774292 0.7004523277282715 0.0791055957476298 0.7055920958518982 0.05397767821947733 0.6910293102264404 0.033418466647466026 0.6773231625556946 0.004864007234573364 0.6670435667037964 0.0013020833333333333
1 0.2344435304403305 0.5542517900466919 0.25243285298347473 0.5553939739863077 0.26165771484375 0.5751322507858276 0.27556195855140686 0.5999389092127482 0.24300986528396606 0.6033654610315958 0.23615679144859314 0.5999389092127482 0.2284470945596695 0.5828062295913696 0.23016035556793213 0.5713844696680704
1 0.4460320770740509 0.7175833384195963 0.42547285556793213 0.7290050188700358 0.4074835479259491 0.7678391138712565 0.38949424028396606 0.7872562408447266 0.32781660556793213 0.8032466570536295 0.3912075161933899 0.8100997606913248 0.4520285129547119 0.8055310249328613 0.5171326994895935 0.8100997606913248 0.5411184430122375 0.8100997606913248 0.5419750809669495 0.7792609532674154 0.5128495097160339 0.7587018013000488 0.49229028820991516 0.7404268582661947 0.4734443426132202 0.7221520741780599 0.46573466062545776 0.7084458669026693
1 0.24043996632099152 0.614787220954895 0.28669819235801697 0.6170715888341268 0.3141104578971863 0.663900891939799 0.35094571113586426 0.6844601631164551 0.347519189119339 0.6981662114461263 0.3201068937778473 0.7027349472045898 0.2892681062221527 0.7095880508422852 0.27898848056793213 0.7175833384195963 0.28669819235801697 0.7758344014485677 0.33038651943206787 0.7872562408447266 0.298691064119339 0.8055310249328613 0.27470532059669495 0.8032466570536295 0.255859375 0.8032466570536295 0.2335868924856186 0.7335737546284994 0.249862939119339 0.6935976346333822 0.24043996632099152 0.6559056838353475 0.23872670531272888 0.6364886363347372
1 0.23101699352264404 0.5119912226994833 0.23273026943206787 0.529123862584432 0.24729304015636444 0.5439722140630087 0.27384868264198303 0.5736688375473022 0.2892681062221527 0.6010810931523641 0.3038308620452881 0.6227825085322062 0.310683935880661 0.6319199005762736 0.310683935880661 0.6079341967900594 0.33980947732925415 0.5987967252731323 0.3629385828971863 0.5930858850479126 0.3869243562221527 0.5896593332290649 0.3912075161933899 0.5748110214869181 0.37321820855140686 0.5725266536076864 0.3603686988353729 0.5702422857284546 0.3466625511646271 0.5713844696680704 0.32952988147735596 0.5793797572453817 0.3158237338066101 0.5736688375473022 0.2995477020740509 0.5565361579259237 0.29012471437454224 0.5245551665623983 0.2781318426132202 0.47658367951711017 0.2729920446872711 0.467446247736613 0.26356908679008484 0.478868047396342 0.2567160129547119 0.4868632952372233 0.24043996632099152 0.5005694230397543
1 0.42718613147735596 0.025423218806584675 0.3697916567325592 0.08138996362686157 0.37750136852264404 0.11108660697937012 0.390350878238678 0.13621451457341513 0.4194764196872711 0.08824302752812703 0.4306126534938812 0.06539946794509888
1 0.5428316593170166 0.03456065058708191 0.5411184430122375 0.06882599989573161 0.5531113147735596 0.10537570714950562 0.5419750809669495 0.12936145067214966 0.5205591917037964 0.14649413029352823 0.5205591917037964 0.1853281855583191 0.5642475485801697 0.17162205775578818 0.5985128879547119 0.1693376898765564 0.6199287176132202 0.16591115792592367 0.6019394397735596 0.10880223910013835 0.6113623976707458 0.07111035784085591 0.6413445472717285 0.05740421017011007 0.6481976509094238 0.05169332027435303 0.6473410129547119 0.029991934696833294 0.6456277370452881 0.018570154905319214 0.621641993522644 0.021996686855951946 0.5993695259094238 0.02085450291633606 0.5848067402839661 0.021996686855951946 0.5676740407943726 0.03456065058708191 0.5531113147735596 0.033418466647466026
1 0.6379180550575256 0.08710084358851115 0.6207853555679321 0.09852264324824016 0.6156455874443054 0.1167974869410197 0.6182154417037964 0.14078323046366373 0.6233552694320679 0.14992066224416098 0.6327782273292542 0.12479273478190105 0.6430578231811523 0.1065178910891215 0.6481976509094238 0.09166955947875977 0.6473410129547119 0.0791055957476298
1 0.43660908937454224 0.018570154905319214 0.45888158679008484 0.027707576751708984 0.4845806062221527 0.03456065058708191 0.5214158296585083 0.05854639410972595 0.5145627856254578 0.0950960914293925 0.5094229578971863 0.1533471941947937 0.5085663199424744 0.19332343339920044 0.5051398277282715 0.2378683884938558 0.49743008613586426 0.25956980387369794 0.4580249488353729 0.2675650517145793 0.4348958432674408 0.2550010681152344 0.40063047409057617 0.23901057243347168 0.3852110803127289 0.2161670128504435 0.38349780440330505 0.18989690144856772 0.3972039520740509 0.14649413029352823 0.41519325971603394 0.12136620283126831 0.4288994073867798 0.09852264324824016 0.4348958432674408 0.06768381595611572 0.43746572732925415 0.04484025637308756
1 0.32952988147735596 0.2161670128504435 0.3473608195781708 0.21338355541229248 0.36122533679008484 0.2058873971303304 0.37150493264198303 0.210456113020579 0.38435444235801697 0.23444185654322305 0.36807841062545776 0.23444185654322305 0.3440926671028137 0.2435792883237203 0.3320997953414917 0.23558404048283896
1 0.1684827357530594 0.18190165360768637 0.19846491515636444 0.18190165360768637 0.2121710479259491 0.19446561733881632 0.2173108607530594 0.22987314065297446 0.2293037325143814 0.2778446276982625 0.2455797642469406 0.31553653875986737 0.249862939119339 0.34523316224416095 0.2515762150287628 0.369218905766805 0.249862939119339 0.3852094014485677 0.24215322732925415 0.39891552925109863 0.23187363147735596 0.41033732891082764 0.2173108607530594 0.41604820887247723 0.19503837823867798 0.40919514497121173 0.17533579468727112 0.4034842650095622 0.16077302396297455 0.38406721750895184 0.164199560880661 0.3372379144032796 0.16505619883537292 0.30183037122090656 0.15391995012760162 0.2687071959177653 0.15477658808231354 0.2527167002360026 0.16591282188892365 0.2332996924718221 0.1684827357530594 0.2058873971303304 0.1684827357530594 0.19560780127843222
1 0.8597862124443054 0.16020025809605917 0.8940515518188477 0.16591115792592367 0.9043311476707458 0.18761255343755087 0.9171806573867798 0.2127404808998108 0.9223204255104065 0.22302007675170898 0.915467381477356 0.23444185654322305 0.9009045958518982 0.23672622442245483 0.8777754902839661 0.2332996924718221 0.8700658082962036 0.2058873971303304 0.8674958944320679 0.17733293771743774
1 0.003152412362396717 0.001437475283940633 0.01600191928446293 0.0013020833333333333 0.05455043911933899 0.002579649289449056 0.0768229141831398 0.0013020833333333333 0.10851836949586868 0.0013020833333333333 0.1205112412571907 0.0013020833333333333 0.14021381735801697 0.009432723124821981 0.13336074352264404 0.02656540274620056 0.109375 0.029991934696833294 0.0716831162571907 0.04369807243347168 0.043414197862148285 0.05283550421396891 0.016858553513884544 0.06996817390124004 0.0022957785986363888 0.08710084358851115 0.003152412362396717 0.05511986215909322 0.0022957785986363888 0.02656540274620056
1 0.5213366746902466 0.20353585481643677 0.5558035969734192 0.18931142489115396 0.5878085494041443 0.18493467569351196 0.6165310144424438 0.19259397188822427 0.6280199289321899 0.2166661024093628 0.6329438090324402 0.246209184328715 0.6132484078407288 0.2604336341222127 0.5886291861534119 0.2790348132451375 0.5517003536224365 0.2954476277033488 0.5369288325309753 0.27137549718221027 0.5172334313392639 0.26481036345163983 0.5098477005958557 0.25824522972106934 0.5139508843421936 0.2308905522028605 0.5188747644424438 0.21885448694229126
1 0.5525209903717041 0.3085778554280599 0.5754989385604858 0.294353445370992 0.610786497592926 0.2757522265116374 0.6321231722831726 0.2593394120534261 0.6362263560295105 0.2615278164545695 0.6296612620353699 0.276846448580424 0.6165310144424438 0.3009185791015625 0.610786497592926 0.3282732566197713 0.6124277710914612 0.3534395694732666 0.6075039505958557 0.36109888553619385 0.5869879126548767 0.3534395694732666 0.5648306012153625 0.34030930201212567 0.5533416271209717 0.33046162128448486
1 0.35474658012390137 0.3435918887456258 0.37280067801475525 0.324990709622701 0.38675156235694885 0.3129546244939168 0.4015231132507324 0.29325926303863525 0.41465336084365845 0.2746580441792806 0.4269629716873169 0.26918713251749676 0.43845194578170776 0.2757522265116374 0.44994091987609863 0.2790348132451375 0.43599003553390503 0.29654181003570557 0.4277836084365845 0.32717907428741455 0.41793593764305115 0.34906280040740967 0.39331671595573425 0.35453375180562335 0.36951813101768494 0.3534395694732666 0.35884979367256165 0.3534395694732666
1 0.6247373819351196 0.3928303321202596 0.6501772403717041 0.41471409797668457 0.669052004814148 0.4212791919708252 0.6903886795043945 0.4026780128479004 0.7109046578407288 0.37641751766204834 0.728958785533905 0.3742291529973348 0.7388064861297607 0.3939245144526164 0.7256761789321899 0.4081489642461141 0.7174698114395142 0.42565596103668213 0.7059808373451233 0.4431629578272502 0.6797203421592712 0.4475397268931071 0.6468946933746338 0.4431629578272502 0.6362263560295105 0.43988041083017987 0.6288406252861023 0.42346759637196857 0.6230961084365845 0.41033732891082764
1 0.05193014815449715 0.7878321011861166 0.06998424232006073 0.769230842590332 0.08065257221460342 0.7604773839314779 0.10198923200368881 0.7582890192667643 0.11840204894542694 0.7561006546020508 0.11758140474557877 0.7714192072550455 0.11429884284734726 0.7867379188537598 0.11347820609807968 0.8020564715067545 0.09788602590560913 0.8064332008361816 0.07162552326917648 0.8064332008361816 0.05767463147640228 0.8053390185038248
1 0.13317358493804932 0.0361251433690389 0.14876575767993927 0.024089078108469646 0.1758469045162201 0.027371644973754883 0.19061844050884247 0.0383135179678599 0.19225971400737762 0.08864615360895793 0.20292805135250092 0.13241366545359293 0.22508534789085388 0.17399279276529947 0.23903623223304749 0.21776030460993448 0.22918854653835297 0.23964405059814453 0.22180278599262238 0.21447773774464926 0.21113444864749908 0.17618115743001303 0.1996454894542694 0.171804408232371 0.17748817801475525 0.16961604356765747 0.16025473177433014 0.16961604356765747 0.1512276828289032 0.14116716384887695 0.14466255903244019 0.12694271405537924 0.14876575767993927 0.11709503332773845 0.15368960797786713 0.10287058353424072 0.15286895632743835 0.07442171374956767 0.14302127063274384 0.056914707024892174
1 0.6838235259056091 0.0013020833333333333 0.7092633843421936 0.0013020833333333333 0.7396271228790283 0.0013020833333333333 0.7683495283126831 0.0013020833333333333 0.785582959651947 0.0013020833333333333 0.785582959651947 0.0013020833333333333 0.7765559554100037 0.0013020833333333333 0.7626050710678101 0.0013020833333333333 0.7437303066253662 0.0032995144526163736 0.7264968752861023 0.018618136644363403 0.7043395638465881 0.015335579713185629 0.689568042755127 0.013147205114364624 0.6830028891563416 0.0013020833333333333 0.6764377355575562 0.0013020833333333333 0.6830028891563416 0.0013020833333333333 0.6846441626548767 0.0013020833333333333 0.6846441626548767 0.0013020833333333333
1 0.6953125 0.02518327037493388 0.7174698114395142 0.028465827306111652 0.7371651530265808 0.027371644973754883 0.7470128536224365 0.018618136644363403 0.7552192807197571 0.008770455916722616 0.7675288915634155 0.0013020833333333333 0.785582959651947 0.0013020833333333333 0.7995339035987854 0.0013020833333333333 0.8028164505958557 0.006582081317901611 0.7970719337463379 0.03284257650375366 0.7978925704956055 0.04925540089607239 0.7749146819114685 0.044878641764322914 0.7585018277168274 0.044878641764322914 0.7371651530265808 0.04706701636314392 0.7223936319351196 0.04706701636314392 0.7109046578407288 0.044878641764322914 0.7035189270973206 0.0383135179678599
1 0.1476047784090042 0.1554721792538961 0.15063287317752838 0.17465015252431235 0.15593205392360687 0.19080003102620444 0.158203125 0.22209040323893228 0.14609071612358093 0.2523713906606038 0.14230559766292572 0.2796243031819661 0.12186591327190399 0.284671147664388 0.1074824333190918 0.27457745869954425 0.09991218149662018 0.24530585606892905 0.10142623633146286 0.2180529236793518 0.1074824333190918 0.19685622056325278 0.12489401549100876 0.17565951744715372 0.1400345265865326 0.16051902373631796
1 0.09234192967414856 0.28568053245544434 0.10445433855056763 0.2866898775100708 0.11580971628427505 0.2897179921468099 0.13170723617076874 0.2957741816838582 0.13927748799324036 0.30586787064870197 0.12867914140224457 0.3230270942052205 0.12716509401798248 0.33413012822469074 0.12262294441461563 0.3462425470352173 0.10975351184606552 0.3512893517812093 0.08552870899438858 0.3502800067265828 0.07114522904157639 0.34523316224416095 0.06811712682247162 0.32201770941416424 0.07947250455617905 0.2998116413752238
1 0.002255934989079833 0.22915595769882202 0.012854287400841713 0.2342028021812439 0.018910489976406097 0.25338077545166016 0.021938590332865715 0.26347442468007404 0.011340237222611904 0.26953065395355225 0.0037699854001402855 0.26751192410786945
1 0.0037699854001402855 0.2796243031819661 0.021181564778089523 0.2755868434906006 0.027237767353653908 0.2866898775100708 0.026480741798877716 0.3028397560119629 0.010583212599158287 0.31293340524037677 0.002255934989079833 0.3139427900314331 0.002255934989079833 0.2897179921468099
1 0.003012960311025381 0.3250458240509033 0.027237767353653908 0.31999897956848145 0.04464934766292572 0.31798024972279865 0.06130389869213104 0.32605520884195965 0.06130389869213104 0.33816758791605633 0.05524769797921181 0.34725189208984375 0.03177991881966591 0.3502800067265828 0.009069161489605904 0.3522987365722656 0.0014989098999649286 0.34523316224416095
