1 0.11431525647640228 0.04488153258959452 0.12240121513605118 0.05217175682385763 0.12589140236377716 0.07508390148480733 0.13051950931549072 0.10007897019386292 0.13495078682899475 0.11570088068644206 0.1213279590010643 0.13132280111312866 0.0992470532655716 0.14798617362976074 0.08845827728509903 0.15527639786402384 0.0837562307715416 0.1534077227115631 0.09480500221252441 0.11882526675860088 0.10493764281272888 0.0802912066380183 0.1056818887591362 0.06362782915433247
1 0.13414186239242554 0.05113029976685842 0.15685734152793884 0.03863276541233063 0.18045908212661743 0.02925961712996165 0.1956135332584381 0.034466919799645744 0.194234699010849 0.04696445167064667 0.1832706332206726 0.07195952037970225 0.17463727295398712 0.09070581197738647 0.15425248444080353 0.0969545841217041 0.141691192984581 0.09799604614575703 0.13511528074741364 0.08445704976717631 0.13225968182086945 0.06571074823538463
1 0.20371025800704956 0.05529613792896271 0.22365731000900269 0.0542546808719635 0.23269514739513397 0.06779367725054423 0.2407262623310089 0.08549851179122925 0.2506503462791443 0.10216188430786133 0.25369203090667725 0.116742342710495 0.241655632853508 0.14277887344360352 0.23106370866298676 0.1594422459602356 0.2151542454957962 0.15735932191212973 0.199299618601799 0.14486179749170938 0.18772347271442413 0.11465941866238911 0.18051297962665558 0.0969545841217041 0.19324955344200134 0.07820828258991241
1 0.2121467888355255 0.027176693081855774 0.2618885934352875 0.025093771517276764 0.3082273602485657 0.03030107667048772 0.34395265579223633 0.025093771517276764 0.3534938395023346 0.036549841364224754 0.3420812785625458 0.05321321884791056 0.3159627616405487 0.07300097743670146 0.2882578372955322 0.08237413068612416 0.2662973701953888 0.09174727400143941 0.25449109077453613 0.08966434995333354 0.2449391484260559 0.06466929117838542 0.23204977810382843 0.05008883774280548 0.21992623805999756 0.04592298964659373 0.20679599046707153 0.04592298964659373 0.20192697644233704 0.03550838182369868
1 0.27287325263023376 0.10528627038002014 0.2971644103527069 0.08966434995333354 0.32587605714797974 0.07612535854180653 0.346195250749588 0.06675221522649129 0.3556708097457886 0.07508390148480733 0.3579574525356293 0.09278873602549235 0.3553858697414398 0.11361795663833618 0.36316531896591187 0.13236425320307413 0.3537769019603729 0.15423493583997092 0.3411715626716614 0.17922999461491904 0.3279208540916443 0.18652023871739706 0.30956026911735535 0.19797631104787192 0.296506404876709 0.21463966369628906 0.27699708938598633 0.21047383546829224 0.2572360932826996 0.20734943946202597 0.24611924588680267 0.19901776313781738 0.2427603006362915 0.1823543906211853 0.2436249852180481 0.15840078393618265 0.25629594922065735 0.1365301012992859 0.2622813284397125 0.12194965283075969
1 0.19232907891273499 0.1906860669453939 0.20544855296611786 0.17714707056681314 0.21838195621967316 0.16777392228444418 0.23182950913906097 0.16985686620076498 0.23455388844013214 0.1823543906211853 0.23766116797924042 0.20005923509597778 0.23817528784275055 0.21151530742645264 0.2187972068786621 0.2135982116063436 0.20591863989830017 0.2125567595163981 0.1941123753786087 0.21047383546829224 0.18874001502990723 0.20214213927586874
1 0.3596104681491852 0.02821815510590871 0.3858053386211395 0.025093771517276764 0.3990459144115448 0.02409396817286809 0.4255133867263794 0.027176693081855774 0.40262264013290405 0.05737906197706858 0.38747894763946533 0.06571074823538463 0.37372487783432007 0.07508390148480733 0.3655841052532196 0.07820828258991241 0.35363584756851196 0.056337604920069374 0.352683961391449 0.05008883774280548 0.35880059003829956 0.04175714651743571
1 0.43428876996040344 0.02821815510590871 0.46130430698394775 0.025093771517276764 0.4845995306968689 0.027176693081855774 0.48750996589660645 0.03550838182369868 0.4819731116294861 0.05842052400112152 0.4875423014163971 0.07612535854180653 0.4799812436103821 0.09383019804954529 0.4685138463973999 0.12090818087259929 0.46159812808036804 0.15631786982218424 0.4563677906990051 0.16777392228444418 0.4436860680580139 0.17610561847686768 0.43276605010032654 0.17714707056681314 0.42309364676475525 0.1594422459602356 0.4279303252696991 0.1292398770650228 0.43365323543548584 0.10216188430786133 0.42846694588661194 0.08966434995333354 0.4172844886779785 0.07820828258991241 0.4073055684566498 0.07195952037970225 0.39442700147628784 0.07091805835564931 0.4149322509765625 0.05737906197706858 0.42287617921829224 0.04488153258959452
1 0.44445183873176575 0.18652023871739706 0.4555579125881195 0.1813129186630249 0.47267091274261475 0.18860316276550293 0.49022167921066284 0.1906860669453939 0.5038004517555237 0.19901776313781738 0.5132867693901062 0.22088845570882162 0.5199939012527466 0.24067620436350504 0.5214599370956421 0.25838104883829754 0.517684817314148 0.27400296926498413 0.5033069252967834 0.29274924596150714 0.4892355799674988 0.30003947019577026 0.47282278537750244 0.30003947019577026 0.4568476974964142 0.29483217000961304 0.4448446035385132 0.2833760976791382 0.4327758848667145 0.268795649210612 0.4185076951980591 0.2667127251625061 0.40795981884002686 0.259422500928243 0.40245622396469116 0.2448420524597168 0.4028283655643463 0.2365103562672933 0.4133654534816742 0.23026158412297568 0.4290124475955963 0.21984698375066122 0.4349978566169739 0.205266535282135
1 0.5002573132514954 0.03030107667048772 0.5180705189704895 0.04488153258959452 0.5543755292892456 0.0542546808719635 0.5817083716392517 0.05321321884791056 0.6043142080307007 0.0615449051062266 0.6081108450889587 0.07300097743670146 0.6203656792640686 0.08341558774312337 0.6407720446586609 0.10424480835596721 0.654350757598877 0.11257649461428325 0.6722736358642578 0.10632773240407307 0.6934134364128113 0.0969545841217041 0.7124742269515991 0.09278873602549235 0.725221574306488 0.08758143583933513 0.7349929213523865 0.07091805835564931 0.7363061308860779 0.05529613792896271 0.7299818992614746 0.04071568697690964 0.7225853204727173 0.027176693081855774 0.6910836696624756 0.025093771517276764 0.6626785397529602 0.027176693081855774 0.6287806034088135 0.02821815510590871 0.597596287727356 0.02821815510590871 0.5674842000007629 0.027176693081855774 0.5357308983802795 0.0261352335413297 0.5234212875366211 0.0261352335413297 0.510860025882721 0.027176693081855774
1 0.7348949313163757 0.027176693081855774 0.7513077259063721 0.027176693081855774 0.7593281269073486 0.03134253869454066 0.7754344344139099 0.04279860854148865 0.7515810132026672 0.05321321884791056 0.7376192808151245 0.0396742249528567
1 0.7488125562667847 0.06466929117838542 0.7633872628211975 0.05529613792896271 0.7802377939224243 0.05008883774280548 0.7784212231636047 0.06779367725054423 0.7822835445404053 0.08237413068612416 0.8053379058837891 0.09903750816980998 0.8230198621749878 0.10736919442812602 0.835777997970581 0.11570088068644206 0.8369266986846924 0.13132280111312866 0.8197696208953857 0.14798617362976074 0.7841099500656128 0.15631786982218424 0.7637799978256226 0.15215201179186502 0.7469186782836914 0.14382032553354898 0.7409773468971252 0.13444717725118002 0.7395005822181702 0.10320334633191426 0.7348832488059998 0.09174727400143941 0.7408030033111572 0.0740424394607544
1 0.898705780506134 0.025093771517276764 0.8915824890136719 0.03759130338827769 0.8778940439224243 0.05008883774280548 0.866229772567749 0.06779367725054423 0.8661093711853027 0.07508390148480733 0.8914180397987366 0.06883513430754344 0.9102927446365356 0.06883513430754344 0.9291675090789795 0.06883513430754344 0.9442563056945801 0.07091805835564931 0.9509418606758118 0.06362782915433247 0.9520034193992615 0.04904737571875254 0.9511719942092896 0.03550838182369868 0.9449789524078369 0.027176693081855774 0.9247146248817444 0.0261352335413297 0.908301830291748 0.0261352335413297
1 0.9641710519790649 0.02925961712996165 0.9841180443763733 0.02821815510590871 0.9988896250724792 0.02821815510590871 0.9946111440658569 0.04592298964659373 0.9837018847465515 0.060503448049227394 0.9736025333404541 0.0615449051062266 0.9681645035743713 0.05008883774280548
1 1.0 0.02925961712996165 1.0 0.03030107667048772 1.0 0.02409396817286809 1.0 0.025093771517276764 1.0 0.02821815510590871 1.0 0.03759130338827769 1.0 0.05946198602517446 1.0 0.08133266866207123 1.0 0.08966434995333354 1.0 0.09903750816980998 1.0 0.10841065645217896 1.0 0.10632773240407307 1.0 0.09278873602549235 0.9953328371047974 0.0802912066380183 0.9872468709945679 0.07300097743670146 0.9938012361526489 0.05946198602517446 1.0 0.04696445167064667
1 1.0 0.116742342710495 1.0 0.10736919442812602 1.0 0.10320334633191426 1.0 0.09903750816980998 1.0 0.08653997381528218 1.0 0.10232071081797282 1.0 0.13444717725118002 1.0 0.15111055970191956 1.0 0.1490276356538137 1.0 0.13757156332333884 1.0 0.13444717725118002 1.0 0.13236425320307413 1.0 0.12611549099286398 1.0 0.12090818087259929
1 0.8799397945404053 0.08237413068612416 0.9025348424911499 0.07716682056585948 0.920085608959198 0.07924974461396535 0.9297472238540649 0.08341558774312337 0.9279413819313049 0.11465941866238911 0.9216495156288147 0.14069593946139017 0.9138475656509399 0.17298124233881632 0.9013734459877014 0.20422508319218954 0.8899608850479126 0.22088845570882162 0.87387615442276 0.2365103562672933 0.8528019785881042 0.24900788068771362 0.8389166593551636 0.2521322766939799 0.8286860585212708 0.24692497650782266 0.8167486190795898 0.2385933001836141 0.8184995651245117 0.21776405970255533 0.8287193179130554 0.20943238337834677 0.8537107110023499 0.20110068718592325 0.8752883076667786 0.18652023871739706 0.8833634257316589 0.18027146657307944 0.8957278728485107 0.16985686620076498 0.8876419067382812 0.1625666320323944 0.8767767548561096 0.15319347381591797 0.8731660842895508 0.13757156332333884 0.8727068305015564 0.11570088068644206 0.8761646747589111 0.09799604614575703
1 0.9399121999740601 0.08549851179122925 0.9536006450653076 0.07300097743670146 0.965527355670929 0.06779367725054423 0.9808130264282227 0.07924974461396535 0.9923127293586731 0.09278873602549235 1.0 0.10424480835596721 1.0 0.1115350325902303 1.0 0.12611549099286398 1.0 0.14590324958165488 0.9905393123626709 0.16464954614639282 0.9774198532104492 0.17818854252497354 0.9605692625045776 0.18339584271113077 0.9389809370040894 0.18443731466929117 0.9260367751121521 0.18027146657307944 0.9196577072143555 0.17610561847686768 0.9262668490409851 0.15215201179186502 0.930042028427124 0.1365301012992859 0.9343205094337463 0.11882526675860088 0.9373406171798706 0.10632773240407307 0.9372093677520752 0.10007897019386292
1 0.8494096994400024 0.2698371211687724 0.8536000847816467 0.30003947019577026 0.8774094581604004 0.3135784864425659 0.8874647617340088 0.3364906311035156 0.893668532371521 0.35836132367451984 0.8895213007926941 0.38231492042541504 0.8921800255775452 0.391688068707784 0.9039863348007202 0.393770972887675 0.9171821475028992 0.3968953688939412 0.9342736005783081 0.37710758050282794 0.9574376344680786 0.3729417721430461 0.9661474227905273 0.3708588282267253 0.9799014925956726 0.36148567994435626 0.9815211296081543 0.3344076871871948 0.9948815703392029 0.3062882423400879 0.9836333990097046 0.2917077938715617 0.968216598033905 0.27400296926498413 0.9608092308044434 0.24692497650782266 0.9617835879325867 0.20214213927586874 0.9646176695823669 0.19381046295166016 0.9444189071655273 0.19589336713155112 0.9287611246109009 0.1927690108617147 0.9210580587387085 0.1906860669453939 0.9116589426994324 0.19901776313781738 0.9059908390045166 0.2156811555226644 0.8904750347137451 0.23234450817108154 0.8784278631210327 0.2448420524597168 0.8636015057563782 0.25525665283203125 0.855712354183197 0.25733957688013714
1 0.9796408414840698 0.1927690108617147 0.9953426718711853 0.17193977038065592 1.0 0.15527639786402384 1.0 0.14382032553354898 1.0 0.14277887344360352 1.0 0.15423493583997092 1.0 0.16464954614639282 1.0 0.1787936290105184 1.0 0.21047383546829224 1.0 0.23026158412297568 1.0 0.259422500928243 1.0 0.28025172154108685 1.0 0.2865004936854045 1.0 0.2875419457753499 0.9878571033477783 0.2844175696372986 0.9787536859512329 0.2677541971206665 0.9731188416481018 0.24692497650782266 0.9719045162200928 0.22817867994308472 0.9731521010398865 0.20943238337834677
0 1.0 0.30316386620203656 1.0 0.29483217000961304 1.0 0.2833760976791382 1.0 0.2604639530181885 1.0 0.23234450817108154 1.0 0.22348376115163168 1.0 0.27400296926498413 1.0 0.31566139062245685 1.0 0.3489881753921509 1.0 0.37710758050282794 1.0 0.38856367270151776 1.0 0.4135587215423584 0.9942342638969421 0.4448025623957316 0.9883801341056824 0.46563180287679035 0.9801737666130066 0.46563180287679035 0.9742872714996338 0.44584401448567706 0.9733794331550598 0.4156416654586792 0.9771438241004944 0.38648072878519696 0.9817395806312561 0.3708588282267253 0.9993892312049866 0.33857353528340656
1 0.5101579427719116 0.17610561847686768 0.5320528149604797 0.16360808412233988 0.5529958009719849 0.14486179749170938 0.567690908908844 0.12819841504096985 0.5843994617462158 0.10320334633191426 0.6020598411560059 0.08445704976717631 0.6146318912506104 0.0969545841217041 0.6270179748535156 0.11361795663833618 0.6423692107200623 0.12819841504096985 0.6471726298332214 0.13548863927523294 0.6373465061187744 0.1625666320323944 0.6288443207740784 0.18756169080734253 0.618821382522583 0.205266535282135 0.5974298715591431 0.2156811555226644 0.5740249752998352 0.2344274322191874 0.5578746199607849 0.24692497650782266 0.5384965538978577 0.24900788068771362 0.5316033363342285 0.23338598012924194 0.5227515697479248 0.2156811555226644 0.5138341784477234 0.19485191504160562
1 0.6635746359825134 0.12194965283075969 0.681749165058136 0.11465941866238911 0.6994203925132751 0.10945210854212443 0.7177261710166931 0.10841065645217896 0.7278255224227905 0.10736919442812602 0.7335808277130127 0.12090818087259929 0.7302541732788086 0.14486179749170938 0.7302101254463196 0.16881539424260458 0.7261176705360413 0.1823543906211853 0.7044745683670044 0.19381046295166016 0.6819450855255127 0.20214213927586874 0.6652258038520813 0.2135982116063436 0.6527849435806274 0.20734943946202597 0.6421714425086975 0.19693483908971152 0.6415916681289673 0.1823543906211853 0.6490871906280518 0.161525160074234 0.6555103063583374 0.14173741141955057
1 0.5342180132865906 0.2667127251625061 0.5509374141693115 0.25525665283203125 0.5659605860710144 0.25421520074208576 0.5760707259178162 0.2667127251625061 0.577657163143158 0.27712732553482056 0.5602484345436096 0.29483217000961304 0.5468116998672485 0.3062882423400879 0.531033456325531 0.3104540904362996 0.5179031491279602 0.3104540904362996 0.5110864043235779 0.3114955425262451 0.5211093425750732 0.29379071791966754 0.5246984362602234 0.2823346455891927
1 0.5843212008476257 0.24275912841161093 0.6004059314727783 0.22713722785313925 0.614477276802063 0.21984698375066122 0.6260867118835449 0.2125567595163981 0.6339758038520813 0.21047383546829224 0.6450926661491394 0.21880551179250082 0.6507167220115662 0.22609573602676392 0.6507930755615234 0.24275912841161093 0.6344566345214844 0.259422500928243 0.6251887679100037 0.27400296926498413 0.6080208420753479 0.27712732553482056 0.5983592867851257 0.27296149730682373 0.5883803367614746 0.2667127251625061 0.5843319892883301 0.25629812479019165
1 0.6687707901000977 0.22609573602676392 0.6789906024932861 0.21776405970255533 0.6990581154823303 0.20943238337834677 0.7219704389572144 0.20630798737208048 0.7354180216789246 0.20839091142018637 0.7280537486076355 0.2354689041773478 0.7223856449127197 0.2521322766939799 0.7063117623329163 0.28129319349924725 0.6910583972930908 0.3104540904362996 0.6851386427879333 0.3281589349110921 0.6777635812759399 0.34169793128967285 0.6619197726249695 0.34273938337961835 0.6451897025108337 0.34065647919972736 0.6328036189079285 0.32399308681488037 0.6283724308013916 0.3083711862564087 0.6323336362838745 0.2885833978652954 0.638253390789032 0.27087857325871784 0.648341953754425 0.25629812479019165 0.6598201394081116 0.24275912841161093
1 0.7419723272323608 0.19485191504160562 0.757575273513794 0.20839091142018637 0.7705302834510803 0.22609573602676392 0.7861987948417664 0.24275912841161093 0.7908817529678345 0.25733957688013714 0.7917788028717041 0.27400296926498413 0.7796767950057983 0.29691511392593384 0.7683954238891602 0.31982723871866864 0.7549587488174438 0.3312833110491435 0.7307223677635193 0.3364906311035156 0.7160820960998535 0.34273938337961835 0.7034552097320557 0.34065647919972736 0.6905765533447266 0.3396150271097819 0.6988927125930786 0.31878578662872314 0.7114323973655701 0.2906663417816162 0.7233483195304871 0.27192002534866333 0.7335573434829712 0.250049352645874 0.7368291616439819 0.2365103562672933 0.7403525710105896 0.2219299077987671 0.7420487403869629 0.21151530742645264
1 0.760967493057251 0.18756169080734253 0.7794593572616577 0.1823543906211853 0.7857071757316589 0.18027146657307944 0.798837423324585 0.18027146657307944 0.8104576468467712 0.18652023871739706 0.8150749802589417 0.19797631104787192 0.8131927847862244 0.2125567595163981 0.8069009184837341 0.2385933001836141 0.8061566352844238 0.25525665283203125 0.7932673096656799 0.24067620436350504 0.7805639505386353 0.2219299077987671 0.771657407283783 0.21463966369628906 0.7618645429611206 0.20422508319218954 0.7576301097869873 0.19797631104787192
1 0.061408527195453644 0.27400296926498413 0.0886649563908577 0.25629812479019165 0.1123323142528534 0.250049352645874 0.13847236335277557 0.25733957688013714 0.14529994130134583 0.2698371211687724 0.12719102203845978 0.28025172154108685 0.10768169909715652 0.27608587344487506 0.09347913414239883 0.27712732553482056 0.0789700523018837 0.2896248698234558 0.060609444975852966 0.30108094215393066 0.05290639027953148 0.29899801810582477
1 0.14822116494178772 0.2917077938715617 0.1736610233783722 0.2917077938715617 0.18583941459655762 0.285459041595459 0.2065414935350418 0.28129319349924725 0.221313014626503 0.28129319349924725 0.23350219428539276 0.2885833978652954 0.2347165197134018 0.3073297142982483 0.2188178300857544 0.31878578662872314 0.19250249862670898 0.3292003870010376 0.17754489183425903 0.33336623509724933 0.15684281289577484 0.3375320831934611 0.14579157531261444 0.3323247830073039 0.1351780891418457 0.3219101627667745 0.1310092657804489 0.31878578662872314 0.13793574273586273 0.29691511392593384
1 0.03113105148077011 0.38231492042541504 0.07296217232942581 0.35523688793182373 0.1088627427816391 0.3323247830073039 0.1255272477865219 0.3312833110491435 0.13525447249412537 0.33857353528340656 0.13015535473823547 0.35627837975819904 0.11326073855161667 0.38543927669525146 0.09686948359012604 0.4125172694524129 0.08836734294891357 0.4375123580296834 0.0827648714184761 0.457300066947937 0.06833218783140182 0.48646100362141925 0.05376826971769333 0.509373148282369 0.035790570080280304 0.5260365009307861 0.016850214451551437 0.5229121446609497 0.004474985878914595 0.5197877883911133 0.0009765625 0.5073058605194092 0.014597191475331783 0.4395952622095744 0.021140754222869873 0.4125172694524129 0.026174271479249 0.391688068707784
1 0.13881027698516846 0.36461007595062256 0.14959904551506042 0.3573198715845744 0.14293503761291504 0.391688068707784 0.1349470168352127 0.42813920974731445 0.1284690797328949 0.4583415587743123 0.1089705377817154 0.46771470705668133 0.09237166494131088 0.47188055515289307 0.0814516469836235 0.4729220469792684 0.09411182999610901 0.4375123580296834 0.10690324008464813 0.40835142135620117 0.12279114127159119 0.38335637251536053 0.12884214520454407 0.3719002803166707
1 0.1670185625553131 0.3531539837519328 0.1897340565919876 0.34065647919972736 0.21030491590499878 0.330241858959198 0.22608314454555511 0.32607601086298627 0.23902733623981476 0.330241858959198 0.23784534633159637 0.3521125316619873 0.23900483548641205 0.38127346833546955 0.24381901323795319 0.40210266908009845 0.24629171192646027 0.4156416654586792 0.22926588356494904 0.4385538101196289 0.21110211312770844 0.4593830108642578 0.19526904821395874 0.47396349906921387 0.18113209307193756 0.4781293074289958 0.15998150408267975 0.47396349906921387 0.14173056185245514 0.46459031105041504 0.14259524643421173 0.44063671429951984 0.15033158659934998 0.40522706508636475 0.1565578728914261 0.3760661284128825 0.16065028309822083 0.36252713203430176
1 0.24650122225284576 0.2823346455891927 0.25502490997314453 0.2844175696372986 0.2697964310646057 0.2844175696372986 0.2786922752857208 0.27816879749298096 0.27952367067337036 0.2917077938715617 0.2682971656322479 0.304205318291982 0.25397416949272156 0.3125370144844055 0.2458333671092987 0.31566139062245685 0.24235394597053528 0.3062882423400879 0.2399468719959259 0.29587364196777344
1 0.24855773150920868 0.3281589349110921 0.263066828250885 0.31566139062245685 0.2819307744503021 0.30212241411209106 0.29675713181495667 0.2917077938715617 0.30124324560165405 0.29691511392593384 0.30321258306503296 0.3125370144844055 0.2875107526779175 0.33336623509724933 0.28430458903312683 0.3500296274820964 0.2786472737789154 0.3802320162455241 0.27209293842315674 0.393770972887675 0.25884222984313965 0.40106117725372314 0.24973878264427185 0.38439782460530597 0.2451762855052948 0.36252713203430176 0.24478259682655334 0.3437808354695638
1 0.3043838143348694 0.27712732553482056 0.31612443923950195 0.27608587344487506 0.32414478063583374 0.28025172154108685 0.32579684257507324 0.29379071791966754 0.3253698945045471 0.3125370144844055 0.3157738745212555 0.3114955425262451 0.3115394413471222 0.3052467902501424 0.3063531517982483 0.29274924596150714
1 0.33714380860328674 0.27400296926498413 0.35960763692855835 0.2625468969345093 0.37942346930503845 0.25525665283203125 0.39091241359710693 0.25525665283203125 0.3966676890850067 0.268795649210612 0.4053882360458374 0.28025172154108685 0.39713776111602783 0.304205318291982 0.38630494475364685 0.33544917901357013 0.37894073128700256 0.36252713203430176 0.3707999587059021 0.36565152804056805 0.35797619819641113 0.35419543584187824 0.34565579891204834 0.34065647919972736 0.3389594554901123 0.3344076871871948 0.33333542943000793 0.3271174629529317 0.3323071599006653 0.304205318291982 0.3338720202445984 0.2875419457753499
1 0.4437938332557678 0.3114955425262451 0.46380650997161865 0.3135784864425659 0.48849135637283325 0.31670286258061725 0.4957566559314728 0.32399308681488037 0.4965880811214447 0.3375320831934611 0.4801968038082123 0.36461007595062256 0.4679636061191559 0.38127346833546955 0.4513755142688751 0.3989782730738322 0.43875938653945923 0.4104343255360921 0.4275769293308258 0.3989782730738322 0.4202460050582886 0.38856367270151776 0.41827666759490967 0.3729417721430461 0.42924070358276367 0.34794668356577557 0.43226081132888794 0.33544917901357013
1 0.35901525616645813 0.3906465768814087 0.373907208442688 0.38335637251536053 0.3855930268764496 0.3927295207977295 0.39203768968582153 0.40001972516377765 0.4040956199169159 0.40106117725372314 0.4145779013633728 0.40522706508636475 0.42462241649627686 0.4146002133687337 0.42432668805122375 0.4395952622095744 0.41708293557167053 0.4593830108642578 0.40565958619117737 0.4625074068705241 0.3899361789226532 0.4562586148579915 0.37194767594337463 0.4593830108642578 0.35749346017837524 0.4614659547805786 0.3466282784938812 0.45209280649820965 0.3437070846557617 0.4302221139272054 0.3492439389228821 0.4073099692662557 0.3510056734085083 0.40001972516377765
1 0.0009765625 0.5302023887634277 0.0031617728527635336 0.535409688949585 0.004441716708242893 0.5572803417841593 0.0030736636836081743 0.5833168824513754 0.0009765625 0.596855878829956 0.0009765625 0.6051875750223795 0.0009765625 0.6024380922317505 0.0009765625 0.5760266780853271 0.0009765625 0.5551974376042684
1 0.5112832188606262 0.32086871067682904 0.5280133485794067 0.32295161485671997 0.5232315063476562 0.34273938337961835 0.507081151008606 0.35523688793182373 0.5026606321334839 0.3531539837519328 0.5034704804420471 0.3396150271097819 0.5046632885932922 0.3312833110491435
1 0.5851742029190063 0.2833760976791382 0.6103623509407043 0.2844175696372986 0.6236238479614258 0.2906663417816162 0.6232733130455017 0.32607601086298627 0.6153401136398315 0.3521125316619873 0.6069583892822266 0.3698173761367798 0.5958082675933838 0.3989782730738322 0.5782683491706848 0.4104343255360921 0.5590322017669678 0.4323050181070964 0.548691987991333 0.44792691866556805 0.5327169299125671 0.44271965821584064 0.5283404588699341 0.4166831175486247 0.528001606464386 0.3875221808751424 0.5288006663322449 0.3604442278544108 0.5325102210044861 0.34169793128967285 0.5427192449569702 0.31982723871866864 0.5629071593284607 0.304205318291982 0.5762783288955688 0.2896248698234558
1 0.015154100954532623 0.5333267450332642 0.03926996514201164 0.535409688949585 0.04067036136984825 0.5499900976816813 0.033174920827150345 0.5708193381627401 0.02213446795940399 0.5791510343551636 0.013041802681982517 0.5760266780853271 0.009934518486261368 0.5583218336105347 0.012385664507746696 0.544782837231954
1 0.05749935284256935 0.5177048444747925 0.0737045481801033 0.4947926998138428 0.09288579225540161 0.4833366473515828 0.11604979634284973 0.4791707595189412 0.12918005883693695 0.4791707595189412 0.12806366384029388 0.5041658480962118 0.1201305016875267 0.5302023887634277 0.11377300322055817 0.5531145334243774 0.1023055836558342 0.580192486445109 0.09581684321165085 0.596855878829956 0.07434895634651184 0.5906071265538534 0.05547422170639038 0.5906071265538534 0.04353673756122589 0.5822754303614298 0.046994585543870926 0.5645705858866373 0.049883466213941574 0.5458242893218994 0.0539102740585804 0.5291609366734823
1 0.4906790852546692 0.3687759240468343 0.5009645223617554 0.36356858412424725 0.515987753868103 0.36252713203430176 0.5180882811546326 0.38439782460530597 0.5204513072967529 0.4187660614649455 0.5159868001937866 0.44063671429951984 0.4958644509315491 0.4593830108642578 0.47100433707237244 0.47396349906921387 0.45326751470565796 0.4760464032491048 0.43596845865249634 0.4729220469792684 0.4259239137172699 0.46354885896046955 0.43474337458610535 0.44063671429951984 0.44905558228492737 0.4187660614649455 0.46135443449020386 0.40522706508636475 0.4770562946796417 0.38439782460530597
1 0.2697819173336029 0.5833168824513754 0.2959444522857666 0.5395754973093668 0.32123154401779175 0.5062487920125326 0.3407192826271057 0.4833366473515828 0.34911176562309265 0.4791707595189412 0.36545896530151367 0.4760464032491048 0.3812372088432312 0.47188055515289307 0.3955709934234619 0.4770878553390503 0.39822977781295776 0.48646100362141925 0.3870796263217926 0.5156219005584717 0.3784462809562683 0.5343681971232096 0.37189194560050964 0.5479071935017904 0.3445150554180145 0.572902242342631 0.33285078406333923 0.5906071265538534 0.3252897560596466 0.608311931292216 0.30831873416900635 0.6208094755808512 0.29026463627815247 0.6208094755808512 0.2669694423675537 0.6187265316645304 0.26204559206962585 0.6187265316645304
1 0.14549396932125092 0.5135389963785807 0.1680782437324524 0.4947926998138428 0.1849287748336792 0.48958539962768555 0.19920773804187775 0.5052073001861572 0.2038358598947525 0.5302023887634277 0.20498457551002502 0.5458242893218994 0.18000400066375732 0.5676949818929037 0.15994727611541748 0.5895656744639078 0.1407112032175064 0.6114363272984823 0.1256331503391266 0.622892419497172 0.1111132875084877 0.6218509674072266 0.10277565568685532 0.615602175394694 0.10288532823324203 0.5947729349136353 0.11674905568361282 0.5645705858866373 0.12997819483280182 0.5302023887634277
1 0.2445407658815384 0.4364708662033081 0.2292766571044922 0.45209280649820965 0.21508486568927765 0.46667325496673584 0.2015276551246643 0.4854195515314738 0.20450371503829956 0.4968756437301636 0.20886936783790588 0.509373148282369 0.21165935695171356 0.5249950488408407 0.2152043879032135 0.537492593129476 0.22681380808353424 0.5302023887634277 0.22629967331886292 0.5187462965647379 0.22414425015449524 0.507290244102478 0.2264641672372818 0.48750245571136475 0.2371109426021576 0.4604245026906331
1 0.09571795910596848 0.6312240759531657 0.11472392827272415 0.6374728679656982 0.12173756957054138 0.6458045641581217 0.10763296484947205 0.6905873616536459 0.10111186653375626 0.6666337649027506 0.09907691180706024 0.6478874683380127
1 0.12804023921489716 0.6333070198694865 0.14752799272537231 0.6103948752085367 0.1668296903371811 0.5916485786437988 0.18713809549808502 0.5687364339828491 0.20146110653877258 0.5604047377904257 0.19434858858585358 0.5864412784576416 0.1837017983198166 0.6135192712148031 0.17533089220523834 0.6447631120681763 0.17800043523311615 0.667675256729126 0.17366711795330048 0.6957946618398031 0.16800978779792786 0.7259970506032308 0.16071119904518127 0.7561994393666586 0.14314967393875122 0.7405775388081869 0.13064321875572205 0.7312043507893881 0.11478859931230545 0.7187068462371826 0.11288486421108246 0.7062092622121176 0.11867339164018631 0.6822556654612223 0.12477924674749374 0.6603849728902181
1 0.25151926279067993 0.6385143200556437 0.28175172209739685 0.6322655280431112 0.30226776003837585 0.6322655280431112 0.3145773708820343 0.6322655280431112 0.2951003909111023 0.6687166690826416 0.28363296389579773 0.6957946618398031 0.2730410397052765 0.71245805422465 0.24911123514175415 0.7062092622121176 0.2333878129720688 0.6999605496724447 0.22006075084209442 0.6905873616536459 0.23083874583244324 0.669758160909017 0.24042397737503052 0.6572606166203817
1 0.30174189805984497 0.6853800614674886 0.3263503313064575 0.6718410650889078 0.34894537925720215 0.6666337649027506 0.3668026328086853 0.6572606166203817 0.37886056303977966 0.6583020687103271 0.3774161636829376 0.667675256729126 0.36935174465179443 0.6874629656473795 0.38116878271102905 0.7030848662058512 0.3681149184703827 0.7197482585906982 0.3273453414440155 0.7322458426157633 0.30267125368118286 0.7426604429880778 0.28556907176971436 0.7489091555277506 0.2817067503929138 0.7343287467956543 0.2835889160633087 0.7197482585906982 0.2957565188407898 0.6999605496724447
1 0.41122880578041077 0.4802122116088867 0.4309897720813751 0.4833366473515828 0.4573815166950226 0.48958539962768555 0.47052255272865295 0.5031243562698364 0.47710922360420227 0.5302023887634277 0.47523781657218933 0.5583218336105347 0.4672938585281372 0.5708193381627401 0.4405956268310547 0.5760266780853271 0.4159108102321625 0.572902242342631 0.3967079818248749 0.5572803417841593 0.3880530893802643 0.5489486455917358 0.3940276503562927 0.5208292404810587 0.3985578119754791 0.502082904179891
1 0.472908079624176 0.48646100362141925 0.48798611760139465 0.47500495115915936 0.5079224109649658 0.4604245026906331 0.5178905725479126 0.4531342585881551 0.531338095664978 0.4552171627680461 0.541951596736908 0.46563180287679035 0.5446866750717163 0.4916683038075765 0.5485597848892212 0.5197877883911133 0.5512293577194214 0.542699933052063 0.5516886711120605 0.5645705858866373 0.5470272302627563 0.5770681301752726 0.5086432099342346 0.572902242342631 0.48168253898620605 0.5656120379765829 0.48381635546684265 0.5499900976816813 0.4832366108894348 0.535409688949585 0.4809499979019165 0.5177048444747925 0.47854289412498474 0.507290244102478
1 0.556077778339386 0.44792691866556805 0.580172061920166 0.42293186982472736 0.5957534313201904 0.40939287344614667 0.614814281463623 0.40522706508636475 0.6254825592041016 0.40522706508636475 0.6481432318687439 0.40314412117004395 0.6622801423072815 0.3989782730738322 0.6857722401618958 0.4104343255360921 0.6854109168052673 0.4323050181070964 0.669216513633728 0.46875615914662677 0.655166745185852 0.5031243562698364 0.6431303024291992 0.5291609366734823 0.6478240489959717 0.5572803417841593 0.6459418535232544 0.5718607902526855 0.6341464519500732 0.5833168824513754 0.5883110165596008 0.5760266780853271 0.5620505213737488 0.5760266780853271 0.5570502281188965 0.5593632857004801 0.5557594895362854 0.5239535967508951 0.5524553656578064 0.4968756437301636 0.550737738609314 0.4802122116088867 0.5484510660171509 0.4625074068705241
1 0.7232269048690796 0.3573198715845744 0.7398806810379028 0.34273938337961835 0.7632963061332703 0.3375320831934611 0.7672790884971619 0.34482232729593915 0.7545425295829773 0.36356858412424725 0.741926372051239 0.375024676322937 0.7425169348716736 0.40314412117004395 0.7463900446891785 0.4312635660171509 0.7251082062721252 0.4208489656448364 0.7054676413536072 0.4104343255360921 0.6941647529602051 0.40626851717631024 0.7069013118743896 0.3875221808751424 0.71452796459198 0.3729417721430461
1 0.881019115447998 0.4073099692662557 0.8993249535560608 0.40626851717631024 0.9049489498138428 0.4135587215423584 0.9095114469528198 0.4354294141133626 0.9085155725479126 0.4531342585881551 0.8987550139427185 0.4833366473515828 0.8891698122024536 0.49583415190378827 0.8687849640846252 0.502082904179891 0.8380491733551025 0.5104146003723145 0.8188022971153259 0.5187462965647379 0.8280702233314514 0.5041658480962118 0.8412553668022156 0.49375120798746747 0.8529852032661438 0.4791707595189412 0.8640040755271912 0.44376111030578613 0.8723857998847961 0.42605626583099365
1 0.9182652235031128 0.40939287344614667 0.9373809099197388 0.3948124249776204 0.9549865126609802 0.38648072878519696 0.9615731835365295 0.4135587215423584 0.9703044891357422 0.4385538101196289 0.9678641557693481 0.46563180287679035 0.9724814295768738 0.4770878553390503 0.9897805452346802 0.4802122116088867 0.997986912727356 0.4802122116088867 0.9971222281455994 0.5041658480962118 0.9881823658943176 0.5343681971232096 0.9826346635818481 0.5437413851420084 0.9585844278335571 0.544782837231954 0.940585196018219 0.5343681971232096 0.9171587824821472 0.5260365009307861 0.9020591378211975 0.5104146003723145 0.892835259437561 0.5010414520899454 0.9104300141334534 0.4791707595189412 0.914456844329834 0.4625074068705241 0.9136803150177002 0.4385538101196289 0.9139211177825928 0.42397332191467285
1 0.8160995244979858 0.5333267450332642 0.8410907983779907 0.5249950488408407 0.8730301856994629 0.5218706925710043 0.9004285931587219 0.5239535967508951 0.914707601070404 0.5395754973093668 0.9372478127479553 0.544782837231954 0.9476096630096436 0.5562388896942139 0.9412521123886108 0.5791510343551636 0.9410111904144287 0.5937314828236898 0.9165888428688049 0.6031046311060587 0.8919911980628967 0.6301826238632202 0.8609929084777832 0.6260167757670084 0.8266463875770569 0.6187265316645304 0.8019067645072937 0.6260167757670084 0.7861177325248718 0.6166436274846395 0.7785351276397705 0.6072704792022705 0.7877922654151917 0.5791510343551636 0.8017216324806213 0.552073081334432
1 0.6891616582870483 0.6239338715871176 0.7053884267807007 0.6280997196833292 0.7174463272094727 0.6291411717732748 0.7269111275672913 0.6239338715871176 0.7228187322616577 0.6374728679656982 0.7189779877662659 0.6499703725179037 0.7240438461303711 0.669758160909017 0.7123687863349915 0.6739239692687988 0.701317548751831 0.6687166690826416 0.6950589418411255 0.6572606166203817 0.6852660775184631 0.6468460162480673 0.6759217381477356 0.6447631120681763 0.6798281073570251 0.6353899240493774
1 0.6622235178947449 0.5656120379765829 0.6722571849822998 0.5614461898803711 0.6827394962310791 0.5656120379765829 0.6829363107681274 0.5749851862589518 0.6665891408920288 0.5781095822652181 0.6599692106246948 0.5885241826375326 0.6565113067626953 0.6062290271123251 0.64919114112854 0.6093534231185913 0.6411052346229553 0.6020631790161133 0.6433703303337097 0.5926900307337443 0.6523865461349487 0.5791510343551636
1 0.7784910202026367 0.6312240759531657 0.7947178483009338 0.6353899240493774 0.813023567199707 0.634348471959432 0.8271605372428894 0.6301826238632202 0.8469215631484985 0.6333070198694865 0.8633999228477478 0.6364314158757528 0.8776681423187256 0.6385143200556437 0.8902950882911682 0.6405972242355347 0.8977463841438293 0.6437216202418009 0.8790245056152344 0.6770483652750651 0.8694285154342651 0.6760068734486898 0.8444919586181641 0.6739239692687988 0.8285933136940002 0.6853800614674886 0.8140842318534851 0.6978776454925537 0.7874407768249512 0.6926702658335367 0.7777135372161865 0.6853800614674886 0.7611039280891418 0.6760068734486898 0.7465840578079224 0.6749654610951742 0.7612792253494263 0.6583020687103271 0.7716850638389587 0.6458045641581217
1 0.5606706738471985 0.6666337649027506 0.5827623605728149 0.6635094086329142 0.6052477359771729 0.6791313489278158 0.6089895963668823 0.7010019620259603 0.5998529195785522 0.7218311627705892 0.5830787420272827 0.7437019348144531 0.5733622908592224 0.749950647354126 0.5604729652404785 0.7353701591491699 0.5530655980110168 0.7082921663920084 0.5487548112869263 0.6853800614674886 0.5526611804962158 0.6760068734486898
1 0.6184651851654053 0.7093337376912435 0.6360158920288086 0.7114166418711344 0.6550111174583435 0.7041263580322266 0.6806918978691101 0.6895458698272705 0.692552924156189 0.6812142531077067 0.7093486785888672 0.6864215532938639 0.7206516265869141 0.6905873616536459 0.7211108803749084 0.71245805422465 0.7189222574234009 0.7384945551554362 0.7022136449813843 0.7634896437327067 0.6755262017250061 0.7822359402974447 0.6579970121383667 0.8072310288747152 0.6407743096351624 0.8207700252532959 0.6181029081344604 0.8093139330546061 0.599217414855957 0.7957749366760254 0.5828593969345093 0.7853602568308512 0.5837897062301636 0.7645310560862223 0.5982880592346191 0.7384945551554362 0.6105211973190308 0.7218311627705892
1 0.5558115243911743 0.747867743174235 0.5637770295143127 0.7624481519063314 0.5641707181930542 0.7811944484710693 0.5556029677391052 0.8030652205149332 0.536366879940033 0.8249358336130778 0.5124694108963013 0.8593040307362875 0.49462294578552246 0.882216215133667 0.4804859757423401 0.8863820234934489 0.45814260840415955 0.8905478318532308 0.4468945562839508 0.8759674231211344 0.4389946460723877 0.8645114103953043 0.4625856280326843 0.8415992259979248 0.487752228975296 0.8155626455942789 0.5140568017959595 0.7916091283162435 0.5333585143089294 0.7728628317515055
1 0.43567973375320435 0.8238944212595621 0.4458995759487152 0.8155626455942789 0.4621811509132385 0.8093139330546061 0.4786488115787506 0.798899253209432 0.4769526720046997 0.8093139330546061 0.4590405821800232 0.8291016419728597 0.44598671793937683 0.8457650343577067 0.43695971369743347 0.8457650343577067 0.4353732168674469 0.835350513458252
1 0.4583638310432434 0.6926702658335367 0.4722050726413727 0.7134995460510254 0.4736710488796234 0.7312043507893881 0.469775527715683 0.7541164557139078 0.461437851190567 0.747867743174235 0.45737871527671814 0.7239140669504801 0.45326468348503113 0.7103751500447592 0.44789233803749084 0.7020434538523356
1 0.30400606989860535 0.7541164557139078 0.3261525630950928 0.7405775388081869 0.35007160902023315 0.7332872549692789 0.3699530363082886 0.7291214466094971 0.38288646936416626 0.7197482585906982 0.39387205243110657 0.7218311627705892 0.3955349326133728 0.7489091555277506 0.3915737271308899 0.7686969439188639 0.37359604239463806 0.7853602568308512 0.3570079207420349 0.8030652205149332 0.3381439745426178 0.8166041374206543 0.32868993282318115 0.835350513458252 0.31632551550865173 0.8457650343577067 0.296695739030838 0.8488895098368326 0.2884785532951355 0.835350513458252 0.2875707149505615 0.8051481246948242 0.2890044152736664 0.7822359402974447 0.2974517047405243 0.7676554520924886
1 0.21938207745552063 0.7103751500447592 0.2484874129295349 0.7155824502309164 0.2707759439945221 0.7218311627705892 0.27388322353363037 0.7395359675089518 0.2733250558376312 0.752033551534017 0.25692301988601685 0.7655725479125977 0.22946976125240326 0.7739042441050211 0.20655742287635803 0.7770286401112875 0.1907135546207428 0.7780701319376627 0.1946091651916504 0.7551579475402832 0.20537635684013367 0.7207897504170736
1 0.013687161728739738 0.5937314828236898 0.03887535259127617 0.5947729349136353 0.053843725472688675 0.6041460831960043 0.05234444886445999 0.6239338715871176 0.03640171140432358 0.6593435208002726 0.03081001713871956 0.6926702658335367 0.027352159842848778 0.7103751500447592 0.017417296767234802 0.6801727612813314 0.015054270625114441 0.6458045641581217 0.011936210095882416 0.6145607233047485 0.01256000529974699 0.6051875750223795
1 0.08066053688526154 0.747867743174235 0.09019093215465546 0.7457848389943441 0.10583794116973877 0.7353701591491699 0.11593731492757797 0.7343287467956543 0.13349884748458862 0.749950647354126 0.15244996547698975 0.766614039738973 0.15403641760349274 0.7770286401112875 0.14205487072467804 0.7926505406697592 0.12369425594806671 0.8041066328684489 0.10980897396802902 0.8072310288747152 0.10177784413099289 0.7895262241363525 0.09677760303020477 0.7728628317515055 0.08912939578294754 0.7603652477264404
1 0.046718526631593704 0.7728628317515055 0.06248600408434868 0.7551579475402832 0.07037511467933655 0.7530750433603922 0.07808895409107208 0.7686969439188639 0.0898403748869896 0.7811944484710693 0.09566125273704529 0.7978578408559164 0.10305780172348022 0.8113968372344971 0.09069333970546722 0.8218114376068115 0.0714465007185936 0.830143133799235 0.05181672051548958 0.8332675298055013 0.043161798268556595 0.8249358336130778 0.03683757409453392 0.8103553454081217 0.035316724330186844 0.8030652205149332 0.043512362986803055 0.7895262241363525
1 0.0009765625 0.8176456292470297 0.0040011634118855 0.796816349029541 0.017886441200971603 0.7936920324961344 0.026738205924630165 0.8113968372344971 0.0364106148481369 0.8291016419728597 0.03831435367465019 0.8415992259979248 0.030753297731280327 0.8593040307362875 0.019526781514286995 0.8718016147613525 0.008092653006315231 0.8613869349161783 0.0009765625 0.8457650343577067 0.0009765625 0.832226037979126
1 0.0009765625 0.9447038968404134 0.0009765625 0.9342892169952393 0.0009765625 0.9488697052001953 0.0009765625 0.9582428932189941 0.0009765625 0.9572014013926188 0.0009765625 0.966574509938558 0.0009765625 0.9728233814239502 0.0009765625 0.9728233814239502 0.0009765625 0.9717818101247152 0.0009765625 0.9696989059448242 0.0009765625 0.9603257973988851
1 0.0009765625 0.9384551048278809 0.0076539660803973675 0.9447038968404134 0.026463087648153305 0.9415795008341471 0.05120275914669037 0.9342892169952393 0.05399274826049805 0.9499111970265707 0.0579206757247448 0.9676160017649332 0.03993220627307892 0.9707403182983398 0.023519383743405342 0.9707403182983398 0.007358247879892588 0.9696989059448242 0.0009765625 0.964491605758667 0.0009765625 0.9519941012064616
1 0.06230883300304413 0.9290819962819418 0.07946588844060898 0.9124186038970947 0.0978265032172203 0.9009625116984049 0.10710522532463074 0.8999210198720297 0.10629536211490631 0.9134600162506104 0.09210356324911118 0.9280405044555664 0.08492543548345566 0.9509526093800863 0.07351285219192505 0.9676160017649332 0.06586463749408722 0.9551184177398682 0.06036105006933212 0.9405380090077718
1 0.10820004343986511 0.8478479385375977 0.1237158253788948 0.8311845461527506 0.13678045570850372 0.8280602296193441 0.14057715237140656 0.8395163218180338 0.1470218449831009 0.846806526184082 0.1353575587272644 0.8645114103953043 0.12571750581264496 0.8874235153198242 0.11688729375600815 0.896796703338623 0.11384563148021698 0.882216215133667 0.11862748116254807 0.8624284267425537 0.10739018768072128 0.8613869349161783 0.10379033535718918 0.8593040307362875
1 0.16052420437335968 0.8384748299916586 0.17295429110527039 0.8311845461527506 0.1954180747270584 0.8197285334269205 0.21113070845603943 0.8124383290608724 0.23655979335308075 0.798899253209432 0.2641991376876831 0.7864017486572266 0.27959445118904114 0.7770286401112875 0.279167503118515 0.7957749366760254 0.27748215198516846 0.8197285334269205 0.2795827090740204 0.8415992259979248 0.2834450602531433 0.8561796347300211 0.26060912013053894 0.8759674231211344 0.2432003915309906 0.8936722278594971 0.22718124091625214 0.9124186038970947 0.21873392164707184 0.9269990921020508 0.1991041600704193 0.9301234086354574 0.18287742137908936 0.9259575208028158 0.17385035753250122 0.9259575208028158 0.17180463671684265 0.8936722278594971 0.17387284338474274 0.8749259312947592 0.18540586531162262 0.8509724140167236 0.18520905077457428 0.8415992259979248 0.18160918354988098 0.8395163218180338
1 0.732261061668396 0.6832971572875977 0.7522080540657043 0.6822556654612223 0.7613663673400879 0.6885044574737549 0.7584774494171143 0.7072507540384928 0.749975323677063 0.7322458426157633 0.7485964894294739 0.7447433471679688 0.7342078685760498 0.749950647354126 0.7259358167648315 0.7468262513478597 0.7278728485107422 0.7218311627705892 0.728365421295166 0.7062092622121176 0.729240894317627 0.6957946618398031
1 0.6508844494819641 0.8332675298055013 0.6730201840400696 0.8061895370483398 0.6946526169776917 0.7811944484710693 0.7129476070404053 0.766614039738973 0.7284085750579834 0.7603652477264404 0.7488589286804199 0.7572409311930338 0.7583237290382385 0.752033551534017 0.7640790343284607 0.7655725479125977 0.7790473699569702 0.7749457359313965 0.7929434776306152 0.7853602568308512 0.7942782044410706 0.796816349029541 0.7698009610176086 0.8166041374206543 0.7597780227661133 0.8343090216318766 0.7557511925697327 0.8509724140167236 0.7559480667114258 0.8603455225626627 0.7382768392562866 0.86555282274882 0.7266674637794495 0.8728430271148682 0.7178372144699097 0.882216215133667 0.7100793719291687 0.8905478318532308 0.6943011283874512 0.8947137196858724 0.6727783679962158 0.898879607518514 0.6617271304130554 0.8936722278594971 0.6543961763381958 0.8832577069600424 0.6483784914016724 0.8572211265563965 0.648367702960968 0.8436821301778158
1 0.35423949360847473 0.8145212332407633 0.37595903873443604 0.8197285334269205 0.3993855118751526 0.8280602296193441 0.41851192712783813 0.8270187377929688 0.4246392846107483 0.832226037979126 0.42856720089912415 0.8499309221903483 0.4283263087272644 0.8645114103953043 0.411793053150177 0.8718016147613525 0.38263291120529175 0.87700883547465 0.36249980330467224 0.882216215133667 0.3489866256713867 0.87700883547465 0.33792462944984436 0.8582626183827718 0.33147993683815 0.8509724140167236 0.33860325813293457 0.8384748299916586 0.3433302342891693 0.8291016419728597
1 0.23293650150299072 0.9259575208028158 0.2594819664955139 0.8874235153198242 0.28074222803115845 0.8707601229349772 0.29695820808410645 0.8613869349161783 0.31362268328666687 0.8603455225626627 0.32928046584129333 0.8634698390960693 0.34412840008735657 0.880133310953776 0.3529801666736603 0.8978381156921387 0.3445984721183777 0.915542999903361 0.3357790410518646 0.9384551048278809 0.3359866440296173 0.9613672892252604 0.32583245635032654 0.9728233814239502 0.2811349630355835 0.9676160017649332 0.25872600078582764 0.9686574141184489 0.24470949172973633 0.9655330975850424 0.23617501556873322 0.9499111970265707
1 0.1867397278547287 0.9405380090077718 0.2075074017047882 0.9394965171813965 0.21735510230064392 0.9394965171813965 0.2295442521572113 0.9467868010203043 0.2353651374578476 0.9634501934051514 0.2283622771501541 0.9686574141184489 0.2048809826374054 0.9707403182983398 0.18954050540924072 0.9696989059448242 0.1766619235277176 0.9686574141184489 0.17639946937561035 0.9561599095662435
1 0.36446914076805115 0.8978381156921387 0.389963835477829 0.8874235153198242 0.41237276792526245 0.8863820234934489 0.42196881771087646 0.8874235153198242 0.4352959394454956 0.896796703338623 0.44912636280059814 0.9040869077046713 0.4548816382884979 0.917625904083252 0.4488414227962494 0.9426209926605225 0.43648773431777954 0.966574509938558 0.42337357997894287 0.9746666749318441 0.3898424208164215 0.9728233814239502 0.3644025921821594 0.9728233814239502 0.34628286957740784 0.9696989059448242 0.3477165400981903 0.9467868010203043 0.3495330810546875 0.9290819962819418 0.3543805181980133 0.9124186038970947
1 0.4695875644683838 0.9145015080769857 0.48769646883010864 0.9040869077046713 0.4953995645046234 0.9061698118845621 0.5055096745491028 0.9186673164367676 0.516319990158081 0.9384551048278809 0.5242199301719666 0.9499111970265707 0.5312991738319397 0.9613672892252604 0.5292857885360718 0.9696989059448242 0.5036598443984985 0.9738647937774658 0.4773993492126465 0.9738647937774658 0.448928564786911 0.9728233814239502 0.4450114667415619 0.9686574141184489 0.44828325510025024 0.9551184177398682 0.4555269777774811 0.9353307088216146 0.4598710834980011 0.9207502206166586
1 0.5736570358276367 0.8030652205149332 0.60225909948349 0.8103553454081217 0.6198205351829529 0.8259773254394531 0.6331477165222168 0.835350513458252 0.6371411681175232 0.8561796347300211 0.6389244794845581 0.8759674231211344 0.6401388049125671 0.8947137196858724 0.6379393339157104 0.9072112242380778 0.618889331817627 0.9249160289764404 0.5933946371078491 0.9353307088216146 0.5723204612731934 0.94782821337382 0.5547804832458496 0.9592843055725098 0.5437948703765869 0.9572014013926188 0.5355120897293091 0.9405380090077718 0.516746997833252 0.9197088082631429 0.5067572593688965 0.8999210198720297 0.49860572814941406 0.8895064194997152 0.5189141035079956 0.8665943145751953 0.5342986583709717 0.8436821301778158 0.5462802052497864 0.8280602296193441 0.5585790276527405 0.8145212332407633
1 0.5519464612007141 0.9676160017649332 0.5757449865341187 0.9676160017649332 0.5920265913009644 0.9613672892252604 0.6166350245475769 0.94782821337382 0.6402367353439331 0.9384551048278809 0.6522946953773499 0.9394965171813965 0.6692216396331787 0.9509526093800863 0.6727666258811951 0.9634501934051514 0.6705349087715149 0.9353307088216146 0.6652173399925232 0.9165844122568766 0.6576347351074219 0.9072112242380778 0.644887387752533 0.9124186038970947 0.6279163956642151 0.9249160289764404 0.6141623258590698 0.9342892169952393 0.5952327847480774 0.9447038968404134 0.5811614394187927 0.9519941012064616 0.5703070163726807 0.9561599095662435
1 0.8901619911193848 0.7905676364898682 0.9099121689796448 0.7801530361175537 0.9219700694084167 0.7811944484710693 0.9228671789169312 0.7978578408559164 0.9187198877334595 0.8218114376068115 0.9153168797492981 0.8291016419728597 0.8979521989822388 0.8228529294331869 0.8909385204315186 0.8145212332407633 0.8860695362091064 0.8041066328684489
1 0.8523135781288147 0.8249358336130778 0.8636057376861572 0.8155626455942789 0.8770532608032227 0.8176456292470297 0.8864083290100098 0.8332675298055013 0.8952493667602539 0.8374334176381429 0.9027007818222046 0.8405577341715494 0.909900426864624 0.8447235425313314 0.9082807302474976 0.8718016147613525 0.898706316947937 0.8978381156921387 0.8779385685920715 0.898879607518514 0.8617774844169617 0.8978381156921387 0.8534398078918457 0.8915893236796061 0.8428263068199158 0.8811748027801514 0.8434393405914307 0.8582626183827718 0.8459452986717224 0.8343090216318766
1 0.8643813729286194 0.917625904083252 0.8799627423286438 0.9040869077046713 0.8901277184486389 0.9061698118845621 0.8983997702598572 0.9092941284179688 0.8965175747871399 0.9238746166229248 0.8964442014694214 0.9244839350382487 0.8866366147994995 0.9613672892252604 0.8718650937080383 0.9613672892252604 0.8640964031219482 0.9561599095662435 0.8581550717353821 0.9467868010203043 0.8581442832946777 0.9332478046417236
1 0.8014212250709534 0.9676160017649332 0.820854127407074 0.9551184177398682 0.8344221115112305 0.9499111970265707 0.8418079018592834 0.9499111970265707 0.8521040678024292 0.9582428932189941 0.8642932772636414 0.9655330975850424 0.8687794208526611 0.9707403182983398 0.8505935668945312 0.9746666749318441 0.8202334046363831 0.9746666749318441 0.8038205504417419 0.9746666749318441
1 0.9569540023803711 0.5583218336105347 0.9784766435623169 0.5541559855143229 0.9836485981941223 0.5636228322982788 0.9753469228744507 0.587482730547587 0.9629276394844055 0.608311931292216 0.9474666714668274 0.6145607233047485 0.9236680865287781 0.6145607233047485 0.9287123680114746 0.6072704792022705 0.9468869566917419 0.5999802748362223 0.9539446234703064 0.5843583345413208
0 0.08215560764074326 0.16777392228444418 0.11168789118528366 0.15423493583997092 0.1264486461877823 0.14069593946139017 0.14682266116142273 0.12090818087259929 0.15779750049114227 0.10945210854212443 0.1721969097852707 0.11778380473454793 0.18615858256816864 0.13132280111312866 0.19267964363098145 0.15527639786402384 0.19483506679534912 0.1667324701944987 0.180457204580307 0.18547876675923666 0.17409969866275787 0.20839091142018637 0.1542290449142456 0.22609573602676392 0.13580282032489777 0.2344274322191874 0.11289049685001373 0.23755180835723877 0.09635723382234573 0.2448420524597168 0.07881727069616318 0.25629812479019165 0.05685681104660034 0.2656712532043457 0.06876195967197418 0.23338598012924194 0.07832563668489456 0.19381046295166016
0 0.11752142757177353 0.02821815510590871 0.14018207788467407 0.0261352335413297 0.15766720473766327 0.025093771517276764 0.1412651687860489 0.03863276541233063 0.1270626038312912 0.0396742249528567
0 0.16868329048156738 0.22401283184687296 0.19683675467967987 0.22297135988871256 0.2133151739835739 0.22609573602676392 0.22001153230667114 0.23234450817108154 0.21378524601459503 0.2615054249763489 0.20716530084609985 0.27192002534866333 0.18374961614608765 0.27712732553482056 0.16304753720760345 0.28129319349924725 0.15237919986248016 0.28129319349924725 0.15040986239910126 0.2656712532043457 0.15304705500602722 0.24796642859776816 0.162063330411911 0.2344274322191874
0 0.2272004634141922 0.22297135988871256 0.2446855902671814 0.2219299077987671 0.26305699348449707 0.22401283184687296 0.27221524715423584 0.23026158412297568 0.2851594388484955 0.2344274322191874 0.28466686606407166 0.250049352645874 0.2776747941970825 0.268795649210612 0.26360344886779785 0.27608587344487506 0.24630437791347504 0.27296149730682373 0.2300776243209839 0.268795649210612 0.2188403159379959 0.2677541971206665 0.22172920405864716 0.24900788068771362
0 0.3678051233291626 0.09278873602549235 0.37827664613723755 0.08341558774312337 0.3968340754508972 0.08133266866207123 0.40984389185905457 0.08862289786338806 0.41881608963012695 0.09903750816980998 0.4211575388908386 0.10632773240407307 0.41342124342918396 0.14173741141955057 0.415904700756073 0.16881539424260458 0.4220428764820099 0.18756169080734253 0.4222397208213806 0.19693483908971152 0.41663724184036255 0.21672260761260986 0.3958147168159485 0.22817867994308472 0.37360256910324097 0.2385933001836141 0.35738661885261536 0.24796642859776816 0.3341677486896515 0.2625468969345093 0.3069005608558655 0.2667127251625061 0.29554280638694763 0.27296149730682373 0.28828826546669006 0.27921026945114136 0.28713956475257874 0.26358834902445477 0.293245404958725 0.24171765645345053 0.30213043093681335 0.2219299077987671 0.31474655866622925 0.21047383546829224 0.3328554928302765 0.20005923509597778 0.3534811735153198 0.17922999461491904 0.36633819341659546 0.15319347381591797 0.3729473948478699 0.1292398770650228 0.36908507347106934 0.11465941866238911
0 0.418201208114624 0.27816879749298096 0.42893514037132263 0.28129319349924725 0.4360143840312958 0.29274924596150714 0.4306635856628418 0.3114955425262451 0.4144035577774048 0.34482232729593915 0.4046538174152374 0.38856367270151776 0.3910750448703766 0.3802320162455241 0.3829234838485718 0.3698173761367798 0.3979799747467041 0.3312833110491435 0.4078060984611511 0.304205318291982
0 0.30101311206817627 0.32503455877304077 0.3279738128185272 0.3323247830073039 0.33278802037239075 0.3531539837519328 0.3471981883049011 0.375024676322937 0.3408406972885132 0.3979368209838867 0.3374592363834381 0.4323050181070964 0.3354018032550812 0.46459031105041504 0.3305543065071106 0.481253703435262 0.31642815470695496 0.4989585479100545 0.3022363483905792 0.5135389963785807 0.2758113443851471 0.544782837231954 0.2573518455028534 0.5906071265538534 0.24822592735290527 0.624975323677063 0.23890313506126404 0.6499703725179037 0.2184634953737259 0.6666337649027506 0.20825448632240295 0.6885044574737549 0.18862470984458923 0.6916287740071615 0.18204881250858307 0.6780897776285807 0.1884719282388687 0.6583020687103271 0.18593360483646393 0.6416386763254801 0.1938011646270752 0.6124778191248575 0.2065269649028778 0.580192486445109 0.2139567881822586 0.5562388896942139 0.22260092198848724 0.5510315895080566 0.23824793100357056 0.5406169891357422 0.2437848001718521 0.5177048444747925 0.23417800664901733 0.5031243562698364 0.2359289526939392 0.4822951555252075 0.2521890103816986 0.44896841049194336 0.26226678490638733 0.4208489656448364 0.27696195244789124 0.40418561299641925 0.286984920501709 0.38648072878519696 0.28955650329589844 0.36565152804056805 0.2933316230773926 0.3500296274820964 0.296855092048645 0.33544917901357013
0 0.0009765625 0.619767983754476 0.0009765625 0.6166436274846395 0.0009765625 0.622892419497172 0.0049549066461622715 0.6468460162480673 0.007569608278572559 0.6801727612813314 0.014025067910552025 0.7010019620259603 0.02098388411104679 0.7197482585906982 0.01980188861489296 0.7416189511617025 0.008958274498581886 0.7593238353729248 0.0034214179031550884 0.7822359402974447 0.0009765625 0.7999407450358073 0.0009765625 0.8051481246948242 0.0009765625 0.8030652205149332 0.0009765625 0.7864017486572266 0.0009765625 0.7739042441050211 0.0009765625 0.7693551381429037 0.0009765625 0.7072507540384928 0.0009765625 0.6645508607228597 0.0009765625 0.6353899240493774
0 0.06772900372743607 0.6010217269261678 0.07991816848516464 0.608311931292216 0.08592510223388672 0.6208094755808512 0.08917439728975296 0.6583020687103271 0.09520288556814194 0.6978776454925537 0.09983102232217789 0.7228726545969645 0.08942513167858124 0.7353701591491699 0.0665128156542778 0.7384945551554362 0.05168643966317177 0.7489091555277506 0.038632579147815704 0.7655725479125977 0.03517473489046097 0.7832773526509603 0.015731029212474823 0.7822359402974447 0.018116557970643044 0.7655725479125977 0.027570558711886406 0.7468262513478597 0.038534633815288544 0.7218311627705892 0.04431238770484924 0.684338649113973 0.05022136867046356 0.6530947685241699 0.05860306695103645 0.6353899240493774 0.06370219588279724 0.617685079574585
0 0.0009765625 0.7978578408559164 0.0009765625 0.7957749366760254 0.0009765625 0.8061895370483398 0.0009765625 0.8197285334269205 0.0009765625 0.8363919258117676 0.0009765625 0.8457650343577067 0.0009765625 0.8540967305501302 0.0009765625 0.8435988426208496 0.0009765625 0.8134797414143881
0 0.0009765625 0.8676357269287109 0.0009765625 0.8572211265563965 0.0009765625 0.8499309221903483 0.0009765625 0.8343090216318766 0.0009765625 0.830143133799235 0.0009765625 0.8405577341715494 0.0009765625 0.8582626183827718 0.0009765625 0.8738845189412435 0.0009765625 0.882216215133667 0.0009765625 0.896796703338623 0.0009765625 0.9249160289764404 0.0009765625 0.9426209926605225 0.0009765625 0.9603257973988851 0.0009765625 0.9707403182983398 0.0009765625 0.9707403182983398 0.0009765625 0.9655330975850424 0.0009765625 0.9509526093800863 0.0009765625 0.9426209926605225 0.0009765625 0.9384551048278809 0.0009765625 0.9280405044555664 0.0009765625 0.9290819962819418 0.0009765625 0.9384551048278809 0.0009765625 0.966574509938558 0.0009765625 0.9738647937774658 0.0009765625 0.9709082444508871 0.0009765625 0.9269990921020508 0.0009765625 0.8999210198720297 0.0009765625 0.8863820234934489
0 0.3558179438114166 0.5770681301752726 0.38036081194877625 0.5604047377904257 0.3978567123413086 0.572902242342631 0.4232417345046997 0.5833168824513754 0.46755632758140564 0.5833168824513754 0.49015137553215027 0.5781095822652181 0.519573986530304 0.5853997866312662 0.5476070046424866 0.5916485786437988 0.5571482181549072 0.6031046311060587 0.5626625418663025 0.6312240759531657 0.5609115958213806 0.6520533164342245 0.5308759808540344 0.667675256729126 0.517876923084259 0.6739239692687988 0.5348039269447327 0.6853800614674886 0.5390490889549255 0.7051677703857422 0.5465112328529358 0.7218311627705892 0.5487979054450989 0.7395359675089518 0.542560875415802 0.7551579475402832 0.5224384665489197 0.7739042441050211 0.5021849274635315 0.7864017486572266 0.49233725666999817 0.7864017486572266 0.48418566584587097 0.7759871482849121 0.4860462546348572 0.7343287467956543 0.4838145077228546 0.7062092622121176 0.4704217314720154 0.6937117576599121 0.4567117691040039 0.6791313489278158 0.4410432279109955 0.662467877070109 0.422223299741745 0.6520533164342245 0.4008866548538208 0.6520533164342245 0.3905355930328369 0.6541362206141154 0.3728536367416382 0.6458045641581217 0.3551168441772461 0.6478874683380127 0.33662497997283936 0.6530947685241699 0.3087995946407318 0.669758160909017 0.31825360655784607 0.6510118246078491 0.33010390400886536 0.6291411717732748 0.34100237488746643 0.6010217269261678
0 0.6252533793449402 0.35523688793182373 0.6530895829200745 0.3521125316619873 0.6761331558227539 0.35523688793182373 0.7020107507705688 0.3500296274820964 0.7097137570381165 0.3521125316619873 0.704931914806366 0.3719002803166707 0.6902368068695068 0.38856367270151776 0.6846235394477844 0.3948124249776204 0.6624006032943726 0.391688068707784 0.6443465352058411 0.391688068707784 0.6307785511016846 0.3968953688939412 0.6159414052963257 0.393770972887675 0.6164339780807495 0.37814903259277344
0 0.8082464933395386 0.26358834902445477 0.8224490284919739 0.2625468969345093 0.8299660086631775 0.268795649210612 0.8320009708404541 0.2875419457753499 0.8419906497001648 0.3073297142982483 0.8526697754859924 0.32086871067682904 0.8627142906188965 0.330241858959198 0.8722554445266724 0.34169793128967285 0.8756251931190491 0.3719002803166707 0.8732504844665527 0.40210266908009845 0.8584456443786621 0.4395952622095744 0.8491228818893433 0.46459031105041504 0.839668869972229 0.4833366473515828 0.8262321352958679 0.4947926998138428 0.8075541853904724 0.5041658480962118 0.7912070155143738 0.507290244102478 0.7800794243812561 0.4854195515314738 0.7754513025283813 0.4604245026906331 0.7536993622779846 0.4146002133687337 0.7537434697151184 0.3906465768814087 0.7548049688339233 0.3760661284128825 0.7666004300117493 0.36461007595062256 0.7758684158325195 0.3500296274820964 0.77976393699646 0.3271174629529317 0.7880144715309143 0.30316386620203656 0.797971785068512 0.2823346455891927
0 0.7726444005966187 0.027176693081855774 0.8007978796958923 0.0261352335413297 0.8355820775032043 0.02821815510590871 0.8680904507637024 0.0261352335413297 0.8927096724510193 0.0261352335413297 0.8722699880599976 0.04279860854148865 0.8556162714958191 0.05737906197706858 0.8532963991165161 0.07716682056585948 0.8638442754745483 0.08445704976717631 0.868395984172821 0.09278873602549235 0.8643799424171448 0.12299110492070515 0.862935483455658 0.13236425320307413 0.8501117825508118 0.12090818087259929 0.8374741077423096 0.10528627038002014 0.8184025287628174 0.09591312209765117 0.8009722232818604 0.08653997381528218 0.7890347242355347 0.07820828258991241 0.7863103747367859 0.06571074823538463 0.7912890315055847 0.05529613792896271 0.789823055267334 0.03759130338827769 0.7845818996429443 0.03550838182369868
0 0.6974580883979797 0.41980751355489093 0.7198122143745422 0.42918066183725995 0.7334566116333008 0.44063671429951984 0.7433150410652161 0.4541757106781006 0.7476807236671448 0.46667325496673584 0.7544426918029785 0.4760464032491048 0.7669599056243896 0.4989585479100545 0.7771356701850891 0.5145804484685262 0.7947520613670349 0.5197877883911133 0.8032757043838501 0.5218706925710043 0.7960975766181946 0.544782837231954 0.7762377262115479 0.5760266780853271 0.7681840658187866 0.6093534231185913 0.7686433792114258 0.6312240759531657 0.7521865367889404 0.6551776727040609 0.7427873015403748 0.6635094086329142 0.7323050498962402 0.6593435208002726 0.7330493330955505 0.6426801284154257 0.7363103628158569 0.615602175394694 0.7160459756851196 0.6145607233047485 0.68896484375 0.6145607233047485 0.6743901371955872 0.6239338715871176 0.6664569973945618 0.6499703725179037 0.6785256862640381 0.6645508607228597 0.6804293990135193 0.6770483652750651 0.6412463188171387 0.6999605496724447 0.6207302808761597 0.6999605496724447 0.6222187280654907 0.6666337649027506 0.6012542247772217 0.6583020687103271 0.5852791666984558 0.6530947685241699 0.5696213841438293 0.6499703725179037 0.5708033442497253 0.6280997196833292 0.5668754577636719 0.6103948752085367 0.565092146396637 0.5906071265538534 0.5938145518302917 0.5906071265538534 0.614144504070282 0.5947729349136353 0.6250096559524536 0.6041460831960043 0.6395403146743774 0.6187265316645304 0.6546291708946228 0.6208094755808512 0.6631420850753784 0.6093534231185913 0.6655275821685791 0.5926900307337443 0.6736027598381042 0.5864412784576416 0.6884947419166565 0.5791510343551636 0.693276584148407 0.5593632857004801 0.6824770569801331 0.5531145334243774 0.6690294742584229 0.5510315895080566 0.6592473983764648 0.5541559855143229 0.6550130248069763 0.5479071935017904 0.6537986397743225 0.5291609366734823 0.6650800108909607 0.5062487920125326 0.6773680448532104 0.4791707595189412 0.6846117973327637 0.4593830108642578 0.6886386275291443 0.44271965821584064
0 0.9159758687019348 0.6260167757670084 0.9317540526390076 0.6218509674072266 0.9539113640785217 0.6218509674072266 0.971013605594635 0.615602175394694 0.9708213210105896 0.6167035102844238 0.949489951133728 0.6978776454925537 0.9466558694839478 0.7062092622121176 0.9311949610710144 0.71245805422465 0.9142787456512451 0.714540958404541 0.9010828733444214 0.7114166418711344 0.8870664238929749 0.7082921663920084 0.8837730288505554 0.6947532494862875 0.8923408389091492 0.6728825569152832 0.8995845913887024 0.6530947685241699 0.9093558192253113 0.6364314158757528
0 0.7720454335212708 0.7020434538523356 0.7908545732498169 0.6989190578460693 0.7995095252990723 0.7072507540384928 0.8178808689117432 0.7093337376912435 0.8299936652183533 0.6999605496724447 0.8451372981071472 0.6916287740071615 0.8625568151473999 0.6874629656473795 0.8722840547561646 0.6947532494862875 0.8772187232971191 0.7082921663920084 0.8832912445068359 0.7239140669504801 0.8915084600448608 0.7374530633290609 0.8904469013214111 0.752033551534017 0.8841550350189209 0.7780701319376627 0.8783556818962097 0.7884847323099772 0.8561435341835022 0.798899253209432 0.841065526008606 0.8103553454081217 0.8300358653068542 0.832226037979126 0.824881911277771 0.8603455225626627 0.8291819095611572 0.8697187105814616 0.8370269536972046 0.8915893236796061 0.8454301953315735 0.9009625116984049 0.8598296642303467 0.9092941284179688 0.8544132113456726 0.9249160289764404 0.8459659218788147 0.9394965171813965 0.8246948719024658 0.9426209926605225 0.8124508261680603 0.9457453091939291 0.8054264187812805 0.9238746166229248 0.800240159034729 0.9113771120707194 0.7857203483581543 0.9103356202443441 0.778728187084198 0.9290819962819418 0.778235673904419 0.9447038968404134 0.7840457558631897 0.94782821337382 0.7926350831985474 0.9530355135599772 0.7923285365104675 0.964491605758667 0.7892428040504456 0.9738647937774658 0.7646235823631287 0.9738647937774658 0.7172124981880188 0.9696989059448242 0.6978344321250916 0.9717818101247152 0.6898797154426575 0.9707403182983398 0.683117687702179 0.9613672892252604 0.6796274781227112 0.9384551048278809 0.6748789548873901 0.9207502206166586 0.6768267750740051 0.9092941284179688 0.6926706433296204 0.9082527160644531 0.7027699947357178 0.9072112242380778 0.7169069647789001 0.9030454158782959 0.7284507155418396 0.8926308155059814 0.7405634522438049 0.8832577069600424 0.7529935240745544 0.8759674231211344 0.7666164040565491 0.8603455225626627 0.7759391665458679 0.835350513458252 0.7849554419517517 0.8218114376068115 0.8005368113517761 0.8082724412282308 0.8070255517959595 0.7916091283162435 0.8031632304191589 0.7770286401112875 0.786805272102356 0.766614039738973 0.7753055691719055 0.7530750433603922 0.7715744376182556 0.7447433471679688 0.7576783895492554 0.7343287467956543 0.7648565173149109 0.7114166418711344
0 0.903621256351471 0.7280799547831217 0.9155479073524475 0.7228726545969645 0.9318951368331909 0.7197482585906982 0.9444563984870911 0.7187068462371826 0.9362059831619263 0.7426604429880778 0.9295967221260071 0.766614039738973 0.9157114624977112 0.7697383562723795 0.9040364623069763 0.7739042441050211 0.8931164741516113 0.7749457359313965 0.8967604041099548 0.7530750433603922 0.8992114663124084 0.7395359675089518
0 0.4888050854206085 0.06082738935947418 0.49394547939300537 0.044254839420318604 0.5044756531715393 0.05001920461654663 0.5374137163162231 0.059386298060417175 0.5797389149665833 0.0651506632566452 0.5887852907180786 0.07235611975193024 0.5847803950309753 0.08892866969108582 0.5684208273887634 0.11198613047599792 0.5536283254623413 0.12855868538220724 0.5389646291732788 0.14224905769030252 0.5058368444442749 0.1689092516899109 0.49579861760139465 0.17755579948425293 0.4785914123058319 0.1782763401667277 0.46273180842399597 0.17107089360555014 0.46974217891693115 0.14441069960594177 0.47675254940986633 0.11775050560633342 0.4878281056880951 0.09541358550389607 0.49589812755584717 0.08316430946191151 0.4945356249809265 0.07235611975193024
0 0.7386600375175476 0.1617037852605184 0.7597962617874146 0.15882161259651184 0.7804554104804993 0.1602626939614614 0.7946496605873108 0.1602626939614614 0.8135147094726562 0.15738051136334738 0.8342952132225037 0.14657233158747354 0.843591570854187 0.1386463244756063 0.8575737476348877 0.14657233158747354 0.8714271783828735 0.15738051136334738 0.8809126019477844 0.16746815045674643 0.8723201751708984 0.1818790634473165 0.8511914610862732 0.19412835439046225 0.8308879733085632 0.20061326026916504 0.8242034316062927 0.1977310578028361 0.8230530023574829 0.17899688084920248 0.8174586296081543 0.17395305633544922 0.7981545329093933 0.17395305633544922 0.7771470546722412 0.17395305633544922 0.7649664282798767 0.17971744139989218 0.7536564469337463 0.1818790634473165 0.7482362389564514 0.17611469825108847 0.7419832944869995 0.16674760977427164
0 0.3771439790725708 0.6826583544413248 0.3857363760471344 0.66824738184611 0.3959941864013672 0.6610419352849325 0.40843966603279114 0.658880352973938 0.42329248785972595 0.6632035970687866 0.43692636489868164 0.6725707054138184 0.44200581312179565 0.6891432603200277 0.445692241191864 0.7114801406860352 0.45204341411590576 0.734537680943807 0.46367859840393066 0.7568745613098145 0.468765527009964 0.7828141848246256 0.4710440933704376 0.7921812534332275 0.4582577645778656 0.8051511446634928 0.4465995132923126 0.8087538878122965 0.42987677454948425 0.8145182132720947 0.4073021709918976 0.8210031191507975 0.37038975954055786 0.8116360505421957 0.3698599338531494 0.8044305642445883 0.38814234733581543 0.7828141848246256 0.40284404158592224 0.7619183858235677 0.4065765142440796 0.7323760191599528 0.4071219265460968 0.7042746543884277 0.3867201805114746 0.6970693270365397
0 0.1853817254304886 0.6985103289286295 0.20651791989803314 0.6956281661987305 0.20962166786193848 0.6992309093475342 0.19976498186588287 0.7165239651997884 0.19506362080574036 0.7359787623087565 0.18862102925777435 0.7626388867696127 0.187235489487648 0.7777703603108724 0.185055211186409 0.7820936044057211 0.17116384208202362 0.778490940729777 0.1621628701686859 0.7734471162160238 0.1787724643945694 0.7352581818898519 0.1856994926929474 0.7136418024698893
0 0.0029207118786871433 0.9319671789805094 0.004942432977259159 0.8930577437082926 0.024496588855981827 0.8779261906941732 0.044875938445329666 0.8570303916931152 0.052029967308044434 0.8462222417195638 0.08041096478700638 0.8368550936381022 0.12362980842590332 0.8130771319071451 0.14532630145549774 0.8008278210957845 0.15942226350307465 0.7871374289194742 0.17977862060070038 0.7921812534332275 0.20506331324577332 0.7885785102844238 0.23314142227172852 0.7828141848246256 0.2584640681743622 0.7720060348510742 0.27776074409484863 0.7626388867696127 0.2904711961746216 0.7640800476074219 0.27161353826522827 0.7763292789459229 0.2157750427722931 0.8029894828796387 0.19171670079231262 0.810915470123291 0.17098160088062286 0.8238852818806967 0.1549174040555954 0.8339729309082031 0.14810417592525482 0.8339729309082031 0.14582565426826477 0.8246057828267416 0.1297539919614792 0.8253263632456461 0.11386392265558243 0.8346935113271078 0.10496119409799576 0.8433400789896647 0.09942716360092163 0.8591919740041097 0.1020539253950119 0.8671180407206217 0.11214505881071091 0.8700002034505209 0.10617942363023758 0.8923371632893881 0.08347612619400024 0.9017042318979899 0.06444435566663742 0.9146740436553955 0.05554164573550224 0.9233206113179525 0.029257606714963913 0.933408260345459 0.008689183741807938 0.9362905025482178
0 0.07724493741989136 0.9744793574015299 0.09468721598386765 0.9398930867513021 0.10100854188203812 0.9254822731018066 0.11196281760931015 0.9153946240743002 0.1206006184220314 0.9031453132629395 0.1332053542137146 0.8815289338429769 0.14633245766162872 0.8577509721120199 0.157067209482193 0.8462222417195638 0.16894495487213135 0.8440605799357096 0.16969431936740875 0.8527071475982666 0.16692322492599487 0.8829700946807861 0.16664277017116547 0.9146740436553955 0.1656278371810913 0.9564657211303711 0.16192583739757538 0.9694355328877767 0.13078933954238892 0.973758856455485 0.10082631558179855 0.9708766142527262
0 0.5938237905502319 0.9701561133066813 0.6110236048698425 0.9600684642791748 0.6295329928398132 0.9492602348327637 0.6440300345420837 0.94565749168396 0.6551733613014221 0.9535834789276123 0.6652265191078186 0.9636712074279785 0.6682469248771667 0.9723177750905355 0.6402067542076111 0.9708766142527262 0.6209025979042053 0.9708766142527262
