1 0.005974264815449715 0.0013020833333333333 0.06013655290007591 0.0013020833333333333 0.07737001031637192 0.0013020833333333333 0.0814732164144516 0.0013020833333333333 0.0814732164144516 0.05857290327548981 0.05521271005272865 0.07936246693134308 0.009256827645003796 0.08264502386252086 0.0009765625 0.07979677617549896 0.0009765625 0.0013020833333333333
1 0.08639705926179886 0.0013020833333333333 0.1266084611415863 0.0013020833333333333 0.16928178071975708 0.0013020833333333333 0.17995010316371918 0.0013020833333333333 0.16435793042182922 0.0013020833333333333 0.1545102447271347 0.04216007888317108 0.14712446928024292 0.09249271949132283 0.13809742033481598 0.10671714941660564 0.10198923200368881 0.09905783335367839 0.08803834021091461 0.09577526648839314 0.0954241082072258 0.05966708560784658 0.0921415463089943 0.01042864223321279 0.08803834021091461 0.0013020833333333333
1 0.19718356430530548 0.0013020833333333333 0.1758469045162201 0.0013020833333333333 0.16599921882152557 0.043254271149635315 0.16271664202213287 0.0892101526260376 0.17995010316371918 0.11218808094660442 0.200466126203537 0.13954277833302817 0.22508534789085388 0.1384485960006714 0.24724264442920685 0.11109389861424764 0.2808889150619507 0.04216007888317108 0.3046875 0.0013020833333333333 0.298122376203537 0.0013020833333333333 0.26330533623695374 0.0013020833333333333 0.2283679097890854 0.0013020833333333333
1 0.3391544222831726 0.0013020833333333333 0.3769038915634155 0.0013020833333333333 0.3982405364513397 0.03121820588906606 0.41793593764305115 0.04434846341609955 0.486869752407074 0.024653082092603047 0.5270811319351196 0.014805391430854797 0.546776533126831 0.0038635184367497763 0.5656512379646301 0.0013020833333333333 0.5599067807197571 0.0013020833333333333 0.5484178066253662 0.0013020833333333333 0.486869752407074 0.0013020833333333333 0.4277836084365845 0.0013020833333333333 0.3851102888584137 0.0013020833333333333 0.35556721687316895 0.0013020833333333333
1 0.32356223464012146 0.0013020833333333333 0.3399750590324402 0.05966708560784658 0.3301273584365845 0.10999971628189087 0.3087907135486603 0.15486141045888266 0.27104121446609497 0.16142654418945312 0.25791096687316895 0.15376722812652588 0.2767857015132904 0.10671714941660564 0.3014049232006073 0.052007769544919334 0.3087907135486603 0.013711199164390564 0.31617647409439087 0.0013020833333333333
1 0.3563878536224365 0.06404383480548859 0.40480566024780273 0.06513802707195282 0.4409138560295105 0.060761277874310814 0.48440781235694885 0.05529033641020457 0.5082064270973206 0.046536838014920555 0.5410320162773132 0.039971704284350075 0.5549829602241516 0.05310196181138357 0.5607274174690247 0.08373922109603882 0.5582655072212219 0.11437646547953288 0.5459558963775635 0.14063696066538492 0.5270811319351196 0.16142654418945312 0.507385790348053 0.18768703937530518 0.4835871756076813 0.20957078536351523 0.4614298939704895 0.22379523515701294 0.42860424518585205 0.23254873355229697 0.39741989970207214 0.22926616668701172 0.3563878536224365 0.1964405377705892 0.33176863193511963 0.17236840724945068 0.34079569578170776 0.1384485960006714 0.3498227298259735 0.10015201568603516
1 0.5853466391563416 0.0013020833333333333 0.5886291861534119 0.0013020833333333333 0.5746783018112183 0.007146075367927551 0.5599067807197571 0.04216007888317108 0.5796021819114685 0.1089055339495341 0.5992975234985352 0.1078113317489624 0.6296612620353699 0.09905783335367839 0.6657694578170776 0.08373922109603882 0.6961331367492676 0.06294965247313182 0.7232142686843872 0.02574726442495982 0.7478334903717041 0.0013020833333333333 0.7634257078170776 0.0013020833333333333 0.7552192807197571 0.0013020833333333333 0.721572995185852 0.0013020833333333333 0.674796462059021 0.0013020833333333333 0.6542804837226868 0.0013020833333333333 0.6337644457817078 0.0013020833333333333 0.6058626770973206 0.0013020833333333333 0.5951943397521973 0.0013020833333333333
1 0.42121848464012146 0.25771504640579224 0.44583770632743835 0.25771504640579224 0.4720982015132904 0.245678981145223 0.49835872650146484 0.22270105282465616 0.520516037940979 0.19753472010294595 0.5361081957817078 0.19096960624059042 0.5410320162773132 0.21066498756408691 0.533646285533905 0.23254873355229697 0.5221573114395142 0.2653743624687195 0.5123096108436584 0.2927290399869283 0.5041031837463379 0.3222721219062805 0.4926142394542694 0.3397791385650635 0.4852284789085388 0.3540035883585612 0.4745601415634155 0.3660396337509155 0.4540441036224365 0.38245244820912677 0.4376313090324402 0.39448853333791095 0.4302455484867096 0.39558271567026776 0.42203912138938904 0.3660396337509155 0.4187565743923187 0.34196750322977704 0.408908873796463 0.30476512511571247 0.40808823704719543 0.2795988122622172
1 0.005974264815449715 0.37698153654734295 0.06341911852359772 0.36166290442148846 0.11101628094911575 0.3583803176879883 0.11840204894542694 0.3693222204844157 0.10198923200368881 0.4240316152572632 0.08311449736356735 0.4459153413772583 0.05521271005272865 0.4546688397725423 0.019925158470869064 0.4667049249013265 0.005153623875230551 0.4677991072336833 0.00269170175306499 0.42840834458669025 0.0009765625 0.404183030128479
1 0.013360031880438328 0.11218808094660442 0.05028886720538139 0.10015201568603516 0.08393513411283493 0.10452878475189209 0.1233258917927742 0.11765903234481812 0.15286895632743835 0.1231299638748169 0.1758469045162201 0.14173116286595663 0.19225971400737762 0.1625207265218099 0.1930803507566452 0.21723010142644247 0.17174369096755981 0.27193949619929 0.14876575767993927 0.3332139849662781 0.1339942216873169 0.3583803176879883 0.09952731430530548 0.34306172529856366 0.06588103622198105 0.34087332089742023 0.040441177785396576 0.3474384546279907 0.007615546230226755 0.3561919530232747 0.0009765625 0.33649659156799316 0.001871060929261148 0.2609976331392924 0.00269170175306499 0.19425217310587564 0.001871060929261148 0.15486141045888266 0.0010504202218726277 0.11765903234481812
1 0.213596373796463 0.16799165805180868 0.23739495873451233 0.16033234198888144 0.2620141804218292 0.17455679178237915 0.2636554539203644 0.2566208640734355 0.2652967572212219 0.3244604865709941 0.2554490566253662 0.36385126908620197 0.23739495873451233 0.451386292775472 0.23329176008701324 0.48421192169189453 0.23082983493804932 0.5279794136683146 0.20785188674926758 0.5148491859436035 0.1930803507566452 0.4743642409642537 0.1824120283126831 0.433879295984904 0.16353729367256165 0.3966768980026245 0.16107536852359772 0.3594745397567749 0.1725643426179886 0.328837255636851 0.19225971400737762 0.2795988122622172 0.20785188674926758 0.22160685062408447 0.21195510029792786 0.18878122170766196
1 0.28253018856048584 0.17346258958180746 0.32766544818878174 0.19425217310587564 0.3645942807197571 0.2303603490193685 0.39003413915634155 0.2555266817410787 0.40070247650146484 0.28725812832514447 0.40398502349853516 0.36166290442148846 0.41465336084365845 0.39448853333791095 0.42450106143951416 0.44482115904490155 0.43845194578170776 0.47217583656311035 0.41383272409439087 0.490777055422465 0.37608325481414795 0.4864002863566081 0.3334099352359772 0.48202355702718097 0.3227415978908539 0.4327851136525472 0.3186383843421936 0.38026408354441327 0.30632877349853516 0.34306172529856366 0.2907366156578064 0.3244604865709941 0.2800682783126831 0.289446492989858 0.2792476415634155 0.25224411487579346 0.28170955181121826 0.20957078536351523 0.2800682783126831 0.18768703937530518
1 0.27760636806488037 0.34196750322977704 0.291557252407074 0.35728613535563153 0.30222558975219727 0.4021478494008382 0.3046875 0.4524804751078288 0.3014049232006073 0.490777055422465 0.29894301295280457 0.5225085020065308 0.2554490566253662 0.5050014654795328 0.24313944578170776 0.4809293746948242 0.25134584307670593 0.42512579758961994 0.2620141804218292 0.3627570867538452 0.27104121446609497 0.3529094060262044
1 0.5484178066253662 0.17674515644709268 0.5705751180648804 0.1329776644706726 0.591911792755127 0.12641253074010214 0.6198135614395142 0.12094159921010335 0.648535966873169 0.11656485001246135 0.6805409789085388 0.1132822831471761 0.7100840210914612 0.12969509760538736 0.6920299530029297 0.16142654418945312 0.6805409789085388 0.2051940361658732 0.6788997054100037 0.2544324994087219 0.6706932783126831 0.2785046299298604 0.6419708728790283 0.3036709427833557 0.6148896813392639 0.31133025884628296 0.591911792755127 0.3277430733044942 0.5779608488082886 0.36056872208913165 0.5648306012153625 0.3933943510055542 0.5459558963775635 0.442632794380188 0.5352875590324402 0.4743642409642537 0.5164127945899963 0.4864002863566081 0.4901522994041443 0.490777055422465 0.4581473171710968 0.44700952370961505 0.4482996463775635 0.41418389479319256 0.47045692801475525 0.3879233996073405 0.5032825469970703 0.3529094060262044 0.5320050120353699 0.2785046299298604 0.5484178066253662 0.22160685062408447
1 0.8200498819351196 0.0013020833333333333 0.8742122054100037 0.0013020833333333333 0.9152442216873169 0.0013020833333333333 0.9710478186607361 0.0013020833333333333 0.9990234375 0.0013020833333333333 0.9990234375 0.0013020833333333333 0.995667040348053 0.019182140628496807 0.9784335494041443 0.043254271149635315 0.9505317807197571 0.08155084153016408 0.903755247592926 0.12203578154246013 0.8684676885604858 0.1472020943959554 0.8471310138702393 0.1559555927912394 0.819229245185852 0.1275067130724589 0.7995339035987854 0.09249271949132283 0.7806591391563416 0.0892101526260376 0.7576811909675598 0.09905783335367839 0.7273175120353699 0.10999971628189087 0.7059808373451233 0.11109389861424764 0.7002363204956055 0.10015201568603516 0.7297794222831726 0.05857290327548981 0.7576811909675598 0.03012402355670929 0.7823004126548767 0.004957700769106547 0.798713207244873 0.0013020833333333333 0.8093815445899963 0.0013020833333333333
1 0.995667040348053 0.04981939494609833 0.962020754814148 0.09358690182367961 0.9259125590324402 0.1231299638748169 0.8758534789085388 0.16142654418945312 0.8561580777168274 0.19096960624059042 0.856978714466095 0.21832430362701416 0.8692883253097534 0.28288135925928753 0.883239209651947 0.3561919530232747 0.8766741156578064 0.3966768980026245 0.8758534789085388 0.433879295984904 0.877494752407074 0.4546688397725423 0.9136029481887817 0.4699874718983968 0.9398634433746338 0.4885886510213216 0.9718684554100037 0.5181317329406738 0.9915637969970703 0.5345445473988851 0.9990234375 0.5282151699066162 0.9990234375 0.39120598634084064 0.9981289505958557 0.2971058090527852 0.9948464035987854 0.2117591698964437 0.9989495873451233 0.13516602913538614 0.9990234375 0.13408279418945312 0.9990234375 0.05529033641020457
1 0.7642463445663452 0.10671714941660564 0.7839416861534119 0.10343458255132039 0.7970719337463379 0.11547064781188965 0.8241531252861023 0.1472020943959554 0.8364627361297607 0.16033234198888144 0.8356420397758484 0.18768703937530518 0.7995339035987854 0.1854986548423767 0.7617843747138977 0.18440447251001993 0.728958785533905 0.18878122170766196 0.7092633843421936 0.2051940361658732 0.7207523584365845 0.17236840724945068 0.7338826060295105 0.15048466126124063 0.7494747638702393 0.1373544136683146
1 0.5754989385604858 0.41965484619140625 0.5968356132507324 0.36056872208913165 0.6157103180885315 0.32993143796920776 0.6583836674690247 0.32555466890335083 0.6764377355575562 0.3343082269032796 0.6788997054100037 0.3747931321461995 0.6780790686607361 0.40761880079905194 0.6715139150619507 0.44482115904490155 0.6501772403717041 0.4699874718983968 0.6354057192802429 0.490777055422465 0.6099658608436584 0.47764678796132404 0.5820640921592712 0.4491979281107585
1 0.5631893277168274 0.4524804751078288 0.591911792755127 0.4809293746948242 0.5992975234985352 0.49624796708424884 0.5779608488082886 0.4951537847518921 0.5533416271209717 0.4918712377548218 0.5475971698760986 0.4885886510213216 0.5533416271209717 0.4667049249013265
1 0.5237985849380493 0.5203200976053873 0.5418526530265808 0.5039072831471761 0.5738576650619507 0.5082840522130331 0.605042040348053 0.5159433682759603 0.6280199289321899 0.5290735960006714 0.6271992921829224 0.5586166779200236 0.6222754716873169 0.5991016228993734 0.6025800704956055 0.6439633369445801 0.5869879126548767 0.6691296100616455 0.5763195753097534 0.6800715128580729 0.5459558963775635 0.6691296100616455 0.5180540680885315 0.6505284309387207 0.5229779481887817 0.6122318903605143 0.526260495185852 0.5837829907735189 0.5237985849380493 0.5487689971923828
1 0.23000919818878174 0.5531457265218099 0.2800682783126831 0.5422038634618124 0.33751311898231506 0.521414319674174 0.3769038915634155 0.5115665992101034 0.41137078404426575 0.5126607815424601 0.4507615566253662 0.5126607815424601 0.48769038915634155 0.5192259152730306 0.5008206367492676 0.5225085020065308 0.5032825469970703 0.5432980457941691 0.505744457244873 0.5805004437764486 0.5032825469970703 0.6155144373575846 0.4991793632507324 0.6417749722798666 0.4819459021091461 0.6581877867380778 0.4400932192802429 0.6778831481933594 0.4121914505958557 0.7063320477803549 0.39331671595573425 0.7413460413614908 0.3859309256076813 0.7555704911549886 0.37198004126548767 0.7511936823527018 0.3506433963775635 0.7446285883585612 0.3194590210914612 0.7314983208974203 0.291557252407074 0.7161796887715658 0.26775866746902466 0.6997668743133545 0.25462841987609863 0.6997668743133545 0.23411239683628082 0.7085204124450684 0.21523766219615936 0.701955238978068 0.19800420105457306 0.6932017803192139 0.19882483780384064 0.6450575192769369 0.21277573704719543 0.591442346572876 0.2242647111415863 0.5673701763153076
1 0.00269170175306499 0.4896828730901082 0.0396205373108387 0.47874097029368085 0.07983193546533585 0.4743642409642537 0.0708048865199089 0.5093782345453898 0.07244616746902466 0.5498631795247396 0.07408744841814041 0.573935310045878 0.04700630158185959 0.5805004437764486 0.02566964365541935 0.5870655377705892 0.004332983400672674 0.5881597201029459 0.00269170175306499 0.547674814860026
1 0.1618960052728653 0.42950252691904706 0.12742909789085388 0.4459153413772583 0.11019564419984818 0.46013979117075604 0.0987066701054573 0.4896828730901082 0.08885898441076279 0.5236026843388876 0.0921415463089943 0.5465806325276693 0.09788602590560913 0.5772178570429484 0.10773371905088425 0.6111377080281576 0.1126575618982315 0.6373981634775797 0.109375 0.6570936044057211 0.14220063388347626 0.6658470630645752 0.16025473177433014 0.6724122365315756 0.17338497936725616 0.6746006011962891 0.18405330181121826 0.6187969843546549 0.1996454894542694 0.5728411277135214 0.20456932485103607 0.5487689971923828 0.19472163915634155 0.5203200976053873 0.1865152269601822 0.4951537847518921 0.1758469045162201 0.45904560883839923 0.17010241746902466 0.44044442971547443
1 0.0035123424604535103 0.6067608992258707 0.045365020632743835 0.5958190759023031 0.07408744841814041 0.5892539024353027 0.0847557783126831 0.5925365289052328 0.08967962116003036 0.6177028020222982 0.0921415463089943 0.6384923458099365 0.0954241082072258 0.6559994220733643 0.07654936611652374 0.6767889658610026 0.0535714291036129 0.6866366068522135 0.029772846028208733 0.6899192333221436 0.01171875 0.6964843273162842 0.001871060929261148 0.6986726919809977
1 0.005153623875230551 0.7271215915679932 0.038799893110990524 0.705237865447998 0.06998424232006073 0.6953901449839274 0.10773371905088425 0.6855424245198568 0.1307116597890854 0.6899192333221436 0.13809742033481598 0.7085204124450684 0.13891807198524475 0.732592503229777 0.13891807198524475 0.7544763088226318 0.14466255903244019 0.7807367642720541 0.1372767835855484 0.8146565755208334 0.11840204894542694 0.846388022104899 0.10034795105457306 0.8715543746948242 0.09132090210914612 0.8868730068206787 0.08065257221460342 0.9065683682759603 0.06739512085914612 0.9183527628580729 0.031414128839969635 0.9183527628580729 0.0009765625 0.9153778553009033 0.0009765625 0.8431054751078287 0.0009765625 0.763229767481486
1 0.15286895632743835 0.7008610566457113 0.17666754126548767 0.701955238978068 0.18487395346164703 0.722744862238566 0.1897977888584137 0.7413460413614908 0.2037486881017685 0.7741716702779134 0.2103138118982315 0.7971495787302653 0.21852022409439087 0.8245042959849039 0.23082983493804932 0.8507647514343262 0.24478071928024292 0.8803078333536783 0.2628348171710968 0.9098509152730306 0.25134584307670593 0.9142276446024576 0.21687893569469452 0.913133462270101 0.17666754126548767 0.9109450976053873 0.1405593454837799 0.9153218269348145 0.11101628094911575 0.9153218269348145 0.12742909789085388 0.8704601923624674 0.15040703117847443 0.8431054751078287 0.16271664202213287 0.8080914815266927 0.16107536852359772 0.7719833056131998 0.1545102447271347 0.7468169530232748 0.15286895632743835 0.7358750502268473 0.15204831957817078 0.7118029594421387
1 0.22590598464012146 0.7413460413614908 0.25462841987609863 0.7172738711039225 0.27104121446609497 0.7194622357686361 0.3014049232006073 0.7314983208974203 0.3194590210914612 0.745722770690918 0.34161633253097534 0.7599472204844157 0.3432576060295105 0.7665123144785563 0.3293067216873169 0.8026205698649088 0.30961135029792786 0.8387287457784017 0.29976364970207214 0.8682718276977539 0.2866334021091461 0.8989090124766032 0.2792476415634155 0.9021916389465332 0.25380778312683105 0.8704601923624674 0.23575367033481598 0.8365403811136881 0.2283679097890854 0.8048089345296224 0.22344405949115753 0.776360034942627 0.22344405949115753 0.7643239498138428
1 0.36213234066963196 0.7708891232808431 0.3851102888584137 0.7741716702779134 0.4015231132507324 0.7927728494008383 0.43188682198524475 0.8124682108561198 0.46307116746902466 0.8201275666554769 0.5024619102478027 0.828881025314331 0.5344669222831726 0.8398229281107584 0.5582655072212219 0.85951828956604 0.5615480542182922 0.8890613714853922 0.5599067807197571 0.9142276446024576 0.533646285533905 0.9164160887400309 0.48769038915634155 0.9153218269348145 0.42203912138938904 0.9109450976053873 0.3498227298259735 0.9109450976053873 0.296646386384964 0.9183527628580729 0.3087907135486603 0.877025286356608 0.3334099352359772 0.8245042959849039 0.35146403312683105 0.7993379433949789
1 0.4015231132507324 0.753382126490275 0.44912028312683105 0.7008610566457113 0.4958967864513397 0.6778831481933594 0.5270811319351196 0.6767889658610026 0.5582655072212219 0.6942959626515707 0.5705751180648804 0.7314983208974203 0.5730370283126831 0.7621355851491293 0.5820640921592712 0.8026205698649088 0.584526002407074 0.842011292775472 0.571395754814148 0.8573299249013265 0.5492384433746338 0.8387287457784017 0.5172334313392639 0.8168449401855469 0.4786633551120758 0.8157507578531901 0.42860424518585205 0.8059031168619791 0.40234375 0.7741716702779134
1 0.584526002407074 0.8759311040242513 0.6132484078407288 0.8978148301442465 0.6263786554336548 0.9120392799377441 0.5968356132507324 0.9153218269348145 0.5754989385604858 0.9153218269348145 0.5689338445663452 0.9098509152730306 0.5738576650619507 0.890155553817749
1 0.674796462059021 0.3091418544451396 0.6928505897521973 0.24786736567815146 0.7043395638465881 0.2205126682917277 0.7297794222831726 0.20409985383351645 0.7757353186607361 0.19425217310587564 0.8167673349380493 0.2008172869682312 0.839745283126831 0.2117591698964437 0.843848466873169 0.2555266817410787 0.8487723469734192 0.2949174443880717 0.8520548939704895 0.3496268192927043 0.8553374409675598 0.390111764272054 0.856978714466095 0.43497347831726074 0.8479517102241516 0.46013979117075604 0.8241531252861023 0.4743642409642537 0.7839416861534119 0.45904560883839923 0.7642463445663452 0.4546688397725423 0.7306000590324402 0.442632794380188 0.702698290348053 0.433879295984904 0.6953125 0.40105366706848145 0.6887473464012146 0.35181522369384766 0.682182252407074 0.31680117050806683
1 0.8717502355575562 0.47874097029368085 0.8372833728790283 0.5028131008148193 0.8233324289321899 0.5236026843388876 0.8126641511917114 0.5432980457941691 0.8151260614395142 0.5750294923782349 0.8249737620353699 0.6691296100616455 0.8545168042182922 0.6494342486063639 0.890625 0.6516226132710775 0.870108962059021 0.5958190759023031 0.8766741156578064 0.5618992249170939 0.8930869102478027 0.5203200976053873 0.8840598464012146 0.4896828730901082
1 0.8947281837463379 0.4885886510213216 0.9324776530265808 0.5082840522130331 0.9538143277168274 0.5290735960006714 0.9595588445663452 0.5575224955876669 0.9669445753097534 0.5859713554382324 0.9759716391563416 0.6220795313517252 0.98828125 0.6494342486063639 0.9792541861534119 0.7008610566457113 0.9735097289085388 0.7446285883585612 0.9702271819114685 0.7905844847361246 0.9612001180648804 0.793867031733195 0.9447872638702393 0.7905844847361246 0.9341189861297607 0.7446285883585612 0.9127823114395142 0.6833540598551432 0.9012933373451233 0.6603761514027914 0.8857011795043945 0.605666716893514 0.8799566626548767 0.5969132582346598 0.8889837265014648 0.5684643586476644 0.8939075469970703 0.5356387297312418 0.9021139740943909 0.5181317329406738 0.896369457244873 0.5039072831471761
1 0.701056957244873 0.45029211044311523 0.7691701650619507 0.4743642409642537 0.8019958138465881 0.48749446868896484 0.806098997592926 0.5050014654795328 0.7954306602478027 0.5597108602523804 0.7913274765014648 0.6636586983998617 0.787224292755127 0.6964843273162842 0.7864035964012146 0.7511936823527018 0.7757353186607361 0.8004321257273356 0.7502954602241516 0.8223159313201904 0.7133665680885315 0.8551415602366129 0.6780790686607361 0.8660833835601807 0.6551011204719543 0.8846846421559652 0.6362263560295105 0.9010974566141764 0.5951943397521973 0.8638950188954672 0.5968356132507324 0.8157507578531901 0.5935530662536621 0.7599472204844157 0.5796021819114685 0.7194622357686361 0.5992975234985352 0.6822598775227865 0.623916745185852 0.6461517016092936 0.6411502361297607 0.6045725345611572 0.6395089030265808 0.5487689971923828 0.6386882662773132 0.5148491859436035 0.6657694578170776 0.4864002863566081 0.6920299530029297 0.4667049249013265
1 0.8274356722831726 0.6822598775227865 0.8463103771209717 0.671317974726359 0.864364504814148 0.6625645160675049 0.8807772994041443 0.6658470630645752 0.8988314270973206 0.6735064188639323 0.911141037940979 0.7030494213104248 0.9209886789321899 0.7336866855621338 0.9275538325309753 0.7566646734873453 0.9308363795280457 0.7807367642720541 0.9127823114395142 0.776360034942627 0.8873424530029297 0.7719833056131998 0.8717502355575562 0.7818309466044108 0.8651851415634155 0.8124682108561198 0.8504136204719543 0.85951828956604 0.843848466873169 0.8890613714853922 0.8356420397758484 0.8989090124766032 0.8052783608436584 0.8835904598236084 0.7790178656578064 0.8649892012278239 0.7634257078170776 0.8518590132395426 0.787224292755127 0.8157507578531901 0.8036370873451233 0.7687006791432699 0.8167673349380493 0.732592503229777 0.8208705186843872 0.7008610566457113
1 0.8799566626548767 0.7873019377390543 0.8947281837463379 0.7807367642720541 0.9152442216873169 0.7927728494008383 0.9390428066253662 0.7971495787302653 0.9628413915634155 0.8037147521972656 0.9849987030029297 0.7873019377390543 0.980895459651947 0.7730774879455566 0.9973083138465881 0.776360034942627 0.9989495873451233 0.7927728494008383 0.995667040348053 0.8321635723114014 0.9915637969970703 0.8638950188954672 0.9718684554100037 0.8912497361501058 0.9357602596282959 0.9153218269348145 0.9166655540466309 0.9183527628580729 0.8619025945663452 0.9183527628580729 0.8471310138702393 0.9153218269348145 0.864364504814148 0.8704601923624674 0.8709295988082886 0.8190333843231201
1 0.6608455777168274 0.9153218269348145 0.708442747592926 0.9142276446024576 0.7502954602241516 0.9120392799377441 0.8077402710914612 0.9142276446024576 0.8298975825309753 0.9164160887400309 0.8044577240943909 0.8945322831471761 0.7823004126548767 0.8814020156860352 0.7576811909675598 0.8759311040242513 0.742089033126831 0.8704601923624674 0.7207523584365845 0.877025286356608 0.6977744102478027 0.8846846421559652 0.687926709651947 0.8956264654795328
