1 0.055713970214128494 0.0013020833333333333 0.07017536461353302 0.0013020833333333333 0.060534436255693436 0.0013020833333333333 0.054910559207201004 0.0013020833333333333 0.04928668960928917 0.0013020833333333333 0.040449172258377075 0.0013020833333333333 0.03161165490746498 0.0013020833333333333 0.021970728412270546 0.0013020833333333333 0.012329802848398685 0.0013020833333333333 0.011526391841471195 0.0013020833333333333 0.011526391841471195 0.0013020833333333333 0.038038939237594604 0.0013020833333333333 0.0468764528632164 0.0013020833333333333
1 0.06696172058582306 0.0013020833333333333 0.07820946723222733 0.0013020833333333333 0.08302993327379227 0.0013020833333333333 0.08945721387863159 0.0013020833333333333 0.09668790549039841 0.0013020833333333333 0.1055254265666008 0.0013020833333333333 0.08932866901159286 0.0013020833333333333
1 0.011526391841471195 0.0013020833333333333 0.023577550426125526 0.0013020833333333333 0.03161165490746498 0.0013020833333333333 0.023577550426125526 0.0013020833333333333 0.01072298176586628 0.004180303153892358 0.010498027317225933 0.002509400403747956 0.010498026385903358 0.0013020833333333333 0.011526391841471195 0.0013020833333333333
1 0.11596976220607758 0.0013020833333333333 0.1392686665058136 0.028924991687138874 0.1473027765750885 0.05085077385107676 0.15774710476398468 0.07782244185606639 0.1633709818124771 0.09689072767893474 0.16819144785404205 0.1124534010887146 0.15292665362358093 0.10383887092272441 0.1384652554988861 0.08231713871161143 0.12721750140190125 0.06278175115585327 0.11677316576242447 0.04346940418084463 0.11757658421993256 0.02071451023221016 0.1135595291852951 0.004280673960844676
1 0.08945721387863159 0.07527677218119304 0.10793565958738327 0.06508808334668477 0.11918340623378754 0.06055134038130442 0.13203798234462738 0.08381537596384685 0.13685843348503113 0.09390711784362793 0.146499365568161 0.10533711314201355 0.1569436937570572 0.11480177442232768 0.16899485886096954 0.12142995993296306 0.17461873590946198 0.1284621755282084 0.16819144785404205 0.13543134927749634 0.1633709818124771 0.1428466041882833 0.15855053067207336 0.15026184916496277 0.15131981670856476 0.15919636686642966 0.146499365568161 0.15895230571428934 0.13525161147117615 0.14488786458969116 0.12320046126842499 0.137165496746699 0.1055254265666008 0.12459928790728252 0.09106403589248657 0.12058454751968384 0.08383333683013916 0.11857717235883077 0.08785039186477661 0.09890282154083252 0.09427767246961594 0.08974526325861613
1 0.01152639277279377 0.015345215797424316 0.022774139419198036 0.007525918384393056 0.03562870994210243 0.0023410767316818237 0.041252583265304565 0.0013020833333333333 0.05410715192556381 0.019507084041833878 0.06535489857196808 0.04013665268818537 0.07499582320451736 0.05922596653302511 0.08302993327379227 0.07677498956521352 0.0798162892460823 0.09776658813158672 0.07499582320451736 0.11065277457237244 0.06856854259967804 0.10996265212694804 0.058927614241838455 0.10509777069091797 0.042055994272232056 0.09931972622871399 0.03080824576318264 0.09291459123293559 0.021970730274915695 0.08827275037765503 0.010498027317225933 0.08118147651354472 0.01152639277279377 0.04926504691441854 0.010498027317225933 0.03637450188398361
1 0.06455148756504059 0.0013020833333333333 0.07740605622529984 0.0013020833333333333 0.08704698830842972 0.0013020833333333333 0.09909814596176147 0.0013020833333333333 0.10873906314373016 0.0013020833333333333 0.10873906314373016 0.0013020833333333333 0.10713224858045578 0.0035905384769042334 0.10873906314373016 0.033579679826895394 0.11034588515758514 0.050438577930132546 0.0974913239479065 0.06000016629695892 0.08704698830842972 0.06257158517837524 0.07820946723222733 0.04261112709840139 0.06937194615602493 0.022650671501954395 0.058124203234910965 0.002021100992957751 0.0468764528632164 0.0013020833333333333 0.05410715192556381 0.0013020833333333333 0.062141258269548416 0.0013020833333333333
1 0.01232980377972126 0.09653814633687337 0.03562870994210243 0.10628889997800191 0.05330374091863632 0.11557255188624065 0.07338900119066238 0.12661950786908469 0.096687912940979 0.13965282837549844 0.12400386482477188 0.15051878492037454 0.13605502247810364 0.16042951742808023 0.13605502247810364 0.18340746561686197 0.11757658421993256 0.19906707604726157 0.10150837153196335 0.2197725772857666 0.08544015884399414 0.23500714699427286 0.06937195360660553 0.24367656310399374 0.04446622356772423 0.24551578362782797 0.03402188792824745 0.239333709081014 0.017150267958641052 0.22370797395706177 0.010498028248548508 0.2007214625676473 0.01313321478664875 0.17007176081339517 0.010722982697188854 0.1354828178882599 0.010722982697188854 0.11578743656476338
1 0.013936624862253666 0.2370402216911316 0.0300048366189003 0.24368945757548013 0.042055994272232056 0.2568827470143636 0.0468764565885067 0.27463380495707196 0.04928668960928917 0.2960924704869588 0.0468764565885067 0.318401296933492 0.042055994272232056 0.343323548634847 0.03723553195595741 0.3518330256144206 0.027594605460762978 0.3502507209777832 0.017953678965568542 0.34319746494293213 0.010722983628511429 0.33024821678797406 0.010498028248548508 0.3256922960281372 0.011526393704116344 0.2593490481376648
1 0.056517381221055984 0.25980329513549805 0.0886538103222847 0.2457469900449117 0.11034588515758514 0.2200376590092977 0.12802092730998993 0.20853175719579062 0.14087548851966858 0.20881783962249756 0.15453346073627472 0.23230491081873575 0.1649778038263321 0.2461463212966919 0.1641744077205658 0.25795936584472656 0.1569436937570572 0.28877760966618854 0.14971300959587097 0.2944295605023702 0.12159363925457001 0.293188214302063 0.09427767246961594 0.2856048146883647 0.08222651481628418 0.28335342804590863 0.07258559763431549 0.2806769410769145 0.062141258269548416 0.27449482679367065
1 0.01393662579357624 0.36506017049153644 0.022774141281843185 0.35876015822092694 0.04526963457465172 0.3682878414789836 0.05571397393941879 0.37994086742401123 0.06856854259967804 0.3900746504465739 0.07820947468280792 0.3993162711461385 0.08704698830842972 0.4170883496602376 0.10070496797561646 0.4460463921229045 0.10873907059431076 0.4756314754486084 0.11838000267744064 0.5012859106063843 0.10472201555967331 0.5018709500630697 0.09106403589248657 0.5068327585856119 0.08544015884399414 0.5162133375803629 0.07258559763431549 0.5235865513483683 0.04928669333457947 0.5039881467819214 0.0380389429628849 0.49430044492085773 0.03000483848154545 0.482222318649292 0.023577552288770676 0.45089491208394367 0.021970732137560844 0.4241883357365926 0.019560499116778374 0.4038238525390625 0.013133215717971325 0.3921918074289958
1 0.010722983628511429 0.40574713548024494 0.017953678965568542 0.42635567982991535 0.023577554151415825 0.46402517954508465 0.025987785309553146 0.49423734347025555 0.021970732137560844 0.5117233594258627 0.0131332166492939 0.513646642367045 0.010498029179871082 0.48205025990804035 0.010722984559834003 0.47139839331309 0.010498029179871082 0.4483580191930135 0.010498029179871082 0.4290018479029338 0.010498029179871082 0.4210033416748047
1 0.11195270717144012 0.0013020833333333333 0.10070496052503586 0.0013020833333333333 0.09909814596176147 0.0013020833333333333 0.11677316576242447 0.0013020833333333333 0.1312345564365387 0.0013020833333333333 0.14408913254737854 0.01603880027929942 0.15131981670856476 0.039929911494255066 0.1633709818124771 0.05640578269958496 0.17381532490253448 0.0385157565275828 0.18747329711914062 0.0013020833333333333 0.20836196839809418 0.0013020833333333333 0.2147892713546753 0.0013020833333333333 0.2067551612854004 0.0013020833333333333 0.1890801191329956 0.0013020833333333333 0.16819144785404205 0.0013020833333333333 0.14569593966007233 0.0013020833333333333 0.1320379674434662 0.0013020833333333333 0.12802091240882874 0.0013020833333333333 0.11757658421993256 0.0013020833333333333 0.12641410529613495 0.0013020833333333333 0.1384652554988861 0.0013020833333333333 0.14489254355430603 0.0013020833333333333 0.12320046126842499 0.0013020833333333333
1 0.1641744077205658 0.1627650260925293 0.17542213201522827 0.18120622634887695 0.1802426129579544 0.20442821582158408 0.18265284597873688 0.23026365041732788 0.19149035215377808 0.2535066604614258 0.20113128423690796 0.27040759722391766 0.21719948947429657 0.28909287850062054 0.22041313350200653 0.30639785528182983 0.2067551612854004 0.33433759212493896 0.20273810625076294 0.34416425228118896 0.17381532490253448 0.3000266154607137 0.16979825496673584 0.28687530755996704 0.1722085028886795 0.2590955893198649 0.17140509188175201 0.23480039834976196 0.15373004972934723 0.21019810438156128 0.146499365568161 0.1983430584271749 0.146499365568161 0.17864767710367838 0.15131981670856476 0.1679498553276062
1 0.18345624208450317 0.13419819871584573 0.19952444732189178 0.15944857398668924 0.2067551612854004 0.18552807966868082 0.2155926674604416 0.20330013831456503 0.22764383256435394 0.21977601448694864 0.23407110571861267 0.24453826745351157 0.23407110571861267 0.2751755118370056 0.23407110571861267 0.28502323230107623 0.22041313350200653 0.2768547733624776 0.2059517502784729 0.2597098151842753 0.19068694114685059 0.23468244075775146 0.18666988611221313 0.21606024106343588 0.1882767230272293 0.1924341917037964 0.1802426129579544 0.17379097143809 0.17702896893024445 0.16195692618687949
1 0.222823366522789 0.0013020833333333333 0.2388915866613388 0.0013020833333333333 0.25094273686408997 0.0013020833333333333 0.2637972831726074 0.007692776620388031 0.27022460103034973 0.034643429021040596 0.27665188908576965 0.05065219600995382 0.27906209230422974 0.06445156037807465 0.2726348042488098 0.07689167062441508 0.25174614787101746 0.08531704545021057 0.2324642837047577 0.09418851137161255 0.20836196839809418 0.0995333194732666 0.19229376316070557 0.10382602612177531 0.17783236503601074 0.09981128573417664 0.16819144785404205 0.065403347214063 0.18345624208450317 0.0324387401342392 0.197917640209198 0.0013020833333333333 0.20996879041194916 0.0013020833333333333
1 0.2139858454465866 0.0013020833333333333 0.21880631148815155 0.0013020833333333333 0.22764383256435394 0.0013020833333333333 0.24451543390750885 0.0013020833333333333 0.24772909283638 0.0013020833333333333 0.24371203780174255 0.0013020833333333333 0.22844722867012024 0.0013020833333333333
0 0.15935392677783966 0.0013020833333333333 0.1489095836877823 0.0013020833333333333 0.13605502247810364 0.0013020833333333333 0.12882433831691742 0.0013020833333333333 0.12641410529613495 0.0013020833333333333 0.13444821536540985 0.0013020833333333333 0.14408913254737854 0.0013020833333333333 0.15212324261665344 0.0013020833333333333
0 0.25335296988487244 0.0013020833333333333 0.26058366894721985 0.0013020833333333333 0.2758484482765198 0.0013020833333333333 0.27906209230422974 0.0013020833333333333 0.2750450372695923 0.0013020833333333333
0 0.27825868129730225 0.020461017886797588 0.29272007942199707 0.03322925418615341 0.297540545463562 0.048791940013567604 0.28468596935272217 0.04412909348805746 0.27745530009269714 0.03665079673131307
0 0.2895064353942871 0.05640922486782074 0.297540545463562 0.0783350020647049 0.30477121472358704 0.08143655955791473 0.300754189491272 0.06281435489654541
0 0.2878996431827545 0.0013020833333333333 0.30155760049819946 0.0013020833333333333 0.31200194358825684 0.009039180353283882 0.3312837779521942 0.05487710237503052 0.35377928614616394 0.09285369515419006 0.36824068427085876 0.11656380693117778 0.37065088748931885 0.09863172968228658 0.34654858708381653 0.06458581487337749 0.33530083298683167 0.03739111125469208 0.32887354493141174 0.009346280867854754 0.3168223798274994 0.0013020833333333333 0.30477121472358704 0.0013020833333333333 0.2991473376750946 0.0013020833333333333
0 0.42929986119270325 0.37642455101013184 0.4405476152896881 0.37188780307769775 0.47107720375061035 0.415377418200175 0.4823249578475952 0.432724396387736 0.4839317798614502 0.446300745010376 0.46304312348365784 0.4251830577850342 0.44376125931739807 0.40560559431711835 0.4325135350227356 0.3882586161295573
0 0.11195270717144012 0.4382270971934001 0.12480728328227997 0.46477365493774414 0.12641410529613495 0.4969511826833089 0.11677317321300507 0.4811444679896037 0.11034589260816574 0.45528801282246906
0 0.07419241964817047 0.5393512646357218 0.07901287823915482 0.5505371888478597 0.10311519354581833 0.5342504978179932 0.12480728328227997 0.517294685045878 0.12882433831691742 0.512938936551412 0.12641410529613495 0.5089872678120931 0.11275612562894821 0.5106665293375651 0.10070496797561646 0.5106034278869629 0.09347426891326904 0.518443743387858 0.08383333683013916 0.5299917062123617
0 0.32164284586906433 0.08393205205599467 0.297540545463562 0.14726882179578146 0.29432690143585205 0.15403597553571066 0.29593372344970703 0.16542393962542215 0.30155760049819946 0.18449223041534424 0.30959171056747437 0.1834400693575541 0.32164284586906433 0.133170485496521 0.3312837779521942 0.09973878661791484
0 0.29593372344970703 0.7792631785074869 0.30959171056747437 0.7732071876525879 0.32807013392448425 0.8144453366597494 0.341728150844574 0.8455917040506998 0.347351998090744 0.8602832953135172 0.3481554090976715 0.8977086544036865 0.35377928614616394 0.9222478866577148 0.3561895191669464 0.9338588714599609 0.3409247100353241 0.9208676815032959 0.3336940109729767 0.8838462034861246 0.3312838077545166 0.8601992130279541 0.32726672291755676 0.8514246940612793 0.30959171056747437 0.825728178024292 0.300754189491272 0.8024851481119791 0.2983439564704895 0.7919683456420898
0 0.5289227366447449 0.5747749010721842 0.5409739017486572 0.5606135129928589 0.560255765914917 0.557213028271993 0.5731103420257568 0.5596874952316284 0.5723069310188293 0.585724949836731 0.5642728209495544 0.5933422247568766 0.5449910163879395 0.5890834331512451 0.5345466732978821 0.5861838658650717
1 0.0533318854868412 0.2731573184331258 0.08134379237890244 0.2933742006619771 0.11605419963598251 0.2996930281321208 0.14650192856788635 0.30316974719365436 0.16477055847644806 0.30077725648880005 0.17999441921710968 0.32573747634887695 0.2006988674402237 0.3538779020309448 0.21409587562084198 0.3459862470626831 0.2214033156633377 0.3413800795873006 0.22566600143909454 0.36578532059987384 0.234800323843956 0.402324636777242 0.24697940051555634 0.4297569990158081 0.2603764235973358 0.45503942171732586 0.2682928144931793 0.46553067366282147 0.2500241994857788 0.46875250339508057 0.24454359710216522 0.4771832227706909 0.2402809113264084 0.4967336257298787 0.22749286890029907 0.5056237379709879 0.20678842067718506 0.5114867289861044 0.1982630491256714 0.515754779179891 0.18060337007045746 0.5125108162562052 0.15807205438613892 0.5104024807612101 0.14223924279212952 0.5051776965459188 0.1324959695339203 0.4958379666010539 0.13066910207271576 0.4712795416514079 0.12092582881450653 0.4478408495585124 0.11179151386022568 0.43037668863932294 0.10448406636714935 0.43581215540568036 0.09839451313018799 0.4200226068496704 0.0849975198507309 0.39391084512074787 0.07038261741399765 0.3807305892308553 0.050896067172288895 0.3661979039510091 0.04419757053256035 0.3593621651331584 0.049069203436374664 0.33915146191914874 0.054549794644117355 0.31081626812616986 0.05576770380139351 0.2945673664410909
1 0.23967194557189941 0.28673843542734784 0.2640301585197449 0.2968180974324544 0.2877793610095978 0.304240624109904 0.30909278988838196 0.31762178738911945 0.3243166208267212 0.3268243074417114 0.3340599238872528 0.33201728264490765 0.3377136290073395 0.34215450286865234 0.3297972083091736 0.3573731581370036 0.32005396485328674 0.36793792247772217 0.3133554458618164 0.37520114580790204 0.3060480058193207 0.3947356541951497 0.30483007431030273 0.4225955009460449 0.29874053597450256 0.43500391642252606 0.27803608775138855 0.43672017256418866 0.26220327615737915 0.4389595190684001 0.2506331503391266 0.4266245762507121 0.2402809113264084 0.4038461446762085 0.23297345638275146 0.36698468526204425 0.22810183465480804 0.34158098697662354 0.2214033156633377 0.32313432296117145 0.2317555546760559 0.30112771193186444
1 0.22079436480998993 0.10235753655433655 0.23662719130516052 0.10260625680287679 0.25672268867492676 0.09989159305890401 0.2737734019756317 0.09550230701764424 0.2841256260871887 0.09837627410888672 0.28047192096710205 0.11394897103309631 0.28290772438049316 0.14282316962877908 0.2865614593029022 0.16374196608861288 0.29325994849205017 0.187994122505188 0.2956957519054413 0.20525737603505453 0.30361220240592957 0.21906606356302896 0.30726590752601624 0.23169132073720297 0.30665692687034607 0.2539147734642029 0.2981316149234772 0.2706231077512105 0.2902151644229889 0.2717427810033162 0.27499133348464966 0.24429450432459512 0.27072861790657043 0.2406230370203654 0.2579405903816223 0.23292609055836996 0.245152547955513 0.21361819903055826 0.23662719130516052 0.20461658636728922 0.22262123227119446 0.19492282470067343 0.22871077060699463 0.16012189785639444 0.23297345638275146 0.14057148496309915 0.22749286890029907 0.12246291836102803
1 0.18121233582496643 0.10878528157869975 0.19704514741897583 0.11069268981615703 0.20800632238388062 0.10875957210858662 0.21531377732753754 0.10830019911130269 0.22323018312454224 0.12293823560078938 0.2238391488790512 0.14384108781814575 0.22018541395664215 0.15775510668754578 0.21774959564208984 0.16703110933303833 0.20496155321598053 0.14606451988220215 0.19400037825107574 0.13389861583709717 0.18547500669956207 0.12323829531669617
1 0.2427167296409607 0.22372355063756308 0.25428688526153564 0.2385465701421102 0.26463907957077026 0.2422498861948649 0.27316445112228394 0.24959278106689453 0.2847345769405365 0.27436800797780353 0.29325994849205017 0.27922286589940387 0.30970171093940735 0.26388295491536456 0.31518229842185974 0.2430119514465332 0.3103106617927551 0.2234137455622355 0.3060480058193207 0.21310746669769287 0.3030032217502594 0.2089447776476542 0.30422112345695496 0.19850130875905356 0.31700918078422546 0.19873408476511636 0.3364957273006439 0.20911999543507895 0.3480658531188965 0.22062559922536215 0.35171958804130554 0.2440324624379476 0.3535464406013489 0.2752256592114766 0.3553732931613922 0.29895472526550293 0.3474569022655487 0.30422115325927734 0.3419763147830963 0.3184573252995809 0.33284199237823486 0.3217269380887349 0.3157912492752075 0.31118788321812946 0.29691368341445923 0.30180037021636963 0.27499133348464966 0.28907954692840576 0.25489580631256104 0.2801832358042399 0.24880626797676086 0.2701991597811381 0.24697940051555634 0.2506168683369954 0.245152547955513 0.23684006929397583
1 0.03153131902217865 0.5043197870254517 0.04912279546260834 0.513370156288147 0.06136034429073334 0.5303091605504354 0.07053850591182709 0.5474405288696289 0.08430574834346771 0.558554212252299 0.10036753118038177 0.5505132675170898 0.11107538640499115 0.5441109339396158 0.11107538640499115 0.5607775847117106 0.1018972247838974 0.5644796291987101 0.09118936955928802 0.5760902166366577 0.08660028874874115 0.5998162031173706 0.0774221271276474 0.6181015173594157 0.07512758672237396 0.63621453444163 0.06671427190303802 0.6463788350423177 0.05524156987667084 0.6556938489278158 0.0407094806432724 0.6558260917663574 0.03535555303096771 0.6407981316248575 0.04147432744503021 0.6195801099141439 0.03994463384151459 0.5972804228464762 0.032296162098646164 0.5691154400507609 0.023118002340197563 0.5488591194152832 0.027707083150744438 0.5230497519175211
2 0.045298561453819275 0.5821001529693604 0.05600641667842865 0.5965311527252197 0.05371187627315521 0.6042275031407675 0.04350481554865837 0.5994903246561686 0.0395212359726429 0.5852084954579672
1 0.013118338771164417 0.5254232883453369 0.01807567849755287 0.5547702312469482 0.028698552399873734 0.5712223847707113 0.03365589305758476 0.5938177903493246 0.034364085644483566 0.6200560728708903 0.030823128297924995 0.6460791826248169 0.03790504112839699 0.6731224060058594 0.040737807750701904 0.6999505360921224 0.03507227450609207 0.7234547932942709 0.020200254395604134 0.7280066013336182 0.010498031042516232 0.7289835611979166 0.010498030111193657 0.6394720872243246 0.012410147115588188 0.5802034934361776 0.010498030111193657 0.5666518211364746
1 0.13634365797042847 0.5123720169067383 0.158297598361969 0.520395835240682 0.1590057909488678 0.5437405904134115 0.15546482801437378 0.5774797598520914 0.15121567249298096 0.6052352984746298 0.1413010060787201 0.6063408454259237 0.12926174700260162 0.5827439228693644 0.11651429533958435 0.5666664044062296 0.12217982858419418 0.542197585105896 0.12855355441570282 0.530463973681132 0.13280270993709564 0.5200695594151815
1 0.10589142888784409 0.5675752957661947 0.11793068051338196 0.5795981884002686 0.13067813217639923 0.5976046721140543 0.14696653187274933 0.6272038221359253 0.15334026515483856 0.6472989320755005 0.15050749480724335 0.6696606477101644 0.13492727279663086 0.6875189145406088 0.1250125914812088 0.6895889441172282 0.10659961402416229 0.6651870409647623 0.08960302174091339 0.6450364589691162 0.08039653301239014 0.6386224826176962 0.08818664401769638 0.6079919338226318 0.09951770305633545 0.5841315189997355
1 0.3112669587135315 0.0680712064107259 0.32330620288848877 0.06562648216883342 0.3424273729324341 0.08250892659028371 0.35446664690971375 0.1051413615544637 0.3657977283000946 0.13239972790082297 0.37358781695365906 0.16156856218973795 0.3785451352596283 0.17451886336008707 0.37004685401916504 0.20013028383255005 0.359423965215683 0.20971975723902384 0.3473847210407257 0.20734194914499918 0.333220899105072 0.19569377104441324 0.32259804010391235 0.17827709515889487 0.3289717435836792 0.1453243394692739 0.33676183223724365 0.10794225335121155 0.33534547686576843 0.09115243951479594 0.3254307806491852 0.07971938451131184 0.3155161142349243 0.07889591157436371
1 0.37217143177986145 0.08112134536107381 0.37358781695365906 0.09598214427630107 0.37571239471435547 0.12743616104125977 0.3778369724750519 0.14828060070673624 0.38704344630241394 0.16337507963180542 0.39129260182380676 0.16937724749247232 0.3941253423690796 0.1489445368448893 0.40970557928085327 0.14169581731160483 0.4302431344985962 0.15221992135047913 0.43803322315216064 0.16306314865748087 0.4472397267818451 0.1694770654042562 0.4691936671733856 0.1620687743028005 0.47485920786857605 0.1472450296084086 0.4628199338912964 0.10435796777407329 0.45340219140052795 0.05923626323541006 0.4397442042827606 0.05325619379679362 0.42126578092575073 0.04922044277191162 0.4051975607872009 0.06336080531279246 0.3820860981941223 0.08194482326507568
1 0.3976663053035736 0.15282108386357626 0.40828919410705566 0.1499831477801005 0.42316123843193054 0.15507638454437256 0.43803322315216064 0.1746372183163961 0.43944960832595825 0.19239155451456705 0.4366168677806854 0.21668227513631186 0.4330759048461914 0.23306035995483398 0.42032843828201294 0.2526695728302002 0.40828919410705566 0.2609013319015503 0.3969581425189972 0.261613667011261 0.38916802406311035 0.24112538496653238 0.3934171795845032 0.2104763388633728 0.3976663053035736 0.1856143077214559 0.3983745276927948 0.16941428184509277
1 0.38916802406311035 0.19482908646265665 0.37571239471435547 0.21134819587071738 0.3636731207370758 0.22536698977152506 0.35800760984420776 0.24404877424240112 0.3615485429763794 0.2778249979019165 0.3636731505393982 0.3083145022392273 0.3672140836715698 0.32955219348271686 0.3820860981941223 0.3423614501953125 0.39270898699760437 0.34627509117126465 0.40545642375946045 0.3507785002390544 0.4182038903236389 0.35913991928100586 0.42528578639030457 0.3659285306930542 0.434492290019989 0.3655909299850464 0.44086602330207825 0.35771532853444415 0.4486561119556427 0.3319072922070821 0.4606953561306 0.31210148334503174 0.45715442299842834 0.2802542448043823 0.4521970748901367 0.25187182426452637 0.4444069564342499 0.23041903972625732 0.4337840974330902 0.24772457281748453 0.42386940121650696 0.2613686720530192 0.40828919410705566 0.2686173915863037 0.3941253423690796 0.26564977566401166 0.38775163888931274 0.2523062427838643 0.3842106759548187 0.23203309377034506 0.38633525371551514 0.21526179711023966
1 0.16679589450359344 0.5275776386260986 0.17954334616661072 0.5262940327326456 0.19724813103675842 0.5263866583506266 0.2121201455593109 0.5507700045903524 0.2298249453306198 0.5788333415985107 0.2454051524400711 0.5918392340342203 0.25461164116859436 0.6117562055587769 0.26594269275665283 0.635156512260437 0.266650915145874 0.6517498095830282 0.2652345299720764 0.6773982842763265 0.25602802634239197 0.6864163875579834 0.23690685629844666 0.6811079978942871 0.21707749366760254 0.6775321165720621 0.20220547914505005 0.6772613525390625 0.18450067937374115 0.6704171498616537 0.16608770191669464 0.6566248734792074 0.1568812131881714 0.6318853298823038 0.15404844284057617 0.614702304204305 0.1611303687095642 0.5751945972442627 0.16325493156909943 0.548778216044108 0.16537950932979584 0.5368295113245646
1 0.4699018597602844 0.10439502199490865 0.4706100523471832 0.11905921498934428 0.4805247485637665 0.14110182722409567 0.49114760756492615 0.13054785132408142 0.5024786591529846 0.11826144655545552 0.4861902594566345 0.11084598302841187
1 0.5116851925849915 0.12178184588750203 0.5297261476516724 0.12309847275416057 0.5490080118179321 0.10656771063804626 0.5591340065002441 0.1339899798234304 0.5548848509788513 0.15306496620178223 0.5478029251098633 0.1626729667186737 0.5272653698921204 0.15600687265396118 0.5046032667160034 0.15164447824160257 0.4975213408470154 0.15739446878433228 0.4854820668697357 0.15308764576911926 0.49327215552330017 0.135960191488266 0.501062273979187 0.12944230437278748
1 0.47840017080307007 0.1559441089630127 0.49398037791252136 0.16219846407572427 0.5038950443267822 0.1745960315068563 0.5152260661125183 0.1835287610689799 0.5265571475028992 0.19631952047348022 0.5385964512825012 0.21509393056233725 0.5506356954574585 0.2232587734858195 0.5563012361526489 0.23447670539220175 0.5577176213264465 0.2493374745051066 0.5541766881942749 0.26764458417892456 0.5506356954574585 0.2849871714909871 0.5173506736755371 0.2844272057215373 0.5053114295005798 0.2839784224828084 0.4868984520435333 0.2846536835034688 0.47415098547935486 0.2782212495803833 0.45573803782463074 0.246103306611379 0.4451151490211487 0.21614803870519003 0.4493643045425415 0.18549899260203043 0.46140357851982117 0.17244470119476318
1 0.5718814134597778 0.1452449361483256 0.5570093989372253 0.16715786854426065 0.5513438582420349 0.18101712067921957 0.5555930137634277 0.20052236318588257 0.5612586140632629 0.21849183241526285 0.5662159323692322 0.23722918828328451 0.5718814134597778 0.24555357297261557 0.5810879468917847 0.25003846486409503 0.5938353538513184 0.25550639629364014 0.602333664894104 0.2511141300201416 0.5966681241989136 0.20903201897939047 0.5910025835037231 0.18141750494639078 0.5853371024131775 0.15766102075576782 0.5789633393287659 0.13853045304616293
0 0.5046032667160034 0.15936052799224854 0.5180588960647583 0.16020254294077554 0.535763680934906 0.17476274569829306 0.5435537695884705 0.1884994904200236 0.5499275326728821 0.2057010531425476 0.5541766881942749 0.21749025583267212 0.5407209992408752 0.20700319608052573 0.5279735922813416 0.188996692498525 0.5208916664123535 0.17931457360585532 0.5109769701957703 0.17173955837885538
1 0.5910025835037231 0.14573078354199728 0.5959599614143372 0.16639715433120728 0.6079992055892944 0.18227803707122803 0.6136647462844849 0.19349596897761026 0.6157892942428589 0.2210919459660848 0.6207466721534729 0.2600839336713155 0.6207466721534729 0.281303068002065 0.6221630573272705 0.30195091168085736 0.6242876052856445 0.3150792916615804 0.624995768070221 0.3249209721883138 0.6278285384178162 0.3382459878921509 0.6327859163284302 0.3598768711090088 0.6419923901557922 0.38268736998240155 0.6497825384140015 0.40317567189534503 0.6526152491569519 0.4232522249221802 0.6547398567199707 0.4440966447194417 0.6533234715461731 0.4572065273920695 0.6490743160247803 0.45699139436086017 0.6377432942390442 0.42201701800028485 0.6278285384178162 0.3806842565536499 0.6164975166320801 0.35439038276672363 0.6136647462844849 0.3420298894246419 0.609415590763092 0.31770211458206177 0.6087073683738708 0.30786043405532837 0.6079992055892944 0.3018768032391866 0.6079992055892944 0.2845156788825989 0.609415590763092 0.26272525389989215 0.6079992055892944 0.24979346990585327 0.6058745980262756 0.2164104382197062 0.5987926721572876 0.18454468250274658 0.5938353538513184 0.1706298589706421 0.5902944207191467 0.1571082572142283
1 0.5987926721572876 0.1440354287624359 0.6030418276786804 0.16064717372258505 0.6101237535476685 0.1761163274447123 0.6172056794166565 0.18869195381800333 0.6214548349380493 0.2149487535158793 0.6228712201118469 0.23173854748408 0.6257039904594421 0.2489216128985087 0.6271203756332397 0.2676404118537903 0.6313695311546326 0.27653612693150836 0.6427006125450134 0.2777527968088786 0.6519070863723755 0.26680562893549603 0.6575726270675659 0.2433013121287028 0.6604053974151611 0.21997507413228354 0.6681954860687256 0.19513156016667685 0.6717364192008972 0.17393096288045248 0.6759856343269348 0.1635365386803945 0.6711264252662659 0.13718737165133157 0.6558616161346436 0.13076122601826987 0.6397934556007385 0.1350539227326711 0.6205115914344788 0.1362660527229309
1 0.6958149671554565 0.16904151439666748 0.6936903595924377 0.1887063185373942 0.6993559002876282 0.214391827583313 0.7142279744148254 0.23298815886179605 0.7333491444587708 0.24311908086140951 0.7545948624610901 0.24998178084691366 0.7609685659408569 0.26139628887176514 0.7638013362884521 0.27375678221384686 0.7645095586776733 0.28938549757003784 0.7715914845466614 0.2971385916074117 0.7822142839431763 0.30008769035339355 0.7878798246383667 0.2785123984018962 0.7928372025489807 0.23455685377120972 0.8006272912025452 0.20006829500198364 0.7852107286453247 0.16995340585708618 0.7683390974998474 0.16526952385902405 0.7378095388412476 0.16554748018582663 0.7078542113304138 0.17045480012893677
1 0.04711152985692024 0.6660332679748535 0.0733146145939827 0.6559465328852335 0.08039653301239014 0.6521256367365519 0.09810131788253784 0.6686147848765055 0.1080159991979599 0.6819768746693929 0.11722249537706375 0.7028583685557047 0.12005525827407837 0.7229349613189697 0.12217982858419418 0.7437793413798014 0.1257207840681076 0.7611590226491293 0.1243044063448906 0.7752334276835123 0.11014057695865631 0.7828752994537354 0.10518323630094528 0.7892151673634847 0.10447504371404648 0.8218117554982504 0.10447504371404648 0.8507468700408936 0.09385217726230621 0.8574428558349609 0.07756377011537552 0.8403824170430502 0.057734403759241104 0.8069067001342773 0.06410812586545944 0.7691314220428467 0.05348525568842888 0.7536437511444092 0.04286238178610802 0.7352625528971354 0.04357057437300682 0.7017014026641846 0.04569514840841293 0.6781785488128662
1 0.16467133164405823 0.6755217711130778 0.19653993844985962 0.6901560624440511 0.21566110849380493 0.6877484321594238 0.2418641895055771 0.6940584182739258 0.259568989276886 0.7047605514526367 0.26806727051734924 0.7167648474375407 0.26948365569114685 0.7374127705891927 0.2744410037994385 0.7657951513926188 0.2815229296684265 0.8015189170837402 0.26806727051734924 0.8074284394582113 0.2461133450269699 0.8032627105712891 0.23053313791751862 0.7902567386627197 0.21495291590690613 0.7820734182993571 0.20645461976528168 0.7729625701904297 0.1915826052427292 0.7427922089894613 0.1781269609928131 0.7226600646972656 0.1604221761226654 0.716780424118042 0.1413010060787201 0.7047204176584879 0.1405928134918213 0.691985289255778
1 0.13563546538352966 0.7147216796875 0.14767472445964813 0.7363896369934082 0.1420091986656189 0.7541069189707438 0.13421909511089325 0.7664117813110352 0.13138632476329803 0.7820219993591309 0.12784536182880402 0.8012935320536295 0.13705186545848846 0.8269975980122884 0.1420091986656189 0.8331964015960693 0.158297598361969 0.8386828104654948 0.16537950932979584 0.8329328695933024 0.18450067937374115 0.8353477319081625 0.20291367173194885 0.8375659783681234 0.20291367173194885 0.8192403316497803 0.1937071681022644 0.8002878030141195 0.18804164230823517 0.7784603436787924 0.1752942055463791 0.7556313673655192 0.16467133164405823 0.7411081790924072 0.14838291704654694 0.7279056708017985
1 0.2815228998661041 0.46587077776590985 0.292853981256485 0.45165542761484784 0.3119751513004303 0.43960265318552655 0.34101101756095886 0.4399474859237671 0.359423965215683 0.44602378209431964 0.37075504660606384 0.46170806884765625 0.3771287798881531 0.47890961170196533 0.3750041723251343 0.4976098934809367 0.37217143177986145 0.5122555494308472 0.3750041723251343 0.5304030974706014 0.3764205873012543 0.552015463511149 0.366505891084671 0.5569790204366049 0.3509256839752197 0.5487956206003824 0.32543081045150757 0.5301437377929688 0.3091423809528351 0.5207992394765218 0.2956867516040802 0.5093477169672648 0.28718844056129456 0.48962732156117755
1 0.25319525599479675 0.48115471998850506 0.27090004086494446 0.47738929589589435 0.28577208518981934 0.5008081595102946 0.2907294034957886 0.5176165103912354 0.2836475074291229 0.531082550684611 0.2737328112125397 0.5321880578994751 0.2588607966899872 0.5290238459904989 0.25390344858169556 0.5218605200449625 0.25107067823410034 0.49696147441864014
1 0.35588300228118896 0.31290340423583984 0.3636731505393982 0.3382141987482707 0.38633525371551514 0.35607969760894775 0.40828919410705566 0.3612099885940552 0.4167874753475189 0.36549830436706543 0.42316123843193054 0.38173532485961914 0.427410364151001 0.4022050698598226 0.42032843828201294 0.41084857781728107 0.4026236832141876 0.4097914695739746 0.39200079441070557 0.39719728628794354 0.3764205873012543 0.3832268714904785 0.3650895059108734 0.3665781021118164 0.35163387656211853 0.342587947845459 0.3473847210407257 0.3298342227935791 0.3488011062145233 0.32154689232508343
1 0.6349104642868042 0.4771718978881836 0.6547398567199707 0.4653157790501912 0.6660708785057068 0.4539938767751058 0.6823592782020569 0.4556223551432292 0.7121033668518066 0.47063136100769043 0.7298081517219543 0.4794045289357503 0.7397227883338928 0.4889085292816162 0.7418473958969116 0.5145755608876547 0.7432637810707092 0.555478016535441 0.7397227883338928 0.5795721213022867 0.7326408624649048 0.5959316889444987 0.7248507738113403 0.6130591233571371 0.7085623741149902 0.6365078687667847 0.6958149671554565 0.6455075343449911 0.6816511154174805 0.6425399382909139 0.673861026763916 0.6326611836751302 0.6582807898521423 0.5926491022109985 0.6497825384140015 0.5671416918436686 0.639159619808197 0.5487604935963949 0.6235794425010681 0.5280385414759318 0.6221630573272705 0.49967463811238605 0.6278285384178162 0.4848508834838867
1 0.5697568655014038 0.25846681992212933 0.5874616503715515 0.2682045300801595 0.60020911693573 0.27174343665440875 0.602333664894104 0.294516921043396 0.602333664894104 0.30898449818293255 0.5881698727607727 0.3089103897412618 0.5740060210227966 0.3059427738189697 0.560550332069397 0.3031717340151469 0.5577176213264465 0.28791773319244385 0.5619667768478394 0.27462979157765705
1 0.5109769701957703 0.34438618024190265 0.5215998291969299 0.3386546770731608 0.5315145254135132 0.320188045501709 0.5435537695884705 0.3119562864303589 0.5619667768478394 0.31224552790323895 0.5810879468917847 0.3175538976987203 0.6009172797203064 0.3269169131914775 0.609415590763092 0.34374380111694336 0.6150811314582825 0.3703937927881877 0.6193302869796753 0.3860410451889038 0.6257039904594421 0.40613611539204914 0.6285367608070374 0.4300706783930461 0.6313695311546326 0.45111175378163654 0.6214548349380493 0.4647558530171712 0.6030418872833252 0.47121814886728924 0.5931271910667419 0.4761816660563151 0.5775469541549683 0.4602822462717692 0.563383162021637 0.4563501278559367 0.5393046140670776 0.455452561378479 0.5279735922813416 0.45423587163289386 0.5201834440231323 0.4462861617406209 0.5138097405433655 0.4223330815633138 0.5109769701957703 0.3906824588775635 0.5102687478065491 0.3683021863301595 0.5095605850219727 0.3565315008163452
1 0.4649445414543152 0.2824169198671977 0.48760664463043213 0.2944953640302022 0.5053114295005798 0.29555249214172363 0.5258489847183228 0.2945025563240051 0.5385964512825012 0.2941834330558777 0.5506356954574585 0.2955967386563619 0.5492193102836609 0.304848571618398 0.5350555181503296 0.3086325128873189 0.5230162739753723 0.31493526697158813 0.5159343481063843 0.32261425256729126 0.5088524222373962 0.3283642331759135 0.49398037791252136 0.32712902625401813 0.4798165261745453 0.3231968879699707 0.47131824493408203 0.316015084584554 0.4684854745864868 0.302690068880717
1 0.32118162512779236 0.3785011370976766 0.3268471658229828 0.4012931187947591 0.3339290916919708 0.40808173020680744 0.3438437581062317 0.3934731086095174 0.35729941725730896 0.391421635945638 0.36792227625846863 0.38761913776397705 0.37146323919296265 0.38667317231496173 0.3835025131702423 0.3967670202255249 0.39200079441070557 0.41455841064453125 0.40899738669395447 0.4260284900665283 0.427410364151001 0.42728225390116376 0.42670220136642456 0.4348016579945882 0.39270898699760437 0.4301871061325073 0.3771287798881531 0.43357781569163006 0.366505891084671 0.4393092393875122 0.35163387656211853 0.4342160224914551 0.3325127065181732 0.42987215518951416 0.32047346234321594 0.4284588893254598 0.3112669587135315 0.4259030024210612 0.3119751513004303 0.4077739715576172 0.3140997290611267 0.3900381724039714
1 0.5112477540969849 0.007455591112375259 0.5192818641662598 0.02719300736983617 0.5281193256378174 0.05043600996335348 0.542580783367157 0.08180545270442963 0.5490080118179321 0.09343746304512024 0.5610591769218445 0.08474701642990112 0.5755205750465393 0.0854791800181071 0.5827512741088867 0.08092143138249715 0.5931956171989441 0.06740815440813701 0.602836549282074 0.052577649553616844 0.6132808327674866 0.048912043372790016 0.6229217648506165 0.051588540275891624 0.6269388794898987 0.04613862931728363 0.6197081804275513 0.03756612539291382 0.6085729002952576 0.03014180064201355 0.5723069310188293 0.020073723047971725 0.5570421814918518 0.015835948288440704 0.5361534953117371 0.010036878287792206 0.5208886861801147 0.005799103528261185 0.5128545761108398 0.003568688097099463
1 0.6727332472801208 0.25908827781677246 0.6896048784255981 0.27690239747365314 0.7032628655433655 0.2927301526069641 0.720134437084198 0.3138268192609151 0.7329890131950378 0.33161993821461994 0.7498607039451599 0.3549049695332845 0.7651254534721375 0.37993232409159344 0.7683390974998474 0.3983314832051595 0.7651254534721375 0.42260563373565674 0.7570914030075073 0.44554158051808673 0.7506641149520874 0.4590758482615153 0.7434333562850952 0.4712928930918376 0.7265617847442627 0.46660904089609784 0.7121003866195679 0.4582175811131795 0.6960321664810181 0.45266254742940265 0.6847844123840332 0.4473515748977661 0.6751435399055481 0.44467512766520184 0.6663059592247009 0.44222164154052734 0.6622889637947083 0.4334471623102824 0.658271849155426 0.41044819355010986 0.6534514427185059 0.3839436372121175 0.6558616161346436 0.3627289930979411 0.6638957858085632 0.34088730812072754 0.6606820821762085 0.32029974460601807 0.6590752601623535 0.29906409978866577 0.6638957858085632 0.277424414952596 0.6638957858085632 0.2653883496920268
1 0.6301525235176086 0.29978811740875244 0.6373831629753113 0.2908535997072856 0.6478275060653687 0.28171708186467487 0.6574684381484985 0.27892263730367023 0.6518446207046509 0.306904415289561 0.6518446207046509 0.3298823634783427 0.6526480317115784 0.3498007853825887 0.6478275060653687 0.3626869519551595 0.6430070996284485 0.3646312952041626 0.6349729299545288 0.33942294120788574 0.6317593455314636 0.31445862849553424
1 0.7964584827423096 0.41598562399546307 0.7980653047561646 0.3912653923034668 0.8077062368392944 0.3589278856913249 0.8237744569778442 0.34150493144989014 0.8382357954978943 0.33676616350809735 0.8567143082618713 0.3408019542694092 0.8743892908096313 0.33695530891418457 0.8920643329620361 0.33639129002888996 0.8992950320243835 0.3471521536509196 0.9113461971282959 0.3745698928833008 0.9233973026275635 0.40198763211568195 0.9113461971282959 0.42709092299143475 0.9041154980659485 0.4480615059534709 0.8976882100105286 0.4681609074274699 0.8880472779273987 0.4851797819137573 0.8695688247680664 0.48880334695180255 0.8543040752410889 0.4976958433787028 0.8334153890609741 0.5126863320668539 0.8197574019432068 0.5154597759246826 0.8077062368392944 0.5121141274770101 0.8101164698600769 0.5040297508239746 0.8197574019432068 0.5023295084635416 0.8302017450332642 0.48991040388743085 0.8285948634147644 0.4785224199295044 0.8157402873039246 0.4662002722422282 0.805296003818512 0.46330074469248456 0.7948516607284546 0.4593070348103841 0.7972618937492371 0.4435633420944214 0.798868715763092 0.42759660879770917
1 0.8157402873039246 0.6303284168243408 0.8245778679847717 0.6437237660090128 0.8302017450332642 0.6638862291971842 0.8390392065048218 0.6729048093159994 0.8510903716087341 0.6729678312937418 0.862338125705719 0.666242758433024 0.8679620623588562 0.6546737750371298 0.8751927018165588 0.6544927755991617 0.8719790577888489 0.6743901570638021 0.8679620623588562 0.6984412670135498 0.8647484183311462 0.7139619191487631 0.8510903716087341 0.7068876425425211 0.8358256220817566 0.6960848172505697 0.8157402873039246 0.6806610425313314 0.8044925928115845 0.6665966113408407 0.7908346056938171 0.6573339700698853 0.7852107286453247 0.649207592010498
1 0.5988194942474365 0.6543598175048828 0.6108706593513489 0.6500461101531982 0.6245285868644714 0.649461030960083 0.640596866607666 0.6506393353144327 0.6606820821762085 0.6562153498331705 0.6727332472801208 0.6595609585444132 0.6799639463424683 0.6812636852264404 0.6823741793632507 0.7038165728251139 0.686391294002533 0.7279097239176432 0.6896048784255981 0.7484972476959229 0.6952287554740906 0.7653772036234537 0.6976390480995178 0.7912126382191976 0.7016560435295105 0.8076464335123698 0.6839810013771057 0.8202465375264486 0.659878671169281 0.8310623168945312 0.6414002776145935 0.8259324232737223 0.6172979474067688 0.8192412058512369 0.604443371295929 0.811295747756958 0.5956058502197266 0.7913352648417155 0.5875717401504517 0.7715978622436523 0.5755205750465393 0.749651034673055 0.5698966979980469 0.7426188786824545 0.578734278678894 0.7133408387502035 0.5891785621643066 0.6866973241170248 0.5939990282058716 0.6716227531433105
2 0.7157157063484192 0.3859106699625651 0.7221430540084839 0.3811299006144206 0.7293736934661865 0.3918907642364502 0.7261600494384766 0.4019404649734497 0.7205361723899841 0.4036617676417033 0.7149122953414917 0.3977237145105998
0 0.8000738024711609 0.08545046051343282 0.7928431630134583 0.1064210335413615 0.792039692401886 0.1379294196764628 0.792039692401886 0.16637829939524332 0.8008772134780884 0.17867944637934366 0.8089113831520081 0.17762728532155356 0.8153386116027832 0.1597162385781606 0.8185523152351379 0.14200722177823386 0.8185523152351379 0.12121765812238057 0.8161420226097107 0.10413571198781331 0.8121249675750732 0.09426701068878174
0 0.8233727216720581 0.14881640672683716 0.8410478234291077 0.15591169397036234 0.8547057509422302 0.1684568723042806 0.8747909665107727 0.17622127135594687 0.8868421316146851 0.1959796945254008 0.8916626572608948 0.21373077233632407 0.8900558352470398 0.2198498249053955 0.8908592462539673 0.2397682269414266 0.8900558352470398 0.24720452229181925 0.8780046701431274 0.2526123921076457 0.8619364500045776 0.24268062909444174 0.8514921069145203 0.23102758328119913 0.8418511748313904 0.20865573485692343 0.8370307087898254 0.19965815544128418 0.8257829546928406 0.18887627124786377 0.8177489042282104 0.18336331844329834 0.8209624886512756 0.1645600994427999
0 0.3606082797050476 0.6276188691457113 0.36623215675354004 0.613861600557963 0.3806935250759125 0.6091227928797404 0.4047958552837372 0.6169082323710123 0.41684702038764954 0.6147828896840414 0.4393424987792969 0.6177454789479574 0.4530004858970642 0.6193488041559855 0.4618380069732666 0.6250848372777303 0.45621412992477417 0.6388421853383383 0.4433595836162567 0.6451212167739868 0.428094744682312 0.6452601353327433 0.4112231433391571 0.651518185933431 0.39997538924217224 0.6659026145935059 0.39033448696136475 0.6741680304209391 0.38230034708976746 0.6609957218170166 0.37587305903434753 0.64936363697052
0 0.3702491819858551 0.7167362372080485 0.3879242241382599 0.7030418713887533 0.39917197823524475 0.698505163192749 0.40800949931144714 0.7075237433115641 0.42247089743614197 0.708255926767985 0.43371862173080444 0.7091901302337646 0.4393424987792969 0.7227875391642252 0.4385391175746918 0.7411656379699707 0.4305049777030945 0.746594508488973 0.420864075422287 0.7395412921905518 0.41604360938072205 0.7305437723795573 0.4112231433391571 0.7237345377604166 0.4023856222629547 0.7190926869710287 0.38953107595443726 0.7199007670084635 0.3806935250759125 0.7283892631530762 0.37185603380203247 0.7281241416931152
0 0.49317100644111633 0.9554745356241862 0.4939744174480438 0.9349080721537272 0.49718809127807617 0.929235061009725 0.508435845375061 0.9422053496042887 0.5204870104789734 0.9553987185160319 0.529324471950531 0.9644172191619873 0.532538115978241 0.971874475479126 0.5365551710128784 0.9904967943827311 0.5405722260475159 1.0 0.5421174764633179 1.0 0.5245040059089661 1.0 0.5116494297981262 0.9934301376342773 0.5036153197288513 0.9736927350362142
0 0.7478521466255188 0.8740865389506022 0.7382112145423889 0.89438796043396 0.7197327613830566 0.9352138837178549 0.7133055329322815 0.9531249205271403 0.7149122953414917 0.9656070868174235 0.7197327613830566 0.9724162419637045 0.731783926486969 0.9429361820220947 0.7462453246116638 0.9064660867055258 0.7550828456878662 0.8925066788991293 0.7550828456878662 0.8815647761027018
0 0.8611330389976501 0.9350783824920654 0.8780046701431274 0.9189726511637369 0.8924660682678223 0.9076687494913737 0.8972864747047424 0.8980651696523031 0.9085342288017273 0.9110353787740072 0.9205853939056396 0.9318879445393881 0.9262093305587769 0.9476737181345621 0.914961576461792 0.9686233202616373 0.9037138223648071 0.9808193842569987 0.8956797122955322 0.9917191664377848 0.8836285471916199 0.9861851533253988 0.8659535050392151 0.9779957135518392 0.8587228059768677 0.9727057615915934 0.8563125729560852 0.9589064121246338 0.8547057509422302 0.9453300635019938
0 0.9125513434410095 0.8968319098154703 0.931029736995697 0.8964909712473551 0.9495081901550293 0.8972442150115967 0.9639695882797241 0.9012589454650879 0.975217342376709 0.9054756959279379 0.9885458946228027 0.9206407070159912 0.9872685074806213 0.9317991733551025 0.9599525332450867 0.9231216112772623 0.9374570846557617 0.916876475016276 0.9262093305587769 0.9137539068857828 0.9141581654548645 0.9082198937733968
0 0.7775783538818359 0.41293251514434814 0.7880226969718933 0.4377158482869466 0.7832022309303284 0.4637322823206584 0.7791851162910461 0.4855949878692627 0.7823988199234009 0.4985232353210449 0.788826048374176 0.4992133378982544 0.7992704510688782 0.4736640453338623 0.8089113831520081 0.47415212790171307 0.8217658996582031 0.47990918159484863 0.8185523152351379 0.4910530646642049 0.8048943281173706 0.497109055519104 0.8024840354919434 0.5172295173009237 0.8145352005958557 0.5205751260121664 0.8289966583251953 0.5245898564656576 0.8442614078521729 0.512414813041687 0.8595262169837952 0.5046164989471436 0.8699705600738525 0.5020451545715332 0.8852353096008301 0.5030003388722738 0.8836285471916199 0.5222496589024862 0.8860387206077576 0.5469909111658732 0.8876455426216125 0.5616614023844401 0.8852353096008301 0.5795934995015463 0.8780046701431274 0.5863396326700846 0.8635432720184326 0.5779480934143066 0.8506886959075928 0.5700027147928873 0.8386375308036804 0.569939653078715 0.828193187713623 0.5725110769271851 0.8225693106651306 0.5829858382542928 0.8153386116027832 0.5897319714228312 0.8089113831520081 0.6032662789026896 0.8097147941589355 0.6231847206751505 0.8040908575057983 0.6325652599334717 0.7952533960342407 0.634488582611084 0.7848090529441833 0.6304948329925537 0.7791851162910461 0.6234626372655233 0.772757887840271 0.6194899082183838 0.7574930787086487 0.6163463592529297 0.7382112145423889 0.6077107985814413 0.7438350915908813 0.5939534505208334 0.7502623796463013 0.5508761008580526 0.7534760236740112 0.5145658651987711 0.7502623796463013 0.4896015723546346 0.7558862566947937 0.46927909056345624 0.7655271887779236 0.4478834867477417 0.7687407732009888 0.4312686125437419
0 0.9093376398086548 0.28975985447565716 0.9237990379333496 0.2631373405456543 0.9414740800857544 0.25600818792978924 0.9591491222381592 0.2543499668439229 0.9744139313697815 0.24874005715052286 0.9885458946228027 0.24513200918833414 0.9885458946228027 0.29971341292063397 0.9720036387443542 0.29402679204940796 0.9527218341827393 0.2930505673090617 0.9286195039749146 0.2973012328147888 0.9125513434410095 0.3114416201909383 0.9005001783370972 0.333262304464976 0.9005001783370972 0.311378538608551 0.9029104113578796 0.2945406635602315
0 0.6892032027244568 0.21989311774571738 0.7141088843345642 0.24103184541066489 0.728570282459259 0.2548942565917969 0.734997570514679 0.2730914155642192 0.7414248585700989 0.28362921873728436 0.7542794346809387 0.2762560248374939 0.7607067227363586 0.29554734627405804 0.772757887840271 0.30655227104822796 0.790432870388031 0.30489403009414673 0.7952533960342407 0.27997179826100665 0.7960568070411682 0.2506517767906189 0.8048943281173706 0.22684472799301147 0.8137317895889282 0.21726208925247192 0.8225693106651306 0.22956323623657227 0.8249795436859131 0.24773937463760376 0.8241761326789856 0.2584582169850667 0.8306034803390503 0.2657134731610616 0.8386375308036804 0.26356712977091473 0.8442614078521729 0.25965748230616253 0.8522955179214478 0.2629820704460144 0.8587228059768677 0.2768024802207947 0.8731842041015625 0.29504164059956867 0.8812183141708374 0.30602554480234784 0.8876455426216125 0.32094013690948486 0.8763977885246277 0.3232885003089905 0.8603296279907227 0.3242986003557841 0.8482784628868103 0.3253297408421834 0.833013653755188 0.32656292120615643 0.8177489042282104 0.32998446623484295 0.8073045611381531 0.33802680174509686 0.7968602180480957 0.3515400489171346 0.7944499850273132 0.3650953769683838 0.7912362813949585 0.38827534516652423 0.7896294593811035 0.4097130298614502 0.7799885272979736 0.39062368869781494 0.7582964897155762 0.34521087010701496 0.7438350915908813 0.3149356047312419 0.709288477897644 0.2878378629684448 0.6972373127937317 0.2724561889966329 0.6795622706413269 0.25551321109135944 0.6707247495651245 0.24430624643961588 0.6779554486274719 0.22990079720815024
1 0.2103704959154129 0.5224473476409912 0.2264387011528015 0.5181547005971273 0.2441137433052063 0.5110255082448324 0.2505410313606262 0.5346935987472534 0.266609251499176 0.5457195440928141 0.28026720881462097 0.5418519179026285 0.2931217849254608 0.5322902997334799 0.29713883996009827 0.52574622631073 0.31481388211250305 0.5372182528177897 0.328471839427948 0.5486692587534586 0.34052300453186035 0.557485818862915 0.3598048686981201 0.5639330148696899 0.376676470041275 0.5686168670654297 0.38230034708976746 0.5756490627924601 0.38230034708976746 0.5964386463165283 0.37587305903434753 0.6023136377334595 0.3606082797050476 0.6068293253580729 0.3533775508403778 0.6081045071283976 0.3445400595664978 0.6001801490783691 0.3348991274833679 0.5964094400405884 0.326865017414093 0.5985558032989502 0.31561729311943054 0.5987157821655273 0.2955320179462433 0.6029874881108602 0.2842842638492584 0.5976764758427938 0.28830134868621826 0.5801905393600464 0.2850876748561859 0.568356474240621 0.28107061982154846 0.5639586846033732 0.2682160437107086 0.560390035311381 0.2601819634437561 0.5625363985697428 0.2433103322982788 0.5622292757034302 0.23286600410938263 0.5735541979471842 0.22322507202625275 0.5511823495229086 0.2192080169916153 0.5402194658915201
1 0.25696828961372375 0.5868105491002401 0.2682160437107086 0.5789912541707357 0.2794637978076935 0.577737053235372 0.2778570055961609 0.5958921511967977 0.28107061982154846 0.6110088030497233 0.278660386800766 0.6289408604303995 0.2682160437107086 0.6238529682159424 0.26419901847839355 0.6128900448481241 0.25696828961372375 0.601034959157308
1 0.27544674277305603 0.643367330233256 0.2858910858631134 0.632042407989502 0.28990814089775085 0.6222157080968221 0.29713883996009827 0.6154696146647135 0.31481388211250305 0.6127171913782755 0.33088210225105286 0.6128012736638387 0.3429332375526428 0.6150526603062948 0.35016393661499023 0.6323786973953247 0.36382192373275757 0.6536773840586344 0.3702491819858551 0.6631209850311279 0.3839071989059448 0.6822313467661539 0.3871208131313324 0.6896886825561523 0.3694457709789276 0.6979119777679443 0.36703556776046753 0.7070905367533366 0.36703556776046753 0.7311626275380453 0.37587305903434753 0.7390871047973633 0.35900142788887024 0.7431566715240479 0.33891618251800537 0.7310155232747396 0.3220445513725281 0.7208607991536459 0.30597636103630066 0.7142115434010824 0.2939252257347107 0.7032066186269125 0.28267747163772583 0.6957073211669922 0.2770535945892334 0.6908635298411051 0.27223312854766846 0.6785833835601807 0.27303650975227356 0.6580168406168619
1 0.2762501835823059 0.7015822728474935 0.28830134868621826 0.7103989124298096 0.30597636103630066 0.7218708992004395 0.3124036490917206 0.7345971266428629 0.3091900050640106 0.7566828727722168 0.3035661280155182 0.7605924606323242 0.2963354289531708 0.7651503086090088 0.29071155190467834 0.7898494402567545 0.2955320179462433 0.8043179512023926 0.3027627170085907 0.8183614412943522 0.2931217849254608 0.8134965896606445 0.2858910858631134 0.7994530995686849 0.28107061982154846 0.7751369476318359 0.2762501835823059 0.7322195370992025
1 0.319634348154068 0.7289450963338217 0.3348991274833679 0.7397480805714926 0.34936052560806274 0.7503279050191244 0.36703556776046753 0.7607057094573975 0.3774798810482025 0.7701704502105713 0.3774798810482025 0.7997135321299235 0.37185603380203247 0.825506846110026 0.36623215675354004 0.8414525985717773 0.3549844026565552 0.8448951244354248 0.3469502925872803 0.8393820921579996 0.3348991274833679 0.813058614730835 0.32284796237945557 0.7878292401631674 0.31642067432403564 0.7652552922566732 0.31561729311943054 0.7508079210917155 0.319634348154068 0.7420753637949625
1 0.38310375809669495 0.7432827949523926 0.39194127917289734 0.7337001959482828 0.39997538924217224 0.7304596900939941 0.4104197323322296 0.7366417249043783 0.41845381259918213 0.7509082158406576 0.4288981556892395 0.7592786947886149 0.4353254437446594 0.7774758338928223 0.44175273180007935 0.8011438846588135 0.4377357065677643 0.8142531712849935 0.4353254437446594 0.8299968242645264 0.43211182951927185 0.838952382405599 0.4264879524707794 0.8505213260650635 0.42327427864074707 0.8594768047332764 0.4192572236061096 0.8703977266947428 0.4112231433391571 0.8725440502166748 0.3943515121936798 0.8667659759521484 0.3782833218574524 0.8612109820048014 0.3702491819858551 0.8567922115325928 0.37587305903434753 0.841940720876058 0.38149693608283997 0.7898867925008138 0.38310375809669495 0.7564130624135336
0 0.011124690994620323 0.7669405937194824 0.02076561748981476 0.7674287160237631 0.02397925965487957 0.778168519337972 0.018355386331677437 0.7919259071350098 0.010498031042516232 0.7993756135304769 0.010498031042516232 0.784273624420166
1 0.39113786816596985 0.5080745220184326 0.4096163213253021 0.5263346831003824 0.42247089743614197 0.5506929159164429 0.4288981556892395 0.5645132859547933 0.42568454146385193 0.5855048894882202 0.42327427864074707 0.6100020805994669 0.40720605850219727 0.60444708665212 0.3935481011867523 0.6006553967793783 0.3887276351451874 0.578527569770813 0.3855139911174774 0.5579400459925333 0.38149693608283997 0.5261875788370768 0.38149693608283997 0.5152457157770792
1 0.44898343086242676 0.7385942935943604 0.4642482399940491 0.7472087542215983 0.48111987113952637 0.7628344694773356 0.48433348536491394 0.7867046197255453 0.47549599409103394 0.8094174067179362 0.4682652950286865 0.8117868900299072 0.4554107189178467 0.8016530672709147 0.4465731978416443 0.7882577578226725 0.4393424987792969 0.7687434355417887 0.4393424987792969 0.7567073504130045 0.44255614280700684 0.747751792271932
1 0.4031890332698822 0.6843017737070719 0.4104197323322296 0.6698962847391764 0.4200606644153595 0.6550658146540324 0.43371862173080444 0.6555749575297037 0.4465731978416443 0.6514842510223389 0.46023115515708923 0.6476166645685831 0.4642482399940491 0.6640505393346151 0.4634448289871216 0.6857112248738607 0.45059025287628174 0.6930844783782959 0.4377357065677643 0.6971751054128011 0.428094744682312 0.698875347773234 0.41684702038764954 0.6968469619750977 0.40881291031837463 0.6957107384999593
1 0.37426626682281494 0.44430450598398846 0.3871208131313324 0.4402138789494832 0.4055992662906647 0.44206122557322186 0.42488110065460205 0.443037470181783 0.43452203273773193 0.43914886315663654 0.43452203273773193 0.4227360486984253 0.44898343086242676 0.42565659681955975 0.45862436294555664 0.4316156307856242 0.4795130491256714 0.4494507312774658 0.4859403371810913 0.4665536880493164 0.4867437183856964 0.4820953607559204 0.4859403371810913 0.5048502683639526 0.48995736241340637 0.5366027355194092 0.49236759543418884 0.5514963070551554 0.48995736241340637 0.5606748660405477 0.48192325234413147 0.5726689100265503 0.469068706035614 0.5734769900639852 0.44978684186935425 0.5746891498565674 0.4385391175746918 0.5737549463907877 0.43371862173080444 0.5570980707804362 0.42327427864074707 0.5388798713684082 0.40881291031837463 0.517358144124349 0.3967617452144623 0.5041648546854655 0.38953107595443726 0.497780720392863 0.3855139911174774 0.48244110743204754 0.3806935250759125 0.4690667788187663 0.37587305903434753 0.4578808546066284
1 0.4947778284549713 0.46025363604227704 0.5076324343681335 0.45506882667541504 0.5196835994720459 0.4616970221201579 0.527717649936676 0.47049252192179364 0.534144937992096 0.479936162630717 0.5389654040336609 0.503158171971639 0.5301279425621033 0.5204000870386759 0.5228971838951111 0.5326171716054281 0.5196835994720459 0.5481378237406412 0.5140596628189087 0.5553300380706787 0.5004016757011414 0.5559150775273641 0.4947778284549713 0.5335642099380493 0.49236759543418884 0.5164822737375895 0.48995736241340637 0.4961177905400594 0.48995736241340637 0.47642238934834796
1 0.45942777395248413 0.3311734199523926 0.4706754982471466 0.3299192388852437 0.4859403371810913 0.3341570297876994 0.5004016757011414 0.3403601249059041 0.5036153197288513 0.3707953691482544 0.506829023361206 0.4077957073847453 0.5108460187911987 0.43407726287841797 0.5132562518119812 0.4467824300130208 0.4947778284549713 0.44821759064992267 0.4875471293926239 0.4341741402943929 0.47549599409103394 0.4089448054631551 0.45942777395248413 0.38478859265645343 0.44978684186935425 0.37117024262746173 0.44898343086242676 0.35672275225321454 0.44978684186935425 0.34709811210632324
1 0.5381619930267334 0.46573273340861004 0.5502131581306458 0.4679841597874959 0.5694950222969055 0.4711488087972005 0.5791359543800354 0.4727311134338379 0.586366593837738 0.481303612391154 0.5968109369277954 0.4852973222732544 0.6080586910247803 0.47857220967610675 0.6176996231079102 0.48015451431274414 0.6128791570663452 0.5039825836817423 0.6048451066017151 0.5236359039942423 0.5984177589416504 0.5393585761388143 0.5839564204216003 0.5462857484817505 0.5743154883384705 0.550174355506897 0.5622643232345581 0.5501112937927246 0.5502131581306458 0.5511424541473389 0.5397688150405884 0.5548080205917358 0.5269142389297485 0.5632754564285278 0.5228971838951111 0.5610660711924235 0.5269142389297485 0.5457684596379598 0.5333415269851685 0.5355166991551717 0.5429824590682983 0.5217803716659546 0.5453926920890808 0.500565767288208 0.5421791076660156 0.4854491551717122
1 0.6642974615097046 0.05979259808858236 0.6779554486274719 0.0668668548266093 0.6908100247383118 0.08137738207976024 0.7052713632583618 0.10180493195851643 0.7189293503761292 0.11325593789418538 0.7382112145423889 0.11970311403274536 0.7518692016601562 0.11692969004313152 0.7623135447502136 0.10998153686523438 0.7607067227363586 0.08984007438023885 0.7510657906532288 0.07512752215067546 0.734997570514679 0.06738414367039998 0.7044679522514343 0.060002764066060386 0.6851860880851746 0.05464977522691091 0.6739383935928345 0.050433024764060974
0 0.63055419921875 0.03729461878538132 0.6377849578857422 0.048055494825045265 0.6498360633850098 0.05468367040157318 0.6570667624473572 0.05122009416421255 0.6594632267951965 0.04426984488964081
1 0.3043695390224457 0.0013020833333333333 0.3091900050640106 0.0013020833333333333 0.31642067432403564 0.0013020833333333333 0.3252582252025604 0.0013020833333333333 0.3365059494972229 0.014747743805249533 0.34212982654571533 0.03819278130928675 0.35016393661499023 0.05793018639087677 0.3614116907119751 0.07527720431486766 0.37265944480895996 0.06745790441830952 0.3871208131313324 0.05943657457828522 0.39997538924217224 0.044404039780298867 0.4128299355506897 0.03703082104523977 0.43452203273773193 0.04086455702781677 0.4465731978416443 0.04530435800552368 0.4546072781085968 0.0333103264371554 0.46023115515708923 0.023929737508296967 0.45782095193862915 0.013412927587827047 0.4610345661640167 0.0013020833333333333 0.4369322657585144 0.0013020833333333333 0.3849676549434662 0.0013020833333333333 0.33891618251800537 0.0013020833333333333 0.3276684284210205 0.0013020833333333333
1 0.469068706035614 0.0013020833333333333 0.4682652950286865 0.010841524849335352 0.47388917207717896 0.032098188996315 0.49156418442726135 0.03700509170691172 0.4955812394618988 0.050156354904174805 0.4939744174480438 0.06940565009911855 0.4883505403995514 0.07878623902797699 0.48192325234413147 0.09122635920842488 0.477906197309494 0.09667627016703288 0.49076077342033386 0.10462167859077454 0.5052221417427063 0.10973059137662251 0.5188801884651184 0.11023974418640137 0.5349483489990234 0.10813544193903606 0.5413756370544434 0.09569531679153442 0.529324471950531 0.07046595215797424 0.5212903618812561 0.04525760809580485 0.5124528408050537 0.027485527098178864 0.506829023361206 0.008417246863245964 0.5020084977149963 0.0016080532222986221 0.4891539514064789 0.0013020833333333333 0.47710278630256653 0.0013020833333333333
1 0.5582472681999207 0.1047559380531311 0.5678882002830505 0.09430218736330669 0.5807427763938904 0.10443596045176189 0.587973415851593 0.10097238421440125 0.5952041745185852 0.1084506909052531 0.5992211699485779 0.1216019590695699 0.5960075259208679 0.1305574874083201 0.5871700048446655 0.13138659795125326 0.573512077331543 0.12759489814440408 0.567084789276123 0.12690476576487222
1 0.5903837084770203 0.08522871136665344 0.6008279919624329 0.06952703495820363 0.6104689240455627 0.05907327930132548 0.6193064451217651 0.05933836102485657 0.6249303221702576 0.0816892037789027 0.6353746652603149 0.08677711089452107 0.6458190083503723 0.07545220851898193 0.6578701734542847 0.07113851110140483 0.6675111055374146 0.0716266284386317 0.6835792660713196 0.0859351356824239 0.6972373127937317 0.11270478367805481 0.710895299911499 0.13290929794311523 0.7173225283622742 0.14891805251439413 0.7060747742652893 0.15673734744389853 0.6916134357452393 0.15819355845451355 0.6835792660713196 0.16362245877583823 0.6795622706413269 0.1482828160127004 0.674741804599762 0.12943757573763529 0.6634940505027771 0.12193824847539265 0.6530497074127197 0.12232127785682678 0.6401951313018799 0.12422356009483337 0.628947377204895 0.12438354889551799 0.6193064451217651 0.12389542659123738 0.6104689240455627 0.11815940340360005 0.6032382845878601 0.11068110664685567 0.5968109369277954 0.09904908140500386
1 0.4433595836162567 0.5860350926717123 0.4554107189178467 0.5860981146494547 0.4698721170425415 0.5868302981058756 0.4859403371810913 0.5891027053197225 0.49076077342033386 0.6035712162653605 0.49879488348960876 0.6320621172587076 0.506829023361206 0.6539879639943441 0.5148630738258362 0.6682543754577637 0.49076077342033386 0.6604689757029215 0.4787096083164215 0.6560291846593221 0.469068706035614 0.6544468800226847 0.469068706035614 0.6435050169626871 0.4698721170425415 0.6284094254175822 0.4634448289871216 0.6134948333104452 0.44898343086242676 0.6083859205245972 0.4361288547515869 0.6059114138285319 0.4393424987792969 0.6013327042261759
1 0.49236759543418884 0.5810393492380778 0.4979914724826813 0.5716587702433268 0.5108460187911987 0.5675681432088217 0.5196835994720459 0.5743983189264933 0.529324471950531 0.5945818424224854 0.5405722260475159 0.6020811398824056 0.5558370351791382 0.6041305462519327 0.567084789276123 0.6006879806518555 0.5751188397407532 0.609483520189921 0.5871700048446655 0.6434663931528727 0.5887768268585205 0.6559485197067261 0.5759222507476807 0.6939590771993002 0.568691611289978 0.7214946746826172 0.5582472681999207 0.7043708165486654 0.5453926920890808 0.6964252789815267 0.532538115978241 0.6862915356953939 0.5253074169158936 0.6744364897410074 0.5188801884651184 0.6606161197026571 0.5092392563819885 0.640432596206665 0.5020084977149963 0.6176356474558512 0.4939744174480438 0.5957098801930746
1 0.5815461874008179 0.5554643074671427 0.5935973525047302 0.5533389647801717 0.6024348735809326 0.5448505481084188 0.6120757460594177 0.5278316736221313 0.6233235001564026 0.5495554208755493 0.6393917202949524 0.5671464602152506 0.6458190083503723 0.5864378213882446 0.628947377204895 0.5850365161895752 0.6136826276779175 0.5906464258829752 0.6096655130386353 0.6081324418385824 0.6128791570663452 0.6330967346827189 0.6096655130386353 0.6420522530873617 0.5968109369277954 0.640671968460083 0.589580237865448 0.62772270043691 0.5815461874008179 0.6057969331741333 0.5783325433731079 0.5939629077911377 0.5823495984077454 0.5863246122996012 0.5871700048446655 0.5690616369247437
1 0.6193064451217651 0.6020553906758627 0.632161021232605 0.595776359240214 0.6385883688926697 0.5964665015538534 0.6514428853988647 0.6055061419804891 0.6626906394958496 0.6206647555033366 0.6659042835235596 0.6379697322845459 0.6530497074127197 0.6431545416514078 0.6369814872741699 0.6397879521052042 0.6225200891494751 0.6379615863164266 0.6176996231079102 0.6245872577031454
1 0.6859895586967468 0.6588643789291382 0.7076815962791443 0.6594155629475912 0.7189293503761292 0.6592555443445841 0.7366043925285339 0.6488438447316488 0.7502623796463013 0.6438820362091064 0.7631169557571411 0.6397913694381714 0.7751681208610535 0.6442311604817709 0.7775783538818359 0.6569363673528036 0.7687407732009888 0.6654247840245565 0.7590999007225037 0.6704076131184896 0.7566896677017212 0.678491989771525 0.7671340107917786 0.6978042920430502 0.7719544768333435 0.7133670647939047 0.7815954089164734 0.7269853750864664 0.7952533960342407 0.740624745686849 0.8048943281173706 0.772844394048055 0.7880226969718933 0.7758197784423828 0.769544243812561 0.7925735314687093 0.7518692016601562 0.8051736354827881 0.7446385025978088 0.8152023951212565 0.7325873374938965 0.8238928318023682 0.7197327613830566 0.8181358178456625 0.7100918889045715 0.8034232457478842 0.7052713632583618 0.7791070938110352 0.6964338421821594 0.7328860759735107 0.6932201981544495 0.7046392758687338 0.6859895586967468 0.686219056447347 0.6819724440574646 0.6675968170166016
0 0.8298000693321228 0.5806164741516113 0.8386375308036804 0.5775989691416422 0.8522955179214478 0.5835790236790975 0.8627398610115051 0.5897611379623413 0.8763977885246277 0.593552827835083 0.8884490132331848 0.5968984762827555 0.8972864747047424 0.6059170166651408 0.8996967077255249 0.6306582689285278 0.9037138223648071 0.6525630553563436 0.9061240553855896 0.6685508092244467 0.8972864747047424 0.6803217728932699 0.8868421316146851 0.669762929280599 0.8836285471916199 0.6491754055023193 0.8755943775177002 0.6436624129613241 0.8627398610115051 0.6444704929987589 0.8530989289283752 0.6603952248891195 0.8466716408729553 0.6640818119049072 0.8394409418106079 0.6587918996810913 0.8338170647621155 0.6550422509511312 0.8298000693321228 0.6331374645233154 0.8273897767066956 0.6094903945922852 0.8257829546928406 0.5926314989725748
0 0.7655271887779236 0.6776628494262695 0.775971531867981 0.6729031403859457 0.7856124639511108 0.6646376848220825 0.8016806244850159 0.6778520743052164 0.8233727216720581 0.6970043977101644 0.8458682298660278 0.7120029926300049 0.8627398610115051 0.722157875696818 0.8699705600738525 0.7307303746541342 0.8772012591362 0.7425854206085205 0.8860387206077576 0.7570749123891195 0.9013035893440247 0.7766312758127848 0.9109444618225098 0.7924380302429199 0.8980898857116699 0.7866810162862142 0.8868421316146851 0.7813700834910074 0.8772012591362 0.7677516937255859 0.8699705600738525 0.7558966477711996 0.8619364500045776 0.7525720596313477 0.8539023399353027 0.752530018488566 0.8418512344360352 0.75027863184611 0.8265863656997681 0.7460408210754395 0.816945493221283 0.7378933429718018 0.8097147941589355 0.7260382970174154 0.8040908575057983 0.7124409675598145 0.7944499850273132 0.7053877512613932 0.7864158749580383 0.7009689807891846 0.775971531867981 0.6969752311706543 0.7703476548194885 0.6888488133748373
0 0.7840056419372559 0.9366443157196045 0.7968602180480957 0.930365244547526 0.8113215565681458 0.9300033251444498 0.8161420226097107 0.9499426682790121 0.8201591372489929 0.9652823607126871 0.8081079721450806 0.9652193387349447 0.8040908575057983 0.9739518165588379 0.8097147941589355 0.9908317724863688 0.8177489042282104 0.9930621782938639 0.8233727216720581 0.98477570215861 0.8338170647621155 0.9964288075764974 0.8450648188591003 1.0 0.8514921069145203 1.0 0.8595262169837952 1.0 0.8667569160461426 1.0 0.8659535050392151 1.0 0.8539023399353027 1.0 0.8410478234291077 1.0 0.8233727216720581 1.0 0.8097147941589355 1.0 0.8056977391242981 1.0 0.7984670400619507 1.0 0.792039692401886 0.9990550676981608 0.7832022309303284 0.9911306699117025 0.7783817648887634 0.9679087003072103 0.775971531867981 0.958486000696818 0.7767749428749084 0.9488614400227865
0 0.7590999007225037 0.9023753801981608 0.7751681208610535 0.9166839122772217 0.7832022309303284 0.9287620385487875 0.7703476548194885 0.9503596623738607 0.7719544768333435 0.9792546431223551 0.7799885272979736 1.0 0.790432870388031 1.0 0.8008772134780884 1.0 0.8113215565681458 1.0 0.8153386116027832 1.0 0.8097147941589355 1.0 0.792039692401886 1.0 0.7775783538818359 1.0 0.7679373621940613 1.0 0.7607067227363586 1.0 0.7558862566947937 1.0 0.7197327613830566 1.0 0.6980407238006592 1.0 0.6835792660713196 1.0 0.6755452156066895 1.0 0.694023609161377 1.0 0.7052713632583618 1.0 0.714108943939209 1.0 0.730177104473114 0.9840692679087321 0.7374078035354614 0.9652871290842692 0.7454419732093811 0.9445395469665527 0.7518692016601562 0.9200634161631266
0 0.8763977885246277 1.0 0.8916626572608948 1.0 0.9053206443786621 1.0 0.9181751608848572 1.0 0.9286195039749146 1.0 0.9406706690788269 1.0 0.9519184231758118 1.0 0.9631661772727966 1.0 0.976824164390564 1.0 0.9840548634529114 1.0 0.9848582744598389 1.0 0.9559354782104492 1.0 0.9173718094825745 1.0 0.8964830636978149 1.0 0.8788080811500549 1.0 0.87077397108078 1.0
0 0.01353492308408022 0.8080946604410807 0.02317584864795208 0.7987350622812907 0.034423597157001495 0.7941983540852865 0.0424576997756958 0.7964287598927816 0.050491806119680405 0.8117894331614176 0.049688395112752914 0.8323558966318766 0.050491806119680405 0.8544627030690511 0.05691909417510033 0.8693772951761881 0.06977365911006927 0.8729459444681803 0.07440934330224991 0.8805463314056396 0.04326111450791359 0.8718990484873453 0.029603132978081703 0.8681073983510336 0.02478267066180706 0.8451370398203532 0.02076561748981476 0.8297973473866781
0 0.05772250145673752 0.8225502173105875 0.07298730313777924 0.8453892866770426 0.08985891938209534 0.8642975489298502 0.10030325502157211 0.8737622102101644 0.10673055052757263 0.8886768023173014 0.08905551582574844 0.8826757272084554 0.08021799474954605 0.8780338764190674 0.06656002253293991 0.8567351500193278 0.05852591246366501 0.8446571032206217
1 0.11958511173725128 0.7992394765218099 0.11235442012548447 0.8114566008249918 0.11315783113241196 0.8291865984598795 0.11396124213933945 0.8480108578999838 0.11717488616704941 0.8729751110076904 0.12038852274417877 0.8815266291300455 0.11476465314626694 0.885436216990153 0.11476465314626694 0.8917496999104818 0.14690107107162476 0.9006713231404623 0.15413177013397217 0.9007420539855957 0.14449083805084229 0.8882178465525309 0.1428840160369873 0.8571345011393229 0.14449083805084229 0.8455444971720377 0.14208060503005981 0.8394044240315756 0.13083286583423615 0.8264341354370117 0.1260123997926712 0.8141540686289469
1 0.1525249481201172 0.8751296202341715 0.16216588020324707 0.8657700220743815 0.166986346244812 0.8485070864359537 0.17903749644756317 0.8693597316741943 0.19831934571266174 0.8823720614115397 0.20635345578193665 0.8889791965484619 0.2007295787334442 0.8994539578755697 0.1934988796710968 0.9007291793823242 0.19189205765724182 0.9123191833496094 0.1770450323820114 0.9090398947397867 0.16377268731594086 0.9023242791493734 0.15573859214782715 0.891340414683024
1 0.822062075138092 0.0950598915417989 0.8277336359024048 0.114289790391922 0.8293540477752686 0.13018808762232462 0.8398869037628174 0.14745718240737915 0.8536606431007385 0.15348794062932333 0.8714854717254639 0.15953987836837769 0.8860693573951721 0.1801405350367228 0.8941715955734253 0.19783830642700195 0.8974124789237976 0.22191069523493448 0.8974124789237976 0.24508337179819742 0.8998430967330933 0.2545858422915141 0.9047044515609741 0.26145273447036743 0.9152372479438782 0.2577560742696126 0.9363030195236206 0.24594893058141074 0.9597993493080139 0.2359200119972229 0.9768139719963074 0.2251951297124227 0.9885458946228027 0.2152936855951945 0.9885458946228027 0.16003758708635965 0.9784343242645264 0.14398891727129617 0.96466064453125 0.1335443357626597 0.9411643147468567 0.1237109402815501 0.9289137721061707 0.11907410621643066 0.8990328907966614 0.11091105143229167 0.8763467669487 0.10461297631263733 0.856091320514679 0.10009316603342693 0.8479242920875549 0.0965899924437205
2 0.8974124789237976 0.1314269502957662 0.9006533622741699 0.12129206458727519 0.9103760123252869 0.11737047632535298 0.9209088087081909 0.1280187964439392 0.9233394861221313 0.14193512996037802 0.9184781312942505 0.15493052204449972 0.911186158657074 0.15621651212374368 0.9014635682106018 0.14910351236661276 0.8974124789237976 0.1435650090376536
1 0.21520797908306122 0.7961132526397705 0.23465324938297272 0.8070288499196371 0.2557189464569092 0.8161874612172445 0.2670620083808899 0.8237503369649252 0.27192333340644836 0.8449621995290121 0.27192333340644836 0.8615140914916992 0.2638211250305176 0.8636786142985026 0.2468065321445465 0.8446100552876791 0.22817149758338928 0.8284021218617758 0.21844886243343353 0.8124613761901855 0.21358753740787506 0.8066979249318441
1 0.2735437750816345 0.8189290364583334 0.28488683700561523 0.814353863398234 0.29947078227996826 0.8316441377003988 0.31243428587913513 0.8451741536458334 0.3213467001914978 0.8564760684967041 0.32458755373954773 0.883858839670817 0.3302591145038605 0.9030887285868326 0.33187955617904663 0.9112628300984701 0.31243428587913513 0.8970368703206381 0.30352187156677246 0.883527914683024 0.2937992215156555 0.8708976109822592 0.28002551198005676 0.8637634118398031 0.2792153060436249 0.8480900923411051 0.2775948643684387 0.838812510172526
1 0.35537588596343994 0.8758543332417806 0.3634780943393707 0.8736898104349772 0.3804926872253418 0.8739995161692301 0.39750728011131287 0.8787230650583903 0.4039890170097351 0.8805224895477295 0.4120912253856659 0.8816683292388916 0.42181384563446045 0.8788503011067709 0.42910581827163696 0.8852884769439697 0.4363977909088135 0.90496826171875 0.42586496472358704 0.9163890679677328 0.42100363969802856 0.9360051949818929 0.4185729920864105 0.9496754805246989 0.4266751706600189 0.9695800940195719 0.40560945868492126 0.9670422871907552 0.39021530747413635 0.9638720353444418 0.36671897768974304 0.9573490619659424 0.34727370738983154 0.9541576703389486 0.34727370738983154 0.9409161408742269 0.35861676931381226 0.9440651734670004 0.3642883002758026 0.9323981602986654 0.3561860918998718 0.905872662862142 0.35213503241539 0.8881961504618326
1 0.44855108857154846 0.8134445349375407 0.46475547552108765 0.8201501369476318 0.4744780957698822 0.8327805201212565 0.4979744553565979 0.8514415423075358 0.5141788125038147 0.8713885943094889 0.5239014625549316 0.8851223786671957 0.5239014625549316 0.9038811524709066 0.521470844745636 0.9175513585408529 0.5230912566184998 0.9367601076761881 0.5190401673316956 0.9444631735483805 0.4939233660697937 0.9176278909047445 0.4793394207954407 0.9113722642262777 0.4631350338459015 0.9013562997182211 0.44368976354599 0.8893373012542725 0.4323467016220093 0.8751535415649414 0.43315693736076355 0.8643439610799154 0.4404488801956177 0.8454025586446127 0.44531020522117615 0.835717519124349
1 0.5352445244789124 0.900409460067749 0.5449671149253845 0.8832464218139648 0.5571205019950867 0.8689649899800619 0.5652226209640503 0.8634900252024332 0.5733247995376587 0.8591186205546061 0.5838576555252075 0.8719739119211832 0.5943905115127563 0.8793118000030518 0.5968211889266968 0.8943315347035726 0.5927700400352478 0.9086554050445557 0.5927700400352478 0.9241038163503011 0.5968211889266968 0.9461941719055176 0.6024926900863647 0.961010217666626 0.6122153401374817 0.9780544439951578 0.6097846627235413 0.9939315319061279 0.5968211889266968 1.0 0.5887190103530884 1.0 0.5789963603019714 0.9787634213765463 0.5684635043144226 0.9559769630432129 0.5595511198043823 0.9413646856943766 0.5441569685935974 0.9293667475382487 0.5344343185424805 0.9189434051513672
1 0.5344343185424805 0.9354952971140543 0.5490182638168335 0.9406475226084391 0.5571205019950867 0.9550348917643229 0.5611715316772461 0.9716079235076904 0.5368649959564209 0.9593427975972494 0.5295729637145996 0.9506975809733073
1 0.17388680577278137 0.8442285855611166 0.19414229691028595 0.8432310422261556 0.2119671255350113 0.8448692162831625 0.22817149758338928 0.8493678569793701 0.24194522202014923 0.8620193004608154 0.2508576214313507 0.8733212947845459 0.23465324938297272 0.8820641835530599 0.22087952494621277 0.8892749150594076 0.21277733147144318 0.8826117515563965 0.2038649320602417 0.8735167980194092 0.18117877840995789 0.8628048896789551
1 0.21763864159584045 0.9181687037150065 0.21358753740787506 0.9026989936828613 0.22817149758338928 0.8979201316833496 0.24194522202014923 0.8918127218882242 0.25652918219566345 0.8848269780476888 0.26463136076927185 0.8793520927429199 0.27678462862968445 0.8772087097167969 0.29217877984046936 0.8847927252451578 0.3059525489807129 0.8996512095133463 0.3140547275543213 0.9085212548573812 0.32782843708992004 0.9266901016235352 0.33512040972709656 0.9331283569335938 0.3262079954147339 0.9372748533884684 0.3205364942550659 0.9423211415608724 0.3010912239551544 0.9391296704610189 0.26868245005607605 0.933442751566569 0.23465324938297272 0.9239956537882487
1 0.44449999928474426 0.9767355918884277 0.4363977909088135 0.9557274182637533 0.4355875849723816 0.9290194511413574 0.4428795576095581 0.9155953725179037 0.4542226195335388 0.9077097574869791 0.46961677074432373 0.9130869706471761 0.482580304145813 0.9310308297475179 0.4874415993690491 0.9577600161234537 0.49311313033103943 0.9814037481943766 0.4987846910953522 0.996219793955485 0.4793394207954407 0.9908214410146078 0.46070438623428345 0.984544595082601
1 0.44368976354599 0.7061628500620524 0.4542226195335388 0.7035695711771647 0.4663759171962738 0.6981159051259359 0.4712372124195099 0.7071897188822428 0.4817700684070587 0.726665735244751 0.49230292439460754 0.7439347902933756 0.49959489703178406 0.7592007319132487 0.5012153387069702 0.7706851959228516 0.5012153387069702 0.7905474503835043 0.49554380774497986 0.791179895401001 0.4906824827194214 0.7732783158620199 0.4858211576938629 0.7586872577667236 0.4736678898334503 0.7453821500142416 0.45746350288391113 0.7353662649790446 0.44855108857154846 0.7284781138102213
1 0.470427006483078 0.6826886336008707 0.4712372124195099 0.6674652099609375 0.48095986247062683 0.6668539047241211 0.5044562220573425 0.6744803587595621 0.521470844745636 0.6825143496195475 0.5311934351921082 0.6951446533203125 0.5441569685935974 0.7031574249267578 0.55631023645401 0.7153590520222982 0.5595511198043823 0.7372244993845621 0.5555000305175781 0.7460310459136963 0.5449671149253845 0.7486242453257242 0.5433467030525208 0.7625192801157633 0.5498284697532654 0.7753534317016602 0.550638735294342 0.7921302318572998 0.5409160852432251 0.790534496307373 0.5287627577781677 0.7849535942077637 0.5141788125038147 0.7831118106842041 0.5068868398666382 0.779983917872111 0.5076971054077148 0.7614500522613525 0.4947335720062256 0.7302646636962891 0.4866313636302948 0.7169806957244873 0.4793394207954407 0.7061285972595215 0.4744780957698822 0.6970548629760742
1 0.5012153387069702 0.8390997250874838 0.497164249420166 0.8203197320302328 0.5028358101844788 0.8053423563639323 0.5125584006309509 0.7981103261311849 0.5279525518417358 0.7979702154795328 0.5457773804664612 0.806229035059611 0.5546897649765015 0.8064963817596436 0.5603613257408142 0.7959328492482504 0.55631023645401 0.7749458948771158 0.5538796186447144 0.7621330420176188 0.5668430924415588 0.759111245473226 0.5733247995376587 0.7620140711466471 0.5830474495887756 0.7779547373453776 0.5919598937034607 0.8013947804768881 0.5943905115127563 0.8230353196461996 0.5943905115127563 0.8417940934499105 0.5903394222259521 0.8583248456319174 0.5806167721748352 0.8523152669270834 0.5676532983779907 0.8465094566345215 0.5555000305175781 0.8541701634724935 0.5490182638168335 0.866715669631958 0.5409160852432251 0.8788112799326578 0.53200364112854 0.890682061513265 0.5247117280960083 0.8809335231781006 0.5149890780448914 0.8605789343516032
1 0.5465875864028931 1.0 0.5457773804664612 0.9905069669087728 0.55631023645401 0.9823964436848959 0.566032886505127 0.9806817372639974 0.570894181728363 0.9853417873382568 0.5806167721748352 1.0 0.5870985388755798 1.0 0.5911091566085815 1.0 0.5789963603019714 1.0 0.5644124150276184 1.0 0.5514488816261292 1.0
1 0.6000620722770691 0.8555066585540771 0.6024926900863647 0.8330088456471761 0.6073540449142456 0.8277376492818197 0.6195073127746582 0.8322150707244873 0.6365219354629517 0.8391456604003906 0.660018265247345 0.8478755156199137 0.6770328879356384 0.8371506532033285 0.6908066272735596 0.8343536853790283 0.7070109844207764 0.8256107966105143 0.7126825451850891 0.8338061173756918 0.7224051356315613 0.8651951948801676 0.728076696395874 0.8822182019551595 0.728076696395874 0.8987700939178467 0.7143029570579529 0.9159119923909506 0.7086313962936401 0.9408205350240072 0.7070109844207764 0.9657502969106039 0.7086313962936401 0.976131280263265 0.7029598951339722 0.9966259797414144 0.6924270391464233 1.0 0.6843248605728149 1.0 0.674602210521698 1.0 0.6656898260116577 1.0 0.6559671759605408 1.0 0.6470547318458557 1.0 0.6340912580490112 0.9918517271677653 0.6219379901885986 0.9741328557332357 0.6057335734367371 0.9475649992624918 0.600872278213501 0.9274566173553467 0.6033029556274414 0.9027518431345621 0.6016825437545776 0.8736119270324707
1 0.5992518067359924 1.0 0.6105949282646179 1.0 0.621127724647522 0.9970805644989014 0.630040168762207 1.0 0.6389526128768921 1.0 0.6421934366226196 1.0 0.630040168762207 1.0 0.6146460175514221 1.0
1 0.7377992868423462 0.8363651434580485 0.7507628202438354 0.8178947766621908 0.7661569714546204 0.8056166172027588 0.7831715941429138 0.7948916753133138 0.7928942441940308 0.7854528427124023 0.8026168346405029 0.7848416169484457 0.8123394250869751 0.7941614786783854 0.8066679239273071 0.8201735019683838 0.8034270405769348 0.8457568486531576 0.8026168346405029 0.8720149993896484 0.8082883954048157 0.8923482894897461 0.817200779914856 0.906960646311442 0.8204416632652283 0.9188949267069498 0.8066679239273071 0.9194849332173666 0.7912737727165222 0.9163147608439127 0.7758796215057373 0.9076271851857504 0.7661569714546204 0.8938934008280436 0.758054792881012 0.8728853066762289 0.7483322024345398 0.8569446404774984
1 0.8204416632652283 0.7765485445658366 0.840697169303894 0.7799649238586426 0.8569015264511108 0.7833600838979086 0.8755365610122681 0.7896369298299154 0.885259211063385 0.8000604311625162 0.8941715955734253 0.8124657471974691 0.905514657497406 0.8343736330668131 0.9014635682106018 0.8498008251190186 0.8941715955734253 0.8720525900522867 0.8876898288726807 0.8890119393666586 0.8812081217765808 0.8971436818440756 0.8706752061843872 0.9074610869089762 0.8593322038650513 0.915346622467041 0.8479890823364258 0.9221287568410238 0.8350255489349365 0.917426347732544 0.8293540477752686 0.9092311064402262 0.8188211917877197 0.8886516888936361 0.8147701621055603 0.867664655049642 0.8147701621055603 0.8422850767771403 0.8188211917877197 0.8246510028839111 0.8196313977241516 0.8050135771433512
1 0.8123394250869751 0.20049983263015747 0.8163905143737793 0.19279680649439493 0.8261131644248962 0.198806365331014 0.8366460204124451 0.2160754601160685 0.8447481989860535 0.2315662900606791 0.8544708490371704 0.2419896920522054 0.8731058835983276 0.25819770495096844 0.8844489455223083 0.2635536789894104 0.8925511240959167 0.2624925971031189 0.8990328907966614 0.26649896303812665 0.9071351289749146 0.2753690481185913 0.8990328907966614 0.28525779644648236 0.8966022729873657 0.29672108093897503 0.894981861114502 0.3106162150700887 0.8787774443626404 0.29066912333170575 0.8682445883750916 0.274503489335378 0.8633832335472107 0.26432621479034424 0.8552810549736023 0.25324922800064087 0.8398869037628174 0.24897553523381552 0.8301643133163452 0.2517936627070109 0.8293540477752686 0.23060297966003418 0.8253029584884644 0.22175409396489462
1 0.7102518677711487 0.1158820390701294 0.7329379916191101 0.12769739826520285 0.7499526143074036 0.12911057472229004 0.762916088104248 0.12498525778452556 0.7669671773910522 0.11397185921669006 0.7677773833274841 0.10205870866775513 0.7653467655181885 0.08483201265335083 0.7588649988174438 0.07199796040852864 0.7775000333786011 0.07717137535413106 0.7920839786529541 0.08453052242596944 0.7872226238250732 0.09862937529881795 0.7856022119522095 0.12135218580563863 0.7856022119522095 0.14231794079144797 0.7839817404747009 0.16062689820925394 0.7718284726142883 0.15835638840993246 0.7556241154670715 0.1538577675819397 0.7369890809059143 0.1519947350025177 0.7264562249183655 0.150174081325531 0.7207846641540527 0.13977187871932983 0.7175438404083252 0.13225139180819193
1 0.9063248634338379 0.33583442370096844 0.9184781312942505 0.3204495906829834 0.9241496920585632 0.30988603830337524 0.935492753982544 0.30641430616378784 0.9508869051933289 0.30296377340952557 0.9597993493080139 0.30433456103007 0.9670913219451904 0.31187623739242554 0.9743832945823669 0.3304525415102641 0.9760037064552307 0.3551785151163737 0.9719526171684265 0.3794334332148234 0.9670913219451904 0.3935323158899943 0.9597993493080139 0.3992321491241455 0.944405198097229 0.39606189727783203 0.9338722825050354 0.3898274501164754 0.9249598979949951 0.38183589776357013 0.9168577194213867 0.3586208422978719
1 0.9257701635360718 0.42509575684865314 0.9346825480461121 0.40660425027211505 0.9452154040336609 0.4227699041366577 0.9484562873840332 0.44022154808044434 0.9427847862243652 0.44747471809387207 0.9338722825050354 0.4450004498163859 0.9282007813453674 0.43680516878763836
0 0.9743832945823669 0.30838332573572796 0.9865365624427795 0.3150676687558492 0.9885458946228027 0.34134936332702637 0.9885458946228027 0.408316175142924 0.9768139719963074 0.40174877643585205 0.9816752076148987 0.3777187665303548 0.9816752076148987 0.3501322666803996 0.979244589805603 0.32187098264694214
1 0.9095657467842102 0.6081854502360026 0.9306314587593079 0.6063093741734823 0.9460256695747375 0.6061692635218302 0.9597993493080139 0.6033722956975301 0.9662810564041138 0.6062752405802408 0.9841059446334839 0.6134306589762369 0.9885458946228027 0.6154191493988037 0.9873468279838562 0.6816414992014567 0.9768139719963074 0.6908554236094157 0.9597993493080139 0.6872353553771973 0.9346825480461121 0.6714347998301188 0.9168577194213867 0.6598655382792155 0.9071351289749146 0.6295798222223917
0 0.9468358159065247 0.4088747501373291 0.96466064453125 0.41051288445790607 0.9670913219451904 0.4332568645477295 0.9703322052955627 0.45732927322387695 0.9622299671173096 0.4506661097208659 0.9573686718940735 0.4393853743871053 0.9525073766708374 0.425897757212321
1 0.9727628231048584 0.41055524349212646 0.9885458946228027 0.41800769170125324 0.9885458946228027 0.47452378273010254 0.9885458946228027 0.5252829790115356 0.9885458946228027 0.5451452732086182 0.9824854731559753 0.5213935772577921 0.9800547957420349 0.48982187112172443 0.9751935005187988 0.4708169301350911 0.9751935005187988 0.44433387120564777 0.9735730886459351 0.4284355640411377
1 0.9168577194213867 0.4700703223546346 0.9209088087081909 0.45464309056599933 0.9338722825050354 0.4538281361262004 0.9508869051933289 0.4596551259358724 0.9679015278816223 0.47210295995076496 0.9735730886459351 0.49022936820983887 0.9800547957420349 0.5361672242482504 0.9885458946228027 0.5563965638478597 0.9885458946228027 0.5793525377909342 0.9885458946228027 0.6047321160634359 0.9719526171684265 0.6012289921442667 0.9581789374351501 0.5963016748428345 0.9411643147468567 0.5981988906860352 0.9282007813453674 0.593496561050415 0.9225292801856995 0.5830943584442139 0.9217190146446228 0.563007116317749 0.9273905754089355 0.5535470247268677 0.9395439028739929 0.5503002405166626 0.9508869051933289 0.547931989034017 0.9533175826072693 0.537572185198466 0.9508869051933289 0.5181385278701782 0.9371131658554077 0.501073161760966 0.9233394861221313 0.498352845509847 0.9144270420074463 0.49587857723236084 0.9144270420074463 0.48153360684712726
1 0.8747263550758362 0.7121698061625162 0.8787774443626404 0.6823975245157877 0.8893102407455444 0.684218168258667 0.8982226848602295 0.6888993581136068 0.9087555408477783 0.6807888348897299 0.9144270420074463 0.6746391455332438 0.9338722825050354 0.6811409791310629 0.9541277885437012 0.6944884459177653 0.9662810564041138 0.7077935536702474 0.9743832945823669 0.7321120897928873 0.9808650612831116 0.7504634857177734 0.984916090965271 0.7758642037709554 0.9832956790924072 0.7897593180338541 0.979244589805603 0.8040831883748373 0.9557482004165649 0.8108017444610596 0.9452154040336609 0.8222225507100424 0.9330621361732483 0.8254694143931071 0.9209088087081909 0.8254057566324869 0.9022737741470337 0.810301144917806 0.890930712223053 0.7983244260152181 0.9022737741470337 0.7992665767669678 0.9168577194213867 0.7989015579223633 0.9152372479438782 0.7874170144399008 0.905514657497406 0.7681659857432047 0.8876898288726807 0.7466655572255453 0.8820183277130127 0.7351599534352621
1 0.9095657467842102 0.8542571067810059 0.9265803694725037 0.8512563705444336 0.9460256695747375 0.8566547234853109 0.9492664933204651 0.8674856026967367 0.9549380540847778 0.8900258541107178 0.9395439028739929 0.8901660442352295 0.9249598979949951 0.889427661895752 0.9079452753067017 0.8891178766886393 0.9063248634338379 0.8798403739929199
1 0.9508869051933289 0.8392455577850342 0.9614198207855225 0.8245143095652262 0.9735730886459351 0.8179570833841959 0.9857263565063477 0.8136068185170492 0.9885458946228027 0.8297497431437174 0.9885458946228027 0.8850111166636149 0.9885458946228027 0.9103906949361166 0.9727628231048584 0.8883536656697592 0.9597993493080139 0.8604785601298014
1 0.8212518692016602 0.9356717268625895 0.8431277871131897 0.9318137168884277 0.8479890823364258 0.9629568258921305 0.8658139705657959 0.9877675374348959 0.8917409777641296 0.9982757568359375 0.9128066301345825 0.9864685535430908 0.9273905754089355 0.9706550439198812 0.935492753982544 0.9585593541463217 0.9395439028739929 0.9718221028645834 0.9419745206832886 1.0 0.9484562873840332 1.0 0.9484562873840332 1.0 0.9330621361732483 1.0 0.920098602771759 1.0 0.9103760123252869 1.0 0.8957920074462891 1.0 0.8820183277130127 1.0 0.8731058835983276 1.0 0.8658139705657959 1.0 0.8536606431007385 1.0 0.8431277871131897 0.9925040404001871 0.8309745192527771 0.9791990121205648 0.8244927525520325 0.9619510968526205
1 0.9290110468864441 0.9280699888865153 0.9411643147468567 0.9248231252034506 0.9492664933204651 0.9381070931752523 0.9460256695747375 0.9526557922363281 0.9363030195236206 0.9510601361592611
1 0.9565584659576416 0.9368211428324381 0.9832956790924072 0.9431403477986654 0.9885458946228027 0.963367780049642 0.9885458946228027 1.0 0.9885458946228027 1.0 0.9800548553466797 1.0 0.96466064453125 1.0 0.9597993493080139 1.0 0.9508869051933289 1.0 0.950076699256897 0.9879876772562662 0.9492664933204651 0.9667970339457194 0.9541277885437012 0.9526982307434082
