0 0.7022998332977295 0.2363860011100769 0.6820842623710632 0.2579055031140645 0.6791033148765564 0.2912607590357463 0.6708263754844666 0.33322377999623615 0.675154983997345 0.34936340649922687 0.7161107659339905 0.33214781681696576 0.7343116402626038 0.307400385538737 0.7375907897949219 0.2718931833902995 0.7291578650474548 0.2439178228378296 0.7168471217155457 0.23208208878835043
0 0.8212733268737793 0.03517857690652212 0.7995632886886597 0.03195065011580785 0.7856146693229675 0.055622110764185585 0.7867370247840881 0.08897735675175984 0.7858434915542603 0.10726893941561381 0.8089717030525208 0.11802869041760762 0.8025580048561096 0.1406241754690806 0.7795823216438293 0.1642956336339315 0.7720497250556946 0.18904306491216025 0.7752605676651001 0.21917039155960083 0.7794389128684998 0.22455026706059775 0.8015938997268677 0.2008787989616394 0.8116635680198669 0.18151124318440756 0.8441159129142761 0.17828333377838135 0.8538872599601746 0.16106771429379782 0.8436628580093384 0.12233259280522664 0.834183931350708 0.07821759581565857 0.8250054717063904 0.055622110764185585
0 0.9532451033592224 0.012583091855049133 0.9413862228393555 0.04486235479513804 0.9452674984931946 0.06422991553942363 0.9661579728126526 0.07929356892903645 0.9844351410865784 0.07176174720128377 1.0 0.04055845489104589 1.0 0.01903894419471423 1.0 0.009355164443453154
0 1.0 0.02549479901790619 1.0 0.026570772131284077 1.0 0.04486235479513804 1.0 0.06207796434561411 1.0 0.06585463881492615 1.0 0.13201637069384256 1.0 0.1148007611433665 1.0 0.09328125913937886 0.9904789328575134 0.0814455250898997 0.9960721135139465 0.05885004003842672 1.0 0.03840650369723638 1.0 0.01903894419471423 1.0 0.008322228367129961 1.0 0.013659067451953888
0 0.932438850402832 0.09758516152699788 0.9470624327659607 0.11049685875574748 0.9616097211837769 0.10619295636812846 0.972948431968689 0.09543320536613464 0.9829452633857727 0.09435723225275676 0.9945093393325806 0.09973710775375366 1.0 0.12233259280522664 1.0 0.15245990951855978 1.0 0.16321967045466104 1.0 0.17505540450414023 0.9957113265991211 0.1858151356379191 0.9860867261886597 0.17828333377838135 0.9774307012557983 0.15783978501955667 0.9569147229194641 0.15783978501955667 0.9384132623672485 0.16106771429379782 0.9180463552474976 0.15999174118041992 0.9084206223487854 0.1406241754690806 0.9107311367988586 0.11802869041760762
0 0.8910426497459412 0.18904306491216025 0.8943285942077637 0.22455026706059775 0.8956011533737183 0.26866525411605835 0.8934419751167297 0.31385622421900433 0.8900137543678284 0.3504393895467122 0.90822833776474 0.46772074699401855 0.9121836423873901 0.4806324640909831 0.9252375960350037 0.46341681480407715 0.9267252087593079 0.4171499013900757 0.9299303889274597 0.3880985577901204 0.9466379880905151 0.3504393895467122 0.9540954232215881 0.3203120827674866 0.9564059376716614 0.2977165977160136 0.9368608593940735 0.3084763487180074 0.911795437335968 0.3235400120417277 0.9076921939849854 0.3235400120417277 0.9081383943557739 0.3084763487180074 0.9173862934112549 0.2772730588912964 0.9133524894714355 0.2234743038813273 0.9022345542907715 0.2030307650566101 0.8996963500976562 0.1858151356379191
2 0.2515951693058014 0.7646900018056234 0.26151686906814575 0.7582341035207113 0.26644185185432434 0.7700698375701904 0.26592057943344116 0.7797536055246989 0.2590572237968445 0.7819056510925293 0.24995504319667816 0.7765256563822428
2 0.3320396840572357 0.9895688692728678 0.3441990315914154 0.978809118270874 0.34553930163383484 0.9903973738352457 0.3360280692577362 0.9903973738352457
2 1.0 0.3794907331466675 0.9897631406784058 0.3945544163386027 0.9943147897720337 0.4031622012456258 1.0 0.39670634269714355
0 0.7986118197441101 0.22239832083384195 0.8256930112838745 0.22239832083384195 0.8439724445343018 0.23853794733683267 0.8527035713195801 0.2643613616625468 0.8458402752876282 0.2665133277575175 0.8312917947769165 0.25898148616154987 0.8187568187713623 0.24284185965855917 0.8103261590003967 0.23853794733683267 0.8027161955833435 0.23423405488332114
0 0.5992552638053894 0.06207796434561411 0.6061971783638 0.10081308086713155 0.6155258417129517 0.1341683268547058 0.6305990219116211 0.1675235629081726 0.650895357131958 0.2105625867843628 0.6627588272094727 0.22562623023986816 0.666710615158081 0.2030307650566101 0.6562642455101013 0.18366320927937826 0.6370867490768433 0.13847221930821738 0.6361158490180969 0.12771246830622354 0.6260427832603455 0.11157284180323283 0.6163419485092163 0.0868254005908966 0.6091029644012451 0.06207796434561411
0 0.4804103672504425 0.04916626214981079 0.4968219995498657 0.03733052810033163 0.5001057386398315 0.04916626214981079 0.47974109649658203 0.07176174720128377 0.44602423906326294 0.1137247880299886 0.4322987496852875 0.1298644244670868 0.4250609278678894 0.11695271730422974 0.4247615933418274 0.10726893941561381 0.4424411952495575 0.09220527609189351 0.45064646005630493 0.0803695519765218 0.4621354341506958 0.0803695519765218 0.4797399640083313 0.059926013151804604
0 0.08011187613010406 0.3084763487180074 0.09189790487289429 0.29448868830998737 0.111145980656147 0.2977165977160136 0.14852212369441986 0.29448868830998737 0.17090365290641785 0.29879258076349896 0.1932840347290039 0.2912607590357463 0.21260607242584229 0.2880328297615051 0.2458050400018692 0.2912607590357463 0.27892887592315674 0.28910879294077557 0.2746037244796753 0.3084763487180074 0.2658020555973053 0.32461599508921307 0.24648000299930573 0.32784392436345416 0.1938098967075348 0.3289198875427246 0.15785080194473267 0.32784392436345416 0.12189170718193054 0.3267679413159688 0.09936107695102692 0.3235400120417277 0.08369378000497818 0.31816015640894574
0 0.033704113215208054 0.2643613616625468 0.06697705388069153 0.26113343238830566 0.0843607559800148 0.2718931833902995 0.07451421022415161 0.2837289174397786 0.05840074270963669 0.2934126853942871 0.030574077740311623 0.29879258076349896
0 0.3486390709877014 0.6032936573028564 0.36296558380126953 0.630193034807841 0.3593859076499939 0.6441807349522909 0.3487187325954437 0.6560164292653402 0.34550902247428894 0.6377248764038086 0.3429708182811737 0.6205092668533325
0 0.6245051622390747 0.4128459692001343 0.616747260093689 0.4214537938435872 0.6133918166160583 0.43974534670511883 0.6251813173294067 0.4612648884455363 0.625629723072052 0.4698726733525594 0.6109344959259033 0.48708828290303546 0.5980284214019775 0.49139221509297687 0.5915384292602539 0.4967720905939738 0.5830327272415161 0.48708828290303546 0.5632632970809937 0.49354414145151776 0.5620716214179993 0.5139877001444498 0.5574482679367065 0.5355071624120077 0.5776661038398743 0.5376591682434082 0.6179514527320862 0.5312033096949259 0.6527154445648193 0.5172156095504761 0.6905389428138733 0.5107597510019938 0.6595776081085205 0.5032279094060262 0.6806149482727051 0.49354414145151776 0.6915063858032227 0.4860122998555501 0.6982194781303406 0.47310062249501544 0.7232893705368042 0.505379875500997 0.7413446307182312 0.5172156095504761 0.7431339025497437 0.5043039321899414 0.7249272465705872 0.4698726733525594 0.70500648021698 0.45373304684956867 0.689265251159668 0.454809029897054 0.6862058043479919 0.4472771883010864 0.655543863773346 0.44942915439605713 0.640771210193634 0.43759342034657794 0.632637619972229 0.4193018277486165
0 0.7674651741981506 0.6129774252573649 0.7846974730491638 0.6011417309443156 0.809390664100647 0.5946858326594034 0.8196117281913757 0.5979137818018595 0.8143168091773987 0.6183573007583618 0.8126015663146973 0.6248131593068441 0.7849240303039551 0.6291170517603556 0.7708240151405334 0.630193034807841 0.7625424861907959 0.6248131593068441
0 0.5856653451919556 0.7108911673227946 0.597600519657135 0.6958275636037191 0.6240841150283813 0.6882957617441813 0.641168475151062 0.689371665318807 0.6765300631523132 0.6829157670338949 0.6929428577423096 0.6829157670338949 0.6900347471237183 0.6979794502258301 0.6682518720626831 0.7130431334177653 0.6501989364624023 0.7248788674672445 0.6318477988243103 0.7388665676116943 0.6173768043518066 0.760386069615682 0.6036489009857178 0.7528542677561442 0.5966354012489319 0.7442464033762614 0.5848458409309387 0.7227269013722738
1 0.3905737102031708 0.6796878973642985 0.417280375957489 0.6646242141723633 0.4374242126941681 0.6732320785522461 0.4469008445739746 0.6936755975087484 0.4571981430053711 0.7141191164652506 0.46943262219429016 0.7087392807006836 0.4855494797229767 0.7345627148946127 0.49942532181739807 0.7291827996571859 0.520834743976593 0.7108911673227946 0.5391119718551636 0.7033593654632568 0.5682077407836914 0.7065873146057129 0.5756686329841614 0.7119671503702799 0.5789534449577332 0.735638697942098 0.5901453495025635 0.7496263186136881 0.6059629321098328 0.7657659848531088 0.6111860871315002 0.7754497528076172 0.5944762229919434 0.7894373734792074 0.5819435119628906 0.7969692548116049 0.5784389972686768 0.8163367907206217 0.5830658078193665 0.8303244908650717 0.5767999887466431 0.8400082588195801 0.5494195222854614 0.8303244908650717 0.5157721042633057 0.8184887568155924 0.47421759366989136 0.8163367907206217 0.4385567307472229 0.8131089210510254 0.39610764384269714 0.8174127737681071 0.37268126010894775 0.808804988861084 0.36753204464912415 0.7926653226216634 0.3599197566509247 0.7646900018056234 0.3717786371707916 0.732410748799642 0.3800567388534546 0.7022834618886312
0 0.5110176801681519 0.25467759370803833 0.5492133498191833 0.23961393038431802 0.5812172293663025 0.22777819633483887 0.5761476755142212 0.2643613616625468 0.5758506059646606 0.27834904193878174 0.5871893167495728 0.2675892909367879 0.6014360785484314 0.24176587661107382 0.6133701205253601 0.21486649910608926 0.619784951210022 0.20410672823588052 0.6279913783073425 0.20410672823588052 0.6317224502563477 0.21271453301111856 0.6285160779953003 0.22993016242980957 0.6185216307640076 0.25467759370803833 0.6099441647529602 0.2751211126645406 0.6036795377731323 0.29664061466852826 0.5993532538414001 0.30417245626449585 0.5880885124206543 0.3084763487180074 0.5854035019874573 0.31600819031397503 0.5849573016166687 0.3310718536376953 0.5908520817756653 0.34183160463968915 0.5905550122261047 0.35581926504770917 0.5809338092803955 0.383794625600179 0.5644481182098389 0.40208621819814044 0.5491530895233154 0.3880985577901204 0.5429589748382568 0.3676549990971883 0.5260237455368042 0.36550307273864746 0.5191592574119568 0.35581926504770917 0.513788104057312 0.35904717445373535 0.5108071565628052 0.392402450243632 0.5062577724456787 0.4074660936991374 0.4973070025444031 0.4246817429860433 0.4773908257484436 0.45588497320810956 0.47149839997291565 0.46879669030507404 0.46023476123809814 0.48493635654449463 0.45172902941703796 0.47525254885355633 0.43814918398857117 0.454809029897054 0.4359080493450165 0.4236057202021281 0.43829256296157837 0.3945544163386027 0.434486448764801 0.38056671619415283 0.4267250597476959 0.3536673386891683 0.42948290705680847 0.32784392436345416 0.4395536780357361 0.3203120827674866 0.44902917742729187 0.3289198875427246 0.47401943802833557 0.3084763487180074 0.48782122135162354 0.30955233176549274 0.4894636571407318 0.3213880658149719 0.49655118584632874 0.3235400120417277 0.5058741569519043 0.2977165977160136 0.5119157433509827 0.2837289174397786
0 0.07210114598274231 0.01688699300090472 0.09291765838861465 0.03840650369723638 0.09582917392253876 0.05885004003842672 0.10433492809534073 0.06853381792704265 0.12671531736850739 0.06100199123223623 0.15118543803691864 0.06207796434561411 0.1607360541820526 0.07606564462184906 0.15320347249507904 0.10081308086713155 0.13216844201087952 0.1341683268547058 0.12299343198537827 0.14708003401756287 0.1046411320567131 0.14923198024431863 0.09636074304580688 0.1556878387928009 0.08964879810810089 0.1804352601369222 0.09367801994085312 0.18689113855361938 0.11449110507965088 0.17290343840916952 0.13023237884044647 0.17182747522989908 0.13724710047245026 0.19227099418640137 0.13254863023757935 0.20841064055760702 0.09890349209308624 0.22024635473887125 0.07033245265483856 0.24284185965855917 0.03750796616077423 0.25467759370803833
0 0.0009765625 0.6904476483662924 0.0050944858230650425 0.6603203614552816 0.024788718670606613 0.6484846274058024 0.08185910433530807 0.633420983950297 0.09938962012529373 0.6194332838058472 0.12079911679029465 0.6011417309443156 0.14407527446746826 0.598989725112915 0.16660475730895996 0.590381940205892 0.19212089478969574 0.607597549756368 0.19301779568195343 0.6248131593068441 0.17712856829166412 0.6388008197148641 0.15348021686077118 0.6495606104532877 0.13654610514640808 0.6592443784077963 0.11289776861667633 0.67000412940979 0.09320354461669922 0.6818398634592692 0.06515265256166458 0.6829157670338949 0.03546161949634552 0.6958275636037191 0.0045777554623782635 0.7173470656077067 0.0009765625 0.7227269013722738 0.0009765625 0.7238028844197592
0 0.0009765625 0.7420945167541504 0.0009765625 0.732410748799642 0.0009765625 0.7474743525187174 0.0009765625 0.7711458206176758 0.0009765625 0.7754497528076172 0.0009765625 0.7722218036651611 0.0009765625 0.757158120473226
0 0.14371107518672943 0.6904476483662924 0.13505962491035461 0.7173470656077067 0.14073128998279572 0.735638697942098 0.160201296210289 0.7194990317026774 0.16840656101703644 0.7076632976531982 0.15534915030002594 0.689371665318807
0 0.7021974921226501 0.7227269013722738 0.7404682636260986 0.7130431334177653 0.7529281377792358 0.7238028844197592 0.7769520878791809 0.7399425506591797 0.7841159105300903 0.7593100865681967 0.7748669385910034 0.7786776224772135 0.7646470665931702 0.7872854868570963 0.7664397358894348 0.8098808924357096 0.7677839398384094 0.8238685925801595 0.7544306516647339 0.831400473912557 0.7242910861968994 0.8357043266296387 0.7054163813591003 0.8357043266296387 0.7122774720191956 0.8098808924357096 0.7127975821495056 0.7883614699045817 0.6992188692092896 0.7797536055246989 0.6893689036369324 0.7560821374257406
0 0.7887927293777466 0.5182915528615316 0.8011057376861572 0.5537987947463989 0.7828297019004822 0.5731663306554159 0.7673889398574829 0.5957618157068888 0.8095386624336243 0.581774115562439 0.8316219449043274 0.5882299741109213 0.8316982388496399 0.6054455836613973 0.8247620463371277 0.6258891423543295 0.8261062502861023 0.6398768027623495 0.834016740322113 0.6657001972198486 0.8468487858772278 0.6678521633148193 0.8700498342514038 0.6603203614552816 0.9134687185287476 0.6549404462178549 0.9151816368103027 0.6248131593068441 0.8968259692192078 0.5914578835169474 0.8877966403961182 0.567786455154419 0.8725754618644714 0.5473429361979166 0.872648298740387 0.5290513435999552 0.8810766339302063 0.5096837679545084 0.870184063911438 0.505379875500997 0.8414616584777832 0.505379875500997 0.8190061450004578 0.5075318415959676 0.803489089012146 0.5129117170969645 0.797744631767273 0.5129117170969645
0 0.9401241540908813 0.8830472628275553 0.9245355129241943 0.9185544649759928 0.9176743626594543 0.9443778991699219 0.9120061993598938 0.9615935484568278 0.9270008206367493 0.9540616671244303 0.9401174783706665 0.9250826040903727 0.9465389847755432 0.8787434101104736
0 0.4129049777984619 0.16321967045466104 0.41014713048934937 0.18904306491216025 0.4135822355747223 0.2234743038813273 0.42477527260780334 0.2492976983388265 0.44663551449775696 0.26328539848327637 0.45625898241996765 0.25898148616154987 0.4485715627670288 0.22562623023986816 0.42349934577941895 0.16967550913492838
0 0.5707662105560303 0.16106771429379782 0.5788223743438721 0.15030795335769653 0.5880736112594604 0.15461185574531555 0.5995637774467468 0.1664475897947947 0.6009820103645325 0.17397942145665488 0.6028486490249634 0.1901190678278605 0.6059080958366394 0.19765086968739828 0.5946433544158936 0.20195478200912476 0.5894941687583923 0.1858151356379191 0.5844951272010803 0.1804352601369222 0.5727819800376892 0.17613136768341064
0 0.1592121422290802 0.519367535909017 0.1918124109506607 0.5032279094060262 0.2068081647157669 0.5075318415959676 0.2141222357749939 0.5376591682434082 0.21815259754657745 0.5559507211049398 0.21710887551307678 0.5634825627009074 0.23710359632968903 0.5731663306554159 0.250234991312027 0.585002064704895 0.2518022954463959 0.5914578835169474 0.2374052256345749 0.6065215667088827 0.2263658493757248 0.6269651254018148 0.21689149737358093 0.630193034807841 0.207864448428154 0.630193034807841 0.2048778086900711 0.6043696403503418 0.19070155918598175 0.5882299741109213 0.17316873371601105 0.5785462061564127 0.1630968302488327 0.5742423137029012 0.1640654355287552 0.5613306363423666 0.16048239171504974 0.5398110946019491
0 0.11250617355108261 0.47740451494852704 0.1424214243888855 0.46879669030507404 0.14876461029052734 0.4881643056869507 0.14578254520893097 0.5096837679545084 0.1339987814426422 0.5473429361979166 0.12818145751953125 0.5656344890594482 0.11393236368894577 0.567786455154419 0.10371134430170059 0.5645585457483927 0.09915854036808014 0.5441150267918905 0.10296126455068588 0.522595485051473 0.11056897044181824 0.5032279094060262
0 0.07862654328346252 0.378414789835612 0.06505240499973297 0.4171499013900757 0.05453546717762947 0.43974534670511883 0.04081108048558235 0.46772074699401855 0.03327963501214981 0.5043039321899414 0.03313395753502846 0.5408870776494344 0.04842792823910713 0.5430390040079752 0.06580933928489685 0.5301273266474406 0.06632834672927856 0.4967720905939738 0.06475991010665894 0.4784804582595825 0.07721634209156036 0.45373304684956867 0.08146636188030243 0.428985595703125 0.08691035956144333 0.4074660936991374
0 0.0009765625 0.8690595626831055 0.0009765625 0.8615278402964274 0.025107482448220253 0.859375794728597 0.06315629929304123 0.8690595626831055 0.0697999820113182 0.9099466800689697 0.0738314837217331 0.9400739669799805 0.052642785012722015 0.9271623293558756 0.04391394183039665 0.9250103632609049 0.04324468970298767 0.9476058483123779 0.03496544808149338 0.9658974011739095 0.017210695892572403 0.975581169128418 0.0009765625 0.9712772369384766 0.0009765625 0.9605175654093424 0.0009765625 0.9458074569702148 0.0009765625 0.9250103632609049 0.0009765625 0.9099466800689697 0.0009765625 0.8970349629720052 0.0009765625 0.8905790646870931 0.0009765625 0.8744394779205322
0 0.35894089937210083 0.6710801124572754 0.3241780698299408 0.6969034671783447 0.2945621609687805 0.715195099512736 0.29739511013031006 0.6947515805562338 0.3134334981441498 0.6796878973642985 0.3264886140823364 0.6743080615997314 0.35006293654441833 0.67000412940979
0 0.44167423248291016 0.6484846274058024 0.45450857281684875 0.6743080615997314 0.4651791751384735 0.6979794502258301 0.5024790167808533 0.6775359312693278 0.5123278498649597 0.689371665318807 0.5080767273902893 0.7022834618886312 0.5461232662200928 0.6882957617441813 0.561194121837616 0.6979794502258301 0.581710159778595 0.6979794502258301 0.597152054309845 0.6872197786966959 0.6150559186935425 0.6764599482218424 0.6127408146858215 0.6517125368118286 0.5986408591270447 0.652788519859314 0.5764084458351135 0.647408644358317 0.5482072830200195 0.6377248764038086 0.5267966389656067 0.6441807349522909 0.5058333277702332 0.647408644358317 0.4812880754470825 0.6409528255462646 0.4800189733505249 0.6323450009028116 0.47606486082077026 0.6312689781188965
0 0.6187220811843872 0.786209503809611 0.6472203135490417 0.7819056510925293 0.6603516936302185 0.7937413056691488 0.6554290056228638 0.8055770397186279 0.6450600028038025 0.8152608871459961 0.6268556714057922 0.8045010566711426 0.6020873785018921 0.8055770397186279 0.5876891613006592 0.808804988861084 0.6053687930107117 0.7937413056691488
0 0.6695289611816406 0.8045010566711426 0.6907176971435547 0.8174127737681071 0.6934801340103149 0.8389322757720947 0.6952727437019348 0.8615278402964274 0.6826660633087158 0.8755153814951578 0.6939330697059631 0.8948830763498942 0.7263876795768738 0.9153265158335367 0.7345952391624451 0.9271623293558756 0.7479474544525146 0.907794713973999 0.7708491683006287 0.8905790646870931 0.7936779856681824 0.8916550477345785 0.8018866181373596 0.9153265158335367 0.7921926379203796 0.9615935484568278 0.7963376045227051 0.9903973738352457 0.6740226745605469 0.9852649370829264 0.5235471725463867 0.9874169031778971 0.48124605417251587 0.978809118270874 0.46938374638557434 0.975581169128418 0.4395413100719452 0.9658974011739095 0.4080553650856018 0.9325421651204427 0.4138738214969635 0.9260863463083903 0.44580480456352234 0.9325421651204427 0.479600191116333 0.9314661820729574 0.4935510754585266 0.9314661820729574 0.49862179160118103 0.9067187309265137 0.4960835874080658 0.8895030816396078 0.5091375708580017 0.8722875118255615 0.5204740166664124 0.8378562927246094 0.5208461880683899 0.8292485078175863 0.5353946685791016 0.836780309677124 0.5562100410461426 0.8464641571044922 0.5795612335205078 0.8496920267740885 0.5916466116905212 0.8453881740570068 0.5992543697357178 0.8260205586751302 0.5988059639930725 0.8174127737681071 0.6247682571411133 0.8195647398630778 0.6475231051445007 0.8270965417226156 0.6613237261772156 0.8163367907206217
1 0.8238731622695923 0.6915236314137777 0.8530417680740356 0.6764599482218424 0.8888506293296814 0.666776180267334 0.9078744053840637 0.6657001972198486 0.920782744884491 0.6850678126017252 0.9223534464836121 0.7270308335622152 0.9241473078727722 0.7614620526631674 0.9202706217765808 0.7894373734792074 0.9115440249443054 0.810956875483195 0.8703651428222656 0.8357043266296387 0.8241862058639526 0.8432361284891764 0.8118003010749817 0.8260205586751302 0.7992619276046753 0.7743737697601318 0.8073158264160156 0.7399425506591797 0.8217857480049133 0.7065873146057129
1 0.806593120098114 0.9820369879404703 0.8089764714241028 0.9411500295003256 0.8049426674842834 0.8873511950174967 0.8044191002845764 0.8733634948730469 0.8117286562919617 0.856147845586141 0.8374667167663574 0.8539959589640299 0.8623090386390686 0.8464641571044922 0.8993858098983765 0.8335524400075277 0.9256451725959778 0.8217167059580485 0.9374335408210754 0.831400473912557 0.933407723903656 0.860451857248942 0.9196105003356934 0.9067187309265137 0.9111832976341248 0.9379220008850098 0.9049198031425476 0.9712772369384766 0.8996988534927368 0.9852649370829264
1 0.7121680974960327 0.44942915439605713 0.7253700494766235 0.4193018277486165 0.7503613829612732 0.41069404284159344 0.7670735716819763 0.42037781079610187 0.771629810333252 0.4763285319010417 0.7716320753097534 0.5 0.7588011622428894 0.5096837679545084 0.7512652277946472 0.49892401695251465 0.7378332614898682 0.46556878089904785 0.7199271321296692 0.4526570638020833
1 0.7434343695640564 0.5258233944574991 0.7401552200317383 0.5613306363423666 0.739486038684845 0.5839260816574097 0.7492608428001404 0.6022176742553711 0.7638810276985168 0.5796221892038981 0.7798442244529724 0.559178630510966 0.7881974577903748 0.5344312191009521 0.7824506759643555 0.5107597510019938 0.7726781368255615 0.5161396265029907
0 0.27249228954315186 0.07498967150847118 0.2553362548351288 0.10404101014137268 0.2390008419752121 0.1330923537413279 0.21341416239738464 0.15783978501955667 0.20349478721618652 0.1879671017328898 0.23967809975147247 0.19334697723388672 0.27354973554611206 0.20948660373687744 0.278404176235199 0.26328539848327637 0.285268634557724 0.27296916643778485 0.29556363821029663 0.2697412371635437 0.30160290002822876 0.23208208878835043 0.32151907682418823 0.2008787989616394 0.3375551402568817 0.1621436874071757 0.3265123665332794 0.14708003401756287 0.31024521589279175 0.11049685875574748 0.29763510823249817 0.08897735675175984 0.28413039445877075 0.07391369342803955
1 0.18939821422100067 0.22455026706059775 0.1998445838689804 0.2439178228378296 0.20626290142536163 0.26866525411605835 0.21193338930606842 0.2751211126645406 0.24177467823028564 0.27296916643778485 0.26438042521476746 0.2815769712130229 0.2695273458957672 0.2740451494852702 0.2657929062843323 0.22993016242980957 0.25504833459854126 0.21271453301111856 0.24064898490905762 0.20410672823588052 0.21796923875808716 0.20195478200912476 0.19939272105693817 0.199802835782369 0.1910383552312851 0.21271453301111856
1 0.29690900444984436 0.2955646514892578 0.34749048948287964 0.2977165977160136 0.37390127778053284 0.3084763487180074 0.4118761122226715 0.32461599508921307 0.4114299416542053 0.33967963854471844 0.40359801054000854 0.3547433217366536 0.38726145029067993 0.3719589312871297 0.3745808005332947 0.392402450243632 0.35525989532470703 0.4074660936991374 0.32609128952026367 0.42252973715464276 0.31117063760757446 0.4236057202021281 0.28781935572624207 0.42037781079610187 0.2628996670246124 0.3988582690556844 0.2524532675743103 0.3794907331466675 0.2601349651813507 0.3536673386891683 0.2731889486312866 0.3364517291386922 0.28557026386260986 0.30632442235946655
1 0.2658112049102783 0.4193018277486165 0.28685078024864197 0.4332895278930664 0.304085373878479 0.4451252619425456 0.3031919002532959 0.46341681480407715 0.29767394065856934 0.49139221509297687 0.2905897796154022 0.5247474511464437 0.2696276009082794 0.5398110946019491 0.26015207171440125 0.5312033096949259 0.2524658441543579 0.5096837679545084 0.23731869459152222 0.4827843904495239 0.24074922502040863 0.4698726733525594 0.25171348452568054 0.44404927889506024 0.25924721360206604 0.4311375617980957
1 0.3808111548423767 0.015811017403999966 0.3964773416519165 0.009355164443453154 0.4129652678966522 0.01473504180709521 0.4204272925853729 0.03195065011580785 0.4222199618816376 0.0545461376508077 0.4205809533596039 0.07821759581565857 0.4071536660194397 0.09220527609189351 0.39738109707832336 0.09758516152699788 0.3820119798183441 0.09005332986513774 0.3799211382865906 0.06960979600747426 0.3759647309780121 0.04486235479513804
1 0.1412571519613266 0.7732977867126465 0.16580238938331604 0.7797536055246989 0.1910942941904068 0.7926653226216634 0.2038523554801941 0.8012731870015463 0.20377837121486664 0.8077290058135986 0.19788706302642822 0.8324764569600424 0.1879676729440689 0.8626037438710531 0.17879267036914825 0.8755153814951578 0.14723384380340576 0.860451857248942 0.12843309342861176 0.8539959589640299 0.100680410861969 0.8529199759165446
0 0.25927120447158813 0.6796878973642985 0.2688957750797272 0.6872197786966959 0.2839677929878235 0.7087392807006836 0.29486149549484253 0.7248788674672445 0.3091857433319092 0.7281068166097006 0.3182867467403412 0.7216509977976481 0.331492155790329 0.7270308335622152 0.33895301818847656 0.732410748799642 0.3460405766963959 0.7345627148946127 0.3399238884449005 0.743170420328776 0.32552570104599 0.7463983694712321 0.31120261549949646 0.7550062338511149 0.2984468340873718 0.7700698375701904 0.2922561764717102 0.7851335207621256 0.28091859817504883 0.8077290058135986 0.2537657618522644 0.8378562927246094 0.2402656078338623 0.8701355457305908 0.23526890575885773 0.8884271780649821 0.22430352866649628 0.9024147987365723 0.20446018874645233 0.9153265158335367 0.18021315336227417 0.9067187309265137 0.17573662102222443 0.9034907817840576 0.17208072543144226 0.9002629121144613 0.1807333081960678 0.885199228922526 0.20102280378341675 0.8572238286336263 0.21086594462394714 0.8098808924357096 0.20996902883052826 0.7926653226216634 0.21138493716716766 0.7765256563822428 0.225408673286438 0.7582341035207113 0.23592674732208252 0.7474743525187174 0.24457931518554688 0.732410748799642 0.24994933605194092 0.7173470656077067 0.25427448749542236 0.6979794502258301 0.25860080122947693 0.6904476483662924
1 0.7460942268371582 0.2579055031140645 0.7628041505813599 0.2439178228378296 0.7852596044540405 0.24176587661107382 0.8021960258483887 0.2557535568873088 0.8142085671424866 0.2697412371635437 0.8154776692390442 0.27834904193878174 0.811750054359436 0.3052484194437663 0.8146616220474243 0.32569195826848346 0.8007869720458984 0.34290754795074463 0.7690061926841736 0.34721148014068604 0.7502806186676025 0.3461354970932007 0.7397602200508118 0.33322377999623615 0.7350594401359558 0.32569195826848346 0.7381905913352966 0.3030964930852254 0.7429630756378174 0.28050098816553753
1 0.9436650276184082 0.4666447639465332 0.9253138899803162 0.4806324640909831 0.9047989845275879 0.4924681584040324 0.8945790529251099 0.5010759830474854 0.8868222832679749 0.5215195417404175 0.8810049891471863 0.5398110946019491 0.8866754770278931 0.5462669531504313 0.8966733813285828 0.5570267041524252 0.9039112329483032 0.5699384212493896 0.9123429656028748 0.5860780477523804 0.9204059839248657 0.6463326613108317 0.9236897230148315 0.6581683953603109 0.9564390778541565 0.6409528255462646 0.9770278930664062 0.6226611932118734 0.9895549416542053 0.5559507211049398 0.9961131811141968 0.48493635654449463 0.9966333508491516 0.46341681480407715 0.9777586460113525 0.46341681480407715
1 0.13106900453567505 0.33752771218617755 0.1522565633058548 0.3386036952336629 0.18045654892921448 0.3364517291386922 0.21164089441299438 0.3364517291386922 0.2536426782608032 0.33537574609120685 0.24417060613632202 0.3622751235961914 0.2459644228219986 0.39670634269714355 0.23119403421878815 0.40854211648305255 0.18837161362171173 0.4096180597941081 0.1583072394132614 0.4193018277486165 0.13950876891613007 0.4365174372990926 0.12249726057052612 0.4171499013900757 0.11190176755189896 0.3988582690556844 0.10242512077093124 0.378414789835612 0.11450936645269394 0.3622751235961914
0 0.18739615380764008 0.3515153725941976 0.19634808599948883 0.3461354970932007 0.2041071653366089 0.34936340649922687 0.1988111436367035 0.35797123114267987
1 0.526596188545227 0.11264881491661072 0.5462915301322937 0.11264881491661072 0.5625575184822083 0.13739625612894693 0.5656204223632812 0.1804352601369222 0.579125165939331 0.1954989234606425 0.5844974517822266 0.20410672823588052 0.5752473473548889 0.21163856983184814 0.5530171394348145 0.22993016242980957 0.5214606523513794 0.23853794733683267 0.49333691596984863 0.2579055031140645 0.4731942117214203 0.26113343238830566 0.4661806523799896 0.2525256276130676 0.460582971572876 0.22777819633483887 0.4702041447162628 0.199802835782369 0.4816908538341522 0.17613136768341064 0.4950430393218994 0.15676380197207132 0.5083200931549072 0.13201637069384256
1 0.5211795568466187 0.41822588443756104 0.5598248243331909 0.4236057202021281 0.5917558073997498 0.43006157875061035 0.5935484766960144 0.4526570638020833 0.5771379470825195 0.4763285319010417 0.5560266971588135 0.4924681584040324 0.548718273639679 0.5215195417404175 0.5453628897666931 0.5398110946019491 0.5308167338371277 0.5559507211049398 0.5125395655632019 0.5634825627009074 0.48709967732429504 0.5634825627009074 0.46755340695381165 0.562406579653422 0.43107300996780396 0.571014404296875 0.41406381130218506 0.5753182570139567 0.40563544631004333 0.5946858326594034 0.39071595668792725 0.607597549756368 0.3756462037563324 0.6097495158513387 0.3528902232646942 0.590381940205892 0.33102771639823914 0.5527228116989136 0.3151338994503021 0.519367535909017 0.3278873562812805 0.4806324640909831 0.3442990779876709 0.46879669030507404 0.37175238132476807 0.46018890539805096 0.4000275135040283 0.46341681480407715 0.42360299825668335 0.47094865640004474 0.4326311945915222 0.4827843904495239 0.4444946348667145 0.49784807364145917 0.4629960358142853 0.4946201244990031 0.48089873790740967 0.4720246394475301 0.49417582154273987 0.4472771883010864 0.5126009583473206 0.42683366934458417
0 0.627208411693573 0.5946858326594034 0.6518288254737854 0.6065215667088827 0.6635442972183228 0.6344969272613525 0.6704850196838379 0.661396304766337 0.6575801372528076 0.6775359312693278 0.6299765706062317 0.6753840446472168 0.622290313243866 0.6538645029067993 0.6189292073249817 0.6129774252573649
1 0.2544110417366028 0.5667104721069336 0.2649291157722473 0.5559507211049398 0.2875337302684784 0.5527228116989136 0.3017839789390564 0.562406579653422 0.3213313817977905 0.5753182570139567 0.3256611227989197 0.6032936573028564 0.324097216129303 0.6323450009028116 0.31611618399620056 0.6484846274058024 0.29060235619544983 0.6549404462178549 0.2699372172355652 0.6560164292653402 0.2574034035205841 0.6517125368118286 0.2582957148551941 0.6215852101643881 0.26053112745285034 0.593609889348348
1 0.6167857646942139 0.04809028406937917 0.6503546833992004 0.01903894419471423 0.6891478896141052 0.011507116258144379 0.735701322555542 0.01903894419471423 0.7708420157432556 0.043786381681760154 0.7776336669921875 0.07176174720128377 0.7732345461845398 0.09758516152699788 0.7736090421676636 0.11264881491661072 0.7612265348434448 0.13094040751457214 0.7408608198165894 0.14170015851656595 0.7096036076545715 0.15999174118041992 0.6801367998123169 0.17720733086268106 0.6633507013320923 0.17397942145665488 0.6368602514266968 0.11049685875574748 0.6320092082023621 0.09220527609189351 0.6185784935951233 0.07068576912085216
1 0.7476992607116699 0.6549404462178549 0.7758980989456177 0.6409528255462646 0.8085006475448608 0.6484846274058024 0.8223786950111389 0.666776180267334 0.8156667351722717 0.6915236314137777 0.8085063695907593 0.7076632976531982 0.7944826483726501 0.7259548505147299 0.7718029022216797 0.7238028844197592 0.7464358806610107 0.7055113315582275 0.7391229271888733 0.6872197786966959 0.741210401058197 0.6721560955047607
1 0.5179129838943481 0.5839260816574097 0.5541679859161377 0.559178630510966 0.5932593941688538 0.5494948625564575 0.6165355443954468 0.5473429361979166 0.6194471120834351 0.567786455154419 0.6212397217750549 0.590381940205892 0.6104234457015991 0.6032936573028564 0.6059492230415344 0.6237371762593588 0.6009525060653687 0.6420287688573202 0.5843906402587891 0.6431047519048055 0.5584271550178528 0.6291170517603556 0.5409694910049438 0.6248131593068441 0.5277641415596008 0.6194332838058472 0.524107038974762 0.6043696403503418
1 0.6352599859237671 0.5365831851959229 0.6586101651191711 0.5279753605524699 0.6780813336372375 0.5236714680989584 0.6898685097694397 0.5215195417404175 0.7167254090309143 0.5172156095504761 0.7327660322189331 0.5258233944574991 0.7341853976249695 0.5451909701029459 0.7312784790992737 0.5720903476079305 0.7265071272850037 0.6065215667088827 0.7221068739891052 0.6205092668533325 0.7064418196678162 0.6388008197148641 0.6879404187202454 0.6420287688573202 0.6760781407356262 0.6388008197148641 0.6697349548339844 0.6194332838058472 0.6586170196533203 0.598989725112915 0.6451874375343323 0.5893059571584066 0.6324293613433838 0.5806981722513834 0.623550295829773 0.567786455154419 0.628696084022522 0.5484188795089722
1 0.34278061985969543 0.1954989234606425 0.35352635383605957 0.22455026706059775 0.3614368438720703 0.25037368138631183 0.35920143127441406 0.27834904193878174 0.34122246503829956 0.2837289174397786 0.32562798261642456 0.2600574692090352 0.32033082842826843 0.25682952006657916 0.3086187541484833 0.2643613616625468 0.2997419536113739 0.2751211126645406 0.3104068636894226 0.23961393038431802 0.31726792454719543 0.213790496190389 0.33129164576530457 0.1954989234606425
1 0.40081503987312317 0.1201806366443634 0.3808954358100891 0.11587674419085185 0.37231796979904175 0.13632027308146158 0.35851848125457764 0.15891576806704202 0.35471463203430176 0.16859954595565796 0.3529253900051117 0.18151124318440756 0.36038854718208313 0.2105625867843628 0.36434492468833923 0.23531001806259155 0.3690468370914459 0.25467759370803833 0.37389782071113586 0.27296916643778485 0.3800168037414551 0.2880328297615051 0.3877018988132477 0.2977165977160136 0.40045997500419617 0.30632442235946655 0.4166496992111206 0.31385622421900433 0.4275422692298889 0.31816015640894574 0.44462549686431885 0.307400385538737 0.45842495560646057 0.284804900487264 0.457304984331131 0.2751211126645406 0.44029462337493896 0.2675892909367879 0.4285814166069031 0.26328539848327637 0.41992655396461487 0.25467759370803833 0.40918195247650146 0.23746196428934732 0.40395763516426086 0.2159424622853597 0.40432754158973694 0.18366320927937826 0.4115607738494873 0.14923198024431863 0.4091717004776001 0.13094040751457214
1 0.428781658411026 0.01903894419471423 0.4422101378440857 0.01688699300090472 0.45354998111724854 0.017962968597809475 0.47466355562210083 0.02549479901790619 0.47839459776878357 0.034102603793144226 0.47071176767349243 0.04809028406937917 0.465341717004776 0.063153937458992 0.45377880334854126 0.06960979600747426 0.44243893027305603 0.06853381792704265 0.4360969066619873 0.06100199123223623 0.4282626509666443 0.05239418645699819 0.42624688148498535 0.03733052810033163
1 0.008519302122294903 0.5882299741109213 0.03970136493444443 0.5645585457483927 0.06610983610153198 0.5516467889149984 0.08170201629400253 0.5516467889149984 0.09192417562007904 0.5667104721069336 0.10908478498458862 0.585002064704895 0.11236848682165146 0.5968377987543741 0.09245116263628006 0.6162053743998209 0.07909782975912094 0.6237371762593588 0.05425553023815155 0.6312689781188965 0.04217014089226723 0.6355729103088379 0.029711423441767693 0.6366488933563232 0.024563351646065712 0.6323450009028116 0.013297464698553085 0.6248131593068441 0.0084464643150568 0.6065215667088827
1 0.07992532104253769 0.6947515805562338 0.10006801784038544 0.6915236314137777 0.1146153137087822 0.6872197786966959 0.12774556875228882 0.6872197786966959 0.1326705664396286 0.6990554332733154 0.13043400645256042 0.715195099512736 0.13177822530269623 0.7291827996571859 0.13558436930179596 0.743170420328776 0.1347648650407791 0.7550062338511149 0.1326785385608673 0.7819056510925293 0.1191021278500557 0.7969692548116049 0.10798647999763489 0.8001972039540609 0.09067905694246292 0.8066530227661133 0.07657905668020248 0.8077290058135986 0.07381778210401535 0.7980452378590902 0.07754537463188171 0.7711458206176758 0.08008013665676117 0.7528542677561442 0.08104873448610306 0.7399425506591797 0.07761478424072266 0.7173470656077067 0.07910582423210144 0.7065873146057129
1 0.0009765625 0.8184887568155924 0.038081783801317215 0.7894373734792074 0.05949241667985916 0.7829815546671549 0.06717754155397415 0.7926653226216634 0.06494098156690598 0.808804988861084 0.07292430102825165 0.8163367907206217 0.09687197953462601 0.8152608871459961 0.09679800271987915 0.8217167059580485 0.09665118902921677 0.8464641571044922 0.07300285995006561 0.8572238286336263 0.0580822192132473 0.8582998116811117 0.04704055190086365 0.8550719420115153 0.03435761481523514 0.8518439928690592 0.016601722687482834 0.8496920267740885 0.00227749883197248 0.8464641571044922
1 0.553443968296051 0.013659067451953888 0.6018617749214172 0.013659067451953888 0.6111893057823181 0.03517857690652212 0.5957484841346741 0.057774061957995095 0.5945568084716797 0.07821759581565857 0.5799355506896973 0.08897735675175984 0.5570315718650818 0.08252150317033131 0.546439528465271 0.09973710775375366 0.536069393157959 0.09758516152699788 0.5288315415382385 0.08467345436414082 0.5314403176307678 0.059926013151804604 0.5400177836418152 0.039482479294141136
1 0.21355071663856506 0.026570772131284077 0.23235146701335907 0.03302662571271261 0.25003451108932495 0.05347016453742981 0.26033180952072144 0.07391369342803955 0.25227677822113037 0.09650917847951253 0.23780573904514313 0.11802869041760762 0.21938060224056244 0.13847221930821738 0.20289494097232819 0.15676380197207132 0.19125914573669434 0.18151124318440756 0.17686322331428528 0.20841064055760702 0.17111988365650177 0.22024635473887125 0.16164666414260864 0.23531001806259155 0.15493357181549072 0.24822173515955606 0.14732587337493896 0.2675892909367879 0.13882239162921906 0.2815769712130229 0.12949714064598083 0.2837289174397786 0.12121561169624329 0.27834904193878174 0.10189241915941238 0.2697412371635437 0.08831371366977692 0.26113343238830566 0.08637194335460663 0.23961393038431802 0.10173989087343216 0.23531001806259155 0.1304611712694168 0.2234743038813273 0.14911054074764252 0.20733465751012167 0.14880891144275665 0.17397942145665488 0.14992433786392212 0.13632027308146158 0.17013758420944214 0.09112930297851562 0.19855724275112152 0.045938332875569664
0 0.17870932817459106 0.011507116258144379 0.1764727681875229 0.02764674772818883 0.17975647747516632 0.039482479294141136 0.18527787923812866 0.04701430598894755 0.19340915977954865 0.041634430487950645 0.19915249943733215 0.02979869892199834 0.20027020573616028 0.015811017403999966 0.19916608929634094 0.008322228367129961
1 0.7860974669456482 0.4193018277486165 0.8222033381462097 0.3956303596496582 0.8462250232696533 0.3880985577901204 0.8709170818328857 0.369806965192159 0.8900923132896423 0.39132646719614667 0.8931528925895691 0.41069404284159344 0.8933042883872986 0.4332895278930664 0.9018862843513489 0.46018890539805096 0.8993515372276306 0.4784804582595825 0.8890576958656311 0.49354414145151776 0.8191541433334351 0.4946201244990031 0.7947591543197632 0.49892401695251465 0.7863284945487976 0.4946201244990031 0.7811781764030457 0.4666447639465332 0.7840850949287415 0.43974534670511883
1 0.2897225618362427 0.8152608871459961 0.3092711269855499 0.8400082588195801 0.31762778759002686 0.8507680098215739 0.31292930245399475 0.8669076760609945 0.3005468547344208 0.885199228922526 0.28503093123435974 0.9024147987365723 0.262277215719223 0.9067187309265137 0.24437223374843597 0.9056427478790283 0.23788107931613922 0.899186929066976 0.2604060173034668 0.8432361284891764 0.28017422556877136 0.8249445756276449
0 0.34366634488105774 0.8701355457305908 0.3391169607639313 0.885199228922526 0.3323298990726471 0.904566764831543 0.32293179631233215 0.9250103632609049 0.3165920376777649 0.9411500295003256 0.30435869097709656 0.9583655993143717 0.29734739661216736 0.973429282506307 0.2957812249660492 0.978809118270874 0.29488661885261536 0.9852649370829264 0.30801689624786377 0.9852649370829264 0.32651829719543457 0.9820369879404703 0.34016984701156616 0.9723532994588217 0.35732927918434143 0.978809118270874 0.3709080219268799 0.9874169031778971 0.3788299560546875 0.9903973738352457 0.3951142132282257 0.9903973738352457 0.41480958461761475 0.9903973738352457 0.4340973496437073 0.9874169031778971 0.4273819625377655 0.9766571521759033 0.40947583317756653 0.9637454350789388 0.3909721374511719 0.9433019161224365 0.38336101174354553 0.9271623293558756 0.37903130054473877 0.899186929066976 0.3606027364730835 0.8841232458750407 0.3528424799442291 0.8690595626831055
1 0.6116628646850586 0.30417245626449585 0.6332988739013672 0.31385622421900433 0.6545592546463013 0.29664061466852826 0.6677623391151428 0.27834904193878174 0.6586579084396362 0.2492976983388265 0.6539559960365295 0.22993016242980957 0.6448538303375244 0.22455026706059775 0.6350812315940857 0.22993016242980957 0.6285184621810913 0.25360159079233807 0.6203143000602722 0.2772730588912964 0.6168837547302246 0.2901847759882609
1 0.8445791006088257 0.3407556215922038 0.8578596711158752 0.3515153725941976 0.879196286201477 0.3515153725941976 0.8851627707481384 0.33214781681696576 0.8828476071357727 0.307400385538737 0.8655390739440918 0.30202051003774005 0.8583024144172668 0.3009445269902547 0.8499480485916138 0.31385622421900433 0.8461441397666931 0.3235400120417277
0 0.9906429052352905 0.23423405488332114 1.0 0.2471457521120707 1.0 0.2557535568873088 1.0 0.2716672420501709 1.0 0.29664061466852826 1.0 0.3192361195882161 0.9969906806945801 0.3009445269902547 0.9855745434761047 0.28265295426050824 0.975128173828125 0.26328539848327637 0.977215588092804 0.24822173515955606
1 0.9160351753234863 0.19227099418640137 0.929835855960846 0.18151124318440756 0.9397574663162231 0.17505540450414023 0.9520670771598816 0.17505540450414023 0.968778133392334 0.17290343840916952 0.9772087335586548 0.17720733086268106 0.9800451397895813 0.19227099418640137 0.9771370887756348 0.20733465751012167 0.972438633441925 0.2234743038813273 0.9637871384620667 0.25037368138631183 0.9598342180252075 0.26113343238830566 0.9515548944473267 0.2794250249862671 0.9455873966217041 0.2869568467140198 0.932383120059967 0.2934126853942871 0.9217147827148438 0.2934126853942871 0.9238773584365845 0.2837289174397786 0.9234266877174377 0.2514496644337972 0.9251407980918884 0.23315807183583578 0.9238705039024353 0.21271453301111856 0.9176775813102722 0.20410672823588052
1 0.6802870631217957 0.1879671017328898 0.7084107398986816 0.16859954595565796 0.7351174354553223 0.15353588263193765 0.7592881917953491 0.1449280877908071 0.7645148634910583 0.1901190678278605 0.7654868364334106 0.21271453301111856 0.7631011605262756 0.22993016242980957 0.741169273853302 0.2460697889328003 0.7187114953994751 0.22455026706059775 0.6907357573509216 0.23100612560908 0.6770853400230408 0.2525256276130676 0.6685056090354919 0.2492976983388265 0.6660425662994385 0.23746196428934732 0.6720089316368103 0.2180944283803304 0.6764091849327087 0.20410672823588052
1 0.639642059803009 0.33322377999623615 0.6681367754936218 0.2934126853942871 0.674477756023407 0.28910879294077557 0.6651559472084045 0.3267679413159688 0.6691122651100159 0.3515153725941976 0.6823927760124207 0.3622751235961914 0.7071599364280701 0.34936340649922687 0.7226769924163818 0.34398357073465985 0.7323004603385925 0.33967963854471844 0.7352120280265808 0.36012319723765057 0.7362579703330994 0.3762628237406413 0.7338723540306091 0.39347843329111737 0.722384512424469 0.4053141673405965 0.7111948728561401 0.414997935295105 0.7005277276039124 0.42683366934458417 0.6868010759353638 0.4311375617980957 0.6773266792297363 0.43436551094055176 0.6699408888816833 0.43436551094055176 0.6524832248687744 0.43006157875061035 0.6418137550354004 0.41822588443756104 0.6325613260269165 0.40208621819814044 0.6347227692604065 0.38056671619415283 0.634571373462677 0.35797123114267987 0.6406129598617554 0.34398357073465985
1 0.5971167087554932 0.3203120827674866 0.618826687335968 0.3235400120417277 0.6274815797805786 0.33214781681696576 0.627110481262207 0.3525913556416829 0.6230107545852661 0.3880985577901204 0.6137617230415344 0.4074660936991374 0.6045867204666138 0.42037781079610187 0.5809372663497925 0.4193018277486165 0.5678809881210327 0.4128459692001343 0.576459527015686 0.40423818429311115 0.591751217842102 0.38271864255269367 0.5983140468597412 0.35904717445373535 0.5995057821273804 0.3386036952336629
1 0.9287638068199158 0.6689282258351644 0.9503975510597229 0.6549404462178549 0.9663618803024292 0.6463326613108317 0.9790436625480652 0.6377248764038086 0.9792068004608154 0.6430025100708008 0.9700973629951477 0.7087392807006836 0.9651769399642944 0.7442464033762614 0.9571253061294556 0.8023490905761719 0.9554851651191711 0.8141849040985107 0.9455636143684387 0.8141849040985107 0.9333280324935913 0.8077290058135986 0.9289994239807129 0.7915893395741781 0.9299657344818115 0.7550062338511149 0.9319018125534058 0.7173470656077067 0.9292144775390625 0.7012074788411459
1 0.25033044815063477 0.02764674772818883 0.27039799094200134 0.01903894419471423 0.2882278859615326 0.01473504180709521 0.31083250045776367 0.011507116258144379 0.35044747591018677 0.015811017403999966 0.3636528551578522 0.021190894146760304 0.36857783794403076 0.03302662571271261 0.3689534664154053 0.059926013151804604 0.373134046792984 0.08897735675175984 0.3709726333618164 0.11049685875574748 0.3620229661464691 0.13954820235570273 0.3512066900730133 0.15245990951855978 0.3380013108253479 0.14708003401756287 0.32658517360687256 0.12878844141960144 0.32113775610923767 0.1148007611433665 0.3145703375339508 0.09112930297851562 0.3012886941432953 0.06853381792704265 0.28659114241600037 0.06207796434561411 0.2667466700077057 0.063153937458992 0.25935977697372437 0.05131820837656657 0.255479633808136 0.043786381681760154
1 0.0289339367300272 0.3106283148129781 0.052134960889816284 0.3030964930852254 0.07309829443693161 0.2998685638109843 0.07996391505002975 0.3213880658149719 0.08018927276134491 0.33752771218617755 0.07049297541379929 0.36012319723765057 0.06057359278202057 0.3902504841486613 0.04804317653179169 0.4214537938435872 0.03528739884495735 0.4365174372990926 0.030141612514853477 0.45588497320810956 0.026412880048155785 0.47094865640004474 0.020744653418660164 0.4881643056869507 0.0070179905742406845 0.4924681584040324 0.002581479027867317 0.48137128353118896 0.002581479027867317 0.48137128353118896 0.0176771879196167 0.3977823257446289 0.022969791665673256 0.3536673386891683 0.02498212270438671 0.33322377999623615
1 0.0009765625 0.5 0.0162692628800869 0.4967720905939738 0.025743624195456505 0.49354414145151776 0.02537485770881176 0.5376591682434082 0.02560022659599781 0.5537987947463989 0.012546240352094173 0.571014404296875 0.003073022235184908 0.5860780477523804 0.0009765625 0.6215852101643881 0.008748097345232964 0.6398768027623495 0.0009765625 0.6549404462178549 0.0009765625 0.6732320785522461 0.0009765625 0.6784541606903076 0.0009765625 0.6784541606903076 0.0009765625 0.590381940205892 0.0009765625 0.56126602490743 0.0009765625 0.5139877001444498
1 0.1486109346151352 0.44189731280008954 0.17009557783603668 0.428985595703125 0.19329659640789032 0.4214537938435872 0.20836633443832397 0.4193018277486165 0.23231402039527893 0.41822588443756104 0.24238479137420654 0.41069404284159344 0.25230759382247925 0.41607391834259033 0.2414184808731079 0.4472771883010864 0.23366165161132812 0.46772074699401855 0.2268006056547165 0.49354414145151776 0.20800098776817322 0.49892401695251465 0.18629100918769836 0.4956960678100586 0.16943088173866272 0.49892401695251465 0.16256754100322723 0.5010759830474854 0.1566716879606247 0.4784804582595825 0.15167155861854553 0.4612648884455363
1 0.3734096586704254 0.6258891423543295 0.3947451710700989 0.6140534083048502 0.41622981429100037 0.6011417309443156 0.4318208396434784 0.5893059571584066 0.4477851688861847 0.5806981722513834 0.4720310866832733 0.5774702628453573 0.48814570903778076 0.5796221892038981 0.4881468415260315 0.5914578835169474 0.4730042517185211 0.6119014422098795 0.4609200358390808 0.6280410687128702 0.4379432201385498 0.6398768027623495 0.41884538531303406 0.647408644358317 0.40593937039375305 0.6517125368118286 0.39154118299484253 0.6549404462178549 0.3741585910320282 0.6560164292653402 0.3647582232952118 0.652788519859314
1 0.3320873975753784 0.7108911673227946 0.34581291675567627 0.6947515805562338 0.3666999936103821 0.6743080615997314 0.37468215823173523 0.67000412940979 0.37826409935951233 0.6796878973642985 0.372595876455307 0.6969034671783447 0.36394330859184265 0.7119671503702799 0.3592436611652374 0.7162710825602213 0.340518057346344 0.715195099512736
1 0.6206604242324829 0.7722218036651611 0.6429668664932251 0.7711458206176758 0.6528885364532471 0.7646900018056234 0.6668382883071899 0.7528542677561442 0.6770581603050232 0.7442464033762614 0.7007793188095093 0.715195099512736 0.7192056179046631 0.7065873146057129 0.7321105003356934 0.6904476483662924 0.7365096211433411 0.6646242141723633 0.7268862128257751 0.6689282258351644 0.7068185806274414 0.6775359312693278 0.6983902454376221 0.6969034671783447 0.6855605244636536 0.718423048655192 0.6624345779418945 0.7313346862792969 0.6460968852043152 0.7367146015167236 0.6349073052406311 0.7463983694712321 0.6269261837005615 0.762537956237793
1 0.6567686200141907 0.7722218036651611 0.6679582595825195 0.762537956237793 0.6790739297866821 0.7593100865681967 0.6929519772529602 0.7776016394297282 0.7008613348007202 0.7915893395741781 0.7071293592453003 0.8055770397186279 0.6981774568557739 0.810956875483195 0.6837029457092285 0.7969692548116049 0.6690053939819336 0.7905133565266927
1 0.7001977562904358 0.8733634948730469 0.7154154777526855 0.8582998116811117 0.7254862189292908 0.8507680098215739 0.7383922338485718 0.8464641571044922 0.7456288933753967 0.8475401401519775 0.7659207582473755 0.8432361284891764 0.7728580236434937 0.8346284230550131 0.7732290625572205 0.8141849040985107 0.7741225957870483 0.7958931922912598 0.7825520038604736 0.7883614699045817 0.789117157459259 0.7883614699045817 0.7929984331130981 0.8077290058135986 0.8029975295066833 0.8303244908650717 0.8017306923866272 0.8453881740570068 0.7989717721939087 0.859375794728597 0.7955411672592163 0.8722875118255615 0.7786070704460144 0.88197127978007 0.7539878487586975 0.88197127978007 0.7438430786132812 0.8959589799245199 0.7336232662200928 0.904566764831543 0.715792179107666 0.8970349629720052 0.7028850317001343 0.8895030816396078
1 0.8372365236282349 0.01473504180709521 0.8749108910560608 0.009355164443453154 0.9125863909721375 0.015811017403999966 0.9435465335845947 0.011507116258144379 0.9371327757835388 0.034102603793144226 0.9373592734336853 0.06207796434561411 0.9356451630592346 0.0803695519765218 0.9150562882423401 0.09866112470626831 0.8958856463432312 0.12448453903198242 0.8741028308868408 0.13954820235570273 0.8611968159675598 0.14385210474332175 0.8514219522476196 0.12556052207946777 0.8486595153808594 0.10404101014137268 0.8432849049568176 0.07176174720128377 0.8355986475944519 0.05024223029613495 0.828136682510376 0.03302662571271261
1 0.8702989220619202 0.14923198024431863 0.8937981724739075 0.13954820235570273 0.9034227728843689 0.14708003401756287 0.907453179359436 0.16537161668141684 0.8935034275054932 0.17720733086268106 0.8852981328964233 0.18904306491216025 0.8833609223365784 0.21486649910608926 0.8844081163406372 0.24284185965855917 0.8900068402290344 0.2794250249862671 0.8879194259643555 0.29448868830998737 0.8715066313743591 0.29448868830998737 0.8562866449356079 0.2858808636665344 0.8568068146705627 0.2643613616625468 0.8502393960952759 0.24068989356358847 0.8491933345794678 0.22455026706059775 0.8647093176841736 0.20733465751012167 0.8708999156951904 0.19227099418640137 0.8683617115020752 0.17505540450414023 0.8672417402267456 0.16537161668141684
1 0.28972139954566956 0.8034250736236572 0.30702659487724304 0.7732977867126465 0.31829017400741577 0.757158120473226 0.3355236351490021 0.757158120473226 0.3482816815376282 0.7657659848531088 0.3595487177371979 0.7851335207621256 0.3606698513031006 0.8066530227661133 0.35858240723609924 0.8217167059580485 0.342021644115448 0.8346284230550131 0.3315035402774811 0.8453881740570068 0.3194170296192169 0.8378562927246094 0.3087475597858429 0.8260205586751302 0.3000926673412323 0.8174127737681071
1 0.19652685523033142 0.652788519859314 0.18071390688419342 0.6839917500813802 0.17862758040428162 0.7108911673227946 0.1643056571483612 0.7313346862792969 0.15460820496082306 0.7420945167541504 0.1505061388015747 0.7539302508036295 0.14916421473026276 0.7636139392852783 0.1610265076160431 0.7668419679005941 0.17124752700328827 0.7700698375701904 0.18348315358161926 0.7765256563822428 0.1974351853132248 0.7883614699045817 0.20810122787952423 0.7646900018056234 0.22682343423366547 0.7302587032318115 0.23435714840888977 0.7173470656077067 0.24159155786037445 0.6947515805562338 0.24658821523189545 0.6764599482218424 0.24524402618408203 0.6624722878138224 0.2456890344619751 0.6355729103088379 0.2495657354593277 0.607597549756368 0.2374815046787262 0.6237371762593588 0.22950047254562378 0.6398768027623495 0.2175641804933548 0.6431047519048055 0.20756739377975464 0.6441807349522909
