1 0.0010834236186348862 0.0013774104683195593 0.04750578891675625 0.0013774104683195593 0.06745167129863767 0.0013774104683195593 0.04978201836186137 0.025330527754854566 0.02684804393565797 0.06761424797625581 0.0010834236186348862 0.08875359779547069 0.0010834236186348862 0.092559814453125 0.0010834236186348862 0.08437484552052395 0.0010834236186348862 0.022078064847583612 0.0010834236186348862 0.0013774104683195593 0.0010834236186348862 0.0013774104683195593
1 0.0010834236186348862 0.09792892203843298 0.0010834236186348862 0.10796763942918174 0.0010834236186348862 0.13252807911434122 0.0010834236186348862 0.16119010652063964 0.0010834236186348862 0.1819544180037233 0.0010834236186348862 0.19604523713923683 0.0010834236186348862 0.19245952679762826 0.0010834236186348862 0.13899276144905195 0.0010834236186348862 0.13438667738733212
1 0.0010834236186348862 0.38723376565728307 0.0010834236186348862 0.39417121824154183 0.0010834236186348862 0.442949027069344 0.0010834236186348862 0.46931835836615443 0.0010834236186348862 0.5085781297079459 0.0010834236186348862 0.5437815012025439 0.0010834236186348862 0.5743243425017218 0.0010834236186348862 0.5823249501630294 0.0010834236186348862 0.589165301362345 0.0010834236186348862 0.5968011272840263 0.0010834236186348862 0.5461226534252325 0.0010834236186348862 0.4956762560799759 0.0010834236186348862 0.457048946832494 0.0010834236186348862 0.42789364649244577
1 0.07774967181204716 0.0013774104683195593 0.06711843703446642 0.009358032347413791 0.07156624179232547 0.04618271126234827 0.08547907505882651 0.060944932879823624 0.09745009103033163 0.07023589079045067 0.11975156343900241 0.07311021789046358 0.1311839094399631 0.07225990295410156 0.15122893262141962 0.0016128066157506517 0.16178720459777898 0.0013774104683195593 0.16086296503102146 0.0013774104683195593 0.12622274479395906 0.0013774104683195593 0.10002736332357123 0.0013774104683195593
1 0.056233051667879876 0.05186305821106125 0.08529501901545995 0.07793853696712777 0.08686234297499239 0.09483041053961132 0.0836054346285042 0.1314353522518778 0.08527663572896212 0.15525181037335356 0.10111930078442409 0.19305613283940254 0.09601881496309589 0.21519142340037448 0.07987142874902661 0.22657801100045197 0.04560660695978001 0.22880142253949295 0.014294857839334308 0.2216900071493522 0.0010834236186348862 0.19211580470902204 0.0010834236186348862 0.13983878353738916 0.005157083757262059 0.10645440261882856 0.027570449647252505 0.09125757348767326 0.05018973221370743 0.06698871118634857
1 0.16622185836246445 0.11185728551270877 0.2068505746959219 0.1272906679095644 0.23049744908755418 0.14633042096434876 0.24336811367377945 0.16735827233180528 0.23244619317845172 0.1946752879245222 0.22128545527597676 0.23247086706240316 0.18815954999830714 0.22648925360897684 0.16497796121682015 0.21990123990481877 0.13872504105159805 0.20203572002652592 0.15254700765062126 0.1723788973385309 0.15888416625050786 0.14670779225583247
1 0.0010834236186348862 0.1964326128158359 0.005381487043552254 0.23141162126189094 0.026987311382851646 0.24718782198987388 0.05241244430789968 0.24556561935046486 0.09078163651190496 0.23851555438081096 0.1290876774979051 0.21762742812311683 0.14605101216523902 0.2315109294964919 0.17568077013009548 0.24348680900804925 0.19879753798859867 0.2512977537044809 0.2159883244970121 0.2653261084858708 0.21983701100457917 0.31288743872944647 0.2147910468369109 0.3517971196450478 0.185530525116595 0.3827393586970558 0.16591436813866975 0.41549253857825413 0.15564969973083695 0.4524968254993113 0.1383242787932523 0.4722168557243242 0.11245744897381585 0.4241665086141959 0.09397271549972915 0.39124544001807854 0.07375285271575366 0.3748815867526472 0.026162468857522388 0.3612990786549802 0.0010834236186348862 0.3519102995060692 0.0010834236186348862 0.343833103652828 0.0010834236186348862 0.3105325199684164 0.0010834236186348862 0.2522599821905131 0.0010834236186348862 0.2303192727165117 0.0010834236186348862 0.20962347866089875
1 0.012011089924226474 0.3933878076306388 0.05584684146703387 0.3933217282465995 0.07290052618520619 0.398220598205062 0.09162155597723964 0.4123921039675878 0.10719619205429391 0.43967990507435867 0.12284155914868719 0.4670915840085873 0.1311170964432176 0.4973456853020618 0.14289386455829328 0.5287425143659608 0.14171339967010596 0.5560911404528237 0.13472015446986305 0.5956613840150439 0.11468848892823588 0.6394298122605673 0.10744166348375711 0.6564462624962336 0.08121986430489488 0.658629782600508 0.04193200786090491 0.6589174296901903 0.017622754478247942 0.653888418654765 0.0017086849956574445 0.6224738086879089 0.0010834236186348862 0.5850248310519972 0.0010834236186348862 0.5276062179859676 0.0010834236186348862 0.4866149313850508 0.0010834236186348862 0.44591091355673207 0.0010834236186348862 0.4246658030948691
1 0.17447273031216143 0.0013774104683195593 0.19120899336826247 0.0013774104683195593 0.2237784735947234 0.0013774104683195593 0.24683271844105498 0.0013774104683195593 0.2657839526076229 0.0013774104683195593 0.2693847292551886 0.0013774104683195593 0.26548454640100216 0.017687811995997574 0.25057108869790257 0.049655562261576164 0.22407452385965432 0.09051596691457364 0.2126770515483224 0.11425741316530001 0.1909220686196506 0.10321990714585486 0.16545900156800175 0.09478350972997912 0.14942894105921586 0.081142661985287 0.15373142362286701 0.03424327629656831 0.1712309898302072 0.0023015171043143786 0.17876864977802512 0.0013774104683195593
1 0.28498607234603535 0.0013774104683195593 0.28376140160524443 0.0013774104683195593 0.27613030430555086 0.026002849757507156 0.26388921768667895 0.05780896798966673 0.24900664125981853 0.07265493429725163 0.23569861315957644 0.09769478579854834 0.22580582607347813 0.11561607592033618 0.2469832068016573 0.14173034794074446 0.2610022316516285 0.1522961556090468 0.3098258269569339 0.15588881227267345 0.34255227598312227 0.15249058957270684 0.37667578865621615 0.14550231639347128 0.41344021252666235 0.14064485113811231 0.45622893196015035 0.13185721783598592 0.4941210514287649 0.10935085075945894 0.5179842104761986 0.0807860140629708 0.5606011652094055 0.06835368448052524 0.5651655765421858 0.049320294508920885 0.5510621571979957 0.003784530418963472 0.5400313587126727 0.0013774104683195593 0.5301478293967531 0.0013774104683195593 0.5178407150384277 0.0013774104683195593 0.4781121846009954 0.0013774104683195593 0.43902498619269703 0.0013774104683195593 0.40001274265938175 0.0013774104683195593 0.3460082346543202 0.0013774104683195593 0.30756365775028777 0.0013774104683195593
1 0.5468327448918269 0.0013774104683195593 0.5506618908916238 0.0013774104683195593 0.5569848156698605 0.0013774104683195593 0.5697481066537445 0.010498204507118414 0.5776472990587758 0.03438270715970967 0.5886977041787987 0.05460301443893391 0.5915474442206121 0.06376183459909823 0.6323677302698402 0.064313657356031 0.6567811976274716 0.0625414625015469 0.684110796464484 0.04995628756268294 0.7150730781927139 0.0013774104683195593 0.7163258528786904 0.0013774104683195593 0.7164229933386376 0.0013774104683195593 0.6838749878326449 0.0013774104683195593 0.6384838100115113 0.0013774104683195593 0.5949008730870802 0.0013774104683195593 0.575674468233681 0.0013774104683195593 0.560077770559656 0.0013774104683195593
1 0.2505786602313702 0.1749589147646565 0.27952904665069744 0.17995906861360408 0.30028824067451587 0.17856850111780087 0.37576902313067106 0.17234648817498494 0.40684335694152896 0.17026272818405108 0.4439032359345375 0.16426584543275438 0.4911547296096289 0.1399787818761568 0.5194276621643926 0.10405762727595558 0.5477810711927817 0.08682806367059713 0.5629862313151747 0.08222550531392583 0.5745153292803697 0.10721142561310908 0.5719185247452262 0.12502564149126205 0.5504816950077871 0.15591787963530906 0.5165227061361559 0.20178367677798942 0.49276111805296924 0.22809422180343922 0.46461610804399717 0.26174954080713025 0.45338722634031353 0.27307557665612087 0.4271656172763746 0.27820568242348914 0.3908548572081528 0.26626284260395144 0.3386941663880519 0.25187052576995095 0.304576770455969 0.2411454886444344 0.27733115281986387 0.22655907412862647 0.2615105493613726 0.2066655855205105 0.25706126501345816 0.18956889002776342
1 0.5919270127979415 0.08953733417941848 0.6295857703311214 0.08450129275151193 0.6583144827498646 0.0765586726921649 0.6905984434249729 0.06126563542473743 0.699088810582848 0.08190421953017389 0.6905568495860983 0.10379559015111162 0.6673892797137392 0.14211423469312262 0.6450020737405201 0.16140624117260136 0.6216990097889017 0.18073800247234417 0.6017892492424499 0.17375249310958485 0.5943955972161091 0.15296044888246815 0.5948375234882854 0.1281539980045035 0.5943436875761782 0.10346693769302578
1 0.7298132998713435 0.0013774104683195593 0.7326596674397345 0.0013774104683195593 0.7306947718462216 0.0013774104683195593 0.7250524254299837 0.0013774104683195593 0.7109802841236119 0.03266828447662438 0.7042551753580376 0.04494515200948584 0.7192941585057219 0.0662736130811623 0.7343907382093039 0.08768385369587207 0.759430824354178 0.0716764171589833 0.7876161056634277 0.030534678582645972 0.8023083853179171 0.014059328179057308 0.8164039355574553 0.0013774104683195593 0.8187174523251286 0.0013774104683195593 0.8034395525799025 0.0013774104683195593 0.796398952232022 0.0013774104683195593 0.7591789468783857 0.0013774104683195593
1 0.8177141745454699 0.0013774104683195593 0.8303727865994042 0.0013774104683195593 0.8349673518121953 0.0013774104683195593 0.8332261636223591 0.0013774104683195593 0.8248162729381094 0.0064527712577630665 0.8044083782291103 0.03403276385683002 0.7883365585641251 0.0553638468760761 0.7596824373222508 0.09064457370558389 0.7464778813354889 0.11176653144773373 0.7525476722262663 0.12919935116097947 0.764961879147481 0.172545094135379 0.7734673232453616 0.20676401101524836 0.7804306873391793 0.21473647608901514 0.798205143193899 0.2196392553240143 0.8314413316588232 0.21273612450633825 0.850444227489335 0.20429961149357567 0.874357378495734 0.18346682461825284 0.9050161376159602 0.16337598059788222 0.9217824222982124 0.1477909245766884 0.9196296600970003 0.11420557321595752 0.9171911634319136 0.07235817607112496 0.925536646486491 0.04064095972654905 0.951782623324079 0.02676442569280787 0.9824962016691495 0.018518513556025903 0.9977270190403237 0.010203965110883896 1.001457437533857 0.0013774104683195593 1.0020186567874796 0.0013774104683195593 1.0016496023919963 0.0013774104683195593 0.974618500516319 0.0013774104683195593 0.9385979715432016 0.0013774104683195593 0.8748631172552139 0.0013774104683195593 0.8396496674608952 0.0013774104683195593
1 1.0138555756111187 0.0013774104683195593 1.018898216900562 0.0013774104683195593 1.0162190843377572 0.0013774104683195593 1.0158632553282434 0.0013774104683195593 1.0151749401154524 0.011307503566269047 1.0313115641716888 0.01731822247675956 1.0585149928265507 0.02012882416570154 1.0830293037522007 0.020741533641972818 1.0904914632778644 0.014209143057999203 1.0919995540399852 0.0013774104683195593 1.0960092926851976 0.0013774104683195593 1.0968980386223592 0.0013774104683195593 1.0515456111821166 0.0013774104683195593
1 0.9359501831451449 0.05544546353258706 0.9692637401179917 0.03865919559783515 0.9938034437847034 0.03567562943976116 1.0075237898242821 0.03467768939730221 1.033679701783417 0.03758925708529049 1.073135855396804 0.03473074048675453 1.0879796979745058 0.033655337394104846 1.0885208807683844 0.040858434251517306 1.0843790205173347 0.09687238751035748 1.0823014446353603 0.12496813729446453 1.0762474580808166 0.1387621456598119 1.0480844615469258 0.1588793247527656 1.0170992337740385 0.1779279262237969 0.9976862848515371 0.1876877083266077 0.97186279296875 0.17961662859956096 0.9527863639922467 0.16145892182657542 0.9352561148894569 0.1493123897836228 0.9344514824070626 0.12282739854712789 0.9291637085886715 0.09191174677909242 0.9274028807006703 0.077630655167845
1 0.6218983163554646 0.20923080654512097 0.6580010411023836 0.16291437070231793 0.6724179682209845 0.14889274155798038 0.7002174650214992 0.1327650737499731 0.7222663656216143 0.11819173219118564 0.7254452855202126 0.13580383216710787 0.7272576924134954 0.15831017822601906 0.7308771499187432 0.181944308530529 0.7390755005544082 0.2077449031441008 0.7700206554078074 0.2358373006184896 0.7884404439709168 0.24434754342743845 0.8205042680965602 0.2399735043528323 0.8488378059825298 0.22372524797423812 0.86858257983901 0.2067779246769004 0.9094941210514288 0.17999559722984462 0.9241316476080038 0.16695844371785146 0.935084317125711 0.1759248423510675 0.9553857474776544 0.19038046424382318 0.9703673324502302 0.21131363125215222 0.9724922552139762 0.23433222915187027 0.9749083348498443 0.2537196766246449 0.980041107144671 0.2889151244780906 0.9774296885580309 0.30992525799543735 0.9647048834473185 0.32169365160392993 0.9162360921841143 0.3268472130305182 0.8426393982131974 0.3455874020074681 0.8002283627395382 0.35522070009846335 0.7562860259513814 0.3624711049818139 0.7287858857622901 0.37002920776030906 0.694222992703819 0.38279934297251633 0.6645466813803494 0.3952785103117467 0.6391979147269434 0.4026593505186811 0.6252521419835116 0.39975391734730115 0.627675958470172 0.37303922458785294 0.6368511361135564 0.3448000400847968 0.636667303248578 0.30512046288524447 0.62982177734375 0.276750990181915 0.6239436222956731 0.248419349187005 0.6234128214297806 0.22341561645844094
1 0.4628768044716617 0.27960358506720256 0.5079840663194914 0.2330450683257468 0.540313720703125 0.2144361343593965 0.5766914342878182 0.19315556717969826 0.5957181358130755 0.19903390006913954 0.6061219518130417 0.22807322520526643 0.6065821291178561 0.26380228930596805 0.6093256693103332 0.30550514830702263 0.6145907615917863 0.35084914110252025 0.6128850174363488 0.3798667970767691 0.6004562625905674 0.4022557282250775 0.5760514578607462 0.42163628191987346 0.5537949517643723 0.4384679032422951 0.5280291556278779 0.45303496053396175 0.5052310699760462 0.4565695350163568 0.48693510408907775 0.45264840454437844 0.47674907713256703 0.44232295433023416 0.46716890510732667 0.4259888199735279 0.46122908669716617 0.3915569210840651 0.4710079370831358 0.36712949138042356 0.4754187024944136 0.33111343173612906 0.46461223961860104 0.3091447478155131
1 0.24590659425679678 0.19378336336330276 0.26068475626142673 0.2229766635526967 0.27556812621144533 0.234820636507565 0.2911572688837351 0.24899325620372761 0.3006367295948165 0.2530722079526623 0.31570345298957203 0.2556419267470515 0.34113434928984965 0.2634398405216942 0.3675827406597034 0.27121326877394325 0.4011386528304442 0.28213421109622505 0.4247332373522989 0.2842587557705966 0.44307777346924093 0.293810421441869 0.45289864751912917 0.31576159768853307 0.4627513286222745 0.3377838344941783 0.45832948695024717 0.3642438568031164 0.4562323705605024 0.3762914904549759 0.4348434497837385 0.39654335042990274 0.41641612275062634 0.3963268689872805 0.4085842806236457 0.38244410323045797 0.40934467418997156 0.356235766870588 0.40284360346272347 0.32931671983282756 0.39381106160702195 0.30972428755326703 0.37938051234087217 0.29876669050905 0.35921315433919626 0.2999609955086196 0.3372151714750643 0.3106793700499311 0.3201798824421892 0.33522758799150953 0.2898748693331866 0.3829392362232051 0.2799953406965229 0.40829787241197485 0.2718855836151222 0.42529637360375777 0.2493108251371208 0.43356356870372764 0.2261554391515862 0.44775962304149447 0.20998601613814497 0.44739383245631026 0.20258022982017707 0.42416533162771175 0.21539653807006703 0.38816034826693785 0.2297471894732276 0.3544721366945377 0.23667734131652898 0.3060485167280045 0.23355965495497022 0.2595819310380079 0.23118340026260326 0.23996570681737475 0.23689141072018047 0.21986807410710443
1 0.20726006570900765 0.38037655833010503 0.19018640652508803 0.40597878868586434 0.17927528125105804 0.4242008093631629 0.16797732996914783 0.4459815327457817 0.15834164438629977 0.485405535737345 0.15602144879871174 0.5151012410145489 0.16401032585234968 0.5491636502184487 0.1646574274561129 0.5598435835404829 0.2120845707886139 0.5721103888897856 0.24474409936179578 0.563528854328082 0.26689956350936145 0.5517876154791882 0.27392834366853164 0.5191750434476153 0.27056122652758496 0.4728425081111183 0.2667077954128013 0.457581659322271 0.241386636752607 0.46595743142540463 0.2390080014907655 0.45421846247901604 0.20716411553379774 0.4569945112076016 0.20028299680897887 0.43725833945366305 0.1968992322134429 0.4185701900934056 0.2056175884937026 0.3957450173117898
1 0.34009109778109764 0.3270103937995007 0.366138991400325 0.31252269902505164 0.37794770708838366 0.31301373358271994 0.39348059227510496 0.3405134553094869 0.3982387885758058 0.36635457188629905 0.4064465292355092 0.4040109093195807 0.41221471519924835 0.41086962991509557 0.43169051776857054 0.4098534702269499 0.44784284697064597 0.4054211072685305 0.4574897410681033 0.4300817904721935 0.46308312049278844 0.4490161401837982 0.47547252981531013 0.46525712446732953 0.48355929125685604 0.4781324738641744 0.46658609541110846 0.5091266894800276 0.43557435073935197 0.5407578229247374 0.4140662031080715 0.5610549968793044 0.3866318592141793 0.5852128966780733 0.37947904146634615 0.6012534990126764 0.3599192246326517 0.611733596843793 0.3340191577651002 0.6030947682614497 0.31019167419631977 0.5932045508350551 0.2955482623429882 0.5661392001737905 0.2913512191689802 0.5447191390781034 0.2823993852311586 0.49013483557162535 0.2777753935345849 0.4558428719680828 0.2837322726926463 0.4246834999273631 0.3015335430174194 0.3929515239620997 0.32090813832060877 0.3635126959850637 0.3282166519247698 0.34538695700569255 0.33272227641691493 0.3368700095773072
1 0.5052811611254063 0.4855569886767175 0.5494101742365249 0.46529340087218063 0.5681681359188786 0.45590327659585916 0.5989544538867823 0.4289409542871901 0.6173822438084033 0.4134737545465306 0.6323839974945829 0.4151269161339962 0.628495138877133 0.43715804339112 0.621254636820321 0.475200936813985 0.6426412100910753 0.5230536763004692 0.6584543412064938 0.5493426362345041 0.6577167614309656 0.5899841476734676 0.6229604471026883 0.635764550243199 0.5750387239301191 0.6795191909327651 0.5506212228297671 0.696433495555699 0.5003673350953074 0.736410429983428 0.47025789238133126 0.7546579240110624 0.4573575202718716 0.7612312253841684 0.4346681472927106 0.7717959401364497 0.42619487394620126 0.7621802968427169 0.40099287601359357 0.732211530701188 0.3773063419957848 0.6511337238238206 0.38478662030022687 0.6131683433679839 0.39861779507423145 0.585927453579653 0.43894612982885295 0.5539283016824854 0.48182732777373377 0.5156889355872288 0.5013045520720477 0.49784321430300876
1 0.6474163679492823 0.4167834825752195 0.6749353543133803 0.4068733824842889 0.7185373357936078 0.3888047904022469 0.7520265920190615 0.37851881127055353 0.8302995179611322 0.3658052975152806 0.8533317260080918 0.3572288492165978 0.891489080592328 0.355167651636213 0.9321827996978264 0.3480539243083355 0.9719724314184385 0.3421988158843406 0.9832852943230295 0.34897615627152206 0.9763184916288596 0.3752594414492941 0.9662011374889965 0.4165941558921961 0.9553588999441359 0.45433237795659004 0.9382594677893079 0.5086183574245653 0.930559846458559 0.5689115918372288 0.9357871802630688 0.6289755240616391 0.9431978269103806 0.6488690336873709 0.9306282878309521 0.669516403156207 0.8993218815597914 0.6756584650885632 0.8590239982563651 0.6720284706304881 0.814635833707171 0.6610497508824036 0.7900235226714857 0.6506777256316718 0.7501808571531352 0.6259787903672736 0.7234513602044962 0.6096222932673683 0.6879638804128859 0.5628521711701532 0.6682226112836877 0.5255918476535597 0.6482954593546858 0.48123374917947226 0.6415573897108613 0.46083287430860453
1 0.15807340049537005 0.5791861794211648 0.1791514751066495 0.5842608407180828 0.20717264590774817 0.5842781592334926 0.22799548710154557 0.5846016203404787 0.2560325283658078 0.5774267107330406 0.2739363780905082 0.5718668367580277 0.2887169867915425 0.5880707039320765 0.2900323836800853 0.6109040735838499 0.27704059109011037 0.6391723044319257 0.24867142732068492 0.6656112040369964 0.22201876986452973 0.6847043628534994 0.18145940414875067 0.6982120902741907 0.16325429666339383 0.7072883374763258 0.14534378465051123 0.7054950304267821 0.1282761099537429 0.6880497367585657 0.11938027725963654 0.6787658355124397 0.1251048938424719 0.6509905097898373 0.1420464644840195 0.619232177734375 0.15057969842416882 0.5985834211028969
1 0.0010834236186348862 0.6110399314523072 0.0010834236186348862 0.5994617472667011 0.0010834236186348862 0.5997264010847108 0.0010834236186348862 0.6302823153409091 0.0010834236186348862 0.6486041696932033 0.016651272386280197 0.6860702556683669 0.009257347586353834 0.7436886621900827 0.0010834236186348862 0.8233071739680182 0.0010834236186348862 0.8548383055968062 0.0010834236186348862 0.8939355266980888 0.0010834236186348862 0.9185846502130682 0.0010834236186348862 0.9384898456331784 0.0010834236186348862 0.9391734225690858 0.0010834236186348862 0.9386251150083936 0.0010834236186348862 0.8540996625075327 0.0010834236186348862 0.7880245660618974 0.0010834236186348862 0.7402094060724432 0.0010834236186348862 0.6913467281120868 0.0010834236186348862 0.662911281112797 0.0010834236186348862 0.6452334485434961
1 0.03334651711444297 0.6878554919534479 0.06509441569980279 0.6831273270704201 0.09142444813109425 0.6797803558265539 0.11304109352252337 0.6873932725470256 0.1220471432769544 0.7038945810197141 0.1382010347277475 0.721405617790117 0.11038584104726012 0.8360614198626894 0.07784028223767182 0.8442045689942751 0.05429629721595045 0.8533063736172091 0.016161332796867593 0.8809387375172176 0.003771367594841888 0.8715372216931387 0.012546080551064803 0.8253600065373192 0.01955523341086936 0.7709595230985279 0.02155634176434055 0.737297037087853
1 0.0010834236186348862 0.9591278832806044 0.0010834236186348862 0.9532303402903323 0.0010834236186348862 0.9550151562230974 0.0010834236186348862 1.004808746421961 0.0010834236186348862 1.0269342427739756 0.0010834236186348862 1.030082177196324 0.0010834236186348862 1.0298157578985883 0.0010834236186348862 1.0192420476067494 0.0010834236186348862 0.9690004459097366
1 0.0010834236186348862 0.9376221543829631 0.013487716666538821 0.8967849269057765 0.04915835462179628 0.8752929014936295 0.09410245653609155 0.8608131934131801 0.11110559961519417 0.8628277739217459 0.12223819224315242 0.8943129190071883 0.11943831190644467 0.9286751234826963 0.10258918671282503 0.9916982099044421 0.09493557319351809 1.0201923801222452 0.043209823988628285 1.0271161712562413 0.006451218771392062 1.0239619315491564 0.0010834236186348862 1.0241874926017993 0.0010834236186348862 0.9886820979683195
1 0.15064878453412783 0.7318533064576876 0.19633831053100453 0.7121953622697141 0.23803653076436382 0.697446838883329 0.26997562296858074 0.6720896739276644 0.29416630869955307 0.6421427661065556 0.30943957955968987 0.6185797489050663 0.3507845827972644 0.6290623268148459 0.3633024767444813 0.6334313847145101 0.3705385813604584 0.6818437392389807 0.38110596232140437 0.7254997652752668 0.3979391674566631 0.7728922189759814 0.41683116842581935 0.7908443734665548 0.421732000514203 0.8762937603574811 0.4244263092074079 0.9562097975045196 0.42660324080147954 1.0026699938393164 0.42204587198672805 1.0203801935369319 0.37504245348896265 1.0160352638601928 0.3416454112671824 1.010262145155389 0.3119756134463028 0.9969602642637311 0.2780770976520179 0.9900263006036932 0.24899617667317003 0.9830466866821626 0.22838842985043675 0.975951055521479 0.19223551476376285 0.9506181869296659 0.1619667226805847 0.9155059057818956 0.14235243378842768 0.8767210905216942 0.12871357265815445 0.8343600018293733 0.14295979310735205 0.7695953957633868
1 0.4455166668959067 0.786308856049845 0.5125362111067849 0.7583111219169679 0.5761866213053561 0.7190988924220902 0.6083647788927072 0.6808221570059616 0.6502292091642402 0.6310233964736139 0.6525396840931406 0.6482638104231233 0.6430980810493974 0.6895383724496384 0.6460868198977519 0.7317618377937758 0.663136921362913 0.7574661296918044 0.6827431593013611 0.788235246642562 0.7162609162335793 0.8402736863485709 0.7458182652102519 0.9081397358707817 0.76345821888966 0.9448219488474948 0.7519645649588638 0.9757703880961605 0.7039058929145788 0.9957773928471505 0.6664150977832137 1.0091524991122158 0.6301846819347576 1.0096958465155819 0.5818224872824689 1.0066042393035468 0.49200270829453885 1.007972233879993 0.47281531832975016 1.0082644628099173 0.449142902411464 0.9960143034123192 0.4479716291665256 0.9683401564921229 0.45549875840076515 0.939313063608385 0.438045381853924 0.903364449493156 0.4346499623870023 0.8697624101454889 0.4331730835357699 0.8262949541580579 0.43959311571048887 0.7988543549845041
1 0.6829594604888949 0.6198704827258738 0.7055535776256094 0.6152791845568613 0.7278958172865317 0.6367707475814609 0.7584774062796249 0.6543248704642304 0.7898517249077397 0.6644402706261837 0.8344675644764017 0.6829403963955966 0.8595765548821777 0.689629672972624 0.8869688420486863 0.693745468602036 0.9067832475622969 0.6943410657982524 0.9354373688041712 0.6845182728833075 0.9563433315487879 0.6724098142513559 0.9737187113818729 0.6806744452021996 0.978160325005925 0.6881325041295412 0.9749513173542457 0.730179379465823 0.9687763846450095 0.7584049445538481 0.9620745525587419 0.780302273668862 0.9261127442993297 0.8298665196442407 0.8806258146837758 0.8860489606200499 0.8618321444593039 0.9211084455169594 0.8460271469562568 0.9561380013289859 0.8326693748730363 0.9731150225174329 0.8201546550184521 0.9797665094212724 0.8005232227197319 0.9762340367004563 0.7838554010360238 0.9495647840263429 0.7749375232766793 0.9139116775891012 0.7457690667744448 0.8737850136664945 0.7132105470866061 0.7961832682291666 0.6896958769594732 0.7641838641206095 0.6578393607589044 0.7189129285575929 0.6549914061441969 0.6965903710399449 0.6593784650511241 0.6579286769730329 0.6760667199561552 0.6325183374494232
1 1.0138451936831325 0.6678663521758781 1.0358507811441968 0.6836322122368931 1.0400428978619312 0.696458254307098 1.0322514923525528 0.7731787311144112 1.0246470276738557 0.8621718561682162 1.021095482525562 0.9101245554353908 1.0160114457780336 0.9374764602703168 1.0017821868863421 0.9507319342663137 0.9673182197149242 0.9630338810692148 0.9438195523048145 0.9919929609482611 0.9286281465838299 1.005220103198175 0.9138525469977316 1.013234204168819 0.8682805120234629 1.0035359196098055 0.8499251972169556 0.9947661092458677 0.8689739851367823 0.9570138474141271 0.8917188055466211 0.9230821677804322 0.8968658612582949 0.895963894762612 0.9138574403905404 0.8840263934174845 0.9389905009987811 0.8321006081321023 0.9534707777161768 0.8137928355823864 0.980907766687263 0.7708179484385761 0.9902597677410617 0.7271508251011536 0.9926752522345612 0.6952628563915074
1 1.0079349670740791 0.20775148165784263 1.0644926689040493 0.1639058977447594 1.079676602281961 0.159260405653436 1.0796568303299363 0.16073339372955406 1.0678143568441902 0.32088693245711736 1.0432843738361661 0.32842307182711344 1.0081515988962622 0.3340584620956547 0.9957330937246073 0.27696988865035294 1.0056311709650934 0.22498138679945764
1 1.001575077342057 0.3553938852525611 1.0609737243321709 0.3447738311179085 1.0562881023369786 0.46199893163255423 1.0529900217107937 0.5213654152946368 1.0425133338341346 0.6630484420734332 1.0048176774740993 0.6542340323287922 0.9611091655098862 0.6494822436456181 0.9447548516005891 0.6160486815061123 0.9450819815225487 0.560797573121126 0.9620957131762934 0.49507906154495956 0.9725074644078413 0.43736216647565856 0.983623864203853 0.3958992025412147 0.9908261448952126 0.3794425354844611
