1 0.0009765625 0.003999924287199974 0.014667375944554806 0.02239718536535899 0.0224223043769598 0.0439700980981191 0.027832988649606705 0.06047035257021586 0.018071642145514488 0.07806415855884552 0.01659296452999115 0.09986881415049235 0.0012229946441948414 0.10610626141230266 0.0009765625 0.10818390051523845 0.0009765625 0.08843453725179036 0.0009765625 0.055328418811162315 0.0009765625 0.02755373219648997
1 0.0009765625 0.11652092138926189 0.014569561928510666 0.11132372419039409 0.031028825789690018 0.12700161337852478 0.04421214759349823 0.14063439766565958 0.04798410087823868 0.158501664797465 0.05262012034654617 0.1764326492945353 0.04872029647231102 0.19546242554982504 0.04130827635526657 0.21773322423299155 0.03651026636362076 0.269003431002299 0.03845015913248062 0.29267942905426025 0.022591670975089073 0.30662429332733154 0.0009765625 0.309725821018219 0.0009765625 0.3152448733647664 0.0009765625 0.2623443603515625 0.0009765625 0.23138028383255005 0.0009765625 0.15419302384058634 0.0009765625 0.13344045480092367
1 0.0009765625 0.36937109629313153 0.005804196000099182 0.38045501708984375 0.022404784336686134 0.4058147668838501 0.02859427034854889 0.4334297974904378 0.023939164355397224 0.4444522460301717 0.010277697816491127 0.4654022852579753 0.00181087467353791 0.486469030380249 0.0009765625 0.5008979638417562 0.0009765625 0.5176833868026733 0.0009765625 0.5255143642425537 0.0009765625 0.5400516192118326 0.0009765625 0.5550715923309326 0.0009765625 0.4473836421966553
1 0.05527045577764511 0.20608792702356973 0.08118468523025513 0.19343201319376627 0.10654258728027344 0.20624353488286337 0.11877314746379852 0.23720661799112955 0.10120101273059845 0.25641413529713947 0.06730092316865921 0.2734437584877014 0.05417197197675705 0.28306301434834796 0.04998640716075897 0.27873798211415607 0.05064938962459564 0.2529847224553426 0.053955815732479095 0.2241628368695577
1 0.017065366730093956 0.0013020833333333333 0.07318653911352158 0.0013020833333333333 0.10922705382108688 0.0013020833333333333 0.10038836300373077 0.017129287123680115 0.09343412518501282 0.027416981756687164 0.06683836877346039 0.049083506067593895 0.05144936591386795 0.058389375607172646 0.04404032975435257 0.052198449770609535 0.030413363128900528 0.028532591958840687 0.021665586158633232 0.012138334413369497
1 0.12104425579309464 0.0013020833333333333 0.10948789864778519 0.024308306475480396 0.09757765382528305 0.06871556242307027 0.09821855276823044 0.0780523419380188 0.12139002233743668 0.10408421357472737 0.12605895102024078 0.12605494260787964 0.13605336844921112 0.1376107633113861 0.15199168026447296 0.15236714482307434 0.18201516568660736 0.1429338256518046 0.22143249213695526 0.13351430495580038 0.23602794110774994 0.1272209088007609 0.24582837522029877 0.0801152487595876 0.2521238923072815 0.03753026823202769 0.22360274195671082 0.007663000995914142 0.20588602125644684 0.0013020833333333333
1 0.23471856117248535 0.0013020833333333333 0.26154759526252747 0.02511543283859889 0.29892697930336 0.016799708207448322 0.30912572145462036 0.013687235613663992 0.3132403790950775 0.0013020833333333333
1 0.2683006823062897 0.030271371205647785 0.30230000615119934 0.02402266611655553 0.25876516103744507 0.05825744072596232
1 0.26208174228668213 0.07073512673377991 0.3116392493247986 0.028144697348276775 0.3431381285190582 0.044689019521077476 0.33288928866386414 0.08010691404342651 0.32687318325042725 0.11048559347788493 0.3268498182296753 0.13469848036766052 0.31909042596817017 0.1505342721939087 0.2967158555984497 0.1557865540186564 0.2778046131134033 0.1568109393119812 0.2616277039051056 0.13672393560409546 0.25747427344322205 0.11883558829625447 0.25508177280426025 0.0957783857981364
1 0.3762538731098175 0.2381856640179952 0.4084184467792511 0.23292511701583862 0.41296860575675964 0.2620742917060852 0.40788158774375916 0.28589946031570435 0.411531537771225 0.3087783654530843 0.4142287075519562 0.3186200062433879 0.392556369304657 0.3700654109319051 0.35821986198425293 0.35662249724070233 0.3520447909832001 0.33355732758839923 0.36076319217681885 0.3128567536671956 0.3729473948478699 0.2922416130701701 0.3763440251350403 0.26407569646835327
1 0.3227425813674927 0.0013020833333333333 0.3465087115764618 0.0013020833333333333 0.37370941042900085 0.0013020833333333333 0.38307610154151917 0.0013020833333333333 0.3874407410621643 0.021825912098089855 0.39091944694519043 0.035294853150844574 0.41649794578552246 0.02592638631661733 0.4411608576774597 0.011388514190912247 0.45828261971473694 0.013428228596846262 0.4601916968822479 0.03105514496564865 0.4457733631134033 0.04563051462173462 0.4176037013530731 0.0602423350016276 0.39360517263412476 0.05921389659245809 0.37047913670539856 0.05298091471195221 0.3559326231479645 0.041561588644981384 0.3320598304271698 0.028116531670093536 0.3201519250869751 0.023996221522490185 0.3184690773487091 0.013671013216177622
1 0.06188548356294632 0.11239973704020183 0.10640330612659454 0.131275475025177 0.08496152609586716 0.17756392558415732 0.06271805614233017 0.14696033795674643
1 0.112095408141613 0.14388289054234824 0.13072806596755981 0.1491718888282776 0.14407292008399963 0.16606916983922324 0.13009510934352875 0.182962437470754 0.11616874486207962 0.19564934571584067 0.09923142939805984 0.18818132082621256 0.09173563867807388 0.17969449361165366
1 0.15603375434875488 0.16609349846839905 0.18521302938461304 0.15875586867332458 0.1986629217863083 0.17782817284266153 0.2113574892282486 0.19272259871164957 0.20249733328819275 0.2150664726893107 0.17874158918857574 0.1926347812016805 0.17029541730880737 0.18412154912948608 0.14115439355373383 0.1861690878868103
1 0.12629230320453644 0.20311351617177328 0.16504086554050446 0.19153600931167603 0.19728189706802368 0.2193197806676229 0.215418741106987 0.2140408754348755 0.2142736166715622 0.23971402645111084 0.1698354035615921 0.27177123228708905 0.15632307529449463 0.2534286379814148 0.13505315780639648 0.23940861225128174
1 0.022965991869568825 0.3239395022392273 0.12527549266815186 0.2565172115961711 0.14840814471244812 0.2630634903907776 0.15592075884342194 0.27817243337631226 0.12697361409664154 0.34960730870564777 0.08302262425422668 0.37664063771565753 0.057194966822862625 0.36879392464955646 0.04256200045347214 0.36541231473286945 0.04140619933605194 0.34360039234161377
1 0.18530893325805664 0.2772349715232849 0.2176211029291153 0.24938730398813883 0.23217688500881195 0.2634354829788208 0.23529314994812012 0.30128955841064453 0.22988486289978027 0.32190752029418945 0.22107529640197754 0.3327508568763733 0.19848695397377014 0.3304322361946106 0.20042501389980316 0.3141239285469055 0.18499957025051117 0.2999357581138611
1 0.24517081677913666 0.2624155282974243 0.2851460874080658 0.23998729387919107 0.30507901310920715 0.23684078454971313 0.29809561371803284 0.2518700957298279 0.29976826906204224 0.27021461725234985 0.30668696761131287 0.28214625517527264 0.31535467505455017 0.2995465397834778 0.3135671019554138 0.3202187617619832 0.27665063738822937 0.37034738063812256 0.2436521351337433 0.3405334949493408 0.2385082244873047 0.33067651589711505 0.2421681433916092 0.3100133538246155 0.24237120151519775 0.2861580053965251 0.24074849486351013 0.27318066358566284
1 0.2820257842540741 0.17165235678354898 0.3139045238494873 0.16217331091562906 0.3319988250732422 0.15055549144744873 0.33544930815696716 0.11364404360453288 0.3457193076610565 0.07383857667446136 0.34741702675819397 0.05924210945765177 0.3559659421443939 0.06132010122140249 0.36625999212265015 0.07383342583974202 0.38287782669067383 0.15700008471806845 0.37175092101097107 0.1878197987874349 0.3613983392715454 0.20167038838068643 0.33370381593704224 0.1994542678197225 0.3068769574165344 0.21326561768849692 0.284444123506546 0.2057157357533773 0.27501821517944336 0.1939589579900106 0.27423548698425293 0.18012823661168417
1 0.3730844259262085 0.06548108160495758 0.4057009816169739 0.07591487963994344 0.4561445116996765 0.05291540424029032 0.46793031692504883 0.03312334418296814 0.4667286276817322 0.004101366425553958 0.5078145265579224 0.004020607719818751 0.5116888880729675 0.032028223077456154 0.5188571810722351 0.04973513881365458 0.5311347246170044 0.062268530329068504 0.5100317597389221 0.09059343735376994 0.48789024353027344 0.11270052194595337 0.4803578555583954 0.13171443343162537 0.451987087726593 0.14863035082817078 0.4105144441127777 0.1549272338549296 0.3923311233520508 0.14747615655263266 0.38794803619384766 0.1326620876789093 0.37923184037208557 0.10631434122721355
1 0.4926147758960724 0.1412658989429474 0.5138075947761536 0.1106078823407491 0.54008948802948 0.08008705079555511 0.5469035506248474 0.07483737667401631 0.5620487332344055 0.09692169229189555 0.571230411529541 0.12122315168380737 0.5154291987419128 0.2117817004521688 0.5022683143615723 0.20744450887044272 0.49420493841171265 0.19241350889205933 0.4990725815296173 0.16785756746927896
1 0.5834195017814636 0.12229348222414653 0.6090290546417236 0.1734305222829183 0.623282790184021 0.21751089890797934 0.6255995035171509 0.23913375536600748 0.5973237156867981 0.23361833890279135 0.5534813404083252 0.23561767737070718 0.5297625064849854 0.23229126135508218 0.5216867327690125 0.22040716807047525 0.5418698191642761 0.17648820082346597 0.5664812326431274 0.1434953510761261
1 0.5797077417373657 0.0013020833333333333 0.6615188121795654 0.0013020833333333333 0.6635860204696655 0.0068317508945862455 0.6484614610671997 0.02142589787642161 0.6303504705429077 0.02249506612618764 0.6155176758766174 0.01627415915330251 0.5967279672622681 0.02358648677666982 0.5830557346343994 0.028811727960904438 0.5800536274909973 0.010102285693089167
1 0.5867592692375183 0.07798030972480774 0.6197209358215332 0.045466259121894836 0.6480717658996582 0.038120085994402565 0.6838177442550659 0.04540573060512543 0.707893431186676 0.06427670518557231 0.7233564853668213 0.08323493599891663 0.7293009161949158 0.12774857878684998 0.7060127854347229 0.19082653522491455 0.686055064201355 0.19938168923060098 0.670905590057373 0.22198792298634848 0.6653461456298828 0.24253753821055093 0.6513267755508423 0.24573655923207602 0.632671594619751 0.2402437925338745 0.6329196691513062 0.21646368503570557 0.619770348072052 0.18309285243352255 0.6056540012359619 0.14248873790105185 0.5981528759002686 0.12018836537996928 0.5960153937339783 0.10326478878657024 0.5940324068069458 0.09271451830863953
1 0.7473820447921753 0.14269202947616577 0.7738205790519714 0.14486661553382874 0.7987213730812073 0.15132244427998862 0.8249421119689941 0.1663810908794403 0.8357235193252563 0.19008660316467285 0.8425126671791077 0.20306704441706339 0.8642167448997498 0.21179324388504028 0.8716379404067993 0.21832366784413657 0.8692243099212646 0.24223915735880533 0.8700017333030701 0.27722259362538654 0.8669989109039307 0.28928228219350177 0.8364575505256653 0.2858365774154663 0.8308094143867493 0.27922948201497394 0.8349294662475586 0.2715821862220764 0.8464766144752502 0.2705402771631877 0.855480432510376 0.25309044122695923 0.8530413508415222 0.23890980084737143 0.836685299873352 0.23123546441396078 0.823026716709137 0.22358669837315878 0.8112608194351196 0.21812609831492105 0.8075161576271057 0.2343897024790446 0.7914991974830627 0.23324481646219888 0.7861345410346985 0.23213952779769897 0.7859045267105103 0.2484468619028727 0.7796038389205933 0.246244748433431 0.744505763053894 0.23198896646499634 0.7194481492042542 0.2232340375582377 0.7156216502189636 0.21457086006800333 0.7125737071037292 0.2026898463567098 0.7232067584991455 0.17904728651046753 0.7328454852104187 0.15335198243459067
1 0.41452038288116455 0.23402382930119833 0.4483082890510559 0.21371726195017496 0.4630550146102905 0.2083981434504191 0.48592686653137207 0.22459139426549277 0.5045143365859985 0.24083304405212402 0.5073379874229431 0.2538204987843831 0.48992183804512024 0.26132818063100177 0.47411638498306274 0.2580105463663737 0.45658373832702637 0.2546900510787964 0.42079466581344604 0.2577822804450989
1 0.4856708347797394 0.2710699439048767 0.5083970427513123 0.2657469908396403 0.5171898007392883 0.2668715715408325 0.5346426367759705 0.3105544447898865 0.5443742871284485 0.36008258660634357 0.5172885060310364 0.3831205765406291 0.49862414598464966 0.3796616792678833 0.4606892466545105 0.3904554446538289 0.4352017045021057 0.4091195265452067 0.42194128036499023 0.41123517354329425 0.409356951713562 0.38011737664540607 0.40572211146354675 0.36244503657023114 0.4170551598072052 0.3460252682367961 0.41964632272720337 0.339456041653951 0.4494227468967438 0.325389822324117 0.46683064103126526 0.3090846538543701 0.48068928718566895 0.29279494285583496 0.48495182394981384 0.2830187877019246
1 0.5538228750228882 0.2986305356025696 0.5900856256484985 0.30210308233896893 0.6136083602905273 0.28801488876342773 0.6422813534736633 0.2696116765340169 0.655598521232605 0.27185173829396564 0.6570028066635132 0.32112280527750653 0.6507289409637451 0.3508482376734416 0.6350052952766418 0.36180392901102704 0.6181515455245972 0.36390260855356854 0.5975950956344604 0.35933788617451984 0.5611107349395752 0.35467525323232013 0.5545009970664978 0.3337045907974243
1 0.679267168045044 0.23608593146006265 0.6953297853469849 0.24156872431437174 0.7086067199707031 0.2688224713007609 0.7282265424728394 0.2721858819325765 0.740770697593689 0.2755212386449178 0.7753065824508667 0.27240248521169025 0.7890098690986633 0.25935856501261395 0.8123664259910583 0.2649192015329997 0.8175241351127625 0.2813577651977539 0.8152696490287781 0.31211618582407635 0.8089987635612488 0.3330528140068054 0.7966554760932922 0.35957137743632 0.7750602960586548 0.3805568218231201 0.7577344179153442 0.39716192086537677 0.7390753626823425 0.40260446071624756 0.7171961069107056 0.3923899332682292 0.7032504677772522 0.3767009973526001 0.682697057723999 0.34774001439412433 0.6723698973655701 0.3003510634104411 0.670471727848053 0.2664710283279419
1 0.5403615236282349 0.38329017162323 0.5734503865242004 0.3935285409291585 0.5863332748413086 0.41256022453308105 0.6197899580001831 0.42960254351298016 0.6330437064170837 0.4229976336161296 0.6455360054969788 0.4545256694157918 0.634483277797699 0.47810109456380206 0.6126659512519836 0.5050543149312338 0.6077744364738464 0.5265976190567017 0.5510010123252869 0.5248445669809977 0.5319076776504517 0.5121520360310873 0.5089501738548279 0.47688881556193036 0.511834979057312 0.43203945954640705 0.5220683813095093 0.4042505423227946
1 0.6620941162109375 0.4682021538416545 0.6718951463699341 0.4649089574813843 0.6848445534706116 0.47632559140523273 0.693207323551178 0.4843278725941976 0.6976425647735596 0.5104808807373047 0.6910413503646851 0.5309252738952637 0.6804460287094116 0.5399475892384847 0.6716524958610535 0.549000104268392 0.6471885442733765 0.5487216313680013 0.6345149874687195 0.5485773881276449 0.6249786019325256 0.5290630658467611 0.6315873861312866 0.5052496194839478 0.6498725414276123 0.4816412528355916
1 0.09752451628446579 0.3888149658838908 0.13278937339782715 0.36385448773701984 0.15706484019756317 0.3684048255284627 0.1755712628364563 0.3532067934672038 0.19658450782299042 0.3435099124908447 0.21311110258102417 0.34470876057942706 0.22615714371204376 0.3469795385996501 0.2460276037454605 0.37013061841328937 0.2590081989765167 0.3900371789932251 0.26230084896087646 0.4221356709798177 0.255788117647171 0.47220595677693683 0.24400411546230316 0.510249932607015 0.22069336473941803 0.5404711564381918 0.18670839071273804 0.5650121370951334 0.1614060401916504 0.5386715730031332 0.11875292658805847 0.5066843827565511 0.09466905146837234 0.48181362946828205 0.08437753468751907 0.4716743628184001 0.0890241414308548 0.4195824861526489
1 0.040400080382823944 0.4812775452931722 0.05827362462878227 0.4658577839533488 0.0744941309094429 0.4827304283777873 0.0853368416428566 0.5074551105499268 0.0782477930188179 0.5490175485610962 0.060532018542289734 0.5896015961964926 0.026837974786758423 0.5948617458343506 0.006685358472168446 0.5900606314341227 0.013527008704841137 0.5663410027821859 0.026458898559212685 0.5439090728759766 0.02716231904923916 0.5180521806081136 0.03742487356066704 0.4946438471476237
1 0.0009765625 0.6319706439971924 0.018551260232925415 0.6072774728139242 0.053100187331438065 0.6043068170547485 0.06424576789140701 0.6192920207977295 0.06876087933778763 0.6537524064381918 0.07168050855398178 0.6814653078715006 0.049073077738285065 0.6950078010559082 0.02382599003612995 0.7062078317006429 0.002323591150343418 0.7105124791463217 0.0009765625 0.6768194834391276 0.0009765625 0.6445346673329672
1 0.0009765625 0.6685012181599935 0.0009765625 0.7104013760884603 0.0016859332099556923 0.7325811386108398 0.0009765625 0.753536065419515 0.0009765625 0.7767244180043539 0.0009765625 0.7965742746988932 0.0009765625 0.8011361757914225 0.0009765625 0.6956183115641276
1 0.009056875482201576 0.7560367584228516 0.03281285986304283 0.7716625531514486 0.04028322920203209 0.7953016757965088 0.047874536365270615 0.8154995441436768 0.032081637531518936 0.834151824315389 0.018440930172801018 0.8386402130126953 0.0009765625 0.8109633127848307 0.0009765625 0.7932213942209879 0.0009765625 0.7629168033599854
1 0.0009765625 0.814110517501831 0.0029634274542331696 0.8442815144856771 0.014315200969576836 0.8575712045033773 0.01456342451274395 0.8814240296681722 0.014333924278616905 0.8897892634073893 0.0009765625 0.8936996459960938 0.0009765625 0.8925007184346517 0.0009765625 0.8223277727762858
1 0.030746476724743843 0.8507490952809652 0.05022763833403587 0.8297475179036459 0.08180603384971619 0.8303330739339193 0.10638755559921265 0.821301539738973 0.1206483244895935 0.8322405020395914 0.12379158288240433 0.8584853013356527 0.12785865366458893 0.8848702907562256 0.12309513241052628 0.8967710336049398 0.08312531560659409 0.8947654565175375 0.05230599269270897 0.8929464022318522 0.026192286983132362 0.8864375750223795
1 0.08625411242246628 0.6264513731002808 0.09791193902492523 0.6208840608596802 0.10906326025724411 0.5959065755208334 0.13579948246479034 0.5882693926493326 0.16603140532970428 0.5840909481048584 0.17736539244651794 0.5990580320358276 0.17617164552211761 0.6207809448242188 0.15634982287883759 0.6354310512542725 0.12315163761377335 0.6487668752670288 0.10239581018686295 0.6622918844223022 0.08978007733821869 0.6690289179484049 0.08488969504833221 0.6482306718826294
1 0.19721482694149017 0.5765060186386108 0.23560714721679688 0.5587781270345052 0.2658746838569641 0.5534549951553345 0.28986024856567383 0.5639652411142985 0.31212106347084045 0.5790490309397379 0.3326660096645355 0.611366868019104 0.3326582610607147 0.6297711133956909 0.31913602352142334 0.6630862951278687 0.3073606789112091 0.6919433275858561 0.28934356570243835 0.6881834665934244 0.26958101987838745 0.6797591845194498 0.25966668128967285 0.6830948193868002 0.24178612232208252 0.6712374687194824 0.21530626714229584 0.6304880380630493 0.21635659039020538 0.615581194559733 0.19686594605445862 0.6050223509470621 0.1915820688009262 0.6003819704055786 0.1908234804868698 0.5900981426239014
1 0.09664324671030045 0.6818358103434244 0.13994333148002625 0.6570649147033691 0.17859096825122833 0.6391842365264893 0.197910875082016 0.665974497795105 0.21727854013442993 0.6987257798512777 0.21788910031318665 0.7267146110534668 0.20480135083198547 0.7687170505523682 0.17748841643333435 0.7847412427266439 0.14039665460586548 0.788812001546224 0.10877266526222229 0.7917950948079427 0.0936560183763504 0.7821086247762045 0.08990635722875595 0.7468545436859131 0.0888620987534523 0.7118618488311768
1 0.1752224862575531 0.8178155422210693 0.22276374697685242 0.7808067003885905 0.2626708745956421 0.7755935986836752 0.2980535626411438 0.7773796717325846 0.32073143124580383 0.8061958154042562 0.34811127185821533 0.8257258733113607 0.3554754853248596 0.8581403891245524 0.3628726899623871 0.8859248956044515 0.36657199263572693 0.8944378693898519 0.3481786251068115 0.9001032511393229 0.2948804199695587 0.901441733042399 0.20333907008171082 0.8971863587697347 0.15409274399280548 0.8949932257334391 0.16275745630264282 0.8640124797821045
1 0.35598692297935486 0.6059278647104899 0.37494170665740967 0.6372648874918619 0.38946136832237244 0.6606117089589437 0.38057941198349 0.7000433603922526 0.3779763877391815 0.7327826023101807 0.3172074258327484 0.7365012963612875 0.31363239884376526 0.7130296230316162 0.3272233307361603 0.6817705631256104 0.3362498879432678 0.6448179086049398 0.34792664647102356 0.6219146251678467
1 0.2835935056209564 0.38360655307769775 0.31084373593330383 0.36399157842000324 0.3433040678501129 0.3664162556330363 0.3749678134918213 0.3743503888448079 0.3979705572128296 0.39440953731536865 0.4069492518901825 0.41889456907908124 0.3920389413833618 0.4455182949701945 0.38322627544403076 0.4577382405598958 0.37169867753982544 0.45763202508290607 0.3557446002960205 0.45524847507476807 0.33804064989089966 0.4673930009206136 0.32118040323257446 0.493041197458903 0.2972315847873688 0.49617214997609455 0.2777661681175232 0.4914793173472087 0.27251410484313965 0.48132793108622235 0.27549052238464355 0.42224597930908203 0.27737951278686523 0.39790427684783936
1 0.41942328214645386 0.4301341374715169 0.4497046172618866 0.4426771402359009 0.4569213390350342 0.45281366507212323 0.43401941657066345 0.4784140984217326 0.4065738320350647 0.5029268264770508 0.37904587388038635 0.5275131861368815 0.3727869987487793 0.5229154825210571 0.3789266347885132 0.49475077788035077 0.3815218508243561 0.47565825780232746 0.39476606249809265 0.4589642683664958 0.41061893105506897 0.4389822880427043
1 0.4703774154186249 0.4619073470433553 0.48045021295547485 0.4833705425262451 0.4843288064002991 0.5071233510971069 0.48826929926872253 0.5343904495239258 0.500870943069458 0.5368054707845052 0.47955065965652466 0.5547943909962972 0.44839543104171753 0.5830063819885254 0.4376932382583618 0.5931933720906576 0.41513773798942566 0.5825978517532349 0.40958431363105774 0.5562625726064047 0.39247235655784607 0.5355988343556722 0.40398505330085754 0.5175922711690267 0.44649434089660645 0.478535254796346 0.4606267213821411 0.46630672613779706
1 0.5037314891815186 0.5482286612192789 0.4584504961967468 0.5980478127797445 0.4676729440689087 0.6165822744369507 0.4814830720424652 0.6375609238942465 0.5022990107536316 0.6366863250732422 0.5113623738288879 0.636809508005778 0.5217990875244141 0.6092158158620199 0.5114821195602417 0.5849289894104004 0.5075153708457947 0.5608296394348145
1 0.5655887722969055 0.579851508140564 0.6049401164054871 0.5596807797749838 0.6080328822135925 0.5757725238800049 0.5931496620178223 0.5985990762710571 0.5796205401420593 0.6018860340118408 0.5651858448982239 0.6051611105600992 0.5640068054199219 0.5913247267405192
1 0.5682294964790344 0.6213684876759847 0.6005925536155701 0.6067683696746826 0.6215413808822632 0.5724900563557943 0.6349911093711853 0.5669113397598267 0.67679762840271 0.5697035789489746 0.6934423446655273 0.5791045427322388 0.7044862508773804 0.6115733782450358 0.7126985192298889 0.6395450433095297 0.7155223488807678 0.6699245770772299 0.7021623849868774 0.6826134522755941 0.676564633846283 0.6857539812723795 0.6589699387550354 0.7125059763590494 0.6194350719451904 0.747283935546875 0.5805386304855347 0.7324848175048828 0.5655470490455627 0.7157677809397379 0.5611394643783569 0.6770447889963785 0.5469588041305542 0.6488960981369019
1 0.4098580479621887 0.5997288227081299 0.446869432926178 0.6117020845413208 0.4428462088108063 0.6648554007212321 0.44061654806137085 0.7196923891703287 0.43620699644088745 0.7360661029815674 0.40984082221984863 0.7415225505828857 0.3998109698295593 0.7378323078155518 0.39777249097824097 0.6956346035003662 0.4029729664325714 0.6538470586140951 0.4019404351711273 0.6307045618693033 0.4027502238750458 0.6145805517832438
1 0.4445270597934723 0.749154249827067 0.487943172454834 0.7169111569722494 0.5272840857505798 0.7234001954396566 0.5779828429222107 0.7418842315673828 0.6032074093818665 0.7612291177113851 0.6049444079399109 0.7969333330790201 0.6039415001869202 0.8340082168579102 0.6064824461936951 0.8641410668691 0.6067589521408081 0.8762237230936686 0.5946792364120483 0.8759891192118326 0.5754007697105408 0.8864971796671549 0.5655604004859924 0.9056948026021322 0.5154761672019958 0.909536600112915 0.47553685307502747 0.9026680787404379 0.4588080942630768 0.8062758445739746 0.44745391607284546 0.7692810694376627 0.44554898142814636 0.7609731356302897
1 0.31990569829940796 0.7494648297627767 0.3762030005455017 0.7456818421681722 0.37719646096229553 0.7704585393269857 0.3645046353340149 0.796288251876831 0.3499182462692261 0.8055281639099121 0.31623074412345886 0.7753286361694336 0.30807939171791077 0.7645722230275472
1 0.6436960697174072 0.41972963015238446 0.6539096236228943 0.400826096534729 0.6657187342643738 0.37643225987752277 0.6734903454780579 0.3676084677378337 0.6947310566902161 0.38999207814534503 0.7061308026313782 0.4101701577504476 0.6921316981315613 0.421247919400533 0.6791817545890808 0.437961220741272 0.6685044765472412 0.4412378470102946 0.6523467898368835 0.4410964647928874
1 0.7189220190048218 0.41698765754699707 0.7395530343055725 0.41603533426920575 0.7553406357765198 0.42962737878163654 0.7605173587799072 0.44767483075459796 0.7467333078384399 0.4656068483988444 0.73051917552948 0.4665854771931966 0.7191201448440552 0.4495592912038167 0.7160040736198425 0.43715635935465497
1 0.7925315499305725 0.39072434107462567 0.8027281165122986 0.37629906336466473 0.8271045088768005 0.37870291868845624 0.84285968542099 0.38886555035909015 0.8532567620277405 0.4192051887512207 0.8581163883209229 0.4462830225626628 0.8603256344795227 0.47460484504699707 0.8459963202476501 0.4994814395904541 0.8320302963256836 0.5130246877670288 0.8180845975875854 0.5060346921284994 0.8078610301017761 0.47864095369974774 0.8021671175956726 0.4503015677134196 0.7951530814170837 0.43333784739176434 0.7909109592437744 0.41757384936014813
1 0.719348669052124 0.5644613901774088 0.7466303706169128 0.5383965174357096 0.7923598885536194 0.521742026011149 0.8077840209007263 0.5207640329996744 0.821318507194519 0.5610535939534506 0.8320035338401794 0.5969784259796143 0.8257986903190613 0.6236017942428589 0.801322877407074 0.6314255396525065 0.7577615976333618 0.6192225217819214 0.7282454967498779 0.5852904319763184
1 0.7861632108688354 0.6428755124409994 0.8275604248046875 0.643440326054891 0.8335385918617249 0.6540412108103434 0.8205462694168091 0.6737759908040365 0.8091259002685547 0.6877066294352213 0.7930150628089905 0.6768991152445475 0.778786838054657 0.6661457220713297 0.7774203419685364 0.65442955493927
1 0.8416315317153931 0.6705581347147623 0.8253780007362366 0.7009013493855795 0.8228132128715515 0.7280426025390625 0.823025107383728 0.7553521792093912 0.8283256888389587 0.7709309260050455 0.8524395227432251 0.7689475218454996 0.8716328740119934 0.7812205950419108 0.8806931972503662 0.7753938039143881 0.868465781211853 0.7323182423909506 0.8564395904541016 0.6919366518656412
1 0.8233138918876648 0.5220727125803629 0.8362734317779541 0.5267877578735352 0.846365749835968 0.5486901998519897 0.8549814224243164 0.5775949954986572 0.8645099997520447 0.605506181716919 0.8592871427536011 0.6321999231974283 0.847321093082428 0.6530627012252808 0.8373885750770569 0.6365714073181152 0.840104877948761 0.6144856214523315 0.8413853049278259 0.5808967351913452 0.8317933678627014 0.5496739546457926 0.8275481462478638 0.5358555316925049
1 0.6236681342124939 0.7698775927225748 0.6373786926269531 0.765357255935669 0.6622251272201538 0.7633965015411377 0.7209170460700989 0.7501201629638672 0.7408568263053894 0.738588015238444 0.7620895504951477 0.7377427419026693 0.7921887040138245 0.7500927448272705 0.8093767762184143 0.7622703711191813 0.8090260624885559 0.7765742937723795 0.8023921847343445 0.7967905203501383 0.7893920540809631 0.8217647870381674 0.7588540315628052 0.8537495136260986 0.737950325012207 0.8702882130940756 0.6553447842597961 0.8157556851704916 0.6269946098327637 0.7925469875335693
1 0.7846704721450806 0.023308058579762776 0.7979024052619934 0.027473993599414825 0.8077414631843567 0.0536984254916509 0.815051794052124 0.06106332937876383 0.8238440752029419 0.06211234132448832 0.8245002627372742 0.076888307929039 0.8048118948936462 0.08746527632077535 0.7956197261810303 0.09805587927500407 0.7708430886268616 0.09169396758079529 0.7625202536582947 0.08006572723388672 0.7677665948867798 0.05793351928393046 0.7808727025985718 0.03692264358202616
1 0.8351719379425049 0.06105207403500875 0.8353284001350403 0.045262654622395836 0.8348981142044067 0.03581114113330841 0.8440699577331543 0.04525440434614817 0.8534107804298401 0.057879010836283364 0.8554115891456604 0.06315043568611145 0.8447563052177429 0.07899995644887288 0.8368162512779236 0.07794344425201416
1 0.8800714015960693 0.0013020833333333333 1.0 0.0013020833333333333 0.9914835095405579 0.01565004636843999 0.974088191986084 0.03354226549466451 0.93696129322052 0.04516669114430746 0.910137414932251 0.052568202217419945 0.8936474919319153 0.03889548281828562 0.8865132927894592 0.018965773284435272 0.8797709345817566 0.006423318137725194
1 0.9163529872894287 0.07052066922187805 0.9602304697036743 0.05252989133199056 0.9892246127128601 0.05145134528477987 1.0 0.05988595883051554 1.0 0.08003975947697957 1.0 0.11201496918996175 1.0 0.1334117849667867 0.998311460018158 0.15918487310409546 0.9951364994049072 0.16564474503199259 0.9750606417655945 0.15698989232381186 0.9511281847953796 0.14191164573033652 0.9277458190917969 0.13545078039169312 0.9143504500389099 0.11620072523752849 0.9116866588592529 0.0821712464094162
1 0.8740816712379456 0.08641109863917033 0.8967140913009644 0.09915344913800557 0.9100469946861267 0.11833089590072632 0.9099410176277161 0.1332884132862091 0.891651451587677 0.1386158068974813 0.876691460609436 0.1578889787197113 0.8718516826629639 0.16755066315333048 0.8547674417495728 0.14284606774648032 0.8648615479469299 0.11403156320254008
1 0.8873871564865112 0.17727309465408325 0.9084019064903259 0.18919400374094644 0.9401107430458069 0.20009913047154745 0.9645419716835022 0.20667636394500732 0.9791865348815918 0.22847636540730795 0.9791727662086487 0.24375581741333008 0.9566226601600647 0.2567907174428304 0.9441415667533875 0.2742770512898763 0.9471346139907837 0.29629260301589966 0.9486404657363892 0.3239239454269409 0.9611566662788391 0.3384188810984294 0.961588978767395 0.346202294031779 0.940951406955719 0.33163636922836304 0.8971481323242188 0.30154162645339966 0.8828937411308289 0.2849666277567546 0.8816098570823669 0.2586616277694702 0.8817939162254333 0.22596019506454468 0.8840188384056091 0.1988588571548462 0.8879232406616211 0.18806167443593344
1 1.0 0.12593319018681845 1.0 0.14861592650413513 1.0 0.2199718157450358 1.0 0.22573216756184897 1.0 0.2813585599263509 1.0 0.24614723523457846 1.0 0.21879382928212485 1.0 0.19268850485483804 1.0 0.1775498390197754 1.0 0.1689211924870809 1.0 0.1473785638809204 1.0 0.13772120078404745
1 0.9963211417198181 0.23071769873301187 1.0 0.2252898414929708 1.0 0.23625169197718301 1.0 0.26477666695912677 1.0 0.29569900035858154 1.0 0.30661972363789874 1.0 0.3300652901331584 1.0 0.336601456006368 1.0 0.3420251210530599 0.9921875 0.3286149899164836 0.9740695357322693 0.32739824056625366 0.9659508466720581 0.3273502190907796 0.957676351070404 0.2919387221336365 0.9610030055046082 0.2710610628128052 0.9837718605995178 0.261288583278656 0.9934470653533936 0.2427180806795756
1 1.0 0.35429950555165607 1.0 0.34340612093607586 1.0 0.37583688894907635 1.0 0.3957831859588623 1.0 0.443472941716512 1.0 0.4546796878178914 1.0 0.4534042676289876 1.0 0.44310633341471356 1.0 0.40247265497843426 1.0 0.36995120843251544
1 0.8805547952651978 0.3290584087371826 0.9011157751083374 0.32696670293807983 0.9178211092948914 0.33704129854838055 0.9455181956291199 0.34943652153015137 0.9550983905792236 0.35952218373616535 0.9500464797019958 0.3829431136449178 0.9483003616333008 0.4008647600809733 0.9526629447937012 0.4143875439961751 0.9575932621955872 0.43811245759328205 0.9591241478919983 0.44943928718566895 0.9554325938224792 0.46528156598409015 0.9368810653686523 0.4764706293741862 0.8985939025878906 0.4761051336924235 0.8818259239196777 0.4680006106694539 0.8739075064659119 0.43513671557108563 0.8740637302398682 0.40029271443684894 0.8818051218986511 0.37351540724436444 0.8823673725128174 0.34791815280914307 0.8819905519485474 0.3401469389597575
1 0.8459511399269104 0.5188838640848795 0.863788902759552 0.4905494848887126 0.8949883580207825 0.4954163233439128 0.9249926805496216 0.4934358596801758 0.9559433460235596 0.49146238962809247 0.9815644025802612 0.4917162259419759 0.9964839816093445 0.4964330196380615 0.9942024350166321 0.520455519358317 0.9905306100845337 0.5365010499954224 0.9769178628921509 0.5559361775716146 0.9623467326164246 0.5754130681355795 0.9551787972450256 0.5961959362030029 0.950139045715332 0.6054310003916422 0.9212431907653809 0.5992558797200521 0.8928093314170837 0.6012206077575684 0.8755468130111694 0.6056464513142904 0.8651757836341858 0.5800289312998453 0.855770468711853 0.5545468330383301 0.8521453738212585 0.5349798997243246
1 1.0 0.47051386038462323 1.0 0.5004576841990153 1.0 0.5315272013346354 1.0 0.6338105201721191 1.0 0.6561504999796549 1.0 0.6218758821487427 1.0 0.5949951807657877 1.0 0.587843100229899 1.0 0.5566338698069254 1.0 0.5393431186676025 1.0 0.5209136009216309 1.0 0.5047796964645386 1.0 0.4954821268717448 1.0 0.4829598267873128
1 1.0 0.4683472315470378 1.0 0.4833240906397502 1.0 0.45370785395304364
1 0.3907979726791382 0.7553432782491049 0.4181331694126129 0.7557957172393799 0.4309874475002289 0.766638437906901 0.4395287334918976 0.8035528659820557 0.4558858573436737 0.8805245558420817 0.4588545858860016 0.8999115626017252 0.41913387179374695 0.9003229141235352 0.38961535692214966 0.8997294108072916 0.3794138729572296 0.8814333279927572 0.3700537383556366 0.8225504557291666 0.381860613822937 0.7989676793416342
1 0.876309335231781 0.6219369570414225 0.9276682734489441 0.6167828241984049 0.9808773398399353 0.6268107891082764 1.0 0.6519133249918619 1.0 0.6711050669352213 1.0 0.7052501837412516 1.0 0.7358238697052002 0.9830521941184998 0.7663408120473226 0.9360355734825134 0.7799182732899984 0.9097147583961487 0.7770789464314779 0.8933118581771851 0.76604692141215 0.8768277764320374 0.7123100757598877 0.8660473823547363 0.6591781377792358 0.8713224530220032 0.6335272789001465
1 1.0 0.8172194163004557 1.0 0.7974775632222494 1.0 0.8097786903381348 1.0 0.8243667284647623 1.0 0.8853556315104166 1.0 0.9087417920430502 1.0 0.9116853078206381 0.9890756607055664 0.9093321959177653 0.9810951352119446 0.884715716044108 0.9863094091415405 0.8592416445414225 0.9983108639717102 0.8376266161600748
1 0.8242695331573486 0.7851982911427816 0.8658568859100342 0.7978943188985189 0.8728964328765869 0.8292967478434244 0.8654935359954834 0.8521215120951334 0.8721204400062561 0.8947790463765463 0.8726192712783813 0.9057753880818685 0.7570604085922241 0.9083375136057535 0.758024275302887 0.882803757985433 0.7758160829544067 0.8576959768931071 0.807711660861969 0.8365496794382731 0.8168667554855347 0.8090370496114095
1 0.8900043964385986 0.7947142918904623 0.9457785487174988 0.8233741124471029 0.9543203711509705 0.8428739706675211 0.9583019614219666 0.8647895654042562 0.9570732116699219 0.8952349821726481 0.9483711123466492 0.9097406069437662 0.9197917580604553 0.9054965178171793 0.9080897569656372 0.8784246444702148 0.8917456865310669 0.8514014879862467 0.8865117430686951 0.8198986053466797
0 0.0353180430829525 0.06356695294380188 0.04789091646671295 0.0656295120716095 0.039326537400484085 0.10196014245351155 0.048291657119989395 0.11447773377100627 0.04787950590252876 0.13015969594319662 0.023104730993509293 0.10820218920707703 0.02707143872976303 0.08739932378133138 0.030763184651732445 0.0759894847869873
0 0.062214434146881104 0.06562297542889912 0.09752754122018814 0.03255713731050491 0.08727958053350449 0.07597823937733968 0.11428668349981308 0.1197588046391805 0.0646839290857315 0.10197147727012634 0.057365428656339645 0.09051997462908427
0 0.20415230095386505 0.14929062128067017 0.22554679214954376 0.14932522177696228 0.24835430085659027 0.1896305481592814 0.22871200740337372 0.17577679951985678 0.20906402170658112 0.168317973613739
0 0.2376330941915512 0.13879930973052979 0.25047603249549866 0.13881673415501913 0.2588922679424286 0.15995039542516074 0.2740345001220703 0.21529869238535562 0.257735937833786 0.20136944452921549 0.2451172173023224 0.16521594921747842 0.23836591839790344 0.15251359343528748
0 0.22513864934444427 0.189569890499115 0.2499237209558487 0.20881287256876627 0.22901949286460876 0.23226678371429443 0.22316774725914001 0.21406582991282144
1 0.236737921833992 0.2376551628112793 0.25331491231918335 0.21630016962687174 0.2705230414867401 0.22491739193598428 0.2773842513561249 0.23458983500798544 0.25136592984199524 0.2452263037363688 0.23921513557434082 0.25055068731307983
0 0.31117281317710876 0.22505905230840048 0.3354305326938629 0.21442729234695435 0.36143290996551514 0.21772579352060953 0.36417409777641296 0.27592448393503827 0.35724541544914246 0.3019453287124634 0.34327808022499084 0.31602851549784344 0.3459312617778778 0.35653984546661377 0.3091128468513489 0.355194886525472 0.3214109241962433 0.3322755495707194 0.32842445373535156 0.3126741647720337 0.31974661350250244 0.27896122137705487 0.3076063096523285 0.2637704610824585 0.3067733645439148 0.2508291006088257
0 0.39159393310546875 0.0013020833333333333 0.4154213070869446 0.0013020833333333333 0.43416938185691833 0.0013020833333333333 0.43681299686431885 0.00312721977631251 0.4257842004299164 0.011415998140970865 0.3993939757347107 0.022843110064665478 0.3942561745643616 0.019745275378227234 0.3916657567024231 0.013543906311194101
0 0.5171223282814026 0.0013020833333333333 0.5702816247940063 0.0013020833333333333 0.5752996802330017 0.02882222334543864 0.5592101216316223 0.042392149567604065 0.5465434789657593 0.055982490380605064 0.524669885635376 0.03721706569194794 0.5234729051589966 0.017464660108089447
0 0.585783839225769 0.035060947140057884 0.6090602874755859 0.033989764750003815 0.6008549332618713 0.05175832907358805 0.5831074714660645 0.06958056489626567 0.5829708576202393 0.10220307111740112 0.5875740051269531 0.11382858951886494 0.5715140700340271 0.09376315275828044 0.5622683167457581 0.06539472937583923 0.568030059337616 0.05178427199522654
0 0.3924312889575958 0.16763768593470255 0.45296382904052734 0.15925184885660806 0.47889819741249084 0.1529214084148407 0.48783302307128906 0.1720982789993286 0.4767252802848816 0.1870195468266805 0.4909287095069885 0.20741011699040732 0.4893021881580353 0.2159974773724874 0.4629458487033844 0.1987516482671102 0.4438113272190094 0.19869762659072876 0.42133426666259766 0.2136311133702596 0.4057740569114685 0.22753812869389853 0.37882670760154724 0.22851713498433432 0.3735686242580414 0.21455007791519165 0.3752456307411194 0.19743555784225464 0.3873057961463928 0.18146244684855142
0 0.16003207862377167 0.2911481261253357 0.18398475646972656 0.31077325344085693 0.19076569378376007 0.32276495297749835 0.18535028398036957 0.3379816214243571 0.17056319117546082 0.33897896607716876 0.1651511937379837 0.3520442644755046 0.14690153300762177 0.35192302862803143 0.13642196357250214 0.35513071219126385 0.1473265439271927 0.32685645421346027 0.15290334820747375 0.3040953278541565
0 0.0009765625 0.33460839589436847 0.02096838504076004 0.33368945121765137 0.03280245512723923 0.3424571355183919 0.03295789659023285 0.3686223824818929 0.0351131334900856 0.385053555170695 0.034010738134384155 0.39381996790568036 0.010382997803390026 0.37173982461293537 0.00232633575797081 0.3520509401957194 0.0009765625 0.3487409750620524
0 0.04819849133491516 0.38186343510945636 0.07843203842639923 0.3875726858774821 0.07626297324895859 0.4062459468841553 0.06944352388381958 0.43710513909657794 0.07069206982851028 0.4581912358601888 0.056038644164800644 0.45028412342071533 0.04255325347185135 0.46570857365926105 0.03979014605283737 0.43795140584309894 0.04228135570883751 0.40927569071451825
0 0.02823207527399063 0.4467061758041382 0.032474689185619354 0.48342939217885333 0.018431521952152252 0.5168362855911255 0.015201985836029053 0.5381491184234619 0.0010841387556865811 0.5707170168558756 0.0009765625 0.58305557568868 0.0009765625 0.5761181513468424 0.0009765625 0.5312157869338989 0.005753094330430031 0.5010248819986979 0.01696954108774662 0.47547678152720135 0.02350977621972561 0.45997297763824463
0 0.0009765625 0.5851694345474243 0.008971398696303368 0.6025975942611694 0.0009765625 0.6250086625417074
0 0.010803346522152424 0.7257453600565592 0.05681360140442848 0.7067184448242188 0.0723332017660141 0.6918865044911703 0.07852505892515182 0.6942965984344482 0.08091983199119568 0.7070915699005127 0.07216428220272064 0.7383859952290853 0.07690975815057755 0.7665484746297201 0.07654222100973129 0.7829883098602295 0.06916191428899765 0.7910991509755453 0.05370703712105751 0.7978962262471517 0.03336327150464058 0.7505966822306315 0.012926537543535233 0.7455872694651285
0 0.06157902628183365 0.8074762026468912 0.08077932149171829 0.794839064280192 0.1014220342040062 0.7987430890401205 0.10847226530313492 0.8071370124816895 0.08848041296005249 0.813871701558431 0.06856554746627808 0.8170588811238607
0 0.12024958431720734 0.8049840927124023 0.1700921505689621 0.7964160442352295 0.1596456915140152 0.8293996651967367 0.157413512468338 0.8567439715067545 0.14719294011592865 0.8708837827046713 0.13451312482357025 0.8682453632354736 0.1360355168581009 0.8325262864430746 0.12450508773326874 0.8192626635233561
0 0.09356749802827835 0.5333980719248453 0.11746194958686829 0.5280303955078125 0.14016801118850708 0.540690541267395 0.18561077117919922 0.580916961034139 0.1546425223350525 0.5748499631881714 0.1280924677848816 0.5733911196390787 0.10663457214832306 0.5844918092091879 0.09570644795894623 0.5991555054982504 0.09275843948125839 0.6128119230270386 0.08470567315816879 0.6161341667175293 0.07719425112009048 0.5955015818277994 0.07402194291353226 0.5795431137084961 0.0868864357471466 0.5570308367411295
0 0.5056114792823792 0.2246323029200236 0.5362922549247742 0.2429360349973043 0.58246910572052 0.24526353677113852 0.6121490001678467 0.2464556892712911 0.6281194090843201 0.2562047640482585 0.6343266367912292 0.2594636082649231 0.6241638660430908 0.27236612637837726 0.6060482859611511 0.2830889821052551 0.59557044506073 0.2841193675994873 0.5738188624382019 0.2894204258918762 0.5527769327163696 0.28607070446014404 0.5451183915138245 0.29685012499491376 0.5364192128181458 0.29897014300028485 0.5299128293991089 0.27624301115671795 0.5226185917854309 0.25683387120564777 0.512815535068512 0.24177290995915732
0 0.5604882836341858 0.3666845162709554 0.5869551301002502 0.3690633773803711 0.6125302314758301 0.36924223105112713 0.6310988068580627 0.37047115961710614 0.6529478430747986 0.3618330160776774 0.6636812686920166 0.3663012981414795 0.6459904909133911 0.3981327215830485 0.6347649693489075 0.4091036319732666 0.6144939064979553 0.4133689006169637 0.5965790748596191 0.40437809626261395 0.5864136219024658 0.384449561436971 0.5651329755783081 0.3787943522135417
0 0.4319918155670166 0.4207193851470947 0.46344226598739624 0.402230699857076 0.49932533502578735 0.39040199915568036 0.5133984684944153 0.3905080159505208 0.5059739947319031 0.42354504267374676 0.5011460185050964 0.4556751648585002 0.5060977339744568 0.49143528938293457 0.5118690133094788 0.5206809043884277 0.5119722485542297 0.5274387995402018 0.4976983964443207 0.5250308513641357 0.49007076025009155 0.486799955368042 0.47718507051467896 0.4476788838704427 0.4444023668766022 0.43187518914540607
0 0.2634737193584442 0.49568672974904376 0.2818359434604645 0.510383685429891 0.3152850270271301 0.5062638918558756 0.3355458974838257 0.4964204629262288 0.35664185881614685 0.46878377596537274 0.3698444962501526 0.47224517663319904 0.36816850304603577 0.5034591356913248 0.36293700337409973 0.531430721282959 0.38777896761894226 0.5463417371114095 0.3976583778858185 0.5701835950215658 0.39428281784057617 0.6064885854721069 0.3890058100223541 0.6223921775817871 0.36307793855667114 0.5947128136952718 0.3444083034992218 0.5888017018636068 0.33819380402565 0.6000798940658569 0.32224106788635254 0.5726714134216309 0.2896101772785187 0.5440982977549235 0.25525709986686707 0.5403383572896322 0.2154475450515747 0.5612408320109049 0.2367461919784546 0.5434972047805786 0.2527989149093628 0.5156642198562622
0 0.18662820756435394 0.6117547353108724 0.20597349107265472 0.6199629306793213 0.21449220180511475 0.650870680809021 0.24086841940879822 0.6822215716044108 0.25682082772254944 0.6951324144999186 0.2728917896747589 0.6953752040863037 0.2871527075767517 0.7036769390106201 0.29603704810142517 0.7211825847625732 0.3094336688518524 0.7423127492268881 0.29767435789108276 0.7666157086690267 0.26534518599510193 0.7602339585622152 0.22762587666511536 0.7642676035563151 0.21770626306533813 0.7699350516001383 0.2179814577102661 0.7431494394938151 0.2307005524635315 0.7224699656168619 0.22301489114761353 0.6865592002868652 0.20021969079971313 0.6575337648391724 0.18901373445987701 0.6322559515635172
0 0.45616263151168823 0.6335913340250651 0.489609956741333 0.6535805861155192 0.5265706777572632 0.6575559775034586 0.5467199683189392 0.6751678784688314 0.5581603050231934 0.7066637674967448 0.5329153537750244 0.7132586638132731 0.4902345538139343 0.7009811401367188 0.4499443471431732 0.7317601839701334 0.45225244760513306 0.6911359628041586 0.4572734236717224 0.6542781194051107
0 0.5187392234802246 0.5050169626871744 0.5495312809944153 0.5346192121505737 0.5951059460639954 0.5351235071818033 0.6085833311080933 0.5375347137451172 0.5945675373077393 0.5509653091430664 0.5617596507072449 0.566468358039856 0.5496454238891602 0.5890782674153646 0.5574113726615906 0.6200405359268188 0.5370091795921326 0.6358336607615153 0.5272634029388428 0.6448975404103597 0.5234217047691345 0.6299100716908773 0.5277650952339172 0.6207958857218424 0.5283405184745789 0.6013601620992025 0.5189947485923767 0.5773187478383383 0.5141193866729736 0.5511753559112549 0.5174044370651245 0.5331355730692545
0 0.698548436164856 0.4329385757446289 0.7187328934669495 0.47670801480611164 0.7606502771377563 0.47149686018625897 0.7681695818901062 0.4569954077402751 0.7641763687133789 0.4223610957463582 0.765247106552124 0.40348490079243976 0.7828694581985474 0.3980775276819865 0.7834827303886414 0.41362182299296063 0.7882087826728821 0.44263513882954914 0.794666051864624 0.4695730209350586 0.8014317154884338 0.5034219026565552 0.7792683839797974 0.5122331380844116 0.7377294301986694 0.533299446105957 0.7097422480583191 0.5579710801442465 0.6973061561584473 0.5635173320770264 0.6880517601966858 0.5554455518722534 0.7138410806655884 0.5183261235555013 0.7092897891998291 0.4889713525772095 0.6916093230247498 0.46748340129852295 0.6850131154060364 0.45623783270517987
0 0.7909528613090515 0.24608846505482992 0.828585147857666 0.2602988878885905 0.84605872631073 0.25604182481765747 0.8428680300712585 0.24413291613260904 0.8194677233695984 0.23325538635253906 0.811213493347168 0.24616865317026773
0 0.6725719571113586 0.0013020833333333333 0.7239830493927002 0.0013020833333333333 0.7025519609451294 0.019896795352300007 0.7076195478439331 0.04268944263458252 0.6582037806510925 0.029271180431048077 0.6705397367477417 0.011686708778142929
0 0.7287173867225647 0.006420009459058444 0.7447764873504639 0.0013020833333333333 0.7542387843132019 0.021886999408404034 0.7617351412773132 0.03743766744931539 0.7637853026390076 0.045753474036852516 0.7592058777809143 0.06138635675112406 0.7546144723892212 0.07705999414126079 0.7450162172317505 0.0749700665473938 0.7309182286262512 0.04370513061682383 0.7235089540481567 0.02918367584546407 0.7265455722808838 0.017790112644433975
0 0.7608094811439514 0.013595389823118845 0.7795087099075317 0.007357330371936162 0.7685986161231995 0.036390850941340126
0 0.8202974200248718 0.0013020833333333333 0.8071337938308716 0.008340171227852503 0.8065664768218994 0.03530693550904592 0.8175386786460876 0.04882991313934326 0.828895628452301 0.05090615153312683 0.8278669714927673 0.028004882236321766 0.8389714956283569 0.02487320452928543 0.8519691228866577 0.04358592132727305 0.8636620044708252 0.034198082983493805 0.8806588053703308 0.04460089405377706 0.8795726299285889 0.02273592601219813 0.8733015656471252 0.0013020833333333333 0.871318519115448 0.0013020833333333333
0 0.8575697541236877 0.05192703505357107 0.8786306381225586 0.07389171918233235 0.8949496150016785 0.08649253845214844 0.8995274901390076 0.09070125222206116 0.906076967716217 0.0654953271150589 0.8861846923828125 0.05085993309815725 0.8685540556907654 0.045655628045399986
0 0.7331342101097107 0.08124789595603943 0.7505228519439697 0.08334094285964966 0.7624333500862122 0.10012784600257874 0.7947873473167419 0.10540114839871724 0.8151656985282898 0.09383940696716309 0.8331503868103027 0.08753888805707295 0.8544628620147705 0.07809196412563324 0.8610736131668091 0.07075188557306926 0.870999813079834 0.07808958490689595 0.8487465381622314 0.1424417793750763 0.8521633148193359 0.15945011377334595 0.8582746982574463 0.17758707205454508 0.8682345747947693 0.20223242044448853 0.8483824729919434 0.19146162271499634 0.8366364240646362 0.16474375128746033 0.81911700963974 0.14452046155929565 0.7732319831848145 0.13175362348556519 0.7411162257194519 0.13382901748021445 0.7428700923919678 0.11063287655512492 0.7369760870933533 0.09172314405441284
0 0.8866848349571228 0.1659086545308431 0.8970255851745605 0.14463549852371216 0.9169840812683105 0.14041385054588318 0.9376984238624573 0.1500166654586792 0.9646360278129578 0.15965697169303894 0.9767730236053467 0.17143483956654867 0.9922252893447876 0.17896409829457602 0.9961524605751038 0.20044883092244467 1.0 0.21339279413223267 0.9921093583106995 0.22199312845865884 0.9747645854949951 0.21330644687016806 0.9675866365432739 0.19606932004292807 0.9229195713996887 0.1862980524698893 0.897713303565979 0.17553947369257608
0 0.8281056880950928 0.28961360454559326 0.8660500049591064 0.3050793409347534 0.8743606805801392 0.31168466806411743 0.87200528383255 0.3368895848592122 0.8733694553375244 0.3655414978663127 0.8685764074325562 0.3965136210123698 0.8689361214637756 0.42322691281636554 0.8533067107200623 0.39528751373291016 0.8387552499771118 0.3697198232014974 0.8143531084060669 0.3618290424346924 0.8106522560119629 0.35849857330322266 0.8187536001205444 0.33985479672749835 0.8250558972358704 0.3212544918060303 0.8268591165542603 0.3015945752461751
0 0.6853687167167664 0.2113269567489624 0.7026299238204956 0.2049619754155477 0.7076757550239563 0.22533086935679117 0.6885639429092407 0.2295572559038798 0.6839562654495239 0.22203203042348227
0 0.9849020838737488 0.3430972496668498 0.9670137763023376 0.35954582691192627 0.9615576863288879 0.39054842789967853 0.969007670879364 0.4274097681045532 0.9731610417366028 0.4532397985458374 0.9599893689155579 0.47676769892374676 0.9967122077941895 0.48502906163533527 1.0 0.48964635531107586 1.0 0.4694051742553711 1.0 0.45585739612579346 1.0 0.4490078290303548 0.9993163347244263 0.42094822724660236 0.9988978505134583 0.3830440441767375 1.0 0.35976823170979816
0 1.0 0.5033010641733805 1.0 0.5102596282958984 1.0 0.5525046586990356 1.0 0.5903489589691162 1.0 0.6136588255564371 1.0 0.6404845714569092 1.0 0.6603821913401285 1.0 0.6460301081339518 0.9931923747062683 0.6304111480712891 0.9644322991371155 0.6080571413040161 0.9739599823951721 0.5816846688588461 0.9951317310333252 0.5681583881378174 1.0 0.5533483028411865 1.0 0.5260077714920044
0 0.41860097646713257 0.27034250895182294 0.4410632848739624 0.2618519067764282 0.4653486907482147 0.2619582414627075 0.47321316599845886 0.2662913004557292 0.4733702838420868 0.27920766671498615 0.4691501259803772 0.28997214635213214 0.4544864892959595 0.30178078015645343 0.43984198570251465 0.3179411093393962 0.42338061332702637 0.3286939064661662 0.4170287847518921 0.2929433584213257
0 0.7113872170448303 0.580793301264445 0.732093095779419 0.6050975322723389 0.7629909515380859 0.6319693724314371 0.7723487019538879 0.6390235424041748 0.7707887291908264 0.6459392309188843 0.7488985061645508 0.6444827318191528 0.7388530969619751 0.643189549446106 0.7391752004623413 0.6524450778961182 0.7556455135345459 0.6549899578094482 0.7677499651908875 0.6621143817901611 0.7755753993988037 0.6761638323465983 0.7907885313034058 0.6915274461110433 0.806922197341919 0.7057859102884928 0.8123711943626404 0.7269631226857504 0.8131408095359802 0.745790163675944 0.7945999503135681 0.7419599692026774 0.7628049850463867 0.7261856396993002 0.7353200316429138 0.7257544199625651 0.7083207368850708 0.7394004662831625 0.6711587309837341 0.7505443890889486 0.6429771184921265 0.7559591929117838 0.669405996799469 0.7212117513020834 0.6880439519882202 0.7039821942647299 0.7141239047050476 0.6927193800608317 0.7280536890029907 0.673153797785441 0.7232855558395386 0.6395126978556315 0.7164351344108582 0.6244351069132487 0.7141318321228027 0.6094595193862915 0.7090850472450256 0.5933448473612467
0 1.0 0.6778631210327148 1.0 0.678009827931722 1.0 0.7203912734985352 1.0 0.7701675097147623 1.0 0.8012048403422037 1.0 0.7876705328623453 1.0 0.8083388010660807 0.9822391271591187 0.8318918546040853 0.9739373326301575 0.850959062576294 0.9673543572425842 0.8328205744425455 0.9344591498374939 0.809498151143392 0.9160726070404053 0.7948729197184244 0.9381322264671326 0.79049285252889 0.9740241765975952 0.7839677333831787 1.0 0.776155153910319 1.0 0.7480112711588541 1.0 0.7269417444864908 1.0 0.7058930397033691 1.0 0.6941909790039062
0 0.6251299977302551 0.8099657694498698 0.6559086441993713 0.8283425172170004 0.6860109567642212 0.8503731886545817 0.7161129117012024 0.8677123387654623 0.7387130856513977 0.878960371017456 0.7463030219078064 0.8839215437571207 0.7468475699424744 0.899604320526123 0.7454062700271606 0.9116586844126383 0.7230071425437927 0.9087884426116943 0.683121383190155 0.9091914494832357 0.6735379695892334 0.8981431325276693 0.6609373092651367 0.8774491945902506 0.6441530585289001 0.8711263338724772 0.6227917671203613 0.8647268613179525 0.6192524433135986 0.8324334621429443
0 0.5766288042068481 0.9022253354390463 0.6043736338615417 0.90519118309021 0.6264985203742981 0.9032266139984131 0.6242682933807373 0.8875408967336019 0.596666693687439 0.8906006813049316 0.5902112126350403 0.8904729684193929
0 0.8825998306274414 0.8528590202331543 0.9019910097122192 0.8881734212239584 0.9131127595901489 0.9053424994150797 0.8943161368370056 0.9037549495697021 0.8878186941146851 0.9048369725545248 0.8785597681999207 0.8865068753560384 0.8739964962005615 0.8683297634124756 0.8735020756721497 0.857494036356608
0 0.9865178465843201 0.03822679320971171 1.0 0.046558757623036705 1.0 0.05095635851224264 1.0 0.0013020833333333333 1.0 0.004846096970140934 1.0 0.020469059546788532
