1 0.0010504201680672268 0.0014265335235378032 0.0010504201680672268 0.0014265335235378032 0.0010504201680672268 0.0014265335235378032 0.018947485114346033 0.0014265335235378032 0.036057079539579505 0.0014265335235378032 0.03508682010554466 0.0014265335235378032
1 0.0010504201680672268 0.04413381622793331 0.0010504201680672268 0.008821687412670098 0.0010504201680672268 0.00552848912509804 0.021772827420915877 0.027422704982349434 0.037681499449144895 0.05437252354859966 0.04754134186175691 0.08006444433106165 0.04247225432836709 0.10177154105672143 0.02243927146206383 0.1282798777973431 0.010274711777182186 0.15984097424995541 0.006047661564931148 0.19994607835625447 0.0010504201680672268 0.2243697837143924 0.0010504201680672268 0.2233815540090607 0.0010504201680672268 0.20223927191762883 0.0010504201680672268 0.17906623219967568 0.0010504201680672268 0.1576369825681504 0.0010504201680672268 0.1174405216320435
1 0.04547156005346475 0.0014265335235378032 0.03705710723620503 0.0014265335235378032 0.028497463514824874 0.0014265335235378032 0.02163704303132386 0.006873688582176829 0.035790146899824384 0.03685811378816395 0.04815792436359309 0.05276244921282933 0.05621446881975446 0.07067999520077345 0.0625357026813411 0.08747765273068328 0.07144383823170382 0.09787113554297432 0.09692960626938764 0.09597916541868201 0.11777320028353139 0.07953921330298235 0.13301207438236526 0.04865079327418699 0.14369254553017496 0.013390014583135977 0.1317957950239422 0.0014265335235378032 0.13492595448213465 0.0014265335235378032 0.1251682393691119 0.0014265335235378032
1 0.31147919983423056 0.0014265335235378032 0.3021515597816275 0.012089224582731978 0.2978941332392332 0.03902568898765575 0.2960210527692522 0.059678152522414964 0.30992658599084166 0.07689004481774084 0.308535728134027 0.08671694441290623 0.30121634988223805 0.10397120107087532 0.3028585930832294 0.12400833108115639 0.3074406215122768 0.1275970633121768 0.33472144503553375 0.12023110600578972 0.3622396453088071 0.07864864746616163 0.36549262038799896 0.032848978518759474 0.3525475574140789 0.019108891997289726 0.3378868423590139 0.0053235450586816896 0.32389350698775604 0.0014265335235378032
1 0.42900306637547597 0.3652482624570925 0.4437168345731847 0.3485968313611693 0.4689214049267168 0.3407887718646911 0.5261242970699022 0.33258818491719416 0.548645788881959 0.34094316643076855 0.5518829602153361 0.3774650454011011 0.5395015428046218 0.44541785312277105 0.5319809152298615 0.5049832897757668 0.5305053646824941 0.5424962717184156 0.5227757622213924 0.5860347121996479 0.5165992865041524 0.5930053014387928 0.47158130677808235 0.5777433343688704 0.4313425977690881 0.5604087840473431 0.40861636249958966 0.5345637910546318 0.3694762863030955 0.5126409816333809 0.368370601109096 0.4656725133876828 0.40539807231486347 0.42748366068841387 0.41452789306640625 0.42568085979292974 0.4217814277200138 0.38594475282241886
1 0.6177821439855239 0.055134907938784436 0.6144291212578782 0.07034595070483851 0.6068139597147453 0.0886905142312043 0.5992941976595325 0.12156462839428607 0.5776907656373096 0.13374515810978735 0.5806439183339351 0.15068522193462464 0.5854441538578322 0.1813098292548034 0.5925340412043724 0.20546542832922834 0.5974051852186187 0.2364693504257311 0.6087420167041426 0.25543563342128434 0.6230490548270089 0.2643065622631732 0.6592304646467962 0.22407264002039498 0.706129122181099 0.21879564576414273 0.759291512625558 0.19116746409983507 0.7764514314026392 0.16953670485383604 0.7826045701483718 0.1372986710530715 0.7896050204749868 0.09533204909908279 0.7725137021361279 0.06565762790565655 0.7618060071929162 0.0562758452541988 0.7392460799016872 0.04408902210447826 0.6999180256819525 0.03323552815958369 0.6733372792476365 0.024180481675347996 0.6525645536534926 0.03181033331725465 0.6406320523814995 0.038826668993722696
1 0.9274106706891742 0.24640014474300106 0.9529377913274685 0.22724148346252007 0.9802017853039653 0.21623136381620006 1.0112550238601299 0.2225718151315643 1.0438570936186975 0.2335950603838824 1.0461852129767923 0.2532586765697441 1.0594941467798056 0.3341707890792172 1.0600978306361608 0.3471110040553116 1.0059072670816374 0.32162771619505615 0.9872203794848017 0.31235507415466746 0.961969199300814 0.319019899898861 0.9456546687278427 0.30524169225325426 0.9325696800937172 0.27780534469452123
1 0.8018561611656382 0.12047956741485379 0.8219018503397453 0.13163984791188368 0.8641344599363183 0.1463077017312043 0.8821897747135964 0.1720885359781785 0.8810578674829307 0.20602852335670024 0.8806090795693278 0.23796658373083096 0.873223248650046 0.24671259076040924 0.8394127212652639 0.24819894047844596 0.8140301744477088 0.25131902545052826 0.8032971550436581 0.22437354943551624 0.7985940500467765 0.18320542361358774 0.7967935129374015 0.15379161535418154 0.7959372897108062 0.13467927462024118
1 0.6187856337603401 0.7514056370363766 0.6678566171341583 0.7395595055333898 0.6938285507073924 0.7528152792327925 0.713307420746619 0.7682139006218794 0.7487255064379267 0.7886367340740906 0.7589681929900867 0.8073721761880349 0.7576172131450236 0.8383121245597807 0.766178034934677 0.871468406601061 0.7597031793674501 0.8998134466108684 0.7399483047613576 0.9220616752853067 0.7209379693039325 0.9550677638251159 0.7097918085691308 0.9635407669568028 0.6695848993894433 0.9645347431961038 0.6307288418297007 0.9127234705164498 0.6054175881778493 0.8689704056983327 0.5903025394728204 0.8302260547153619 0.5869972806016938 0.7939130970822932 0.5982580745921415 0.7601632677369383
1 1.058804423869157 0.3835903717345756 1.0245222844997375 0.4362390711372147 1.0210302016314339 0.4636237869589203 1.044473728211988 0.48681496961650766 1.0756302521008403 0.5168760030313837 1.0756302521008403 0.5111712185020284 1.0739019057329964 0.4237486748144392 1.0704710503586201 0.3949677253755795
1 0.5055121093237099 0.06774820172667674 0.5245227012313715 0.03044921559375975 0.5459848612296481 0.019608123496323612 0.5865205396123293 0.04140526013775661 0.6073811635249803 0.04690084851927492 0.6057021838276326 0.07317794168556638 0.5952968437130711 0.09027345034263273 0.5923627324464942 0.1122829965109832 0.5795539407169118 0.12158590580699447 0.559296359535025 0.1271465263421117 0.5434213846671481 0.11736214892160195 0.5256554419253053 0.10527958237325584 0.5156634675354517 0.08813369903346781
1 0.40543371889771534 0.12750089593688704 0.44609505789620535 0.10311502192738053 0.47358225974716056 0.08473076595899552 0.5032721447343586 0.08966517210346826 0.5170989797896698 0.11146432220850794 0.5013230267693015 0.13172669893664743 0.4978907609186253 0.14940674872949358 0.4936756486652278 0.16935740864055812 0.4879091727633436 0.20966910499648939 0.47612829769358916 0.22488882198143278 0.4514209202357701 0.23598152628638774 0.3896121497915572 0.24720975301745274 0.3741424304096639 0.22466653559925553 0.38223365976029083 0.20472577975241843 0.402918743486164 0.16759148133804386 0.40698751882344736 0.14095946351403688
1 0.15370649449965534 0.03235606358156735 0.19213971370408514 0.027904687356336652 0.23237516900070576 0.024633015783639165 0.2693976394268645 0.05495211809405927 0.29127944818063944 0.07477242528286879 0.2911188462201287 0.09457840422930969 0.28946051076680673 0.12215131903851083 0.28455673345998556 0.13410264041046274 0.24819199377749146 0.13651573845051154 0.22363829412380187 0.1473904009722439 0.20085660149069393 0.15950261441174995 0.1822970254080636 0.16404154909490348 0.13840709013097427 0.1459246974188659 0.12394041975005334 0.12954414792135677 0.11924657100388984 0.11377219772883046 0.11025288525749655 0.10333111554851886 0.1281922925420168 0.072434162787466 0.14523198424267167 0.04604318920793955
1 0.7193525298302915 0.3582931061444031 0.7292829241071429 0.3331422030330555 0.735225773659073 0.3160188160677269 0.7608612445222229 0.3036013615454485 0.7891370629062172 0.300635214028787 0.8191078891273306 0.30589200834745006 0.8535377438328847 0.3184063267945903 0.8643423128528755 0.3248797755438659 0.8615180264000132 0.3434175281823957 0.8410482967601103 0.3621365143127006 0.8304636338177849 0.37798380069487786 0.8155886866465336 0.41853770039731186 0.8091406942415638 0.45036792619082117 0.8001904527680213 0.46540098965763194 0.7769510605755974 0.45673952633236004 0.7446499992819393 0.42842779009896576 0.7297658199021796 0.4061124749938704 0.7230511192514115 0.38086925729705334
1 0.6351465818260899 0.2799797983210369 0.6479830060686383 0.3050193841039029 0.6565387629661239 0.33344217645968927 0.6685281320780265 0.34584622240270596 0.6912234650940454 0.3530720535256553 0.7041326570911568 0.36441508033306214 0.7156322703642004 0.39222109980998127 0.7214959409056592 0.4186603801906874 0.730849129813058 0.4418845618842502 0.7269924388212317 0.4631950606973297 0.709747314453125 0.48134096066723875 0.6916919355632878 0.489837298209589 0.6732018735228467 0.4682051240972718 0.6742965313566833 0.43358112503900675 0.6560986302479976 0.40157010109720487 0.6308833530970982 0.3858410975392297 0.6209335968274028 0.3628806033930323 0.6188460277909992 0.3335085881079485 0.6146022892799698 0.29956043803912935 0.6127792486623556 0.28673622033395374 0.6170393358759519 0.2823721195933822
1 0.96529625644203 0.5157526862434245 0.9805326702214089 0.5252484418186073 0.9907559306681657 0.5320017075912759 0.98662067060711 0.546403784214515 0.9941015163389575 0.5714360779940487 0.9990171544692096 0.5902527987361804 0.9962390290588892 0.6086379199497369 0.97364473743599 0.6121097842228735 0.9550839592428768 0.6084046629118001 0.9409056591386554 0.5913861284242377 0.9361788324949121 0.5639825186953905 0.9382890332646731 0.5383979917082738 0.9416606486344538 0.5251956781885253 0.9454064890116203 0.5156988777889845
1 0.8145220460010176 0.9222564479593883 0.8473169022247571 0.915422861314194 0.8714350211520155 0.9211457996667707 0.8755150161871389 0.9545659869271577 0.8620759980017397 0.9695436311686431 0.8426645102621126 0.9734336863910931 0.8247078647132681 0.9601106085892921 0.8124537748448989 0.9552136909604583 0.8075299944196429 0.932313404817894
1 0.2708610085880055 0.5596198545883113 0.2890107611648175 0.546198780968594 0.3084075350721343 0.5426054993981811 0.3389941624232701 0.5397435078097138 0.35226036520565257 0.5454741952762794 0.3543072227670365 0.5724523438196549 0.33508781625443146 0.6302559018645238 0.32671609445780264 0.6570069317130661 0.31739996260955555 0.6850908091677068 0.2997343880789621 0.6926480237495543 0.2810627913274685 0.6988888031745943 0.2572221034715156 0.6909720819448778 0.2420014132972525 0.6861661075695435 0.22774603386886982 0.681432182540567 0.22084414057370996 0.6697192226088846 0.2287619614801487 0.6503429984230118 0.25886851398884747 0.6226470990799974 0.26117858566155955 0.6067672490053272 0.2595484116498162 0.5845446620620096 0.2619643171294397 0.5724634450784594
1 0.0010504201680672268 0.6876029587336172 0.0010504201680672268 0.6654058393840273 0.009204112181142598 0.6676510363264533 0.019569471102802695 0.6845722280113231 0.026416804610180252 0.7302250882528307 0.027577598555749205 0.7632024876571416 0.02872030875262092 0.7925724132935092 0.00984079296849355 0.7988859386144793 0.0010504201680672268 0.7985340069432061 0.0010504201680672268 0.7891764729237251 0.0010504201680672268 0.7828841923647022 0.0010504201680672268 0.6924532946098207
1 0.10514615964488823 0.6468908987439818 0.12334988698238085 0.6184498654962777 0.14761469544482833 0.6200867134562232 0.1729508888821642 0.6267356273961305 0.19017831818396305 0.6439959081195391 0.2056610684434907 0.6636945041542216 0.2080536529797466 0.6838291402210013 0.21315837507488347 0.6992152672521398 0.19949973931833476 0.7183833972533658 0.1773586433474757 0.7408226981822842 0.1539050510951451 0.749303624565353 0.12822986250164128 0.739901772579351 0.11753482177477925 0.7202240294974813 0.11045471960756958 0.6883553193401168 0.10842441911456965 0.6782187816930055
1 0.2774019321473707 0.26234000691673726 0.2891549503102022 0.23791841297448957 0.3070621330197118 0.2117107135593126 0.32726220523609834 0.2004346425795181 0.34624859465270486 0.20378687446365684 0.3698299952915737 0.22896307103133917 0.3771910467067686 0.25219508890758735 0.3793163139279149 0.2591834183936452 0.3564422671534434 0.27388590378700073 0.3328371128114332 0.29434537139326633 0.32520800678669903 0.3077447649075539 0.32521098802069653 0.3309281766839782 0.32818799058930215 0.3602530442699046 0.32035362820665375 0.3938056194833274 0.311974886084805 0.41453097312154513 0.28966143952698264 0.43209294687834343 0.2588755022577879 0.4456037883241575 0.23526167669216125 0.4548283249097272 0.22752458908978632 0.44124290912535663 0.23852785895852482 0.4099441071209656 0.2643153887836873 0.35868175903842725 0.2671074586756089 0.3054156337416971 0.2769310895134421 0.2749176243062366
1 0.0513001049266142 0.10556997824327412 0.07068283016942128 0.10775222451812701 0.09367966852268252 0.11455781857739501 0.11063375392881762 0.1265792084828593 0.12321341538629613 0.1383901642324581 0.14126657437877493 0.15612369597213244 0.15300385290835083 0.16573256466766226 0.15469998271525406 0.20403706636306393 0.15171317092510833 0.2321620620096291 0.15017791555709198 0.24457847170754948 0.13707247501661798 0.2620549440043799 0.10489670569155396 0.2692947931874666 0.07273240450049649 0.27883151458435496 0.05388863747861205 0.2777075883155202 0.033163717814854214 0.26275160241229045 0.01872042046875513 0.24026254172331937 0.013156119514914119 0.20148368976935851 0.019156928823775603 0.16704843387794222 0.029498428857627036 0.1297852629091532 0.0425602007312935 0.11170535012760788
1 0.4543451581682478 0.3247754454782788 0.46136372029280465 0.2858494038928763 0.4781267823291426 0.2604030331599389 0.4970545408104648 0.25807433733756463 0.5181563882266774 0.26160410229387704 0.5452085863642332 0.2723816614518322 0.5699062828256303 0.28766413319978157 0.5786383492606026 0.30900610734664763 0.5712155253947282 0.3213338593443518 0.5673819149241728 0.33274303659392834 0.5584014764353007 0.33569904060744693 0.5413926068474265 0.32768569489178406 0.5244934659044281 0.3208565922844597 0.5010429510549337 0.3264225240100638 0.4647407531738281 0.33121626523353914
1 0.44579821674763653 0.5870853266260253 0.43647227567784924 0.6259312867778174 0.43979378708270417 0.6547229021319989 0.4553073273987329 0.6807645397757668 0.46955823497611937 0.6993149609096381 0.47029254817161237 0.7132203541536644 0.47477600354106486 0.7439003153976462 0.48636553467822674 0.7816713254223877 0.5040942921357996 0.80730304364301 0.5215534883386949 0.8265952900711038 0.5372270856584821 0.8471370593627408 0.5695248130990678 0.86897545568273 0.5833304268973214 0.8725847143589515 0.5914307922876182 0.8627465611347629 0.5809060745880383 0.8192201361336484 0.564363816205193 0.7859004261490282 0.5377186366489956 0.74194161800107 0.5381641548220851 0.7015150562672744 0.5202264545344505 0.6714225475186119 0.5270974616042706 0.6431974011038918 0.5252639065269663 0.6281719126136769 0.5206683503479517 0.6142454922794446 0.5065637796866793 0.5984966370586662 0.4818079651904707 0.593160153115527 0.4596672058105469 0.5830911372425552
1 0.898421151297433 0.35972399310276615 0.9251956458853072 0.40270578164006776 0.9574517001624868 0.4332801720895373 0.9800368236894367 0.46827917602364927 0.9687564112559086 0.5038269739518322 0.9479372681689864 0.5037166143790122 0.9318178962258732 0.5124008461684201 0.9298950323537618 0.5305352095360423 0.9281650190593815 0.5414114392943117 0.9040619665835085 0.5374151602621255 0.8933168940183496 0.5245324323928985 0.8764315693318343 0.48707708992733595 0.8620374022411699 0.45487647389889446 0.8633582491834625 0.43939095795069544 0.8705605899586397 0.41717359512916813 0.8830080433052128 0.3918251113782766 0.8917682551536239 0.3675601975553896
1 0.813420015222886 0.0014265335235378032 0.8159455371504071 0.0033729545740190142 0.8177303025702468 0.021992661643470406 0.8153330698734572 0.04375815561596575 0.811769822064568 0.053453546107750646 0.8053170212176668 0.07073273162188781 0.8066412020130318 0.10403582781085614 0.8133505172088367 0.11776530963718126 0.8461603116588432 0.12962372870996233 0.8525372032357865 0.1299756386140614 0.8803454487263656 0.13598988705796963 0.8914167901047138 0.13772286974244383 0.938591900993796 0.15381863930085926 0.9798779527680213 0.15611498910248195 1.0073210131220456 0.14076322155570167 1.0192351140895812 0.1178891104400243 1.015814901400013 0.08096791810213924 0.99801039495388 0.05238637230365661 0.9910653378783154 0.023470379316517697 0.9895444597516742 0.010275926467525466 0.9824624582499015 0.0033636256393454384 0.8716498623375132 0.0014265335235378032 0.8284510764755121 0.0014265335235378032
1 0.3254002803513984 0.6969266665645061 0.34822428727350313 0.7236891459466387 0.35730746613831077 0.7369671221636501 0.3667915728913636 0.7592088206858506 0.3613676183363971 0.7894526548290389 0.3432179619284237 0.8138217028129457 0.3254667330188912 0.8254247385152906 0.30316037089884784 0.8173822030191245 0.28770369842272847 0.7842200003064818 0.2860357781418231 0.7345193598988052 0.2835446205459723 0.716670494787023 0.2925959354689141 0.7047113916503209 0.31312734139065784 0.6973356717663383
1 0.7456921489298844 0.46317220516449714 0.7407151550805869 0.48209959021988674 0.7192280232405462 0.5060973337475482 0.7011284707974987 0.5146321121194053 0.7019076948406315 0.5365629753950829 0.7174739036239496 0.5546640785206401 0.7616332879587382 0.5857829530637036 0.7611723827714679 0.6141644748573466 0.785121244542739 0.6493406635888463 0.8051468023732931 0.6707082359324849 0.831807176605994 0.6901094052999064 0.8567775437811843 0.7107451652494204 0.8814908837069985 0.6871882069978156 0.8815863473074776 0.6283727800965139 0.8746267366810005 0.5858060698026257 0.8472385566775539 0.5471867494678361 0.8354862758091518 0.5123199158150187 0.8189311308019301 0.4858502919935806 0.7903587918321625 0.47079197860478333 0.7578171161042542 0.4627349897049973
1 0.2438018221815093 0.4637253961277416 0.27581537070394563 0.4574032510058176 0.30144535994329374 0.45306405191244653 0.30738086860720853 0.46418690375356636 0.31131401382574514 0.49562475446627585 0.3111470326656053 0.5161178523565665 0.30769527659696694 0.5231515228663294 0.2884642977674468 0.5303793130349501 0.27010653199267987 0.5364581882188392 0.25307791573660715 0.5560113795303584 0.24796904235326944 0.5715372953537358 0.22901301023339024 0.5593005301438793 0.2082595023788324 0.5469807013975571 0.20423318558380382 0.5345784621299928 0.20750238114044445 0.5178500840735334 0.22422912341206014 0.4876213998835369
1 0.0010504201680672268 0.2693383710700673 0.0010504201680672268 0.26092315978568564 0.0467983414145077 0.2864569910242622 0.11161083734336019 0.2960871806668487 0.1767714845032251 0.2701259291971291 0.23368590218680246 0.2769421238701966 0.25541307144806163 0.27938048271581895 0.25583135781167937 0.3209332998060806 0.23639412887957917 0.3686624872531428 0.23082215445382254 0.3964930818696505 0.22246556322113806 0.42431257522735377 0.21507774481252462 0.4559307887448734 0.20487277247324712 0.4875774301918019 0.18344050495564437 0.5162861561469106 0.14495519429695705 0.5307023814333318 0.12096062828512753 0.5315538262164542 0.07445837870365431 0.4995785439745676 0.018182936836691463 0.4505447627134228 0.0010504201680672268 0.40941468591186697 0.0010504201680672268 0.3808242427809602 0.0010504201680672268 0.36169137560181885 0.0010504201680672268 0.3083389652268523
1 0.0010504201680672268 0.38717520764142743 0.0010504201680672268 0.4503966588606678 0.03393648452117663 0.4825678021353424 0.08133472314401835 0.5350114112233639 0.1282174086370388 0.5770384697363142 0.13237126134022945 0.6018254909977934 0.11204383753928818 0.6102975363738187 0.10201592004599691 0.6244101966498752 0.08348282245026917 0.6318002828687812 0.05552365599560136 0.6299038395902059 0.029349022552746684 0.6121087829328637 0.0010504201680672268 0.5806228702996835 0.0010504201680672268 0.5714517503594195 0.0010504201680672268 0.5691277997810048 0.0010504201680672268 0.4853450323477621 0.0010504201680672268 0.4853450323477621 0.0010504201680672268 0.4000661199681259
1 0.0010504201680672268 0.5859661020668019 0.0010504201680672268 0.5829175222617243 0.0010504201680672268 0.5889839466220131 0.0010504201680672268 0.6013809182334389 0.0052171344516657985 0.6104809465830064 0.0010504201680672268 0.6280189329139176 0.0010504201680672268 0.6459950924599902 0.0010504201680672268 0.659666923925642 0.0010504201680672268 0.6736916883525766 0.0010504201680672268 0.6712853707872682 0.0010504201680672268 0.6473588494533479 0.0010504201680672268 0.6251211996255349 0.0010504201680672268 0.6005339574881865
1 0.33883625319024097 0.35272345223202345 0.4101654180959493 0.37347677668899343 0.41838179516191243 0.3728071748785218 0.41170450418937105 0.4053708673713891 0.3941438178054425 0.42321938420838534 0.3702632359095982 0.4454946041787402 0.36003160877388063 0.4651425697664051 0.3629575456891741 0.5122196997453414 0.35450577936252625 0.5322554693072397 0.3358584492146468 0.5310414269375223 0.3171814990644695 0.5286132551293911 0.31855318726611737 0.49127806746500535 0.31649055801519826 0.4611805958006419 0.30939983720539 0.444035419894013 0.30553526036879597 0.4390327573332739 0.31794572076877625 0.42674980217992153 0.3247154941077994 0.4117781221441468 0.33123096498120735 0.3909466317648894 0.33433686584985556 0.3770326622542573
1 0.33374763937557445 0.3395878333337977 0.39933632602210806 0.3575824949778776 0.42061695130933235 0.3623927574865148 0.43565557784393055 0.33411632760955334 0.45982559588776917 0.27424887141555593 0.476506657961036 0.24771653636546007 0.5157068396816734 0.25114908912212464 0.4927245709074645 0.2304027301608751 0.4872767985367975 0.230087019067348 0.46606605593897715 0.23911412738359264 0.44052826055959493 0.25247444882032366 0.41794496424057903 0.2534397359241263 0.40444516734916625 0.2549363815155247 0.3919616827443868 0.25878157459210055 0.3860895493451287 0.2687504832312656 0.3675375545726103 0.2791383229036644 0.34809500429810597 0.29064405933766496 0.3433126241219144 0.3065174880959678 0.336550095502068 0.31884571897150277
1 0.5003594470625164 0.19114430382656472 0.5640658851431197 0.1993046650362763 0.5801174901112789 0.20929174926583674 0.6015859651966255 0.25731126728139486 0.6153806157472754 0.27190585279260654 0.6064113328436843 0.3002316070861381 0.5924702492080817 0.2970893631307953 0.5775360620322347 0.2788900029812322 0.5463023466222426 0.26095948919930234 0.5226442673627067 0.24583472062789766 0.5053734659146862 0.22999657645885344 0.4994527672519203 0.22168808962921274 0.5001920171144629 0.2035752104624532
1 0.5879878837521336 0.3118839236707048 0.601785804043297 0.3127076370739903 0.6074706646574646 0.31536941419484443 0.6137083037560728 0.3518930780734553 0.6190680495831145 0.38865498367287804 0.6424867646033022 0.4054663381971068 0.6497063516568737 0.4153992221630929 0.6610860103318671 0.4434935478613142 0.6706085205078125 0.49573602826040924 0.686395340606946 0.542872887365148 0.6695291214630383 0.5564337933114524 0.6353537936170562 0.5261789449781562 0.6090846983324579 0.512356179927113 0.5729222017176011 0.5172985038811743 0.5549091371167608 0.5282683324881865 0.5471224744780725 0.5083738318863676 0.5473256471778164 0.4518811801360779 0.5574591500418526 0.4215415268923859 0.557507811474199 0.3789863096664363 0.5628459513688288 0.34764262374899696 0.5693775465508469 0.33519458634707117 0.580729444487756 0.32655761109269127
1 0.010839560452629538 0.6219401883330733 0.04356593444567768 0.6464107148827568 0.0883418011064289 0.6469854988827345 0.10331031254359654 0.7129404718287491 0.12846927482540868 0.7538486105229137 0.12967891853396632 0.7691767062678316 0.11221137968432002 0.8023958519079886 0.08180728078890248 0.7989347841532186 0.040027406035351154 0.7869987977554387 0.03606937312278427 0.7638051771743491 0.03390153115536986 0.725708704362072 0.03274177102481618 0.6954878998891093 0.025101244950494848 0.6724804321811475 0.0073027475541379274 0.6600601696934068 0.0010504201680672268 0.6578586812366263 0.0010504201680672268 0.6421215367555279
1 0.0010504201680672268 0.7984418882623039 0.0010504201680672268 0.8109274522724234 0.0010504201680672268 0.8609667899095043 0.0010504201680672268 0.8984240043520417 0.003720610832967678 0.9188276826910218 0.0010504201680672268 0.9135669920481901 0.0010504201680672268 0.9084329863587732 0.0010504201680672268 0.876534324569811 0.0010504201680672268 0.8229195109107525
1 0.43915561066956077 0.7566579690843438 0.45320558948677125 0.7512840891360556 0.46272127167517396 0.7506790487640425 0.46757988168411896 0.7522903420615639 0.47386054030987396 0.7807878393589515 0.4953636361771271 0.8234287757166102 0.5245444033326221 0.8618091795481901 0.528809715719784 0.8686275291714961 0.5067235161276424 0.8892099595444009 0.5009204640107996 0.9071288714225214 0.5022659301757812 0.9494134356053852 0.47213382881228666 0.9511396595822932 0.4583072502072118 0.9474619649106187 0.44456661448759194 0.9056087390502408 0.43682091977415966 0.8658523886077925 0.4340876090426405 0.8293615496277639 0.44124372466271666 0.798975532303183
1 0.46906912026285125 0.0014265335235378032 0.547637939453125 0.0014265335235378032 0.5370444930902049 0.0014265335235378032 0.5394083872562697 0.013822807224943022 0.5245859803271895 0.017385722227001327 0.5134584763470817 0.009192914323357814 0.4931755065917969 0.0014265335235378032
1 0.8875468919257156 0.2521349026711283 0.9119580693605567 0.2569994525120364 0.9418668987370339 0.3131649871695569 0.9846319631368172 0.33088126842373616 0.9923835562056854 0.33368379209249066 0.9789326771968553 0.35516849360010255 0.9632038148511358 0.36481252716543333 0.9510064004849987 0.3640758824586528 0.929585496918494 0.3463314997826765 0.8989330900817358 0.32810995888267874 0.8722642529912356 0.3113679328080421 0.8672705898765757 0.3075826865290099 0.8733220461035976 0.2847435226113922 0.8735605448233981 0.26858753416575654 0.876569796009224 0.2618497448538918
1 0.13038937384340943 0.9217144453236448 0.1626357230819574 0.8992213794746344 0.22313103555631236 0.8971528884517653 0.25769478934151785 0.8944724786298591 0.28296408132344736 0.9015658782654244 0.3170989220883666 0.9119490815297343 0.38918692324341847 0.9238542456089515 0.41930447105600055 0.9458775758403174 0.38626460868771334 0.9460574597672967 0.35909867487033875 0.9466734707950696 0.3261168343680246 0.9468528323098698 0.2930787030388327 0.9443839994204708 0.1962620871407645 0.939784508458898 0.1816462508770598 0.9334236177670292 0.1633592493393842 0.9346902060950874 0.14401626586914062 0.9306138238621167
1 0.010418752662274017 0.9180170731265602 0.0010504201680672268 0.8447844631831758 0.0010504201680672268 0.8130979007388998 0.029781423696950703 0.809282028045872 0.06293136131863634 0.8065421503042528 0.10485433530406792 0.8185437864991976 0.12588639619971523 0.8252059348809736 0.1390271066617565 0.8675247170615639 0.1490524035541951 0.8916891536086841 0.13490367536785222 0.9050146693339871 0.12155732387254219 0.9105692168275232 0.11206686196206998 0.91772635074893 0.0785308565412249 0.9230986634606811 0.05165585349587833 0.9224054224991084
1 0.36368025451147257 0.5292134196543999 0.3746642425280659 0.5250782225169401 0.39063804690577403 0.5285401174243268 0.405276803409352 0.5428552559541058 0.42571316246225055 0.5600392644993759 0.43826736321970194 0.5865865100637482 0.42879200783096444 0.6229400417093883 0.4281435092958082 0.6676527777003833 0.42908856047301736 0.7065942086778932 0.43253890606535583 0.7384165547543687 0.4292665048807609 0.7891501781773805 0.42721031894202993 0.8262859349924215 0.41950552804129465 0.8464205710592011 0.40136263550830487 0.8283013141104226 0.38392241662289917 0.802595239222985 0.37187675668411896 0.7443221632322129 0.35205930822035847 0.7012781423440844 0.3372838637408088 0.6864567428784771 0.33121458422236083 0.676028481563726 0.34475560548926604 0.6371044643255172 0.3546907120392102 0.6043991545977844 0.3589912863338695 0.5727616553639889 0.3608736310686384 0.5509078478847182 0.3605136711056493 0.5423646673836484
1 0.5530829549837513 0.5439655995062856 0.5971562361516872 0.5297868105552336 0.6316813621200433 0.5405427984436296 0.6513693673270089 0.5528053359876516 0.6892253971901261 0.5797944551867867 0.6921711769424567 0.5935304127474144 0.6986669332039457 0.6286091716075249 0.6969710919035583 0.6684017861620676 0.6841018420307576 0.7001883905386278 0.6785057131983653 0.7149506268249599 0.6725176642922794 0.7246604843248484 0.6379479800953585 0.7235394313229984 0.6146110085880055 0.7181334230256999 0.5923220850840336 0.6989380840568161 0.5797725645433954 0.6817430613214381 0.5776552472795758 0.634168551413717 0.5767713274274554 0.6204664200416815 0.5587646740825236 0.5896434919980386 0.5525763375418526 0.5659176640095622
1 1.0058625165153952 0.6441299939121568 1.0133475295635832 0.7214599696443696 1.0049470532842044 0.7783371167584254 0.97763587246422 0.8150862014922878 0.9549432962882418 0.8511194944721826 0.9607248386415113 0.8789698101484487 0.9747570903361344 0.910216240331892 1.0118276772378874 0.952662404015469 1.0318739434250264 0.9821651094140068 1.0376465100200236 0.9986813445914319 1.0726819078461463 0.9999547242778174 1.0756302521008403 0.9992729763841833 1.0756302521008403 1.001152267129547 1.0756302521008403 1.0022807645049483 1.0756302521008403 0.90576171875 1.0756302521008403 0.8830510682284237 1.0756302521008403 0.8042996960257668 1.0756302521008403 0.7729199636679743 1.0756302521008403 0.7099619387900098 1.0756302521008403 0.6803321130945748 1.0756302521008403 0.6714100096263151 1.0473030795570182 0.6619238751420962 1.0214950176848083 0.6464225126911332
1 0.9905017884839483 0.46051138579930456 1.0066419970087643 0.46152068612919045 1.019280313443737 0.48160086072630615 1.043436899906447 0.5025008741697129 1.074193361426602 0.5300235068066824 1.0756302521008403 0.5383511922839025 1.0756302521008403 0.5592133308443296 1.0756302521008403 0.6239738083429922 1.0756302521008403 0.6631078788115192 1.0756302521008403 0.667519257854293 1.0756302521008403 0.6575566399284505 1.028808657862559 0.6344226178701186 1.0227229655289851 0.6315249716504324 1.0152556475471048 0.6160985753471603 1.009745429543888 0.5749164749994428 1.0028967336446297 0.556033364376226 1.0004554556197478 0.5338449954306348 0.9931036684693408 0.5187445407927291 0.9867081842502626 0.5122550496361225 0.9820966961003151 0.5046747618497013 0.9845816347779346 0.4927125242399251 0.9891152261685925 0.4736689895433978
1 0.22158775009027049 0.6972889594106634 0.2674301371854894 0.7155508784186653 0.2765781819319525 0.7643038195992332 0.28177896066874014 0.8068528114133827 0.2831382751464844 0.8482063500245185 0.26954243764156055 0.8731749530525589 0.2505194078974363 0.8795938314962999 0.22838135727313386 0.8779711321995364 0.2005956473470736 0.879839365220444 0.17287961174460018 0.8843163505260342 0.16044844298803507 0.8860082694365192 0.15339699112066701 0.8685767681214337 0.13324099628865219 0.8103157946794758 0.13202041337470047 0.7948557898593527 0.1421444676503414 0.7777027342356901 0.14866590099174434 0.7717966904143634 0.17022267509909236 0.7606058379212732 0.1908864894834887 0.7531773108728602 0.20656592104615284 0.7365464932908345 0.21655553929946003 0.7208317689990861 0.22010413738859802 0.7122627290951542
1 0.3204776218959263 0.0014265335235378032 0.4250700493820575 0.0014265335235378032 0.39762375134379924 0.004154938263831907 0.39348522154223015 0.02781412230748763 0.3937596874076779 0.05183438941857614 0.39718429180754333 0.08606636167082739 0.4015562233804655 0.10287432051589247 0.4024777131922105 0.12177674950614635 0.39096816247250854 0.14229397630895596 0.3874360733673352 0.16222873529932128 0.37774863363314076 0.18527691850648628 0.3640098571777344 0.19915643058047655 0.3305388057933134 0.19272168386679744 0.31868400894293264 0.18753471864273136 0.30987410986122965 0.16792652168219507 0.30552817593101694 0.14754069242599857 0.3115657838452764 0.1423013444973977 0.32893307469472166 0.1310215622144147 0.34373291400300354 0.12295338498712777 0.3549466493750821 0.11469761825322085 0.36312503974978666 0.09854475339707226 0.365744262182412 0.07773991148073901 0.370761422549977 0.05168686783772902 0.37345072000968355 0.03327524508967379 0.36019826937122507 0.013006087886793978 0.33808145603211986 0.0014265335235378032 0.32876131714892987 0.0014265335235378032
1 0.7746804501830029 0.7981786795927692 0.7963025389599199 0.7791472909794044 0.834581327037651 0.7741369228390246 0.8648245675223214 0.7660051419289408 0.8934513380547532 0.7513844793431259 0.9176996695895155 0.72252072757389 0.930253934459526 0.6841986162346202 0.9460135708336069 0.6689214992115059 0.9669134316324186 0.6390366057696594 0.9811668075433299 0.6287666353451542 0.9955182115570838 0.628473823318808 0.9985070749491203 0.6649225645840763 1.0031971009839482 0.6903991263875268 1.0055309263598018 0.7387271287948021 0.9995079361090139 0.7548990072775499 0.9944464419068408 0.7711893862562411 0.9889568681476497 0.7836448244973698 0.9782413514722296 0.802210395584433 0.9679333342223608 0.8156943763373752 0.9546468398150276 0.8290012593616263 0.9329858347147453 0.8469464659860912 0.9021317297671022 0.8616783152973431 0.8720787112452403 0.8751938149184201 0.8507010836561187 0.8985571323889978 0.842409470502068 0.9045278682518277 0.8159869538635767 0.9052325152126427 0.806121056821166 0.9045128924360288 0.7905483726693803 0.894182104527015 0.77850341796875 0.8671359553316691 0.7758794832630318 0.8357260972048859
1 0.16652733939034597 0.1743445294389711 0.2636628030728893 0.14741526996868312 0.29319038711676076 0.15131261719446548 0.3011320418670398 0.17303983767260497 0.30436962993205097 0.18784211467574224 0.2936553955078125 0.2132004371893389 0.2757150024926963 0.2394103133219285 0.2630641520524225 0.2649276668096915 0.21512146957782136 0.25752404140847895 0.1817922031178194 0.2544176915232703 0.16740909544359736 0.25357012129714246 0.16715964950433299 0.20250010796518367
1 0.5435222978351497 0.5409073986102443 0.5540907403000263 0.6053542111297476 0.5352272226029083 0.6053339676578102 0.5312017873555672 0.585362498328281 0.5358255210043001 0.5684916758843394
1 0.5417382376534599 0.6193637820691423 0.5596064078707655 0.6180819131848475 0.5694151165104714 0.6385852851813257 0.5694984628372833 0.6697688082315443 0.5628113305869222 0.6843493321482703 0.5351211163176208 0.6824583741975749 0.5308566053374475 0.674649356945435 0.5378516702090993 0.6489012714119339
1 0.5522015355214351 0.697444594705666 0.5765275714778099 0.7054118593137036 0.5897296937573858 0.7176806222695257 0.6021784293551405 0.732465670554342 0.5855612233907235 0.7567262309424037 0.5846235131015297 0.7719718726317315 0.5724069290802258 0.7762263974177515 0.5568345654912356 0.7572646637615906 0.5498164842108718 0.7364388763819544 0.5493806470342043 0.7136335386529289
1 0.5340547962349003 0.8755270268199448 0.5517381940569196 0.8794242216755082 0.5766035448603269 0.8890801401179119 0.5989451047753086 0.9038213057796898 0.6185153993237921 0.9197239678528442 0.6422769241974133 0.9386362464893901 0.6541268484933036 0.9540863254781117 0.6278035139837185 0.9561091925040122 0.5855008293600643 0.9529608755070881 0.5470463728704372 0.9474505589113766 0.5128927471257058 0.9475571309958987 0.5141938153435203 0.9186203721246433 0.5205074598809251 0.8928348905859932
1 0.6975756092231815 0.5656111386635164 0.726133779317391 0.6155540912535663 0.7457163193646599 0.6342394253326721 0.7633502222910649 0.662874055827055 0.7828215911608785 0.7006352706234398 0.7980528118229714 0.7434998864624197 0.791414597455193 0.7672804371266494 0.7732736924115349 0.7813791228769169 0.7368933413209033 0.7737029724556437 0.7118133416696757 0.748972066969062 0.6931476112173385 0.7311560702902105 0.6915069708303243 0.7095270741853156 0.7110887415268842 0.6781341073856544 0.7086543876583836 0.6591828219730742 0.7066980570304293 0.6341170067453861 0.7047519844119289 0.6091823605089827 0.7018653164390757 0.584315236046719
1 0.6341300772017792 0.26610485735361317 0.6739185878208706 0.23747355723687144 0.6947093931566767 0.24668803738799483 0.7102800257065717 0.2809416026769793 0.7194656884970785 0.3034668186421741 0.7248011356642267 0.3235448165218772 0.7085663611147585 0.3506055279567136 0.6833569823192949 0.3350539051006932 0.6585575392266282 0.3114500385888463 0.6434972426470589 0.28162502664302114
1 0.6999230905741203 0.23212203217641092 0.7187819280544249 0.2286431588732057 0.7369319370814732 0.24913941300374465 0.749220711844308 0.27515310159593437 0.7551318256794906 0.29051693904076764 0.7367253664160976 0.3010111984274697 0.7300646485400801 0.298298638489379 0.7271978554605436 0.2969704925928919 0.7133950626148897 0.274204749353602 0.7039744914078913 0.2483717936081825
1 0.7260688974075958 0.217662403144782 0.7566304567481289 0.2023550297496322 0.7856923592190782 0.181346311038639 0.8008574157201943 0.22765825954551533 0.8147206025965074 0.26861154335881776 0.8265702704421612 0.2773788822190398 0.8387414627716321 0.2989273615468416 0.8137155741202731 0.2974493268893211 0.7865545449136686 0.29237028331457293 0.7753560683306526 0.2905523542330711 0.7616111691258535 0.28049587625239614 0.7355690323004201 0.23303673236754413
1 0.8942226762531185 0.17389345917313995 0.8959034511021206 0.154818775650438 0.9419543482676274 0.15963709201350193 0.9784229182395614 0.15941489270002118 1.0204306850914193 0.13587335649128476 1.032097632143678 0.1342720325595132 1.0415184598009126 0.16744728469304454 1.0434448498637736 0.19134880642748084 1.0488464611918986 0.2212865288009317 1.0149564983464088 0.21478652409922208 0.9924972277729451 0.21122730815631688 0.9622686049517464 0.21178805232898315 0.9409233542049632 0.2265533795540411 0.9172333148347229 0.24581245280876649 0.9075379571994814 0.24984536599500715 0.8871868357938879 0.23949135251120052 0.8862373287938222 0.21201551929860243 0.8936875928349856 0.1953813278045872
1 0.9182415489389115 0.37152099609375 0.930945452521829 0.35933425185003565 0.9469465367934283 0.3697222874270016 0.9670482603441767 0.37447906798881064 0.9908509454807314 0.3617695850584544 1.003085929806493 0.33783603292729136 1.0281500295430672 0.3451986707396242 1.0623046490324646 0.3578280287020217 1.0579192217658548 0.36817215988877494 1.0209870538791688 0.4216829699898582 1.011120259260931 0.434212895500847 0.9858018250024619 0.44341549077489745 0.9629079353909532 0.4228728507962955 0.9327931123621324 0.3948679446493848
1 0.8572719157242975 0.5331820108410975 0.8798756960059414 0.5224534060577524 0.8971649939272585 0.5443009010565264 0.8970834427521008 0.5626696968894882 0.8849100705956211 0.5741636355151123 0.8662835770294446 0.5582156106510788 0.8609273573931526 0.5517434896994249
1 0.9117265589096967 0.5476878733505706 0.9250217085125065 0.5571228114412446 0.9317569892947414 0.5858491252730474 0.9414845314346442 0.6062686501147914 0.9491982980936515 0.6254006030726195 0.9510181330833114 0.6429688893099144 0.9444571743492319 0.6537788597901435 0.9293789262531185 0.6565224379513641 0.9122592060505843 0.6291684138451765 0.9024563316537553 0.6074108172755439 0.8933095210740546 0.5919673119734086 0.9027222064362854 0.5716359877212241 0.9055641879554556 0.5619935649267787
1 0.8885285834304425 0.6015403410167395 0.9072272036255908 0.6363058267068251 0.916357344939929 0.660656938539252 0.9166903455718225 0.683280128555189 0.9102302358931854 0.7055456403658835 0.8884563926889115 0.7497625636646309 0.85510183382435 0.7551050118134808 0.8208873973173254 0.7616654639577389 0.8120214638589811 0.7597705008470043 0.7948233339966846 0.6951499862779734 0.7852559450293789 0.6731253935505082 0.8089698342715993 0.6923339234269125 0.835353947487198 0.7080148650644169 0.8515529472286961 0.7167159011122504 0.8751967614438353 0.7120056587687232 0.8865738556164653 0.6900523753036956 0.8924436168510372 0.6515438063508604 0.889756338936942 0.6239419847344195
1 0.8767607232101825 0.9043988324436073 0.9040327953691242 0.8814287172064461 0.9313893678809414 0.8703126567236537 0.9593703967182576 0.894618318696505 0.9581832244616597 0.9314673582939551 0.9593523169765953 0.9527828200227354 0.9442782361968225 0.9703143632701052 0.9064118200991335 0.9781798881062768 0.882610032538406 0.9777430644559112 0.8827183186507025 0.9471283176656117 0.8798572315889246 0.9270476641906651
1 0.7708585081982011 0.9045698353635432 0.7963400448069853 0.9394302259328192 0.8084875796021533 0.9549198341097539 0.8195058998941374 0.9797152575004457 0.7909140065938485 0.9802509041213445 0.7521017379119617 0.9760178853033613 0.7301971050871521 0.973049539302113 0.7425144099387802 0.9420785074057151 0.7527397860999868 0.9348915959901034 0.7617649110425421 0.9131166727498663
1 0.9694410051618304 0.9256752003276569 0.9911391314338235 0.953797779817894 1.0048241495084362 0.9708009902148717 1.0189943714302128 0.9919221146130528 0.9866368269719997 0.9868302501727443 0.9723459452140231 0.9830889082839247 0.9649333152450433 0.978525637900098 0.9663323153968618 0.9532978313625624 0.9678205602309283 0.93879967443273
1 0.14424017898174896 0.5415631129636234 0.17836221326299073 0.5365227061229494 0.1857773756780544 0.537008157640313 0.20793110182305344 0.5701089333875713 0.22306948749958969 0.5796715577216699 0.23637771606445312 0.5891337483143501 0.2211074027694574 0.6102389826754191 0.20561894649217108 0.6252349548775187 0.19251300907936417 0.624350511058421 0.17075601144999014 0.6117839296262036 0.14548639890526524 0.606393593694276 0.1451319686504973 0.5879551429041102 0.14002131614364496 0.5631746082605207
1 0.5526390396246389 0.0014265335235378032 0.5484660813788406 0.0034464415742055153 0.5737169410000328 0.023257131753396377 0.6035961503742122 0.03138864329470037 0.6277862035927653 0.03376888106450885 0.6671945267364758 0.014049984419056761 0.6933748261267397 0.01869925962875301 0.7273365309258469 0.03031935535381932 0.7544497321633732 0.033945785609529634 0.7739164849289325 0.051428823430255885 0.7841393607003349 0.06518108460430412 0.7888715727990415 0.07757574889527238 0.7956101233217897 0.08236340075178596 0.8049027258608522 0.03772099450039285 0.8061818996397387 0.003949325877147462 0.7984946114676339 0.0014265335235378032 0.7916129617130055 0.0014265335235378032 0.7593136955710018 0.0014265335235378032 0.7370768314650079 0.0014265335235378032 0.7008589415991006 0.0014265335235378032 0.661481136033515 0.0014265335235378032 0.6266346779190192 0.0014265335235378032 0.5919373456169578 0.0014265335235378032 0.5662327614151129 0.0014265335235378032 0.5601055241432511 0.0014265335235378032
1 0.147859348970301 0.0014265335235378032 0.14502044485396698 0.0014265335235378032 0.1514709536768809 0.00947972269099041 0.16123391800567882 0.016491359378743953 0.17948963261452042 0.012054480091481337 0.21450488306895024 0.012838667027450321 0.24454086367823497 0.020943151901179815 0.265237599861722 0.0361802268470405 0.2779962876263787 0.04886163556456736 0.2850577089966846 0.049243257661348745 0.2958316642697118 0.007422631545345725 0.30617561660894826 0.0014265335235378032 0.3066349189822413 0.0014265335235378032 0.28479177010159534 0.0014265335235378032 0.2523025224188797 0.0014265335235378032 0.22524973124015232 0.0014265335235378032 0.19648880517783285 0.0014265335235378032 0.17037572780577073 0.0014265335235378032
1 0.434927964410862 0.0014265335235378032 0.4190823851513262 0.0014265335235378032 0.4110276358468192 0.00811343050207119 0.4057103004776129 0.025202608312587766 0.40158228513573396 0.04897492282230742 0.40271444881663604 0.07205822192313158 0.4159485632631959 0.10588229365763753 0.4445474127761456 0.09086743299018979 0.4671455832088695 0.08107173119734085 0.4903449691644236 0.06692622425552781 0.48826416400300354 0.016546760918240404 0.47939986541491597 0.0014265335235378032 0.4644491051425453 0.0014265335235378032 0.45414006209173124 0.0014265335235378032
