1 0.0017876060446724296 0.9957296053568522 0.0028910664841532707 0.9560050169626871 0.020546434447169304 0.9601430098215739 0.037098340690135956 0.9733845392862955 0.03930526226758957 0.9965571562449137 0.023856816813349724 0.9957296053568522
1 0.022753356024622917 0.9510394732157389 0.02606373466551304 0.9179356892903646 0.03268449753522873 0.9013837178548177 0.04702948406338692 0.9038665294647217 0.061374470591545105 0.9071768919626871 0.07902983576059341 0.8980733553568522 0.10771980881690979 0.8947629928588867 0.14744438230991364 0.8897973696390787 0.17061705887317657 0.8881422678629557 0.18275511264801025 0.8939353624979655 0.18275511264801025 0.9113148848215739 0.17834126949310303 0.9237287839253744 0.16620321571826935 0.9411083062489828 0.15406514704227448 0.9493842919667562 0.12978900969028473 0.9568326473236084 0.09999558329582214 0.9609705607096354 0.07240907102823257 0.964280923207601 0.04923640564084053 0.9684189160664877 0.03820180147886276 0.9667638142903646 0.02937411703169346 0.9584878285725912
1 0.08896098285913467 0.8533832232157389 0.08234021812677383 0.8153138160705566 0.08785752207040787 0.8012446562449137 0.10661634802818298 0.7946239312489828 0.11434057354927063 0.8153138160705566 0.13420285284519196 0.8260725339253744 0.16289283335208893 0.8310381571451823 0.15075476467609406 0.841796875 0.13530631363391876 0.8500727812449137 0.1253751814365387 0.8600039482116699 0.1264786273241043 0.8707626660664877 0.09999558329582214 0.8724179267883301 0.08785752207040787 0.8715902964274088 0.08896098285913467 0.8624867598215739
1 0.19930702447891235 0.9063493410746256 0.18385857343673706 0.8749006589253744 0.16951359808444977 0.8550384044647217 0.16730667650699615 0.8459348678588867 0.18165165185928345 0.8376588821411133 0.2081347107887268 0.8343485196431478 0.2412385195493698 0.8302105267842611 0.2511696517467499 0.8426245053609213 0.2522731125354767 0.8641419410705566 0.240135058760643 0.8831766446431478 0.2257900834083557 0.8980733553568522 0.21144509315490723 0.9038665294647217
1 0.2721354067325592 0.9311772187550863 0.2588938772678375 0.9030388991038004 0.2588938772678375 0.8790386517842611 0.26551464200019836 0.8633143107096354 0.27654924988746643 0.8550384044647217 0.29641154408454895 0.8550384044647217 0.3184807598590851 0.8558660348256429 0.34386035799980164 0.865797201792399 0.3350326716899872 0.9071768919626871 0.31296345591545105 0.9245564142862955 0.2864803969860077 0.930349588394165
1 0.31517037749290466 0.9990399678548177 0.2908942401409149 0.9783500830332438 0.2919977009296417 0.9617981910705566 0.301928848028183 0.9493842919667562 0.3228946030139923 0.9353151321411133 0.34606727957725525 0.9237287839253744 0.36041224002838135 0.9361427625020345 0.373653769493103 0.9427634874979655 0.4012403190135956 0.9502118428548177 0.39903339743614197 0.9667638142903646 0.37917110323905945 0.9899364312489828 0.3681364953517914 0.9965571562449137 0.34606727957725525 0.9982124169667562 0.32730844616889954 0.9965571562449137
1 0.39461955428123474 0.9990399678548177 0.4045506715774536 0.9849708875020345 0.4166887104511261 0.9808328946431478 0.42882680892944336 0.9841432571411133 0.44427525997161865 0.9965571562449137 0.43050405383110046 1.0 0.43050405383110046 1.0 0.39903339743614197 1.0
1 0.4001368284225464 0.939453125 0.3648260831832886 0.9270392258961996 0.3559983968734741 0.9171080589294434 0.3526880443096161 0.9071768919626871 0.3670330047607422 0.8922801812489828 0.37917110323905945 0.8889698187510172 0.39461955428123474 0.8881422678629557 0.41006794571876526 0.8939353624979655 0.4222060441970825 0.9038665294647217 0.4222060441970825 0.9171080589294434 0.41227486729621887 0.932832400004069
1 0.3063426911830902 0.8426245053609213 0.3228946030139923 0.8153138160705566 0.33172228932380676 0.8285553455352783 0.3504811227321625 0.8227621714274088 0.36041224002838135 0.8202794392903646 0.35820531845092773 0.8393141428629557 0.34827420115470886 0.8525555928548177 0.341653436422348 0.8566935857137045 0.32620498538017273 0.8500727812449137 0.31627383828163147 0.8467624187469482
1 0.36261916160583496 0.8095206419626871 0.3747572600841522 0.783865213394165 0.3902057111263275 0.7582097848256429 0.40896451473236084 0.7722788651784261 0.42772331833839417 0.7855203946431478 0.44206833839416504 0.799589474995931 0.4497925341129303 0.8103482723236084 0.4354475736618042 0.8302105267842611 0.41227486729621887 0.8368313312530518 0.3902057111263275 0.8384865125020345 0.37696418166160583 0.835176150004069 0.373653769493103 0.8293829758961996 0.370343416929245 0.817796548207601
1 0.336136132478714 0.8103482723236084 0.34386035799980164 0.7937963803609213 0.35820531845092773 0.7764168580373129 0.3648260831832886 0.7697960535685221 0.37586069107055664 0.7598649660746256 0.3902057111263275 0.7466233571370443 0.40234375 0.7342094580332438 0.4034471809864044 0.7226231892903646 0.4001368284225464 0.7093816598256429 0.3835849463939667 0.701933224995931 0.3537914752960205 0.701933224995931 0.32951536774635315 0.7060712178548177 0.31517037749290466 0.7110368410746256 0.29751500487327576 0.7275887330373129 0.27765271067619324 0.7325542767842611 0.26441118121147156 0.737519900004069 0.267721563577652 0.753244161605835 0.2721354067325592 0.7747616767883301 0.2754457890987396 0.7830375830332438 0.2886873185634613 0.7921411196390787 0.3052392303943634 0.7979342937469482 0.3206876814365387 0.8045550982157389
1 0.1264786273241043 0.7408302625020345 0.12978900969028473 0.7308990955352783 0.13751323521137238 0.7325542767842611 0.14965130388736725 0.7391750812530518 0.16620321571826935 0.7358647187550863 0.17723780870437622 0.7308990955352783 0.18716895580291748 0.7300714651743571 0.19930702447891235 0.7358647187550863 0.21806585788726807 0.7433129946390787 0.21254855394363403 0.7582097848256429 0.20372086763381958 0.7673133214314779 0.20041048526763916 0.7855203946431478 0.1915827989578247 0.7888307571411133 0.17723780870437622 0.7797272205352783 0.16509975492954254 0.7731064160664877 0.14965130388736725 0.7615201473236084 0.139720156788826 0.7557269732157389 0.13089247047901154 0.7491061687469482
1 0.022753356024622917 0.802072286605835 0.006201447919011116 0.7987619241078695 0.0009765625 0.7933356761932373 0.0009765625 0.7822100321451823 0.0017876060446724296 0.768140951792399 0.0017876060446724296 0.7515889803568522 0.01833951286971569 0.7457958062489828 0.033787958323955536 0.7400026321411133 0.04040871933102608 0.7292439142862955 0.041512180119752884 0.7160023848215739 0.05365024507045746 0.7102092107137045 0.06909868866205215 0.7052436669667562 0.07461599260568619 0.7027608553568522 0.09558174014091492 0.7143472035725912 0.11213365197181702 0.7217955589294434 0.09668520092964172 0.7317267258961996 0.07792637497186661 0.7482786178588867 0.0768229141831398 0.7656580607096354 0.0602710098028183 0.7954514821370443 0.05696062743663788 0.8012446562449137
1 0.0017876060446724296 0.7424854437510172 0.007304908242076635 0.7292439142862955 0.016132591292262077 0.7110368410746256 0.02164989523589611 0.6994504928588867 0.03599487990140915 0.6928297678629557 0.061374470591545105 0.6903469562530518 0.05916754901409149 0.6994504928588867 0.044822562485933304 0.7085540294647217 0.03268449753522873 0.7176575660705566 0.023856816813349724 0.7325542767842611 0.013925670646131039 0.7408302625020345
1 0.5204140543937683 0.9965571562449137 0.49393096566200256 0.963453451792399 0.497241348028183 0.9518670241038004 0.5148966908454895 0.9353151321411133 0.5292417407035828 0.9204184214274088 0.5369659066200256 0.9113148848215739 0.5502074360847473 0.914625326792399 0.5546212792396545 0.9286944071451823 0.5601385831832886 0.9419358571370443 0.5612420439720154 0.9576601982116699 0.5612420439720154 0.9915916124979655 0.5480005145072937 0.9990399678548177
1 0.4652409851551056 0.8831766446431478 0.4542063772678375 0.866624673207601 0.4519994556903839 0.850900411605835 0.46082714200019836 0.8409692446390787 0.47186174988746643 0.8277277151743571 0.49282750487327576 0.8211069901784261 0.5115863680839539 0.8293829758961996 0.5325520634651184 0.8376588821411133 0.5468970537185669 0.8475900491078695 0.5678628087043762 0.8624867598215739 0.5656558871269226 0.8749006589253744 0.5601385831832886 0.8914526303609213 0.5502074360847473 0.8955905437469482 0.5391728281974792 0.8931077321370443 0.5204140543937683 0.8823490937550863 0.5038620829582214 0.8798662821451823 0.49172404408454895 0.8806938330332438
1 0.5016551613807678 0.7946239312489828 0.46082714200019836 0.7631753285725912 0.4663444757461548 0.7548993428548177 0.48951712250709534 0.7557269732157389 0.5115863680839539 0.7557269732157389 0.5292417407035828 0.7515889803568522 0.5480005145072937 0.7466233571370443 0.5623455047607422 0.7466233571370443 0.5678628087043762 0.7474509874979655 0.5711731910705566 0.7673133214314779 0.568966269493103 0.7764168580373129 0.5601385831832886 0.7871755758921305 0.5524143576622009 0.7979342937469482 0.523724377155304 0.8012446562449137 0.5104828476905823 0.8004171053568522
1 0.6086908578872681 0.8798662821451823 0.5998631715774536 0.8715902964274088 0.6009666323661804 0.8591763973236084 0.6009666323661804 0.8368313312530518 0.5954493284225464 0.8186241785685221 0.5811043381690979 0.8037274678548177 0.5733801126480103 0.7954514821370443 0.5811043381690979 0.7788995901743571 0.5899320244789124 0.7722788651784261 0.603173553943634 0.7755892276763916 0.6153116226196289 0.7871755758921305 0.626346230506897 0.8028999169667562 0.6351739168167114 0.8161414464314779 0.6395877599716187 0.8260725339253744 0.6395877599716187 0.8475900491078695 0.6395877599716187 0.8608315785725912 0.6417946815490723 0.8715902964274088 0.6285531520843506 0.8757282892862955
1 0.00399452680721879 0.701933224995931 0.0017876060446724296 0.6680018107096354 0.01171875 0.6787606080373129 0.015029131434857845 0.6903469562530518
1 0.03599487990140915 0.6828986008961996 0.023856816813349724 0.6721398035685221 0.016132591292262077 0.6597259044647217 0.019442973658442497 0.6497947374979655 0.027167195454239845 0.6307600736618042 0.037098340690135956 0.6191736857096354 0.04702948406338692 0.6191736857096354 0.05585716664791107 0.6257944901784261 0.06358139216899872 0.6365532080332438 0.06909868866205215 0.6580706834793091 0.06578831374645233 0.6680018107096354 0.05916754901409149 0.6771054267883301
1 0.07240907102823257 0.6837261517842611 0.08454713970422745 0.6580706834793091 0.09006444364786148 0.6431740125020345 0.09778866171836853 0.6315876642862955 0.10440942645072937 0.6299324830373129 0.12206479907035828 0.6291048526763916 0.13751323521137238 0.6307600736618042 0.14965130388736725 0.6415188312530518 0.16289283335208893 0.6522775491078695 0.17834126949310303 0.6663466691970825 0.18275511264801025 0.6820709705352783 0.18054819107055664 0.6878641446431478 0.16509975492954254 0.6944848696390787 0.139720156788826 0.6977952321370443 0.12206479907035828 0.6994504928588867 0.11213365197181702 0.7002780437469482 0.10109904408454895 0.6977952321370443
1 0.19820356369018555 0.6845537821451823 0.18496203422546387 0.6613810857137045 0.173927441239357 0.6489671468734741 0.14965130388736725 0.6241393089294434 0.14965130388736725 0.6133805513381958 0.16178937256336212 0.5993114312489828 0.16841013729572296 0.5893803437550863 0.17723780870437622 0.5943458875020345 0.19378972053527832 0.6150357723236084 0.21254855394363403 0.6324152151743571 0.23020392656326294 0.6497947374979655 0.25006619095802307 0.6729674339294434 0.25006619095802307 0.6804157892862955 0.24896274507045746 0.6870365937550863 0.23241084814071655 0.6878641446431478 0.21696239709854126 0.6853813330332438
1 0.17834126949310303 0.5761388142903646 0.1915827989578247 0.5587592919667562 0.2059277892112732 0.5554488897323608 0.2246866226196289 0.5612420241038004 0.2412385195493698 0.5686904191970825 0.26330772042274475 0.5794491767883301 0.27875617146492004 0.5918630758921305 0.28096309304237366 0.6133805513381958 0.2721354067325592 0.6291048526763916 0.2699284851551056 0.6481395562489828 0.26330772042274475 0.6630362669626871 0.24565236270427704 0.6473120053609213 0.23792815208435059 0.6332428455352783 0.2235831618309021 0.6224840879440308 0.21144509315490723 0.6133805513381958 0.20261740684509277 0.6059321562449137 0.1926862597465515 0.5935182571411133 0.18606549501419067 0.5844147205352783
1 0.017236052080988884 0.5868974924087524 0.017236052080988884 0.5637248357137045 0.028270656242966652 0.548828125 0.0437191016972065 0.5347589651743571 0.0768229141831398 0.5496557553609213 0.09999558329582214 0.5554488897323608 0.12978900969028473 0.5637248357137045 0.15185822546482086 0.5744835535685221 0.14854784309864044 0.5852423508961996 0.13530631363391876 0.6200013160705566 0.10771980881690979 0.6208289464314779 0.08896098285913467 0.6224840879440308 0.07461599260568619 0.6158633232116699 0.06247793138027191 0.6092425584793091 0.04702948406338692 0.5993114312489828
1 0.0602710098028183 0.5331038236618042 0.06468485295772552 0.5165518919626871 0.07020214945077896 0.5 0.08013329654932022 0.4966896375020345 0.09116790443658829 0.5082759062449137 0.10220250487327576 0.5173795223236084 0.12868554890155792 0.5347589651743571 0.15406514704227448 0.5471729437510172 0.17172051966190338 0.5554488897323608 0.16289283335208893 0.5686904191970825 0.12316825985908508 0.557931661605835 0.10551288723945618 0.5529661178588867 0.08344367891550064 0.5430349508921305 0.07240907102823257 0.5405522187550863
1 0.005097987595945597 0.5173795223236084 0.0017876060446724296 0.4875861008961995 0.00399452680721879 0.47517212231953937 0.01171875 0.4710341691970825 0.023856816813349724 0.47848252455393475 0.03930526226758957 0.49337923526763916 0.048132944852113724 0.5082759062449137 0.04923640564084053 0.5190347035725912 0.037098340690135956 0.5215174357096354 0.023856816813349724 0.5215174357096354 0.01833951286971569 0.5206898848215739
1 0.19599664211273193 0.5339314142862955 0.1915827989578247 0.5198622941970825 0.18165165185928345 0.5041379928588867 0.17172051966190338 0.49834481875101727 0.14854784309864044 0.49172405401865643 0.16068591177463531 0.48593087991078693 0.17944473028182983 0.4875861008961995 0.19710010290145874 0.48841365178426105 0.20372086763381958 0.4842756986618042 0.20041048526763916 0.4677237669626872 0.19820356369018555 0.4619305928548177 0.2081347107887268 0.46027541160583496 0.2224797010421753 0.45862023035685223 0.23351430892944336 0.4561374584833781 0.24234198033809662 0.44455111026763916 0.2566869556903839 0.4354475736618042 0.26330772042274475 0.4387579758961995 0.2842734754085541 0.45282705624898273 0.2886873185634613 0.47434457143147785 0.2886873185634613 0.4966896375020345 0.28206655383110046 0.509103536605835 0.2743423283100128 0.5248278379440308 0.2743423283100128 0.5364142258961996 0.27875617146492004 0.5471729437510172 0.2688250243663788 0.5537936687469482 0.24234198033809662 0.5513108968734741 0.2257900834083557 0.5455177625020345 0.2059277892112732 0.5388969580332438
1 0.15185822546482086 0.44537870089213055 0.16399629414081573 0.42882680892944336 0.17834126949310303 0.4222060441970825 0.21034163236618042 0.4188956419626872 0.23682469129562378 0.4131024678548177 0.26661810278892517 0.42468881607055664 0.24234198033809662 0.4313095808029175 0.22799700498580933 0.44537870089213055 0.20261740684509277 0.44951669375101727 0.1904793381690979 0.44455111026763916 0.17061705887317657 0.44372351964314777
1 0.04261564090847969 0.4213784535725911 0.028270656242966652 0.3973781665166219 0.008408368565142155 0.3816538651784261 0.0009765625 0.3427569071451823 0.041512180119752884 0.33117055892944336 0.06358139216899872 0.32620497544606525 0.07351253181695938 0.32951537768046063 0.08234021812677383 0.3543432156244914 0.07240907102823257 0.3725503285725911 0.06689177453517914 0.3891022205352783 0.06689177453517914 0.40979210535685223 0.06799523532390594 0.4213784535725911
1 0.0009765625 0.33117055892944336 0.0009765625 0.3257828950881958 0.009511829353868961 0.30882545312245685 0.02606373466551304 0.3096530834833781 0.048132944852113724 0.31130826473236084 0.061374470591545105 0.3154462178548177 0.03820180147886276 0.3237221837043762 0.022753356024622917 0.32951537768046063 0.012822210788726807 0.33117055892944336
1 0.005097987595945597 0.2889631986618042 0.0028910664841532707 0.26165252923965454 0.0009765625 0.22689354419708252 0.010615289211273193 0.22027277946472168 0.037098340690135956 0.2153071959813436 0.0602710098028183 0.20785884062449136 0.07792637497186661 0.18716895580291748 0.10440942645072937 0.18716895580291748 0.13530631363391876 0.19296212991078696 0.1573755294084549 0.1979276935259501 0.18385857343673706 0.20123807589213052 0.2048243284225464 0.20868643124898276 0.1926862597465515 0.2666180928548177 0.17944473028182983 0.2856528162956238 0.17172051966190338 0.29806673526763916 0.13640977442264557 0.29806673526763916 0.1099267303943634 0.3038599093755086 0.09116790443658829 0.3079978823661804 0.06799523532390594 0.3038599093755086 0.037098340690135956 0.2997219165166219 0.01833951286971569 0.29310115178426105
1 0.12427172064781189 0.40896451473236084 0.11103019118309021 0.37917105356852215 0.10661634802818298 0.35930879910786945 0.13640977442264557 0.3584812084833781 0.1584789901971817 0.35517080624898273 0.1904793381690979 0.3543432156244914 0.2235831618309021 0.36179157098134357 0.24454890191555023 0.3700675169626872 0.23572123050689697 0.39489539464314777 0.2257900834083557 0.4048265218734741 0.19378972053527832 0.41061969598134357 0.16399629414081573 0.41144728660583496 0.139720156788826 0.40979210535685223
1 0.09778866171836853 0.34606726964314777 0.08344367891550064 0.3195842107137044 0.13199593126773834 0.3096530834833781 0.16620321571826935 0.30634268124898273 0.15296168625354767 0.3245497941970825 0.14854784309864044 0.33944650491078693 0.1253751814365387 0.34606726964314777
1 0.24675582349300385 0.40896451473236084 0.2588938772678375 0.3824814558029175 0.2908942401409149 0.3899298508961995 0.3195842206478119 0.4015161593755086 0.32620498538017273 0.42882680892944336 0.3251015245914459 0.4354475736618042 0.3008253872394562 0.42882680892944336 0.28317001461982727 0.42386122544606525 0.26661810278892517 0.4180680513381958 0.2588938772678375 0.41393009821573895
1 0.29861846566200256 0.6216565370559692 0.29641154408454895 0.6042770147323608 0.31075653433799744 0.5993114312489828 0.3394465148448944 0.6042770147323608 0.3515845537185669 0.6133805513381958 0.3493776321411133 0.6175185441970825 0.3394465148448944 0.6241393089294434 0.3206876814365387 0.6257944901784261 0.31075653433799744 0.6257944901784261
1 0.29641154408454895 0.588552713394165 0.28096309304237366 0.5703455607096354 0.3063426911830902 0.5496557553609213 0.3206876814365387 0.5347589651743571 0.336136132478714 0.5215174357096354 0.3493776321411133 0.5223450660705566 0.370343416929245 0.5364142258961996 0.39130914211273193 0.5537936687469482 0.3846883773803711 0.5720008214314779 0.3648260831832886 0.5868974924087524 0.3493776321411133 0.5960010687510172 0.3228946030139923 0.5943458875020345 0.307446151971817 0.5902078946431478
1 0.4211025536060333 0.7400026321411133 0.4199991226196289 0.7085540294647217 0.43875792622566223 0.6977952321370443 0.4828963577747345 0.6845537821451823 0.5082759261131287 0.6895193258921305 0.5424832105636597 0.6961401303609213 0.5546212792396545 0.7093816598256429 0.5623455047607422 0.7358647187550863 0.5270348191261292 0.7391750812530518 0.49172404408454895 0.7457958062489828 0.4531029462814331 0.7457958062489828 0.4321371614933014 0.7457958062489828
1 0.5160002112388611 0.671312173207601 0.5435866713523865 0.6588982741038004 0.5667593479156494 0.6497947374979655 0.5855181813240051 0.6489671468734741 0.6009666323661804 0.655587911605835 0.5987597107887268 0.6721398035685221 0.5888285636901855 0.6837261517842611 0.5667593479156494 0.6920021375020345 0.5457935929298401 0.688691775004069 0.5259312987327576 0.6754501660664877
1 0.41006794571876526 0.6878641446431478 0.39130914211273193 0.6688294410705566 0.37806761264801025 0.6423463821411133 0.3681364953517914 0.6175185441970825 0.3725503385066986 0.6042770147323608 0.3902057111263275 0.5902078946431478 0.4155852794647217 0.5893803437550863 0.4486891031265259 0.6017942428588867 0.49282750487327576 0.6249669392903646 0.47737905383110046 0.646484375 0.45972371101379395 0.6688294410705566 0.44317176938056946 0.6837261517842611
1 0.4177922010421753 0.5736559629440308 0.41006794571876526 0.5388969580332438 0.40786102414131165 0.5173795223236084 0.4155852794647217 0.4966896375020345 0.4299302399158478 0.4851032892862956 0.4486891031265259 0.47682730356852215 0.47296521067619324 0.47434457143147785 0.5115863680839539 0.47351694107055664 0.5303451418876648 0.48262051741282147 0.5358624458312988 0.4950344165166219 0.5314486622810364 0.5264830589294434 0.5314486622810364 0.5438625812530518 0.5435866713523865 0.5480004946390787 0.5568282008171082 0.5513108968734741 0.5491039752960205 0.5612420241038004 0.5502074360847473 0.5786215464274088 0.5491039752960205 0.5893803437550863 0.5424832105636597 0.59765625 0.523724377155304 0.6017942428588867 0.5104828476905823 0.6084150075912476 0.49282750487327576 0.6075874169667562 0.47406867146492004 0.6017942428588867 0.4531029462814331 0.5918630758921305 0.434344083070755 0.5819319486618042
1 0.3239980638027191 0.3502052625020345 0.3515845537185669 0.3369637330373128 0.37806761264801025 0.32951537768046063 0.41006794571876526 0.3212394118309021 0.42772331833839417 0.32951537768046063 0.4696548283100128 0.34937767187754315 0.4828963577747345 0.3700675169626872 0.47296521067619324 0.3915850321451823 0.44648218154907227 0.3990333875020345 0.42772331833839417 0.40068856875101727 0.4034471809864044 0.39324021339416504 0.37586069107055664 0.37999868392944336 0.3559983968734741 0.37089510758717853 0.3350326716899872 0.353515625
1 0.23020392656326294 0.31048065423965454 0.2213762402534485 0.2897907892862956 0.23130738735198975 0.28068725268046063 0.2533765733242035 0.2682732939720154 0.2699284851551056 0.2550317843755086 0.28317001461982727 0.25751455624898273 0.29310116171836853 0.2682732939720154 0.2853769361972809 0.27820444107055664 0.26661810278892517 0.2864803870519002 0.2522731125354767 0.3055150906244914 0.24896274507045746 0.31875662008921307
1 0.3173772990703583 0.3253773848215739 0.30965307354927063 0.3079978823661804 0.31406691670417786 0.29806673526763916 0.33172228932380676 0.2922735810279846 0.34275686740875244 0.28234243392944336 0.3383430242538452 0.2748940587043762 0.31296345591545105 0.2765492598215739 0.3239980638027191 0.255859375 0.34496378898620605 0.2475834290186564 0.36261916160583496 0.2508937915166219 0.37806761264801025 0.26330773035685223 0.37696418166160583 0.28317002455393475 0.36041224002838135 0.2997219165166219 0.3504811227321625 0.31296344598134357 0.34717071056365967 0.3228946129480998 0.336136132478714 0.3237221837043762
1 0.4199991226196289 0.31213585535685223 0.4177922010421753 0.2757216691970825 0.42330947518348694 0.26248013973236084 0.434344083070755 0.255859375 0.4531029462814331 0.26165252923965454 0.4806894361972809 0.2724112868309021 0.49172404408454895 0.2757216691970825 0.4873102009296417 0.29061837991078693 0.4707582890987396 0.3055150906244914 0.45972371101379395 0.31627384821573895 0.4376544952392578 0.3171014189720154
1 0.5877251029014587 0.744140625 0.5755870342254639 0.7251059214274088 0.5711731910705566 0.7093816598256429 0.5777939558029175 0.701933224995931 0.6009666323661804 0.6969676812489828 0.6285531520843506 0.7035884062449137 0.6451050639152527 0.7168299357096354 0.6296566128730774 0.7333819071451823 0.6142081618309021 0.7433129946390787
1 0.6583465933799744 0.704416036605835 0.6230358481407166 0.6878641446431478 0.6108977794647217 0.6787606080373129 0.6142081618309021 0.6655190785725912 0.631863534450531 0.6588982741038004 0.6616569757461548 0.6597259044647217 0.6760019659996033 0.671312173207601 0.6793122887611389 0.6920021375020345 0.6793122887611389 0.7027608553568522 0.6704846024513245 0.704416036605835
1 0.6075873970985413 0.6415188312530518 0.5987597107887268 0.6142081419626871 0.5943458676338196 0.59765625 0.6020700931549072 0.5877250830332438 0.6164150834083557 0.5960010687510172 0.6594500541687012 0.6100701491038004 0.6682777404785156 0.6166909535725912 0.6649673581123352 0.6315876642862955 0.6517258286476135 0.6398636102676392 0.6307600736618042 0.6406912008921305
1 0.6108977794647217 0.5844147205352783 0.6428981423377991 0.5960010687510172 0.6737949848175049 0.6059321562449137 0.6782088279724121 0.5811043580373129 0.6726915836334229 0.5736559629440308 0.6440016031265259 0.5753111839294434
1 0.6009666323661804 0.5703455607096354 0.6075873970985413 0.5604144334793091 0.6230358481407166 0.5537936687469482 0.6384842991828918 0.5480004946390787 0.6539327502250671 0.5513108968734741 0.6682777404785156 0.5637248357137045 0.6451050639152527 0.5703455607096354 0.6285531520843506 0.5720008214314779 0.6120012402534485 0.5728284120559692
1 0.6197254657745361 0.997384786605835 0.6428981423377991 0.9824880758921305 0.6594500541687012 0.9684189160664877 0.6693811416625977 0.9692465464274088 0.689243495464325 0.9841432571411133 0.7080023288726807 0.9866260687510172 0.7245542407035828 0.9915916124979655 0.72896808385849 0.9957296053568522 0.7035884857177734 0.9998675982157389 0.6616569757461548 0.9982124169667562 0.6440016031265259 0.9998675982157389
1 0.6660707592964172 0.9311772187550863 0.695864200592041 0.9113148848215739 0.7068988680839539 0.8947629928588867 0.7245542407035828 0.8931077321370443 0.7466234564781189 0.8881422678629557 0.7609683871269226 0.8782111008961996 0.7675891518592834 0.8699351151784261 0.7731065154075623 0.8782111008961996 0.7775203585624695 0.9038665294647217 0.7808306813240051 0.9278667767842611 0.758761465549469 0.930349588394165 0.7377957701683044 0.9377979437510172 0.7278645634651184 0.9493842919667562 0.7366922497749329 0.9709017276763916 0.7234507203102112 0.9584878285725912 0.7068988680839539 0.9452462991078695 0.6925538182258606 0.9402807553609213 0.6782088279724121 0.9369703928629557
1 0.7499337792396545 0.9700741767883301 0.7411060929298401 0.9584878285725912 0.7422096133232117 0.9493842919667562 0.7819342017173767 0.9361427625020345 0.7896583676338196 0.9386254946390787 0.7951756119728088 0.9526946544647217 0.79296875 0.9667638142903646 0.7786237597465515 0.9717293580373129 0.7697960734367371 0.9725569089253744 0.7620718479156494 0.9725569089253744
1 0.6848296523094177 0.8252449830373129 0.6826226711273193 0.7987619241078695 0.6748984456062317 0.7747616767883301 0.6914503574371338 0.720140298207601 0.7035884857177734 0.7217955589294434 0.7135195732116699 0.7317267258961996 0.72896808385849 0.7433129946390787 0.7433130145072937 0.7573821544647217 0.7576580047607422 0.7623476982116699 0.7797272205352783 0.7648305098215739 0.7962791323661804 0.7714513142903646 0.7907618880271912 0.7904860178629557 0.7775203585624695 0.8004171053568522 0.7642788290977478 0.816969076792399 0.7488303184509277 0.8335209687550863 0.7245542407035828 0.8401416937510172 0.7135195732116699 0.8384865125020345 0.701381504535675 0.8310381571451823
1 0.7896583676338196 0.8715902964274088 0.7918652892112732 0.8608315785725912 0.8161414265632629 0.8318657080332438 0.8238656520843506 0.8103482723236084 0.8360037207603455 0.8037274678548177 0.8437278866767883 0.8045550982157389 0.85696941614151 0.8235898017883301 0.8635902404785156 0.8409692446390787 0.8591763973236084 0.8624867598215739 0.8404175639152527 0.8782111008961996 0.8161414265632629 0.884004275004069 0.8017964363098145 0.8782111008961996
1 0.8646936416625977 0.9626258214314779 0.8536590933799744 0.948556661605835 0.8492452502250671 0.9320047696431478 0.8470383286476135 0.9179356892903646 0.8536590933799744 0.9121424357096354 0.8768317699432373 0.9038665294647217 0.8933836817741394 0.8955905437469482 0.8955905437469482 0.9187632401784261 0.8977975249290466 0.939453125 0.8977975249290466 0.9568326473236084
1 0.9022113680839539 0.832693338394165 0.8790386319160461 0.8227621714274088 0.8657971024513245 0.8111758232116699 0.8613832592964172 0.7954514821370443 0.8657971024513245 0.7805548508961996 0.8724179267883301 0.7631753285725912 0.8823490142822266 0.753244161605835 0.896694004535675 0.7491061687469482 0.8977975249290466 0.7631753285725912 0.8977975249290466 0.7855203946431478 0.8989009857177734 0.8095206419626871
1 0.8183483481407166 0.7739340464274088 0.8216586709022522 0.7557269732157389 0.8315898776054382 0.7433129946390787 0.8470383286476135 0.744140625 0.8536590933799744 0.7515889803568522 0.8580729365348816 0.7640029589335123 0.850348711013794 0.7764168580373129 0.8437278866767883 0.7896583875020345
1 0.7068988680839539 0.7102092107137045 0.7278645634651184 0.7011056741078695 0.7499337792396545 0.6994504928588867 0.758761465549469 0.6953125 0.7620718479156494 0.6795881589253744 0.7675891518592834 0.671312173207601 0.7896583676338196 0.671312173207601 0.7962791323661804 0.6870365937550863 0.8028998970985413 0.7002780437469482 0.8095206618309021 0.7110368410746256 0.8139345049858093 0.7184851964314779 0.8205552697181702 0.7358647187550863 0.8073137402534485 0.750761349995931 0.8017964363098145 0.7615201473236084 0.7819342017173767 0.7557269732157389 0.7598649859428406 0.7515889803568522 0.7488303184509277 0.7449682553609213 0.730071485042572 0.7317267258961996 0.7157265543937683 0.7217955589294434
1 0.6241393089294434 0.9361427625020345 0.6075873970985413 0.9162804285685221 0.6097943186759949 0.9022113482157389 0.6462085247039795 0.9013837178548177 0.6473119854927063 0.9212460517883301 0.6428981423377991 0.9286944071451823
1 0.5877251029014587 0.5364142258961996 0.6009666323661804 0.5240002870559692 0.6142081618309021 0.5306210517883301 0.6120012402534485 0.5405522187550863 0.6042770147323608 0.5438625812530518 0.59765625 0.5471729437510172
1 0.7168300151824951 0.6299324830373129 0.7179334163665771 0.5893803437550863 0.719036877155304 0.5620696544647217 0.7234507203102112 0.5347589651743571 0.7400026321411133 0.5314486026763916 0.7642788290977478 0.5281382401784261 0.7885549068450928 0.5289658308029175 0.8194518089294434 0.5405522187550863 0.8293829560279846 0.5521384874979655 0.8293829560279846 0.5753111839294434 0.8337967991828918 0.5902078946431478 0.8194518089294434 0.6133805513381958 0.8084171414375305 0.6415188312530518 0.7973825931549072 0.6497947374979655 0.7775203585624695 0.6539327303568522 0.7499337792396545 0.6415188312530518
1 0.8635902404785156 0.744140625 0.8337967991828918 0.7325542767842611 0.8249691128730774 0.720140298207601 0.8183483481407166 0.701933224995931 0.8095206618309021 0.6779329776763916 0.8028998970985413 0.6646914482116699 0.8106241226196289 0.6597259044647217 0.8216586709022522 0.6564155419667562 0.8393140435218811 0.6539327303568522 0.855866014957428 0.6572431325912476 0.8657971024513245 0.6622086763381958 0.8602797985076904 0.6870365937550863 0.855866014957428 0.7068988482157389 0.8602797985076904 0.7184851964314779 0.8635902404785156 0.7251059214274088
1 0.8933836817741394 0.6142081419626871 0.866900622844696 0.6158633232116699 0.85696941614151 0.6026217937469482 0.8481417298316956 0.5852423508961996 0.8437278866767883 0.5703455607096354 0.8437278866767883 0.5480004946390787 0.8470383286476135 0.5364142258961996 0.8646936416625977 0.5306210517883301 0.8878663182258606 0.5314486026763916 0.8989009857177734 0.5322762330373129 0.9011078476905823 0.5711731910705566 0.9000043869018555 0.5844147205352783
1 0.8315898776054382 0.5273106892903646 0.7918652892112732 0.5099311669667562 0.7830376029014587 0.5 0.7786237597465515 0.4851032892862956 0.7863480448722839 0.4668961763381958 0.7962791323661804 0.4544822374979655 0.8117275834083557 0.44206833839416504 0.8282794952392578 0.4354475736618042 0.8470383286476135 0.42965439955393475 0.8580729365348816 0.42551644643147785 0.8724179267883301 0.42551644643147785 0.8834524750709534 0.43379239241282147 0.8790386319160461 0.44951669375101727 0.8768317699432373 0.46524099508921307 0.8878663182258606 0.4702065785725911 0.8955905437469482 0.47599975268046063 0.896694004535675 0.49255164464314777 0.896694004535675 0.5115863084793091 0.8735213279724121 0.5223450660705566 0.8448314070701599 0.5289658308029175
1 0.689243495464325 0.49834481875101727 0.6726915836334229 0.47682730356852215 0.6660707592964172 0.4544822374979655 0.6649673581123352 0.42882680892944336 0.6737949848175049 0.4155852794647217 0.695864200592041 0.4073093334833781 0.7201403975486755 0.4031713406244914 0.7444164752960205 0.4073093334833781 0.7742099165916443 0.42468881607055664 0.7852445244789124 0.43379239241282147 0.7896583676338196 0.4478615125020345 0.7742099165916443 0.4668961763381958 0.7675891518592834 0.4817928870519002 0.7653822302818298 0.49255164464314777 0.7455199360847473 0.4966896375020345 0.7201403975486755 0.49834481875101727
1 0.6230358481407166 0.5198622941970825 0.5811043381690979 0.49420682589213055 0.5722766518592834 0.48841365178426105 0.5457935929298401 0.4693789879480998 0.5314486622810364 0.45779263973236084 0.5160002112388611 0.43958552678426105 0.5171036124229431 0.4329647620519002 0.5391728281974792 0.4230336348215739 0.5601385831832886 0.4147576491038005 0.59765625 0.4131024678548177 0.6208289265632629 0.4131024678548177 0.6395877599716187 0.4230336348215739 0.6462085247039795 0.4313095808029175 0.6517258286476135 0.4561374584833781 0.6583465933799744 0.4817928870519002 0.6583465933799744 0.49586204687754315 0.6528292894363403 0.509103536605835 0.6351739168167114 0.5157243013381958
1 0.5027586817741394 0.41393009821573895 0.49062058329582214 0.40234375 0.4873102009296417 0.39324021339416504 0.48841366171836853 0.3874470392862956 0.4994482696056366 0.3700675169626872 0.5160002112388611 0.36013638973236084 0.5468970537185669 0.35186044375101727 0.5623455047607422 0.35186044375101727 0.5744835734367371 0.35765357812245685 0.5755870342254639 0.3642743428548177 0.5755870342254639 0.38082627455393475 0.5733801126480103 0.39241258303324383 0.5468970537185669 0.4015161593755086 0.5259312987327576 0.40813692410786945
1 0.49503442645072937 0.3559983968734741 0.4817928969860077 0.3386189142862956 0.4707582890987396 0.32786017656326294 0.47737905383110046 0.3154462178548177 0.49393096566200256 0.30054954687754315 0.5071725249290466 0.2839976151784261 0.5215174555778503 0.2740664879480998 0.5435866713523865 0.2707560857137044 0.5678628087043762 0.26992849508921307 0.5877251029014587 0.26992849508921307 0.6064839363098145 0.2724112868309021 0.6252427697181702 0.27737685044606525 0.6351739168167114 0.28234243392944336 0.6417946815490723 0.29558396339416504 0.6428981423377991 0.3154462178548177 0.6362773776054382 0.33613614241282147 0.6219323873519897 0.34772245089213055 0.5965527892112732 0.3485500415166219 0.5744835734367371 0.34606726964314777 0.5568282008171082 0.34441208839416504 0.523724377155304 0.3510328531265259
1 0.6815192699432373 0.3336533308029175 0.6815192699432373 0.31875662008921307 0.6837261319160461 0.29475635290145874 0.6848296523094177 0.2765492598215739 0.6903469562530518 0.25420419375101727 0.695864200592041 0.24427302678426108 0.7344853281974792 0.26248013973236084 0.758761465549469 0.2715836763381958 0.7797272205352783 0.2839976151784261 0.7940722107887268 0.29475635290145874 0.7962791323661804 0.3195842107137044 0.7907618880271912 0.34358445803324383 0.787451446056366 0.3485500415166219 0.7697960734367371 0.36261916160583496 0.7388991713523865 0.3667571544647217 0.7245542407035828 0.36261916160583496 0.7146230340003967 0.3543432156244914 0.6991746425628662 0.33944650491078693
1 0.8492452502250671 0.3684123357137044 0.8227621912956238 0.36758474508921307 0.8150379657745361 0.3642743428548177 0.8194518089294434 0.3526880343755086 0.8371071815490723 0.34606726964314777 0.8525555729866028 0.3427569071451823 0.8724179267883301 0.3386189142862956 0.8867628574371338 0.3344809214274089 0.8944871425628662 0.3485500415166219 0.884555995464325 0.36096398035685223 0.8635902404785156 0.3717227379480998
1 0.8955905437469482 0.4205508629480998 0.8989009857177734 0.3915850321451823 0.8922801613807678 0.3742055098215739 0.8834524750709534 0.37999868392944336 0.8834524750709534 0.39406780401865643 0.8867628574371338 0.41393009821573895
2 0.6285531520843506 0.07792637745539348 0.631863534450531 0.07047802209854126 0.6219323873519897 0.06799523532390594 0.6142081618309021 0.07296080390612285
1 0.4034471809864044 0.2591697573661804 0.3879987895488739 0.24923861026763916 0.3747572600841522 0.24096266428629556 0.36151573061943054 0.23599708080291748 0.37917110323905945 0.22192796071370444 0.39572298526763916 0.2153071959813436 0.4155852794647217 0.20454845825831094 0.42441296577453613 0.20372086763381958 0.4376544952392578 0.20785884062449136 0.44317176938056946 0.21861759821573892 0.43875792622566223 0.23682467142740884 0.4354475736618042 0.2467558185259501 0.4166887104511261 0.25172142187754315
1 0.3559983968734741 0.22606595357259116 0.33061882853507996 0.21199683348337808 0.31517037749290466 0.19627251227696738 0.31296345591545105 0.18468616406122842 0.32951536774635315 0.17392744620641074 0.34054994583129883 0.16316869854927063 0.3537914752960205 0.15158236026763916 0.3681364953517914 0.13006488482157388 0.3891022205352783 0.11930614709854126 0.40565410256385803 0.1259269118309021 0.4166887104511261 0.1433064043521881 0.41117143630981445 0.16482388973236084 0.4166887104511261 0.18634136517842612 0.4045506715774536 0.20206566651662192 0.3891022205352783 0.20951404174168906
1 0.4519994556903839 0.1598583161830902 0.4553098678588867 0.13668563961982727 0.463034063577652 0.13503044843673706 0.47186174988746643 0.13834083080291748 0.47186174988746643 0.14661678671836853 0.4696548283100128 0.1598583161830902 0.46193063259124756 0.16647908091545105
1 0.4519994556903839 0.24344543615976968 0.45751678943634033 0.22027277946472168 0.4652409851551056 0.20951404174168906 0.47848251461982727 0.18882413705190024 0.48841366171836853 0.18716895580291748 0.4983448088169098 0.20703125 0.504965603351593 0.22192796071370444 0.5182071328163147 0.21199683348337808 0.5160002112388611 0.23765226205190024 0.5115863680839539 0.2484110196431478 0.4994482696056366 0.26165252923965454 0.47737905383110046 0.2583421468734741
1 0.5888285636901855 0.21944518884023032 0.5800008773803711 0.20951404174168906 0.5800008773803711 0.19461731115976968 0.5866216421127319 0.18137580156326294 0.5965527892112732 0.16482388973236084 0.6164150834083557 0.16482388973236084 0.6296566128730774 0.17558262745539346 0.6506223678588867 0.18385857343673706 0.6782088279724121 0.18634136517842612 0.6903469562530518 0.18882413705190024 0.7002780437469482 0.17723782857259116 0.7068988680839539 0.19461731115976968 0.7091057300567627 0.21696239709854126 0.6936573386192322 0.2310315171877543 0.6760019659996033 0.24013505379358926 0.6539327502250671 0.23599708080291748 0.6307600736618042 0.22854872544606528 0.5987597107887268 0.2235831618309021
1 0.7080023288726807 0.23516949017842612 0.72896808385849 0.2318591078122457 0.7444164752960205 0.23516949017842612 0.7653822302818298 0.24510063727696738 0.7808306813240051 0.25420419375101727 0.7885549068450928 0.2608249584833781 0.7907618880271912 0.2666180928548177 0.7731065154075623 0.2691009044647217 0.7466234564781189 0.26165252923965454 0.7256577014923096 0.25172142187754315
1 0.7477268576622009 0.22689354419708252 0.753244161605835 0.20454845825831094 0.7708995342254639 0.20537606875101724 0.7973825931549072 0.21944518884023032 0.8183483481407166 0.22772113482157388 0.8304863572120667 0.23682467142740884 0.8249691128730774 0.24592822790145874 0.8128309845924377 0.2508937915166219 0.787451446056366 0.2475834290186564 0.7675891518592834 0.24096266428629556
1 0.855866014957428 0.29558396339416504 0.8657971024513245 0.26992849508921307 0.8514521718025208 0.24923861026763916 0.8702109456062317 0.22027277946472168 0.8856594562530518 0.20951404174168906 0.891176700592041 0.20041048526763916 0.9000043869018555 0.21778998772303262 0.9022113680839539 0.2666180928548177 0.9022113680839539 0.29475635290145874 0.8856594562530518 0.3055150906244914 0.8680040836334229 0.3038599093755086
1 0.59765625 0.09365068872769673 0.6075873970985413 0.07461599508921306 0.626346230506897 0.042339776953061424 0.6417946815490723 0.01171875 0.6638638377189636 0.005097987130284309 0.6914503574371338 0.005097987130284309 0.7035884857177734 0.019167107840379078 0.7245542407035828 0.03654661029577255 0.7521407008171082 0.03737420588731766 0.7620718479156494 0.05309851964314779 0.7631753087043762 0.07378839453061421 0.7333819270133972 0.09199549754460652 0.730071485042572 0.10771980881690979 0.7201403975486755 0.12923729419708252 0.689243495464325 0.13668563961982727 0.6693811416625977 0.12509932120641074 0.637380838394165 0.10771980881690979 0.6086908578872681 0.10027144352595012
1 0.7002780437469482 0.14247880379358926 0.7256577014923096 0.13503044843673706 0.735588788986206 0.11434057354927063 0.7455199360847473 0.1342028578122457 0.753244161605835 0.13751324017842612 0.7609683871269226 0.13585803906122842 0.7697960734367371 0.1275821030139923 0.7830376029014587 0.11765095591545105 0.7973825931549072 0.11847855647404988 0.8216586709022522 0.12096133828163147 0.8382106423377991 0.1259269118309021 0.8613832592964172 0.13172008593877158 0.8691074848175049 0.13585803906122842 0.8702109456062317 0.16316869854927063 0.8691074848175049 0.18551377455393472 0.8481417298316956 0.17972060044606528 0.832693338394165 0.17806541919708252 0.817244827747345 0.16647908091545105 0.7918652892112732 0.16316869854927063 0.7697960734367371 0.1598583161830902 0.7543476223945618 0.14992716908454895 0.7400026321411133 0.14578918615976968 0.7234507203102112 0.14496159553527832
1 0.8150379657745361 0.10358182589213054 0.8028998970985413 0.08040915926297505 0.7918652892112732 0.06220206618309021 0.7808306813240051 0.04647775491078695 0.7830376029014587 0.027443061272303265 0.7995894551277161 0.018339512248833973 0.8117275834083557 0.010891154408454895 0.8249691128730774 0.015029131124416987 0.8437278866767883 0.022477487723032635 0.8657971024513245 0.027443061272303265 0.891176700592041 0.02827065686384837 0.8977975249290466 0.03158103674650192 0.9011078476905823 0.06551244854927063 0.896694004535675 0.09365068872769673 0.8790386319160461 0.1259269118309021 0.8415210247039795 0.1135129729906718
0 0.9000043869018555 0.14578918615976968 0.8856594562530518 0.14082362254460654 0.8878663182258606 0.1275821030139923 0.8989009857177734 0.11765095591545105
1 0.8801421523094177 0.19130692879358926 0.8801421523094177 0.14827197790145874 0.8955905437469482 0.15489274263381958 0.8944871425628662 0.18716895580291748
1 0.48841366171836853 0.13751324017842612 0.5126897692680359 0.09034030636151631 0.5468970537185669 0.08537473281224568 0.5623455047607422 0.09199549754460652 0.568966269493103 0.12509932120641074 0.5777939558029175 0.1490995685259501 0.5358624458312988 0.16068591674168906 0.5115863680839539 0.1598583161830902
1 0.4376544952392578 0.12344412008921306 0.4188956320285797 0.11185779174168904 0.4034471809864044 0.09447828928629558 0.3979299068450928 0.08040915926297505 0.4067575931549072 0.06716763973236084 0.42330947518348694 0.06716763973236084 0.4519994556903839 0.07213321328163147 0.49282750487327576 0.09944385290145874 0.4795859754085541 0.12427171071370442 0.4508960247039795 0.12509932120641074
1 0.4519994556903839 0.06468485295772552 0.4696548283100128 0.052270924051602684 0.4839998185634613 0.061374470591545105 0.506069004535675 0.050615732868512474 0.5226209759712219 0.03406382352113724 0.5292417407035828 0.02330508331457774 0.5358624458312988 0.007580773284037908 0.5502074360847473 0.0017876060058673222 0.6226606965065002 0.0013020833333333333 0.6153116226196289 0.012546345591545105 0.5932424068450928 0.020822299023469288 0.5777939558029175 0.03737420588731766 0.5733801126480103 0.050615732868512474 0.5546212792396545 0.048960541685422264 0.5491039752960205 0.07130561769008636 0.5148966908454895 0.08040915926297505 0.4983448088169098 0.08785752455393474 0.4806894361972809 0.08040915926297505 0.4696548283100128 0.07296080390612285
1 0.0009765625 0.16813427209854126 0.0028910664841532707 0.1822033921877543 0.03268449753522873 0.17806541919708252 0.05696062743663788 0.17227224508921304 0.04592602327466011 0.1490995685259501 0.04040871933102608 0.11599576473236084 0.04592602327466011 0.09530587991078694 0.05033986642956734 0.06716763973236084 0.04702948406338692 0.05309851964314779 0.019442973658442497 0.047305350502332054 0.00399452680721879 0.04482256372769674 0.005097987595945597 0.06965042650699615 0.006201447919011116 0.09282309810320537 0.006201447919011116 0.1433064043521881
1 0.075719453394413 0.16482388973236084 0.05916754901409149 0.13751324017842612 0.051443327218294144 0.1135129729906718 0.058064088225364685 0.09447828928629558 0.05916754901409149 0.07958156863848369 0.0768229141831398 0.08040915926297505 0.08896098285913467 0.09365068872769673 0.10440942645072937 0.10771980881690979 0.11544403433799744 0.11434057354927063 0.11544403433799744 0.13006488482157388 0.11103019118309021 0.1433064043521881 0.09778866171836853 0.15406515200932822 0.08565060049295425 0.1598583161830902
1 0.07461599260568619 0.06302966177463531 0.061374470591545105 0.045650159319241844 0.061374470591545105 0.03240863233804703 0.07130561023950577 0.02330508331457774 0.08785752207040787 0.02330508331457774 0.11103019118309021 0.025787870089213055 0.12427172064781189 0.029098252455393474 0.13530631363391876 0.03158103674650192 0.16620321571826935 0.03902939707040787 0.16841013729572296 0.047305350502332054 0.15075476467609406 0.059719279408454895 0.1419270783662796 0.06551244854927063 0.11654749512672424 0.06716763973236084 0.10220250487327576 0.06716763973236084 0.08565060049295425 0.06551244854927063
1 0.005097987595945597 0.03489141911268234 0.0009765625 0.005925582721829414 0.012822210788726807 0.0017876060058673222 0.027167195454239845 0.0017876060058673222 0.016132591292262077 0.018339512248833973
1 0.2257900834083557 0.1822033921877543 0.20041048526763916 0.16151350736618042 0.1893758773803711 0.14496159553527832 0.17944473028182983 0.11103019118309021 0.17834126949310303 0.09447828928629558 0.1904793381690979 0.07875396807988484 0.2081347107887268 0.06468485295772552 0.23461776971817017 0.06468485295772552 0.24896274507045746 0.06882283091545105 0.26110079884529114 0.07296080390612285 0.2853769361972809 0.08206435044606526 0.29972192645072937 0.09696107109387715 0.301928848028183 0.12013373772303264 0.2919977009296417 0.14578918615976968 0.2842734754085541 0.16399629910786948 0.2864803969860077 0.16978947321573892 0.2875838577747345 0.17558262745539346 0.28317001461982727 0.18634136517842612 0.273238867521286 0.19544490178426108 0.2555834949016571 0.1995828946431478 0.23792815208435059 0.19710010290145874 0.22689354419708252 0.19130692879358926
1 0.28096309304237366 0.05558130145072937 0.26441118121147156 0.04151218384504318 0.26441118121147156 0.02992584804693858 0.27765271067619324 0.019167107840379078 0.2919977009296417 0.010891154408454895 0.30965307354927063 0.015029131124416987 0.3206876814365387 0.02330508331457774 0.3339292109012604 0.03406382352113724 0.34606727957725525 0.052270924051602684 0.33282575011253357 0.05889168381690979 0.3217911422252655 0.059719279408454895 0.31185999512672424 0.05558130145072937 0.3041357696056366 0.05144332846005758
1 0.3670330047607422 0.005097987130284309 0.3913690745830536 0.0013020833333333333 0.42330947518348694 0.0013020833333333333 0.45751678943634033 0.0013020833333333333 0.5005517601966858 0.0013020833333333333 0.5248278975486755 0.0013020833333333333 0.5126897692680359 0.02827065686384837 0.49393096566200256 0.04482256372769674 0.4851032793521881 0.050615732868512474 0.4707582890987396 0.045650159319241844 0.45641329884529114 0.04647775491078695 0.44427525997161865 0.04316737254460653 0.4166887104511261 0.03406382352113724 0.39903339743614197 0.024132678906122845 0.38137802481651306 0.014201535532871882
1 0.16951359808444977 0.005097987130284309 0.20041048526763916 0.010891154408454895 0.22027277946472168 0.010063560058673223 0.24785928428173065 0.010063560058673223 0.2588938772678375 0.010063560058673223 0.2566869556903839 0.0017876060058673222 0.25073930621147156 0.0013020833333333333 0.22689354419708252 0.0017876060058673222 0.22004473209381104 0.0013020833333333333 0.18275511264801025 0.0013020833333333333 0.17172051966190338 0.0013020833333333333
0 0.016132591292262077 0.03158103674650192 0.03268449753522873 0.007580773284037908 0.03855491057038307 0.0013020833333333333 0.10440942645072937 0.0013020833333333333 0.13861669600009918 0.0013020833333333333 0.15516860783100128 0.0013020833333333333 0.16730667650699615 0.012546345591545105 0.19378972053527832 0.015029131124416987 0.2059277892112732 0.015856725474198658 0.20041048526763916 0.02827065686384837 0.1893758773803711 0.03820180147886276 0.1750308871269226 0.03571901470422745 0.1573755294084549 0.02330508331457774 0.13420285284519196 0.018339512248833973 0.10771980881690979 0.015856725474198658 0.08344367891550064 0.014201535532871882 0.05916754901409149 0.013373939941326777 0.03820180147886276 0.03571901470422745
0 0.0017876060446724296 0.2153071959813436 0.0009765625 0.19385592142740884 0.007304908242076635 0.18799654642740884 0.02937411703169346 0.18799654642740884 0.06358139216899872 0.17972060044606528 0.054753705859184265 0.1979276935259501 0.04040871933102608 0.20620365937550864 0.020546434447169304 0.21034163236618042
0 0.08123675733804703 0.17558262745539346 0.10220250487327576 0.16234109799067178 0.12206479907035828 0.15323755145072937 0.13420285284519196 0.12923729419708252 0.1430305391550064 0.12427171071370442 0.15516860783100128 0.12261651953061421 0.16951359808444977 0.12096133828163147 0.17613434791564941 0.13834083080291748 0.18275511264801025 0.15406515200932822 0.19599664211273193 0.17641023794809976 0.21254855394363403 0.19213453928629556 0.20041048526763916 0.19461731115976968 0.17834126949310303 0.19213453928629556 0.14634092152118683 0.18799654642740884 0.12316825985908508 0.1822033921877543 0.09889212250709534 0.18054821093877158
0 0.16399629414081573 0.3386189142862956 0.173927441239357 0.31461864709854126 0.1904793381690979 0.2897907892862956 0.19710010290145874 0.2839976151784261 0.20703125 0.28068725268046063 0.21696239709854126 0.3046875 0.2213762402534485 0.3179290294647217 0.21254855394363403 0.32951537768046063 0.19378972053527832 0.33199814955393475 0.17834126949310303 0.33199814955393475
0 0.17061705887317657 0.34358445803324383 0.19378972053527832 0.3377913236618042 0.21585893630981445 0.3344809214274089 0.23020392656326294 0.32703256607055664 0.24454890191555023 0.3245497941970825 0.2566869556903839 0.32620497544606525 0.2588938772678375 0.33199814955393475 0.2555834949016571 0.35186044375101727 0.2555834949016571 0.3584812084833781 0.23792815208435059 0.3559983968734741 0.2246866226196289 0.34772245089213055 0.2081347107887268 0.34523967901865643 0.1893758773803711 0.34358445803324383
1 0.2710319459438324 0.3642743428548177 0.2688250243663788 0.34441208839416504 0.27765271067619324 0.33944650491078693 0.29310116171836853 0.33944650491078693 0.3008253872394562 0.3427569071451823 0.29972192645072937 0.34937767187754315 0.2919977009296417 0.3559983968734741
0 0.267721563577652 0.32620497544606525 0.25999733805656433 0.3079978823661804 0.267721563577652 0.29889434576034546 0.2853769361972809 0.2922735810279846 0.31517037749290466 0.2848252058029175 0.32730844616889954 0.28317002455393475 0.29972192645072937 0.29806673526763916 0.29751500487327576 0.31130826473236084 0.301928848028183 0.3237221837043762 0.31296345591545105 0.3369637330373128 0.29420462250709534 0.33117055892944336 0.2853769361972809 0.32868774731953937
0 0.27875617146492004 0.37751587231953937 0.2908942401409149 0.36261916160583496 0.301928848028183 0.36013638973236084 0.3206876814365387 0.3667571544647217 0.336136132478714 0.3667571544647217 0.3526880443096161 0.37834350268046063 0.336136132478714 0.38496426741282147 0.31517037749290466 0.3833090464274089 0.29861846566200256 0.37917105356852215
0 0.34386035799980164 0.4379303455352783 0.3350326716899872 0.4155852794647217 0.33282575011253357 0.4015161593755086 0.3493776321411133 0.39324021339416504 0.35820531845092773 0.3866194486618042 0.3648260831832886 0.3857918580373128 0.3747572600841522 0.38827462991078693 0.3857918679714203 0.39572298526763916 0.40786102414131165 0.40896451473236084 0.4177922010421753 0.41393009821573895 0.41006794571876526 0.4213784535725911 0.3891022205352783 0.42468881607055664 0.3648260831832886 0.4346199830373128
1 0.34496378898620605 0.45282705624898273 0.38027453422546387 0.44372351964314777 0.4166887104511261 0.42634399731953937 0.4299302399158478 0.4188956419626872 0.4475856125354767 0.41227491696675617 0.47737905383110046 0.40813692410786945 0.4828963577747345 0.42386122544606525 0.45972371101379395 0.42717162768046063 0.4376544952392578 0.4321371714274089 0.4155852794647217 0.43958552678426105 0.4012403190135956 0.4536546468734741 0.3857918679714203 0.4710341691970825 0.3670330047607422 0.46027541160583496
0 0.2886873185634613 0.5388969580332438 0.29530808329582214 0.5115863084793091 0.3041357696056366 0.4966896375020345 0.3041357696056366 0.4710341691970825 0.29641154408454895 0.45696504910786945 0.2897907793521881 0.44124070803324383 0.3008253872394562 0.44124070803324383 0.31627383828163147 0.45282705624898273 0.33061882853507996 0.4635857741038005 0.33172228932380676 0.4817928870519002 0.336136132478714 0.5016551812489828 0.336136132478714 0.5157243013381958 0.31517037749290466 0.5264830589294434 0.29972192645072937 0.5355865955352783
0 0.34606727957725525 0.5082759062449137 0.341653436422348 0.47434457143147785 0.341653436422348 0.4677237669626872 0.36592957377433777 0.4710341691970825 0.3846883773803711 0.47848252455393475 0.39682647585868835 0.48262051741282147 0.3979299068450928 0.49420682589213055 0.39572298526763916 0.5066207647323608 0.3979299068450928 0.5206898848215739 0.41006794571876526 0.5595868825912476 0.39241263270378113 0.5372418165206909 0.37696418166160583 0.5198622941970825 0.36151573061943054 0.5099311669667562
0 0.41006794571876526 0.4817928870519002 0.39903339743614197 0.4702065785725911 0.4067575931549072 0.4561374584833781 0.4222060441970825 0.4462062915166219 0.4376544952392578 0.44124070803324383 0.46082714200019836 0.43710275491078693 0.48951712250709534 0.4362751642862956 0.5038620829582214 0.43710275491078693 0.5104828476905823 0.451171875 0.5446901321411133 0.47765493392944336 0.5126897692680359 0.4635857741038005 0.4983448088169098 0.46027541160583496 0.47406867146492004 0.45944782098134357 0.4398614168167114 0.4635857741038005 0.431033730506897 0.4718617598215739 0.4222060441970825 0.47682730356852215
0 0.47296521067619324 0.6729674339294434 0.4839998185634613 0.6572431325912476 0.49503442645072937 0.6365532080332438 0.4994482696056366 0.6175185441970825 0.5137932896614075 0.6166909535725912 0.5115863680839539 0.6415188312530518 0.506069004535675 0.6588982741038004 0.497241348028183 0.6688294410705566
0 0.5160002112388611 0.6597259044647217 0.5204140543937683 0.6307600736618042 0.523724377155304 0.6092425584793091 0.5446901321411133 0.6034494241078695 0.557931661605835 0.6042770147323608 0.5700697302818298 0.6075874169667562 0.5833112597465515 0.6084150075912476 0.5910354852676392 0.6208289464314779 0.5943458676338196 0.6406912008921305 0.5766904950141907 0.6390360196431478 0.5557247400283813 0.6448291937510172 0.5336555242538452 0.6514499187469482
0 0.557931661605835 0.5951734781265259 0.5623455047607422 0.5786215464274088 0.5656558871269226 0.5678628285725912 0.5755870342254639 0.5471729437510172 0.5811043381690979 0.5413797696431478 0.5877251029014587 0.5504833062489828 0.5899320244789124 0.5637248357137045 0.5888285636901855 0.5744835535685221 0.5800008773803711 0.5868974924087524 0.5744835734367371 0.5943458875020345
0 0.5457935929298401 0.539724588394165 0.5468970537185669 0.5124138991038004 0.5535178184509277 0.49172405401865643 0.5744835734367371 0.5033103624979655 0.5910354852676392 0.5148967107137045 0.5844147205352783 0.5256554285685221 0.5667593479156494 0.5364142258961996 0.557931661605835 0.5446901321411133
0 0.603173553943634 0.5529661178588867 0.6307600736618042 0.5331038236618042 0.6517258286476135 0.5231726964314779 0.6693811416625977 0.5190347035725912 0.6969676613807678 0.5157243013381958 0.730071485042572 0.5107587575912476 0.7620718479156494 0.5016551812489828 0.7764168381690979 0.5132415294647217 0.7455199360847473 0.5198622941970825 0.7091057300567627 0.5248278379440308 0.6782088279724121 0.5322762330373129 0.6726915836334229 0.5430349508921305 0.6561396718025208 0.5388969580332438 0.6362773776054382 0.5405522187550863 0.6219323873519897 0.5480004946390787
0 0.6925538182258606 0.6994504928588867 0.6859331130981445 0.6688294410705566 0.6748984456062317 0.6539327303568522 0.6704846024513245 0.6398636102676392 0.6914503574371338 0.6257944901784261 0.7002780437469482 0.6307600736618042 0.7146230340003967 0.6365532080332438 0.7245542407035828 0.6456567446390787 0.7311749458312988 0.6489671468734741 0.7377957701683044 0.6522775491078695 0.7466234564781189 0.6605535348256429 0.7499337792396545 0.671312173207601 0.7499337792396545 0.6820709705352783 0.72896808385849 0.6928297678629557 0.7102091908454895 0.6969676812489828
0 0.6837261319160461 0.6150357723236084 0.689243495464325 0.5868974924087524 0.689243495464325 0.5695180098215739 0.6826226711273193 0.5455177625020345 0.7179334163665771 0.5281382401784261 0.7135195732116699 0.5455177625020345 0.7102091908454895 0.5628972848256429 0.7091057300567627 0.5827595392862955 0.7091057300567627 0.6059321562449137 0.7091057300567627 0.6208289464314779 0.695864200592041 0.6183461348215739
0 0.051443327218294144 0.9982124169667562 0.051443327218294144 0.979177713394165 0.07020214945077896 0.9750397205352783 0.10661634802818298 0.9667638142903646 0.13089247047901154 0.9659361839294434 0.15406514704227448 0.9617981910705566 0.17061705887317657 0.9576601982116699 0.18496203422546387 0.9427634874979655 0.19930702447891235 0.9229012330373129 0.21254855394363403 0.914625326792399 0.240135058760643 0.9022113482157389 0.24896274507045746 0.9113148848215739 0.22689354419708252 0.9270392258961996 0.22027277946472168 0.9353151321411133 0.21916931867599487 0.9502118428548177 0.21916931867599487 0.9766949017842611 0.21365201473236084 0.9866260687510172 0.19710010290145874 0.9874536196390787 0.16620321571826935 0.9924192428588867 0.14854784309864044 0.9940744241078695 0.0933748185634613 0.9990399678548177 0.06689177453517914 0.9990399678548177
0 0.23020392656326294 0.9965571562449137 0.2224797010421753 0.9841432571411133 0.23351430892944336 0.9750397205352783 0.25006619095802307 0.9766949017842611 0.267721563577652 0.981660525004069 0.2919977009296417 0.9891088803609213 0.29751500487327576 0.9957296053568522 0.267721563577652 0.9982124169667562 0.2588938772678375 0.9965571562449137 0.24344544112682343 0.9957296053568522
0 0.2257900834083557 0.9626258214314779 0.23461776971817017 0.9353151321411133 0.24454890191555023 0.9286944071451823 0.26220425963401794 0.932832400004069 0.27654924988746643 0.939453125 0.2853769361972809 0.946073849995931 0.28317001461982727 0.9568326473236084 0.2743423283100128 0.9659361839294434 0.2533765733242035 0.9684189160664877 0.240135058760643 0.9675913651784261
0 0.0017876060446724296 0.9411083062489828 0.0009765625 0.9299357732137045 0.013925670646131039 0.9286944071451823 0.016132591292262077 0.9411083062489828
0 0.0017876060446724296 0.9063493410746256 0.006201447919011116 0.8989009062449137 0.017236052080988884 0.897245724995931 0.020546434447169304 0.9055217107137045 0.017236052080988884 0.9121424357096354
0 0.0028910664841532707 0.8897973696390787 0.0009765625 0.866624673207601 0.017236052080988884 0.8616592089335123 0.04040871933102608 0.8608315785725912 0.061374470591545105 0.8583487669626871 0.07461599260568619 0.8583487669626871 0.07351253181695938 0.881521463394165 0.06247793138027191 0.8914526303609213 0.04702948406338692 0.8947629928588867 0.03489141911268234 0.8914526303609213 0.019442973658442497 0.8881422678629557
0 0.07902983576059341 0.8856594562530518 0.08675406128168106 0.8757282892862955 0.1264786273241043 0.8773834705352783 0.13751323521137238 0.8641419410705566 0.14523746073246002 0.8558660348256429 0.1562720686197281 0.8591763973236084 0.16620321571826935 0.881521463394165 0.12868554890155792 0.8848318258921305 0.11434057354927063 0.8889698187510172 0.0922713652253151 0.8889698187510172
0 0.005097987595945597 0.8591763973236084 0.010615289211273193 0.8409692446390787 0.009511829353868961 0.8235898017883301 0.00399452680721879 0.8120034535725912 0.051443327218294144 0.8103482723236084 0.0768229141831398 0.8120034535725912 0.07461599260568619 0.8401416937510172 0.07351253181695938 0.8500727812449137 0.048132944852113724 0.8500727812449137 0.027167195454239845 0.8525555928548177
0 0.07240907102823257 0.7962791124979655 0.08454713970422745 0.7731064160664877 0.08785752207040787 0.7540717919667562 0.10551288723945618 0.7383474508921305 0.11544403433799744 0.7366922696431478 0.12316825985908508 0.7573821544647217 0.11434057354927063 0.7722788651784261 0.10440942645072937 0.783865213394165 0.08675406128168106 0.7921411196390787
0 0.12978900969028473 0.816969076792399 0.11654749512672424 0.7987619241078695 0.11544403433799744 0.783865213394165 0.12868554890155792 0.768140951792399 0.13309939205646515 0.7606925169626871 0.14744438230991364 0.7722788651784261 0.16620321571826935 0.7855203946431478 0.18054819107055664 0.7946239312489828 0.1893758773803711 0.8028999169667562 0.18496203422546387 0.8219345410664877 0.18165165185928345 0.8277277151743571 0.1562720686197281 0.8235898017883301 0.1430305391550064 0.8202794392903646
0 0.19710010290145874 0.8244173526763916 0.20261740684509277 0.802072286605835 0.21034163236618042 0.799589474995931 0.2213762402534485 0.802072286605835 0.23241084814071655 0.8103482723236084 0.2412385195493698 0.8186241785685221 0.21365201473236084 0.8227621714274088
0 0.267721563577652 0.8219345410664877 0.26330772042274475 0.8086930910746256 0.25006619095802307 0.79296875 0.23792815208435059 0.7764168580373129 0.2213762402534485 0.7640029589335123 0.21696239709854126 0.7706236839294434 0.21696239709854126 0.7805548508961996 0.2235831618309021 0.7880032062530518 0.23572123050689697 0.7971067428588867 0.24565236270427704 0.8078654607137045 0.2555834949016571 0.8161414464314779
0 0.29420462250709534 0.8252449830373129 0.31406691670417786 0.8153138160705566 0.2908942401409149 0.8062102794647217 0.2710319459438324 0.7888307571411133 0.26330772042274475 0.7673133214314779 0.2577904164791107 0.7515889803568522 0.24896274507045746 0.7358647187550863 0.23241084814071655 0.7408302625020345 0.23020392656326294 0.7499337991078695 0.23130738735198975 0.7623476982116699 0.240135058760643 0.7656580607096354 0.2522731125354767 0.7780720392862955 0.2577904164791107 0.786348025004069 0.26441118121147156 0.7946239312489828 0.2699284851551056 0.8012446562449137 0.28096309304237366 0.8144861857096354
0 0.15075476467609406 0.7325542767842611 0.13309939205646515 0.7209679285685221 0.11875441670417786 0.7151748339335123 0.14523746073246002 0.7085540294647217 0.16841013729572296 0.7077263991038004 0.21916931867599487 0.6977952321370443 0.2522731125354767 0.7027608553568522 0.3063426911830902 0.7035884062449137 0.29310116171836853 0.719312826792399 0.25999733805656433 0.7251059214274088 0.23130738735198975 0.7308990955352783 0.2092381715774536 0.7292439142862955 0.1882724165916443 0.7217955589294434 0.16841013729572296 0.7226231892903646 0.16178937256336212 0.7275887330373129
0 0.2743423283100128 0.6837261517842611 0.27875617146492004 0.6531051397323608 0.2842734754085541 0.6274496714274088 0.3571018874645233 0.6291048526763916 0.3670330047607422 0.6497947374979655 0.3846883773803711 0.6779329776763916 0.3979299068450928 0.6953125 0.36151573061943054 0.6920021375020345 0.3206876814365387 0.6911745071411133 0.31406691670417786 0.6911745071411133 0.2897907793521881 0.6820709705352783
0 0.3504811227321625 0.890625 0.3504811227321625 0.866624673207601 0.35820531845092773 0.8558660348256429 0.3681364953517914 0.848417599995931 0.3857918679714203 0.8475900491078695 0.4012403190135956 0.848417599995931 0.4211025536060333 0.8434520562489828 0.431033730506897 0.8426245053609213 0.4376544952392578 0.8575212160746256 0.44317176938056946 0.881521463394165 0.4376544952392578 0.890625 0.4222060441970825 0.890625 0.41117143630981445 0.8831766446431478 0.3979299068450928 0.8798662821451823 0.37586069107055664 0.8790386517842611 0.36041224002838135 0.884004275004069
0 0.41117143630981445 0.9725569089253744 0.41337835788726807 0.9526946544647217 0.42772331833839417 0.948556661605835 0.4475856125354767 0.9469014803568522 0.45972371101379395 0.9452462991078695 0.47186174988746643 0.9493842919667562 0.4795859754085541 0.9560050169626871 0.48951712250709534 0.9783500830332438 0.4994482696056366 0.9990399678548177 0.49381622672080994 1.0 0.45862022042274475 0.9990399678548177 0.4553098678588867 0.9849708875020345 0.44427525997161865 0.9775225321451823 0.42772331833839417 0.9733845392862955
0 0.431033730506897 0.9353151321411133 0.44206833839416504 0.9171080589294434 0.44427525997161865 0.9080045223236084 0.44648218154907227 0.8939353624979655 0.45641329884529114 0.8897973696390787 0.47296521067619324 0.8939353624979655 0.4828963577747345 0.8964181741078695 0.497241348028183 0.8955905437469482 0.5093794465065002 0.8947629928588867 0.5193105340003967 0.8955905437469482 0.5215174555778503 0.9005561669667562 0.5148966908454895 0.9121424357096354 0.5027586817741394 0.9278667767842611 0.4862067401409149 0.9435911178588867 0.47737905383110046 0.9444186687469482 0.45751678943634033 0.9369703928629557 0.44317176938056946 0.932832400004069
0 0.5722766518592834 0.997384786605835 0.5733801126480103 0.9675913651784261 0.5744835734367371 0.9584878285725912 0.5645524263381958 0.9311772187550863 0.5568282008171082 0.9080045223236084 0.5700697302818298 0.9030388991038004 0.5866216421127319 0.9030388991038004 0.5932424068450928 0.9137976964314779 0.5987597107887268 0.9295219580332438 0.6086908578872681 0.9369703928629557 0.6285531520843506 0.9469014803568522 0.6451050639152527 0.948556661605835 0.6440016031265259 0.9560050169626871 0.6340704560279846 0.9675913651784261 0.6142081618309021 0.9824880758921305 0.6009666323661804 0.9940744241078695
0 0.6936573386192322 0.9758673508961996 0.6760019659996033 0.9568326473236084 0.6726915836334229 0.9493842919667562 0.6936573386192322 0.9502118428548177 0.7068988680839539 0.9535222848256429 0.7157265543937683 0.9626258214314779 0.7245542407035828 0.9733845392862955 0.7366922497749329 0.981660525004069 0.7234507203102112 0.981660525004069 0.7046918869018555 0.9800053437550863
0 0.7841410636901855 0.997384786605835 0.7885549068450928 0.9907639821370443 0.7962791323661804 0.9800053437550863 0.8073137402534485 0.9684189160664877 0.8106241226196289 0.9543498357137045 0.8095206618309021 0.9311772187550863 0.8139345049858093 0.9270392258961996 0.8249691128730774 0.9220736026763916 0.8337967991828918 0.9220736026763916 0.8415210247039795 0.9518670241038004 0.8448314070701599 0.964280923207601 0.8492452502250671 0.981660525004069 0.8459348678588867 0.9924192428588867 0.8282794952392578 0.997384786605835 0.8073137402534485 0.9982124169667562
0 0.8591763973236084 0.9982124169667562 0.8591763973236084 0.9750397205352783 0.866900622844696 0.9692465464274088 0.8823490142822266 0.9651085535685221 0.8944871425628662 0.9651085535685221 0.8955905437469482 0.9841432571411133 0.8889698386192322 0.9899364312489828 0.8757283091545105 0.9907639821370443
0 0.7973825931549072 0.9278667767842611 0.7907618880271912 0.9104873339335123 0.8040032982826233 0.9005561669667562 0.8183483481407166 0.8964181741078695 0.8360037207603455 0.890625 0.8525555729866028 0.881521463394165 0.866900622844696 0.8724179267883301 0.8724179267883301 0.8682799339294434 0.8834524750709534 0.8790386517842611 0.8867628574371338 0.8864870071411133 0.8768317699432373 0.8931077321370443 0.8547625541687012 0.9013837178548177 0.8337967991828918 0.9038665294647217 0.8205552697181702 0.9088320732116699 0.8062102794647217 0.9171080589294434
0 0.8724179267883301 0.8624867598215739 0.8823490142822266 0.8401416937510172 0.8933836817741394 0.8401416937510172 0.9000043869018555 0.8600039482116699 0.896694004535675 0.8749006589253744 0.8878663182258606 0.8649695714314779
0 0.6064839363098145 0.8889698187510172 0.6594500541687012 0.8773834705352783 0.6737949848175049 0.8732454776763916 0.6815192699432373 0.890625 0.6859331130981445 0.9071768919626871 0.6649673581123352 0.9187632401784261 0.6561396718025208 0.899728536605835 0.626346230506897 0.8931077321370443
0 0.6495189070701599 0.8616592089335123 0.6495189070701599 0.832693338394165 0.6616569757461548 0.8252449830373129 0.6804158091545105 0.8293829758961996 0.6936573386192322 0.8401416937510172 0.7080023288726807 0.8459348678588867 0.7366922497749329 0.8467624187469482 0.7653822302818298 0.8368313312530518 0.79296875 0.8037274678548177 0.8095206618309021 0.7896583875020345 0.8161414265632629 0.783865213394165 0.8293829560279846 0.7921411196390787 0.8161414265632629 0.8086930910746256 0.8040032982826233 0.8277277151743571 0.79296875 0.8550384044647217 0.7786237597465515 0.8641419410705566 0.7631753087043762 0.8575212160746256 0.7488303184509277 0.8641419410705566 0.7433130145072937 0.8790386517842611 0.7223472595214844 0.8757282892862955 0.7057953476905823 0.8732454776763916 0.6914503574371338 0.8773834705352783 0.6870365142822266 0.866624673207601 0.6804158091545105 0.8600039482116699 0.6693811416625977 0.8591763973236084
0 0.4067575931549072 0.7615201473236084 0.40896451473236084 0.7524165312449137 0.4211025536060333 0.753244161605835 0.44537869095802307 0.7590373357137045 0.4663444757461548 0.7813824017842611 0.4873102009296417 0.7987619241078695 0.4806894361972809 0.8111758232116699 0.4663444757461548 0.8136586348215739 0.45862022042274475 0.802072286605835 0.4553098678588867 0.7904860178629557 0.44648218154907227 0.783865213394165 0.4365510046482086 0.7772444089253744 0.42661988735198975 0.7706236839294434
0 0.49062058329582214 0.8144861857096354 0.49282750487327576 0.8037274678548177 0.5226209759712219 0.8078654607137045 0.5524143576622009 0.8095206419626871 0.5700697302818298 0.8045550982157389 0.5833112597465515 0.8219345410664877 0.5855181813240051 0.841796875 0.5855181813240051 0.8575212160746256 0.5855181813240051 0.8682799339294434 0.5932424068450928 0.8873146375020345 0.5733801126480103 0.8955905437469482 0.5711731910705566 0.8740731080373129 0.5788974165916443 0.8616592089335123 0.5722766518592834 0.8442796071370443 0.5391728281974792 0.8360037008921305 0.5148966908454895 0.8202794392903646
0 0.6473119854927063 0.817796548207601 0.6329669952392578 0.7921411196390787 0.6175185441970825 0.7731064160664877 0.5954493284225464 0.7631753285725912 0.5800008773803711 0.7565545241038004 0.6075873970985413 0.7565545241038004 0.6285531520843506 0.7499337991078695 0.6428981423377991 0.735037088394165 0.6506223678588867 0.7242782910664877 0.6660707592964172 0.7275887330373129 0.6737949848175049 0.7391750812530518 0.6671742796897888 0.7548993428548177 0.6638638377189636 0.7764168580373129 0.6693811416625977 0.8012446562449137 0.6726915836334229 0.816969076792399 0.660553514957428 0.8194518089294434
0 0.8227621912956238 0.6398636102676392 0.8337967991828918 0.6200013160705566 0.8371071815490723 0.6059321562449137 0.8404175639152527 0.6009666124979655 0.8525555729866028 0.6133805513381958 0.8602797985076904 0.6216565370559692 0.8823490142822266 0.6224840879440308 0.8922801613807678 0.6208289464314779 0.890073299407959 0.6365532080332438 0.884555995464325 0.6448291937510172 0.8680040836334229 0.6456567446390787 0.85696941614151 0.6448291937510172 0.8360037207603455 0.6423463821411133
0 0.8779351711273193 0.7424854437510172 0.8713144659996033 0.7126920223236084 0.8713144659996033 0.6920021375020345 0.8757283091545105 0.6721398035685221 0.8790386319160461 0.6605535348256429 0.890073299407959 0.6597259044647217 0.8955905437469482 0.6663466691970825 0.8955905437469482 0.688691775004069 0.8977975249290466 0.7102092107137045 0.8944871425628662 0.7333819071451823 0.8889698386192322 0.7408302625020345
0 0.00399452680721879 0.45862023035685223 0.027167195454239845 0.45944782098134357 0.04261564090847969 0.451171875 0.03489141911268234 0.44372351964314777 0.024960273876786232 0.4313095808029175 0.01833951286971569 0.42551644643147785 0.008408368565142155 0.42717162768046063
0 0.05696062743663788 0.49255164464314777 0.033787958323955536 0.4693789879480998 0.04702948406338692 0.45696504910786945 0.06799523532390594 0.44703392187754315 0.08344367891550064 0.44537870089213055 0.10661634802818298 0.45282705624898273 0.11765095591545105 0.46855135758717853 0.11434057354927063 0.47434457143147785 0.08896098285913467 0.47682730356852215 0.07130561023950577 0.48841365178426105
0 0.09006444364786148 0.49255164464314777 0.11544403433799744 0.4851032892862956 0.1408236175775528 0.4950344165166219 0.16289283335208893 0.5016551812489828 0.16509975492954254 0.5182070732116699 0.16951359808444977 0.5364142258961996 0.16178937256336212 0.5422073602676392 0.14634092152118683 0.5306210517883301 0.11985787749290466 0.5140691598256429
0 0.008408368565142155 0.6489671468734741 0.022753356024622917 0.6257944901784261 0.03599487990140915 0.6059321562449137 0.016132591292262077 0.5968286196390787 0.008408368565142155 0.5794491767883301 0.009511829353868961 0.5604144334793091 0.020546434447169304 0.5446901321411133 0.03268449753522873 0.5331038236618042 0.00399452680721879 0.5273106892903646 0.0028910664841532707 0.5455177625020345 0.0028910664841532707 0.5612420241038004 0.0028910664841532707 0.5769663651784261 0.006201447919011116 0.6092425584793091 0.0028910664841532707 0.6398636102676392
0 0.1253751814365387 0.4809652964274089 0.13530631363391876 0.4644134044647217 0.1562720686197281 0.4544822374979655 0.17944473028182983 0.4519994656244914 0.18275511264801025 0.45779263973236084 0.1893758773803711 0.4693789879480998 0.1926862597465515 0.4801377058029175 0.16951359808444977 0.47517212231953937 0.14523746073246002 0.4834481080373128 0.13420285284519196 0.48593087991078693
0 0.10220250487327576 0.4462062915166219 0.09668520092964172 0.4362751642862956 0.08454713970422745 0.4222060441970825 0.07902983576059341 0.40813692410786945 0.08013329654932022 0.39406780401865643 0.08454713970422745 0.3733779191970825 0.09116790443658829 0.36510197321573895 0.09999558329582214 0.39241258303324383 0.10330596566200256 0.40399893124898273 0.1088232696056366 0.4131024678548177 0.12206479907035828 0.41972323258717853 0.13751323521137238 0.41972323258717853 0.15185822546482086 0.4188956419626872 0.1595824509859085 0.41972323258717853 0.14744438230991364 0.4329647620519002 0.13861669600009918 0.44372351964314777 0.13420285284519196 0.4544822374979655 0.12427172064781189 0.45944782098134357 0.11654749512672424 0.4544822374979655
0 0.04923640564084053 0.44372351964314777 0.05254678428173065 0.4346199830373128 0.0602710098028183 0.42799917856852215 0.08123675733804703 0.4304819901784261 0.075719453394413 0.4387579758961995 0.06247793138027191 0.43958552678426105
0 0.20261740684509277 0.26992849508921307 0.21365201473236084 0.24096266428629556 0.2224797010421753 0.20951404174168906 0.22689354419708252 0.20289327700932822 0.24675582349300385 0.20454845825831094 0.2588938772678375 0.2153071959813436 0.26661810278892517 0.22937633593877158 0.2699284851551056 0.24096266428629556 0.2555834949016571 0.2533766031265259 0.24565236270427704 0.26413532098134357 0.2257900834083557 0.27323885758717853 0.21696239709854126 0.2748940587043762
0 0.28096309304237366 0.24427302678426108 0.26661810278892517 0.20868643124898276 0.27654924988746643 0.1979276935259501 0.29420462250709534 0.18468616406122842 0.3008253872394562 0.18468616406122842 0.31075653433799744 0.20868643124898276 0.3206876814365387 0.21696239709854126 0.3394465148448944 0.2310315171877543 0.31406691670417786 0.25172142187754315 0.29751500487327576 0.2583421468734741
0 0.35930880904197693 0.3253773848215739 0.36372265219688416 0.3096530834833781 0.37696418166160583 0.29723914464314777 0.3857918679714203 0.2856528162956238 0.3891022205352783 0.2707560857137044 0.39241263270378113 0.26330773035685223 0.41117143630981445 0.26165252923965454 0.41006794571876526 0.27323885758717853 0.40565410256385803 0.2914459705352783 0.40565410256385803 0.30882545312245685 0.39130914211273193 0.3179290294647217 0.3714468479156494 0.3204118013381958
0 0.13089247047901154 0.11765095591545105 0.10330596566200256 0.09613348046938579 0.08565060049295425 0.07709877689679463 0.11213365197181702 0.07792637745539348 0.14523746073246002 0.07461599508921306 0.173927441239357 0.059719279408454895 0.18385857343673706 0.04813294609387716 0.1904793381690979 0.052270924051602684 0.18496203422546387 0.06634004414081573 0.17172051966190338 0.09116790692011516 0.1573755294084549 0.109375 0.1419270783662796 0.11599576473236084
0 0.19599664211273193 0.047305350502332054 0.21585893630981445 0.048960541685422264 0.23792815208435059 0.05309851964314779 0.26330772042274475 0.05558130145072937 0.24896274507045746 0.04068458825349808 0.2566869556903839 0.02330508331457774 0.2588938772678375 0.019994703431924183 0.23461776971817017 0.020822299023469288 0.21475547552108765 0.024132678906122845 0.2081347107887268 0.03406382352113724
0 0.31185999512672424 0.1656514803568522 0.3063426911830902 0.15489274263381958 0.3063426911830902 0.1433064043521881 0.31075653433799744 0.11599576473236084 0.31185999512672424 0.1052370270093282 0.29972192645072937 0.08620233337084453 0.28317001461982727 0.06551244854927063 0.29530808329582214 0.059719279408454895 0.3239980638027191 0.07544358571370442 0.341653436422348 0.06634004414081573 0.36592957377433777 0.06716763973236084 0.38137802481651306 0.07627118627230327 0.39461955428123474 0.10275423526763916 0.39572298526763916 0.10689220825831096 0.37696418166160583 0.11185779174168904 0.35820531845092773 0.12344412008921306 0.3493776321411133 0.1342028578122457 0.336136132478714 0.15158236026763916 0.3251015245914459 0.1598583161830902
0 0.3571018874645233 0.05558130145072937 0.34386035799980164 0.02661546568075816 0.3251015245914459 0.010063560058673223 0.3206876814365387 0.004270392159620921 0.34496378898620605 0.005925582721829414 0.36041224002838135 0.005097987130284309 0.370343416929245 0.02164989213148753 0.38137802481651306 0.03240863233804703 0.39682647585868835 0.03902939707040787 0.4199991226196289 0.04316737254460653 0.44537869095802307 0.05144332846005758 0.4321371614933014 0.05723649263381958 0.39461955428123474 0.059719279408454895 0.3857918679714203 0.06799523532390594
0 0.42882680892944336 0.19544490178426108 0.4211025536060333 0.16399629910786948 0.42551639676094055 0.1333752671877543 0.434344083070755 0.1399960219860077 0.44206833839416504 0.16151350736618042 0.44648218154907227 0.17061706384023032 0.4696548283100128 0.16978947321573892 0.4862067401409149 0.1507547696431478 0.5171036124229431 0.16978947321573892 0.5115863680839539 0.17889300982157388 0.49282750487327576 0.17723782857259116 0.4707582890987396 0.18385857343673706 0.463034063577652 0.19627251227696738 0.45862022042274475 0.20372086763381958 0.4486891031265259 0.20537606875101724
0 0.5303451418876648 0.25420419375101727 0.5215174555778503 0.23268669843673706 0.5259312987327576 0.22275557120641074 0.540276288986206 0.20372086763381958 0.5435866713523865 0.19378972053527832 0.5137932896614075 0.20620365937550864 0.5093794465065002 0.1987553040186564 0.5171036124229431 0.18799654642740884 0.5303451418876648 0.1822033921877543 0.5380693674087524 0.16978947321573892 0.5656558871269226 0.16647908091545105 0.5833112597465515 0.16647908091545105 0.5722766518592834 0.1904793381690979 0.5722766518592834 0.21199683348337808 0.5788974165916443 0.22937633593877158 0.568966269493103 0.24261784553527832 0.5535178184509277 0.25006622076034546 0.5424832105636597 0.2508937915166219
0 0.5524143576622009 0.26330773035685223 0.5822077989578247 0.24427302678426108 0.59765625 0.23268669843673706 0.6219323873519897 0.24013505379358926 0.6528292894363403 0.25006622076034546 0.6748984456062317 0.24923861026763916 0.6771054267883301 0.26248013973236084 0.6682777404785156 0.29310115178426105 0.6528292894363403 0.2864803870519002 0.6406912207603455 0.27323885758717853 0.6230358481407166 0.26330773035685223 0.6009666323661804 0.26330773035685223 0.5777939558029175 0.26165252923965454 0.5656558871269226 0.2608249584833781
0 0.5866216421127319 0.39572298526763916 0.5932424068450928 0.3667571544647217 0.6296566128730774 0.3559983968734741 0.655036211013794 0.3485500415166219 0.6671742796897888 0.3411017258961995 0.6837261319160461 0.34523967901865643 0.6980711817741394 0.353515625 0.689243495464325 0.36344679196675617 0.6682777404785156 0.3667571544647217 0.6473119854927063 0.3717227379480998 0.6362773776054382 0.3824814558029175 0.6307600736618042 0.39324021339416504 0.6186220049858093 0.3990333875020345
0 0.6539327502250671 0.4180680513381958 0.6362773776054382 0.4048265218734741 0.6561396718025208 0.38496426741282147 0.6737949848175049 0.3742055098215739 0.6980711817741394 0.37668832143147785 0.7201403975486755 0.3891022205352783 0.689243495464325 0.39655057589213055 0.6671742796897888 0.40896451473236084
0 0.735588788986206 0.3973781665166219 0.7311749458312988 0.38082627455393475 0.7731065154075623 0.37586069107055664 0.7951756119728088 0.36179157098134357 0.8017964363098145 0.36096398035685223 0.8205552697181702 0.37751587231953937 0.8371071815490723 0.3816538651784261 0.8525555729866028 0.3841366370519002 0.8680040836334229 0.3866194486618042 0.8646936416625977 0.40068856875101727 0.8580729365348816 0.41144728660583496 0.8382106423377991 0.4188956419626872 0.817244827747345 0.42799917856852215 0.8006929755210876 0.4329647620519002 0.7885549068450928 0.42634399731953937 0.7808306813240051 0.4131024678548177 0.7697960734367371 0.4056541124979655 0.7499337792396545 0.3990333875020345
0 0.8073137402534485 0.3411017258961995 0.8161414265632629 0.3038599093755086 0.8249691128730774 0.3013771176338196 0.8459348678588867 0.3046875 0.8657971024513245 0.31130826473236084 0.8856594562530518 0.31461864709854126 0.8746247887611389 0.3253773848215739 0.8481417298316956 0.3328257401784261 0.8249691128730774 0.3402740955352783 0.8183483481407166 0.34192927678426105
0 0.8150379657745361 0.2881355881690979 0.8006929755210876 0.2765492598215739 0.827176034450531 0.26579052209854126 0.8415210247039795 0.2566869656244914 0.8514521718025208 0.26413532098134357 0.8514521718025208 0.28317002455393475 0.8426244854927063 0.2939287821451823 0.8304863572120667 0.29475635290145874
0 0.7311749458312988 0.2235831618309021 0.7388991713523865 0.20206566651662192 0.7620718479156494 0.19130692879358926 0.7620718479156494 0.1673066814740499 0.7400026321411133 0.1565479338169098 0.7135195732116699 0.1565479338169098 0.7091057300567627 0.16399629910786948 0.7135195732116699 0.18054821093877158 0.719036877155304 0.20289327700932822 0.7223472595214844 0.2161348064740499
0 0.5943458676338196 0.15323755145072937 0.5899320244789124 0.1416512131690979 0.5833112597465515 0.11930614709854126 0.5833112597465515 0.10854740937550862 0.5987597107887268 0.10440942645072937 0.6153116226196289 0.11599576473236084 0.631863534450531 0.12096133828163147 0.655036211013794 0.1275821030139923 0.6848296523094177 0.14413400491078696 0.6903469562530518 0.158203125 0.6870365142822266 0.1673066814740499 0.6804158091545105 0.17392744620641074 0.6594500541687012 0.17144465446472168 0.6428981423377991 0.1656514803568522 0.6208289265632629 0.16151350736618042
0 0.7521407008171082 0.12509932120641074 0.7433130145072937 0.10275423526763916 0.7499337792396545 0.09447828928629558 0.7631753087043762 0.08206435044606526 0.7731065154075623 0.07213321328163147 0.787451446056366 0.07544358571370442 0.7940722107887268 0.09282309810320537 0.7918652892112732 0.10358182589213054 0.7764168381690979 0.1135129729906718 0.7642788290977478 0.11847855647404988
0 0.7764168381690979 0.1987553040186564 0.7852445244789124 0.18054821093877158 0.798486053943634 0.17723782857259116 0.8205552697181702 0.18385857343673706 0.8415210247039795 0.19378972053527832 0.85696941614151 0.19461731115976968 0.8724179267883301 0.20206566651662192 0.8525555729866028 0.22192796071370444 0.8415210247039795 0.22441075245539346 0.8128309845924377 0.21116922299067178 0.7918652892112732 0.20123807589213052
0 0.5822077989578247 0.08785752455393474 0.5800008773803711 0.07130561769008636 0.5833112597465515 0.058064088225364685 0.5899320244789124 0.03902939707040787 0.5965527892112732 0.027443061272303265 0.6219323873519897 0.019994703431924183 0.6175185441970825 0.043994968136151634 0.6075873970985413 0.061374470591545105 0.5943458676338196 0.08371954162915547
