1 0.7227823138237 0.45314077536265057 0.7154317498207092 0.46810420354207355 0.70703125 0.47282950083414715 0.6828796863555908 0.4759797255198161 0.6587281823158264 0.4759797255198161 0.6513776779174805 0.47046685218811035 0.6524277329444885 0.44841543833414715 0.6587281823158264 0.4366021951039632 0.6660786271095276 0.4310893217722575 0.6870799660682678 0.4358146588007609 0.7122816443443298 0.44841543833414715
1 0.6755292415618896 0.5870243310928345 0.6650285720825195 0.606713056564331 0.6524277329444885 0.6248267491658529 0.6419270634651184 0.6287645101547241 0.6282762289047241 0.6248267491658529 0.6177754998207092 0.6177388032277426 0.6041246652603149 0.5972625017166138 0.602024495601654 0.5752110481262207 0.5999243855476379 0.5476468404134115 0.5925739407539368 0.53662109375 0.5883736610412598 0.5248078107833862 0.596774160861969 0.5129946072896322 0.6209257245063782 0.5027564366658529 0.6356266736984253 0.4988186756769816 0.6534778475761414 0.5279580354690552 0.6671287417411804 0.5633978048960367
1 0.8099378943443298 0.00974987323085467 0.8246387839317322 0.023138230045636494 0.8330392837524414 0.042826990286509194 0.8298891186714172 0.06645350158214569 0.8057375550270081 0.08614226182301839 0.7878864407539368 0.0766916573047638 0.7710853219032288 0.05621535082658132 0.7700352668762207 0.03731413930654526 0.7700352668762207 0.01998802771170934 0.7773857712745667 0.011324974397818247 0.7889364361763 0.006599672759572665
1 0.8834425806999207 0.023138230045636494 0.8865926861763 0.0388892392317454 0.8802923560142517 0.05542779962221781 0.8729419112205505 0.06645350158214569 0.8487903475761414 0.07039125263690948 0.8414399027824402 0.07039125263690948 0.8414399027824402 0.05070249239603678 0.8424899578094482 0.029438634713490803 0.8519405722618103 0.02392578125 0.8666414618492126 0.02392578125
1 0.45501509308815 0.21293787161509195 0.44976475834846497 0.22868887583414713 0.4382140636444092 0.2468025286992391 0.4203629195690155 0.2594033479690552 0.4098622500896454 0.27830453713734943 0.3920110762119293 0.27830453713734943 0.36995968222618103 0.27751702070236206 0.33740758895874023 0.26806640625 0.31115591526031494 0.26334110895792645 0.28280410170555115 0.25310295820236206 0.27020329236984253 0.2468025286992391 0.2754536271095276 0.21451298395792642 0.2838541567325592 0.18064830700556436 0.29330477118492126 0.1625346541404724 0.3185063898563385 0.15465915203094482 0.3447580635547638 0.1538715958595276 0.35420867800712585 0.1570218006769816 0.3710097372531891 0.1869487166404724 0.37415993213653564 0.20348727703094482 0.39096102118492126 0.2026997208595276 0.40671202540397644 0.2003370722134908 0.4340137541294098 0.20427481333414713
1 0.6608282923698425 0.3444587786992391 0.6419270634651184 0.3775358994801839 0.6272261738777161 0.3980122407277425 0.6030746102333069 0.3917118310928345 0.5726226568222046 0.4011624256769816 0.5432207584381104 0.4066752592722575 0.5285198092460632 0.4058877229690552 0.5327200889587402 0.36099735895792645 0.524319589138031 0.34052101771036786 0.504368245601654 0.34130859375 0.48651716113090515 0.3326455354690552 0.45396506786346436 0.30744391679763794 0.4571152627468109 0.29248046875 0.48861727118492126 0.2838174104690552 0.5180191397666931 0.2720041672388713 0.5652721524238586 0.27515435218811035 0.5862734913825989 0.2806672255198161 0.6125251650810242 0.30271859963734943 0.6240759491920471 0.3192571798960368 0.6408770084381104 0.3350082238515218
1 0.7479838728904724 0.930396318435669 0.7395833134651184 0.9524477322896322 0.7301327586174011 0.967411200205485 0.6975806355476379 0.9776493708292643 0.6849798560142517 0.9823745886484782 0.6587281823158264 0.972923994064331 0.6366767287254333 0.9626859029134115 0.616725504398346 0.9374842643737793 0.5904737710952759 0.9177954991658529 0.5883736610412598 0.8981067339579264 0.6062248349189758 0.875267744064331 0.6282762289047241 0.8705424467722574 0.6492775678634644 0.8673922220865885 0.6692287921905518 0.8768428166707357 0.6923303008079529 0.8973191579182943 0.7185819745063782 0.9122826258341471 0.7364330887794495 0.9233082930246989
1 0.44556450843811035 0.838252862294515 0.4182627499103546 0.8469159603118896 0.4035618305206299 0.8587292035420736 0.39306116104125977 0.8839308420817057 0.38256049156188965 0.9067698319753011 0.38676074147224426 0.9264585177103678 0.3920110762119293 0.9374842643737793 0.41511258482933044 0.9398468335469564 0.43716397881507874 0.9351216157277426 0.45396506786346436 0.9201581478118896 0.47181618213653564 0.9067698319753011 0.4770665168762207 0.8894437154134115 0.47076615691185 0.8689673741658529 0.45816531777381897 0.8477035363515218
1 0.9159946441650391 0.691768487294515 0.914944589138031 0.7035817305246989 0.8949933052062988 0.7090946833292643 0.8655913472175598 0.7122448285420736 0.8466901779174805 0.7122448285420736 0.8361895084381104 0.7004315853118896 0.8235886693000793 0.68310546875 0.8235886693000793 0.6728672981262207 0.8424899578094482 0.6642042398452759 0.8550906777381897 0.6634167035420736 0.8886928558349609 0.6783801714579264
1 0.515919029712677 0.5161448319753011 0.5201192498207092 0.5358335177103678 0.519069254398346 0.5507969856262207 0.4917674958705902 0.5712733268737793 0.4749664068222046 0.5909620523452759 0.45186492800712585 0.5956873893737793 0.4361139237880707 0.5767861604690552 0.41301241517066956 0.5594600439071655 0.3773101568222046 0.533470869064331 0.36995968222618103 0.5129946072896322 0.3773101568222046 0.4838552077611287 0.38676074147224426 0.4744046131769816 0.41511258482933044 0.46889177958170575 0.45816531777381897 0.4759797255198161 0.47601649165153503 0.4917307297388713 0.4928175210952759 0.4964560270309448 0.507518470287323 0.509056806564331
1 0.36575940251350403 0.4814925988515218 0.3615591526031494 0.5129946072896322 0.3689095973968506 0.5444966157277426 0.4004116356372833 0.5665479898452759 0.42561325430870056 0.5791488488515218 0.43926408886909485 0.6019877592722574 0.44976475834846497 0.6350649197896322 0.4592154026031494 0.6752299467722574 0.45501509308815 0.710669755935669 0.4266633093357086 0.7342962423960367 0.4119623601436615 0.740596612294515 0.38676074147224426 0.7256332238515218 0.3668094873428345 0.7083071072896322 0.3384576737880707 0.68310546875 0.33740758895874023 0.6752299467722574 0.3468581736087799 0.6476656595865885 0.33950772881507874 0.6138010819753011 0.31745633482933044 0.5744234720865885 0.2985551059246063 0.5586725076039633 0.2922547161579132 0.5326832930246989 0.2901545763015747 0.4996062119801839 0.2964549660682678 0.4799174467722575 0.31640625 0.4696792761484782 0.3405578136444092 0.46889177958170575
1 0.9936996102333069 0.7390215396881104 0.9663978219032288 0.7413841883341471 0.9443464279174805 0.7579228083292643 0.9306955337524414 0.7657982508341471 0.9212449193000793 0.7870620886484782 0.9275453686714172 0.808326005935669 0.9453964829444885 0.8169891039530436 0.9884492754936218 0.8225018978118896 1.0 0.8240769704182943
1 0.24290154874324799 0.01998802771170934 0.24605174362659454 0.052277594804763794 0.23135079443454742 0.07039125263690948 0.19354838132858276 0.08377961317698161 0.1620463728904724 0.07984186212221782 0.13579468429088593 0.07196636001269023 0.13369455933570862 0.03967679043610891 0.14524529874324799 0.014475176731745401 0.18934811651706696 0.0018743698795636494 0.2208501249551773 0.0058121221760908766
1 0.2492019534111023 0.36020978291829425 0.2576024830341339 0.39722466468811035 0.2534022033214569 0.4263640244801839 0.2208501249551773 0.4421150286992391 0.20614920556545258 0.4429026047388713 0.18934811651706696 0.4618037939071655 0.1620463728904724 0.47046685218811035 0.1294942945241928 0.48779296875 0.10954301804304123 0.49330584208170575 0.10849294066429138 0.3680853048960368 0.14419522881507874 0.34682146708170575 0.16834677755832672 0.3326455354690552 0.1861979216337204 0.3279202381769816 0.22820061445236206 0.34130859375
1 0.24185146391391754 0.5736359357833862 0.26285281777381897 0.6082881689071655 0.27230343222618103 0.6271893978118896 0.26285281777381897 0.6437279383341471 0.21349966526031494 0.6610540548960367 0.19564853608608246 0.655541181564331 0.17674730718135834 0.6421528657277426 0.17149697244167328 0.6271893978118896 0.18724799156188965 0.6043504476547241 0.19459845125675201 0.5901745160420736 0.23030073940753937 0.5728484392166138
1 0.90234375 0.41455078125 0.90234375 0.4649540185928345 0.9002435803413391 0.48070502281188965 0.8655913472175598 0.4940933386484782 0.8414399027824402 0.5051190853118896 0.8277890086174011 0.5003937482833862 0.808887779712677 0.4767672618230184 0.7899865508079529 0.4547158479690552 0.7952368855476379 0.4106130202611287 0.8109878897666931 0.3869865338007609 0.8309392333030701 0.39486201604207355 0.8582409024238586 0.4019499619801839 0.8802923560142517 0.3987997770309448
1 0.6818296313285828 0.7579228083292643 0.6660786271095276 0.7831243673960367 0.6524277329444885 0.8012379805246989 0.6335265636444092 0.7870620886484782 0.5946740508079529 0.7713111241658529 0.5631720423698425 0.7610729535420736 0.5600218176841736 0.7508347829182943 0.5715726017951965 0.73193359375 0.5736727118492126 0.7177577018737793 0.5925739407539368 0.710669755935669 0.6230258345603943 0.7240580717722574 0.6471773982048035 0.7327211697896322 0.6713289618492126 0.7484721342722574
1 0.996849775314331 0.9099199771881104 0.9989499449729919 0.9807995160420736 0.9936996102333069 0.9894625345865885 0.9653477668762207 0.9800120194753011 0.9590473771095276 0.9626859029134115 0.9569472670555115 0.9390594164530436 0.9621975421905518 0.9256709416707357 0.9726982712745667 0.9177954991658529
1 0.906544029712677 0.796512762705485 0.9243951439857483 0.8106886545817057 0.9327957034111023 0.8288022677103678 0.9180948138237 0.838252862294515 0.9002435803413391 0.8358902136484782 0.8907930254936218 0.8217143217722574 0.8876428008079529 0.8130513032277426 0.8939432501792908 0.7973002592722574
1 0.9579973220825195 0.5098443826039633 0.9191448092460632 0.49330584208170575 0.90234375 0.48858054478963214 0.8676915168762207 0.5011812845865885 0.8603410720825195 0.5098443826039633 0.8645412921905518 0.5177198648452759 0.8928931355476379 0.5271704991658529 0.9453964829444885 0.5381962060928345 0.9579973220825195 0.5326832930246989 0.9653477668762207 0.5232327779134115
1 0.9146971106529236 0.383469025293986 0.9191448092460632 0.37989858786265057 0.9359459280967712 0.3869865338007609 0.9432963728904724 0.3980122407277425 0.9243951439857483 0.40510018666585285 0.906544029712677 0.4066752592722575 0.8960433602333069 0.40431265036265057 0.8928931355476379 0.3940744797388713 0.9002435803413391 0.3861989577611287
1 0.7059811949729919 0.044402092695236206 0.7091314196586609 0.07196636001269023 0.6933803558349609 0.08929246664047241 0.6692287921905518 0.0822045107682546 0.6618783473968506 0.07432900369167328 0.6723790168762207 0.060940648118654885 0.6933803558349609 0.052277594804763794
1 0.8162382245063782 0.2562531630198161 0.7815859913825989 0.2357768416404724 0.7574344277381897 0.2137254277865092 0.7490339279174805 0.20900013049443564 0.7164818644523621 0.21845072507858276 0.6639785170555115 0.22790133953094482 0.6324765086174011 0.23341419299443564 0.6156753897666931 0.24601499239603677 0.6282762289047241 0.2657037576039632 0.6545279026031494 0.2861800789833069 0.6912801861763 0.29799334208170575 0.7364330887794495 0.30193108320236206 0.7700352668762207 0.29720576604207355 0.801537275314331 0.2790921131769816 0.8141381144523621 0.2641286452611287
1 0.36470934748649597 0.8374653657277426 0.3815104067325592 0.8532163302103678 0.3689095973968506 0.8792055447896322 0.3615591526031494 0.9138577779134115 0.3332073390483856 0.9012568791707357 0.3206064999103546 0.9020444552103678 0.30905577540397644 0.8957440853118896 0.31535616517066956 0.8642420768737793 0.3426579236984253 0.8445533116658529
1 0.8760920166969299 0.777611494064331 0.8393397331237793 0.7752488454182943 0.8057375550270081 0.783911943435669 0.7616347670555115 0.7815492947896322 0.7322328686714172 0.7697359720865885 0.7049310803413391 0.7634356021881104 0.6923303008079529 0.7642231782277426 0.6818296313285828 0.7831243673960367 0.6555779576301575 0.813838799794515 0.6471773982048035 0.8256520430246989 0.6503276228904724 0.8492786089579264 0.6524277329444885 0.8610918521881104 0.7427335381507874 0.9154327710469564 0.7595345973968506 0.9177954991658529 0.7868363857269287 0.9217332204182943 0.8130879998207092 0.92724609375 0.8487903475761414 0.9099199771881104 0.8781921863555908 0.8839308420817057 0.905493974685669 0.8713300228118896 0.90234375 0.8532163302103678 0.8823924660682678 0.832740068435669 0.8792422413825989 0.8067509333292643 0.889742910861969 0.7925750414530436
1 0.8435399532318115 0.6059254805246989 0.8592910170555115 0.6161636511484782 0.8582409024238586 0.63427734375 0.8508904576301575 0.6508158842722574 0.8277890086174011 0.6626292069753011 0.8120379447937012 0.6736548741658529 0.7973370552062988 0.6697171529134115 0.7857863306999207 0.6539661089579264 0.7857863306999207 0.631127119064331 0.7931367754936218 0.6224640607833862 0.8036374449729919 0.6106508572896322 0.807837724685669 0.6051379839579264 0.8277890086174011 0.6019877592722574
1 0.10954301804304123 0.710669755935669 0.1494455635547638 0.7122448285420736 0.1777973771095276 0.7138199011484782 0.1777973771095276 0.7240580717722574 0.1515457034111023 0.7524098555246989 0.13159441947937012 0.7665858268737793 0.10639280825853348 0.7689483960469564 0.10639280825853348 0.7185452779134115
1 0.6356266736984253 0.4106130202611287 0.6450772881507874 0.4271516005198161 0.6440272331237793 0.4413274923960368 0.6461273431777954 0.47282950083414715 0.6408770084381104 0.4838552077611287 0.6198756694793701 0.49251826604207355 0.5904737710952759 0.5035439729690552 0.5673723220825195 0.5106319189071655 0.5537214279174805 0.5003937482833862 0.5421707034111023 0.4846427838007609 0.5264196991920471 0.4366021951039632 0.5285198092460632 0.4208511511484782 0.5537214279174805 0.41533835728963214 0.5789230465888977 0.4066752592722575 0.6062248349189758 0.4019499619801839
1 0.18724799156188965 0.14284589886665344 0.17254704236984253 0.18773625294367471 0.1473454385995865 0.19403666257858276 0.11164314299821854 0.18773625294367471 0.10849294066429138 0.15623424450556436 0.12214381247758865 0.1404832402865092 0.1599462330341339 0.13733303546905518
1 0.7941868305206299 0.09086755911509196 0.7899865508079529 0.11685673395792644 0.7752856612205505 0.14363344510396323 0.7605846524238586 0.1349703868230184 0.7521841526031494 0.1255197823047638 0.7563843727111816 0.1121314267317454 0.7616347670555115 0.10189326604207356 0.7826361060142517 0.0877173642317454
1 0.9289215207099915 0.22508533795674643 0.9540879130363464 0.25216646989186603 0.9683123230934143 0.2800682783126831 0.9267331957817078 0.2767856915791829 0.873117983341217 0.2767856915791829 0.8227853775024414 0.27760636806488037 0.8337273001670837 0.24396008253097534 0.8556110262870789 0.22508533795674643 0.8928133845329285 0.2160582939783732
1 0.3238357901573181 0.6747964223225912 0.2953869104385376 0.6583836873372396 0.2767857015132904 0.6493566036224365 0.24177171289920807 0.6583836873372396 0.21879376471042633 0.673155148824056 0.20456932485103607 0.701056957244873 0.2023809552192688 0.7223936716715494 0.2209821343421936 0.7470128536224365 0.23082983493804932 0.7790178457895914 0.23520658910274506 0.8315388361612955 0.25599613785743713 0.8660057385762533 0.2833508551120758 0.8939075469970703 0.29319852590560913 0.8865218162536621 0.29648110270500183 0.8717501958211263 0.3117997348308563 0.8602612813313802 0.3479079008102417 0.830718199412028 0.3511904776096344 0.8159467379252116 0.33040091395378113 0.8159467379252116 0.3019520342350006 0.7978925704956055 0.3074229657649994 0.7781972090403239 0.32164740562438965 0.770811398824056 0.3205532133579254 0.755219300587972 0.3227415978908539 0.7322413126627604 0.33368349075317383 0.7092634042104086 0.34024858474731445 0.7018776734670004 0.32821252942085266 0.6838235060373942
1 0.22645308077335358 0.45322346687316895 0.2363007664680481 0.4893316427866618 0.2527135908603668 0.5287224054336548 0.2680322229862213 0.5533416271209717 0.2702206075191498 0.5615480740865072 0.2516193985939026 0.5672925710678101 0.22535890340805054 0.5689338445663452 0.1990983933210373 0.5779608488082886 0.18159139156341553 0.5878085295359293 0.1684611439704895 0.6001181602478027 0.15095412731170654 0.6230961084365845 0.12907038629055023 0.6370469729105631 0.11156337708234787 0.6395088831583658 0.10062149912118912 0.6427915096282959 0.10171568393707275 0.6050420602162679 0.10062149912118912 0.571395754814148 0.10062149912118912 0.5336462656656901 0.09952730685472488 0.505744457244873 0.13672968745231628 0.49097295602162677 0.17612044513225555 0.47702205181121826 0.20128677785396576 0.46307118733723956 0.20785188674926758 0.45568541685740155 0.21441702544689178 0.45322346687316895
1 0.543767511844635 0.006794905290007591 0.5459558963775635 0.02731092522541682 0.5361081957817078 0.04864758253097534 0.5120360255241394 0.07244616746902466 0.5021883845329285 0.08557641506195068 0.5109418630599976 0.11019564668337505 0.5273546576499939 0.13071165482203165 0.5350139737129211 0.14630383253097534 0.5240721106529236 0.16928178071975708 0.5021883845329285 0.1824120283126831 0.48249301314353943 0.18323266506195068 0.45842087268829346 0.1668198506037394 0.4441964328289032 0.15204831957817078 0.4288778007030487 0.12496717770894368 0.41137078404426575 0.0896796186765035 0.40589985251426697 0.06588103373845418 0.40918242931365967 0.030593487123648327 0.41793593764305115 0.0035123424604535103 0.4638918340206146 0.0013020833333333333 0.5 0.0035123424604535103 0.5339198112487793 0.0013020833333333333
1 0.9901960492134094 0.07737000783284505 0.9256389737129211 0.08311449488004048 0.890625 0.07654936611652374 0.8862482905387878 0.06834296385447185 0.8982842564582825 0.036337971687316895 0.9114145636558533 0.02074579894542694 0.9245448112487793 0.00843618686000506 0.9398634433746338 0.0018710608904560406 0.982536792755127 0.006794905290007591 1.0 0.004339138045907021 0.9967612624168396 0.04290310045083364 0.9989495873451233 0.0642397552728653
1 0.982536792755127 0.08721769849459331 0.9978554248809814 0.109375 0.9891018867492676 0.13317358493804932 0.9792541861534119 0.15286895632743835 0.9748774170875549 0.21113445361455283 0.9529936909675598 0.2226234277089437 0.9157913327217102 0.2119551102320353 0.8621761202812195 0.21523765722910562 0.8381040096282959 0.21031381686528525 0.816220223903656 0.19472163915634155 0.7888655662536621 0.15697216987609863 0.7888655662536621 0.14794512589772543 0.8019958138465881 0.12332589427630107 0.8074667453765869 0.09706538915634155 0.8282563090324402 0.08393513162930806 0.8479516506195068 0.07819065451622009 0.8742122054100037 0.07819065451622009 0.8928133845329285 0.08393513162930806 0.9245448112487793 0.08803834517796834 0.9529936909675598 0.08721769849459331
1 0.4135591685771942 0.2874540487925212 0.4234068691730499 0.29976363976796466 0.40808823704719543 0.32110031445821124 0.38948702812194824 0.3506433963775635 0.37745097279548645 0.36541493733723956 0.29319852590560913 0.3481814463933309 0.26256129145622253 0.34489889939626056 0.23848915100097656 0.33423058191935223 0.22645308077335358 0.3145352005958557 0.22207634150981903 0.2907366156578064 0.21551120281219482 0.24970455964406332 0.2461484670639038 0.24560137589772543 0.26037290692329407 0.24970455964406332 0.28991594910621643 0.2652967572212219 0.3413428068161011 0.27760636806488037 0.35556721687316895 0.28499213854471844 0.39058125019073486 0.2874540487925212
1 0.513130247592926 0.35802916685740155 0.5218837857246399 0.3711593945821126 0.517507016658783 0.39413734277089435 0.5164127945899963 0.4130121072133382 0.49452903866767883 0.4269629716873169 0.47921040654182434 0.44173447291056317 0.4638918340206146 0.45322346687316895 0.44857320189476013 0.4409138361612956 0.4409138858318329 0.4302455584208171 0.4463847875595093 0.40234375 0.46060922741889954 0.3777245283126831 0.47592785954475403 0.36541493733723956 0.493434876203537 0.3596704403559367
1 0.517507016658783 0.42450106143951416 0.5240721106529236 0.45978860060373944 0.5350139737129211 0.49507613976796466 0.5240721106529236 0.5024619102478027 0.5076593160629272 0.5 0.49234068393707275 0.48358718554178876 0.46498599648475647 0.47045691808064777 0.4813988208770752 0.45240283012390137 0.49562323093414307 0.4376312891642253
1 0.5120360255241394 0.35146403312683105 0.4529499113559723 0.36623557408650714 0.42997196316719055 0.42203911145528156 0.40808823704719543 0.42203911145528156 0.3938637971878052 0.41465338071187335 0.38620448112487793 0.39331670602162677 0.38948702812194824 0.3711593945821126 0.4157475531101227 0.3293067216873169 0.4321603775024414 0.30879072348276776 0.43872547149658203 0.30714941024780273 0.46498599648475647 0.32520349820454914 0.48905813694000244 0.34161631266276044 0.49890580773353577 0.3481814463933309
1 0.48905813694000244 0.6222754716873169 0.5372024178504944 0.6559217770894369 0.5492384433746338 0.6788996855417887 0.5361081957817078 0.7018776734670004 0.5284488797187805 0.723214308420817 0.526260495185852 0.765066941579183 0.5207895636558533 0.7864035765329996 0.5054709315299988 0.8069196542104086 0.48577556014060974 0.8069196542104086 0.4529499113559723 0.7970719337463379 0.4255952537059784 0.7921481132507324 0.41793593764305115 0.7740939458211263 0.4135591685771942 0.765066941579183 0.4102766215801239 0.7511161168416342 0.45185574889183044 0.7322413126627604 0.462797611951828 0.7141873041788737 0.46717438101768494 0.6879266897837321 0.45842087268829346 0.6411502361297607 0.45842087268829346 0.6255580186843872 0.47045692801475525 0.6222754716873169
1 0.3697916567325592 0.3777245283126831 0.38073351979255676 0.40644697348276776 0.38948702812194824 0.43516937891642254 0.38729867339134216 0.4565060536066691 0.38073351979255676 0.4688156445821126 0.3643207252025604 0.46799500783284503 0.34681370854377747 0.4614299138387044 0.32164740562438965 0.45486478010813397 0.30304622650146484 0.440093199412028 0.2866334021091461 0.42860424518585205 0.2680322229862213 0.4195772012074788 0.2680322229862213 0.40234375 0.26584383845329285 0.36951812108357746 0.2636554539203644 0.35720853010813397 0.27569153904914856 0.35228466987609863 0.29429271817207336 0.3531053066253662 0.32492998242378235 0.3637736638387044 0.35228466987609863 0.36623557408650714 0.3643207252025604 0.36951812108357746
1 0.3052345812320709 0.45486478010813397 0.2921043336391449 0.4458376963933309 0.28116247057914734 0.43845192591349286 0.2745973467826843 0.4335281054178874 0.2647496461868286 0.43106619517008465 0.24833683669567108 0.44173447291056317 0.24067752063274384 0.4482996463775635 0.26037290692329407 0.46060927708943683 0.27787989377975464 0.4720981915791829 0.2921043336391449 0.4753807783126831 0.3085171580314636 0.4655330975850423
1 0.2023809552192688 0.6690519650777181 0.1903448849916458 0.6846441427866617 0.17830882966518402 0.7002363204956055 0.16299019753932953 0.7043395837148031 0.12359943985939026 0.7002363204956055 0.10062149912118912 0.7002363204956055 0.10171568393707275 0.6641281445821127 0.09952730685472488 0.6526392300923666 0.13563551008701324 0.6460740566253662 0.153142511844635 0.6452534198760986 0.16955532133579254 0.6468946933746338 0.18268556892871857 0.6551011403401693 0.19472163915634155 0.6616662343343099
1 0.3457195460796356 0.13973870873451233 0.33040091395378113 0.11676077047983806 0.3052345812320709 0.09050026535987854 0.28444501757621765 0.07819065451622009 0.25709033012390137 0.07244616746902466 0.2461484670639038 0.07737000783284505 0.22207634150981903 0.08803834517796834 0.21004027128219604 0.09050026535987854 0.20019257068634033 0.09296218554178874 0.19472163915634155 0.13153229157129923 0.19253325462341309 0.15451023976008096 0.1837797611951828 0.17995009819666544 0.17612044513225555 0.19225970904032388 0.17174369096755981 0.20621061325073242 0.19253325462341309 0.21687893072764078 0.20675770938396454 0.23082983493804932 0.23411239683628082 0.23575367530186972 0.2614670693874359 0.23411240180333456 0.26256129145622253 0.2127757469813029 0.26912638545036316 0.18569459517796835 0.2735031545162201 0.1651785671710968 0.29101017117500305 0.14712446928024292 0.3358718454837799 0.14548319578170776
1 0.19800420105457306 0.23493303855260214 0.17830882966518402 0.2226234277089437 0.15970763564109802 0.2086725433667501 0.1432948261499405 0.2012867530186971 0.10828080773353577 0.19308034578959146 0.10390406101942062 0.23739496866861978 0.10499825328588486 0.2652967572212219 0.10390406101942062 0.29237788915634155 0.10390406101942062 0.3112526337305705 0.1312587559223175 0.30058427651723224 0.1465773731470108 0.2907366156578064 0.1618960052728653 0.2792476415634155 0.1772146373987198 0.2562696933746338 0.19143907725811005 0.24396008253097534
1 0.17393207550048828 0.31617647409439087 0.15642507374286652 0.30879072348276776 0.1400122493505478 0.3079700867335002 0.12031687051057816 0.31289390722910565 0.1060924306511879 0.32027967770894367 0.09952730685472488 0.3399750391642253 0.10062149912118912 0.3539259433746338 0.10062149912118912 0.3637736638387044 0.13235293328762054 0.3432575861612956 0.15533088147640228 0.33176863193511963 0.17174369096755981 0.32684481143951416
1 0.2056635171175003 0.24313944578170776 0.19143907725811005 0.26447610060373944 0.17830882966518402 0.27842700481414795 0.16080181300640106 0.29730172952016193 0.17612044513225555 0.31207327047983807 0.1958158165216446 0.323562224706014 0.21660538017749786 0.32520349820454914 0.21879376471042633 0.3153558373451233 0.21988795697689056 0.30304622650146484 0.21222864091396332 0.2874540487925212 0.21004027128219604 0.2800682783126831 0.20894606411457062 0.26857930421829224 0.20675770938396454 0.25462841987609863
1 0.7483806014060974 0.0035123424604535103 0.7144607901573181 0.01910451551278432 0.6903886795043945 0.03305540978908539 0.667410671710968 0.05028886596361796 0.6466211676597595 0.06834296385447185 0.6389618515968323 0.07080488403638203 0.6061362028121948 0.06834296385447185 0.5820640921592712 0.06095719834168752 0.5700280070304871 0.05603335301081339 0.5700280070304871 0.043723742167154946 0.5645570755004883 0.02649028350909551 0.5579919219017029 0.0018710608904560406 0.6094187498092651 0.0018710608904560406 0.6553746461868286 0.0035123424604535103 0.6882002949714661 0.0076155463854471845 0.7330619692802429 0.005153623720010121
1 0.4201242923736572 0.18897716204325357 0.419030100107193 0.16025473674138388 0.41465339064598083 0.1405593454837799 0.40808823704719543 0.12496717770894368 0.3851102888584137 0.0896796186765035 0.3730742037296295 0.07490808765093486 0.3610381782054901 0.05685398976008097 0.35009631514549255 0.040441177785396576 0.33040091395378113 0.024849002559979756 0.30632877349853516 0.01500131313999494 0.28444501757621765 0.010898109525442123 0.2713147699832916 0.015821953614552815 0.25709033012390137 0.022387079894542694 0.25927871465682983 0.04126181701819102 0.25927871465682983 0.05275078614552816 0.2647496461868286 0.0642397552728653 0.3117997348308563 0.08639706174532573 0.3413428068161011 0.11676077047983806 0.34900209307670593 0.12496717770894368 0.3665091097354889 0.148765762646993 0.3796393573284149 0.1651785671710968 0.38401612639427185 0.18979779879252115 0.40589985251426697 0.19225970904032388
1 0.40480566024780273 0.0026917016754547753 0.39933475852012634 0.02320771912733714 0.3971463441848755 0.06013655165831248 0.3949579894542694 0.07654936611652374 0.3829219341278076 0.06259847680727641 0.37416842579841614 0.053571427861849465 0.3697916567325592 0.049468224247296654 0.35009631514549255 0.029772845407327015 0.33696603775024414 0.01910451551278432 0.3271183669567108 0.01171875 0.3172706663608551 0.005974264815449715 0.30961135029792786 0.0026917016754547753 0.31260213255882263 0.0013020833333333333 0.31260213255882263 0.0013020833333333333 0.3730742037296295 0.0018710608904560406
1 0.18815650045871735 0.09050026535987854 0.1060924306511879 0.07244616746902466 0.10499825328588486 0.13973870873451233 0.1432948261499405 0.13235294818878174 0.17283789813518524 0.13317358493804932 0.18159139156341553 0.1339942216873169
1 0.9891018867492676 0.42285974820454914 0.9639356136322021 0.40644697348276776 0.9529936909675598 0.40726761023203534 0.913602888584137 0.41793592770894367 0.9157913327217102 0.45978860060373944 0.9168855547904968 0.481125275293986 0.9464285373687744 0.49507613976796466 0.9672181606292725 0.5049238204956055 0.9934785962104797 0.5024619102478027 0.9956669807434082 0.4786633650461833 0.9945728182792664 0.46060927708943683 0.9945728182792664 0.4409138361612956 0.9934785962104797 0.43106619517008465
1 0.9891018867492676 0.3350512186686198 0.9562762379646301 0.35146403312683105 0.8971900939941406 0.37936580181121826 0.8610818982124329 0.3883928457895915 0.8424807190895081 0.38675157229105633 0.816220223903656 0.37280066808064777 0.8019958138465881 0.34982271989186603 0.7932422757148743 0.32438286145528156 0.7790178656578064 0.30632877349853516 0.816220223903656 0.28909532229105633 0.8960959315299988 0.28499213854471844 0.9748774170875549 0.291557252407074 0.9967612624168396 0.2948397994041443 0.9934785962104797 0.3260241349538167
1 0.9540879130363464 0.9136029879252116 0.9354867339134216 0.9431459903717041 0.9201681017875671 0.9538143475850424 0.8840599060058594 0.9620207150777181 0.8654586672782898 0.9685858090718588 0.8534226417541504 0.9480698903401693 0.8567051887512207 0.9275538126627604 0.877494752407074 0.9152442614237467 0.9059436321258545 0.896369457244873 0.9103203415870667 0.8889837265014648 0.9245448112487793 0.8922662734985352
1 0.7998073697090149 0.3777245283126831 0.7757353186607361 0.41137079397837323 0.7680759429931641 0.4359900156656901 0.7396271228790283 0.4441964228947957 0.728685200214386 0.4441964228947957 0.6860118508338928 0.4261423349380493 0.6695990562438965 0.42203911145528156 0.6805409789085388 0.40070247650146484 0.705707311630249 0.383469025293986 0.7483806014060974 0.3678768475850423 0.7680759429931641 0.3678768475850423 0.7866771817207336 0.3785451650619507
1 0.7746410965919495 0.4573266903559367 0.798713207244873 0.48686973253885907 0.8041841983795166 0.49753808975219727 0.7976190447807312 0.5090270837148031 0.7812061905860901 0.5139509042104086 0.7571341395378113 0.5073858102162679 0.7188374996185303 0.49179359277089435 0.723214328289032 0.47373950481414795 0.7440038323402405 0.45486478010813397 0.7636992335319519 0.45322346687316895
1 0.837009847164154 0.21934086084365845 0.8129376769065857 0.24149815241495767 0.7680759429931641 0.20949318011601767 0.7560399174690247 0.20292804638544717 0.7330619692802429 0.20785188674926758 0.7089898586273193 0.21113445361455283 0.6947653889656067 0.2127757469813029 0.6652223467826843 0.21687893072764078 0.631302535533905 0.22344406445821127 0.6225489974021912 0.22344406445821127 0.6061362028121948 0.21113445361455283 0.5908175706863403 0.18651523192723593 0.58753502368927 0.17584689458211264 0.574404776096344 0.15533087650934854 0.5579919219017029 0.1405593454837799 0.543767511844635 0.12907037138938904 0.5317314267158508 0.11758140722910564 0.5196953415870667 0.0946034590403239 0.517507016658783 0.07326680421829224 0.5459558963775635 0.054392069578170776 0.5579919219017029 0.058495273192723594 0.5951943397521973 0.07326680421829224 0.6323966979980469 0.08393513162930806 0.6706932187080383 0.09378282229105632 0.6892945170402527 0.09542410572369893 0.6991421580314636 0.109375 0.7144607901573181 0.1241465409596761 0.7330619692802429 0.13481485843658447 0.7494747638702393 0.1405593454837799 0.7680759429931641 0.15368960301081339 0.7823004126548767 0.1733849843343099 0.7976190447807312 0.19225970904032388 0.8140318393707275 0.2053899566332499 0.8271620869636536 0.21441702047983804
1 0.5941001772880554 0.21113445361455283 0.5798757076263428 0.23329176505406699 0.5623686909675598 0.2587316036224365 0.5558035969734192 0.2628348271052043 0.5251663327217102 0.2628348271052043 0.49234068393707275 0.26857930421829224 0.46498599648475647 0.2800682783126831 0.4441964328289032 0.2874540487925212 0.4321603775024414 0.28827468554178876 0.45513829588890076 0.23985687891642252 0.46498599648475647 0.2226234277089437 0.47921040654182434 0.20374868313471475 0.5 0.1914390722910563 0.5382965803146362 0.17010241746902466 0.543767511844635 0.16435793042182922 0.5514268279075623 0.1651785671710968 0.5711222290992737 0.16599921385447183 0.5787815451622009 0.18323266506195068
1 0.6367734670639038 0.8011751969655355 0.635679304599762 0.8561580975850424 0.5787815451622009 0.8881630897521973 0.561274528503418 0.9226299921671549 0.5317314267158508 0.9529937108357748 0.5120360255241394 0.9776128927866617 0.4978116452693939 0.9644826253255209 0.47373950481414795 0.9341189861297607 0.47155115008354187 0.9300157229105631 0.4846813678741455 0.9004727204640707 0.4868697226047516 0.8660057385762533 0.4682685434818268 0.8422071933746338 0.4529499113559723 0.8241531054178873 0.4529499113559723 0.8143054644266764 0.4978116452693939 0.8134848276774088 0.5350139737129211 0.8085609277089437 0.5448617339134216 0.7806591192881266 0.5514268279075623 0.7683494885762533 0.58753502368927 0.7790178457895914 0.6170780658721924 0.7855829397837321
1 0.6838235259056091 0.9915637969970703 0.6772584319114685 0.9981289704640707 0.6665244102478027 0.9990234375 0.635679304599762 0.9989496072133383 0.6127013564109802 0.9981289704640707 0.5842524170875549 0.9956670602162679 0.5109418630599976 0.9964876969655355 0.5142244696617126 0.9874606132507324 0.5295431017875671 0.9735097090403239 0.5623686909675598 0.9398634433746338 0.5765931010246277 0.9291950861612955 0.5820640921592712 0.9242712656656901 0.600665271282196 0.9390428066253662 0.618172287940979 0.9587381680806478 0.6400560140609741 0.9735097090403239 0.667410671710968 0.9849987030029297
1 0.17283789813518524 0.8643644650777181 0.17830882966518402 0.9332982699076334 0.16955532133579254 0.9858193397521973 0.1642736792564392 0.9990234375 0.134541317820549 0.9973083337148031 0.11812850087881088 0.982536792755127 0.10280987620353699 0.9702271620432535 0.10062149912118912 0.9341189861297607 0.09952730685472488 0.9004727204640707 0.10062149912118912 0.8865218162536621 0.12907038629055023 0.8758534590403239
1 0.7746410965919495 0.6206341981887817 0.7790178656578064 0.6657694578170776 0.7833945751190186 0.6772584120432535 0.7647933959960938 0.6887473265329996 0.7396271228790283 0.6920299530029297 0.7254026532173157 0.6846441427866617 0.6991421580314636 0.6747964223225912 0.6739758849143982 0.6624868710835775 0.661939799785614 0.6509978771209717 0.661939799785614 0.6452534198760986 0.6652223467826843 0.6189929246902466 0.6882002949714661 0.5943737030029297 0.6991421580314636 0.5812434355417887 0.7177433371543884 0.5869878927866617 0.7341561317443848 0.6058626969655355 0.7483806014060974 0.6189929246902466 0.7626050114631653 0.6247373819351196
1 0.8326330184936523 0.7141873041788737 0.816220223903656 0.7429096698760986 0.8074667453765869 0.770811398824056 0.7976190447807312 0.7740939458211263 0.7735469341278076 0.7667082150777181 0.746192216873169 0.7593224843343099 0.7374387383460999 0.7527573903401693 0.7308735847473145 0.7379857699076334 0.7341561317443848 0.7215730349222819 0.7450980544090271 0.7100840409596761 0.7527573704719543 0.7018776734670004 0.7844887375831604 0.6846441427866617 0.8009015917778015 0.6805409590403239 0.8173143863677979 0.6887473265329996 0.8260679244995117 0.7059808572133383
1 0.9551820755004883 0.5459558963775635 0.9573704600334167 0.5689338445663452 0.9814426302909851 0.603400707244873 0.9880077242851257 0.6165310144424438 0.9923844337463379 0.6255580186843872 0.9923844337463379 0.6657694578170776 0.9737832546234131 0.6797203222910563 0.9486169815063477 0.6871060530344645 0.9311099052429199 0.6920299530029297 0.9223564267158508 0.6813615957895914 0.9026610851287842 0.6690519650777181 0.8829657435417175 0.6600249608357748 0.8643644452095032 0.6559217770894369 0.867647111415863 0.6337644259134928 0.8654586672782898 0.6116071542104086 0.8621761202812195 0.6066833337148031 0.8523284792900085 0.5935530662536621 0.8588935732841492 0.5812434355417887 0.8632702827453613 0.5697544813156128 0.8621761202812195 0.5541622638702393 0.8621761202812195 0.537749449412028 0.8665528893470764 0.5295430421829224 0.890625 0.5336462656656901 0.9146971106529236 0.5402113596598307 0.9431459903717041 0.5451352596282959
1 0.8304446339607239 0.5180540879567465 0.8304446339607239 0.5287224054336548 0.8381040096282959 0.5402113596598307 0.8490458130836487 0.5517003536224365 0.8490458130836487 0.5656512578328451 0.8446691036224365 0.5746783018112183 0.8424807190895081 0.5935530662536621 0.8348214626312256 0.5935530662536621 0.8238795399665833 0.5943737030029297 0.8107492923736572 0.5935530662536621 0.8030900359153748 0.5878085295359293 0.7965248227119446 0.571395754814148 0.7866771817207336 0.5500590801239014 0.7801120281219482 0.5369288126627604 0.7790178656578064 0.5279017686843872 0.7965248227119446 0.5172334512074789 0.8129376769065857 0.5106683572133383
1 0.7658875584602356 0.5254398584365845 0.7746410965919495 0.559906800587972 0.7855830192565918 0.5837053457895914 0.7855830192565918 0.6075039704640707 0.7757353186607361 0.6116071542104086 0.7615108489990234 0.603400707244873 0.7440038323402405 0.591911792755127 0.7254026532173157 0.577140212059021 0.7144607901573181 0.5722163915634155 0.6936712265014648 0.5705751180648804 0.6805409789085388 0.5607274373372396 0.67507004737854 0.5352875391642252 0.6630339622497559 0.5032825469970703 0.6630339622497559 0.49589677651723224 0.667410671710968 0.4893316427866618 0.6827293038368225 0.48358718554178876 0.7068014740943909 0.49261422952016193 0.7264968752861023 0.5090270837148031 0.7374387383460999 0.5172334512074789
1 0.5492384433746338 0.5053341388702393 0.574404776096344 0.5242089033126831 0.5853466391563416 0.5512900352478027 0.5908175706863403 0.5849363009134928 0.5842524170875549 0.595604658126831 0.5634629130363464 0.5767298936843872 0.5459558963775635 0.5627790292104086 0.5339198112487793 0.5480074882507324 0.530637264251709 0.5299533605575562 0.530637264251709 0.5143612225850424
1 0.5930059552192688 0.6066833337148031 0.618172287940979 0.6329437891642252 0.6477153301239014 0.6386882464090983 0.6553746461868286 0.6542805035909017 0.7100840210914612 0.6944918632507324 0.7210259437561035 0.6953125 0.728685200214386 0.7043395837148031 0.7243084907531738 0.7223936716715494 0.7188374996185303 0.7355238596598307 0.7078956961631775 0.7437303066253662 0.6882002949714661 0.7511161168416342 0.6772584319114685 0.7429096698760986 0.6477153301239014 0.7273174921671549 0.6225489974021912 0.7125459512074789 0.5951943397521973 0.708442767461141 0.5722163915634155 0.7092634042104086 0.5426732897758484 0.7199317614237467 0.5492384433746338 0.6977744102478027 0.5514268279075623 0.6780790487925211 0.5426732897758484 0.648535966873169 0.5153186321258545 0.6304818789164225 0.4879639446735382 0.6148897012074789 0.4682685434818268 0.6140690644582113 0.45185574889183044 0.6099658807118734 0.4660801887512207 0.6050420602162679 0.48905813694000244 0.59765625 0.5054709315299988 0.577140212059021 0.5196953415870667 0.5656512578328451 0.5448617339134216 0.5746783018112183 0.5590861439704895 0.5861672560373942 0.5787815451622009 0.5984768867492676
1 0.41465339064598083 0.8093815644582113 0.4223126471042633 0.8315388361612955 0.40261730551719666 0.8471310138702393 0.3916754424571991 0.8495930035909017 0.3785451650619507 0.8356420199076334 0.3697916567325592 0.8200499216715494 0.36869749426841736 0.8052783807118734 0.37526261806488037 0.7995339234670004 0.3971463441848755 0.8003545602162679
1 0.4846813678741455 0.9718684355417887 0.4474790096282959 0.9595588048299154 0.4223126471042633 0.950531800587972 0.3938637971878052 0.9488905270894369 0.3763568103313446 0.9685858090718588 0.35228466987609863 0.9948464234670004 0.37804320454597473 0.9990234375 0.4562325179576874 0.9973083337148031 0.48249301314353943 0.9973083337148031 0.4879639446735382 0.9956670602162679
1 0.3730742037296295 0.9365808963775635 0.3665091097354889 0.9587381680806478 0.3610381782054901 0.9710477987925211 0.3457195460796356 0.98828125 0.32164740562438965 0.9915637969970703 0.2975752651691437 0.9776128927866617 0.2921043336391449 0.9579175313313802 0.3074229657649994 0.9365808963775635 0.31945905089378357 0.9275538126627604 0.3358718454837799 0.9201680819193522 0.35337886214256287 0.9209887186686198
1 0.1465773731470108 0.7732733090718588 0.16627275943756104 0.8118435541788737 0.16627275943756104 0.8463103771209717 0.16080181300640106 0.8545168240865072 0.1432948261499405 0.8610819180806478 0.12469363212585449 0.8668263753255209 0.11046919226646423 0.868467648824056 0.10499825328588486 0.8635438283284506 0.10390406101942062 0.8274356524149576 0.10390406101942062 0.7962512969970703 0.10718662291765213 0.7831210295359293 0.11156337708234787 0.7749146620432535
1 0.19691002368927002 0.7289587656656901 0.21660538017749786 0.7880449295043945 0.21879376471042633 0.8257943789164225 0.24067752063274384 0.8791360060373942 0.2680322229862213 0.903755267461141 0.3085171580314636 0.9086790879567465 0.29976364970207214 0.9242712656656901 0.2822566330432892 0.9480698903401693 0.2855392098426819 0.9776128927866617 0.29648110270500183 0.9948464234670004 0.2647496461868286 0.9948464234670004 0.21113444864749908 0.9956670602162679 0.1837797611951828 0.9932050704956055 0.18268556892871857 0.9776128927866617 0.18596814572811127 0.9209887186686198 0.18487395346164703 0.8733915487925211 0.1804971843957901 0.8479517300923666 0.17393207550048828 0.8134848276774088 0.1651785671710968 0.7814797560373942 0.16080181300640106 0.7683494885762533 0.17612044513225555 0.7478334903717041
1 0.29101017117500305 0.5648306210835775 0.3107055127620697 0.5927324295043945 0.31836482882499695 0.6140690644582113 0.33368349075317383 0.6567424138387045 0.3260241448879242 0.6616662343343099 0.30304622650146484 0.6509978771209717 0.28444501757621765 0.6427915096282959 0.2822566330432892 0.6255580186843872 0.2636554539203644 0.5861672560373942 0.26037290692329407 0.5779608488082886
1 0.759322464466095 0.012539390474557877 0.7658875584602356 0.04782694081465403 0.7746410965919495 0.07572872936725616 0.7680759429931641 0.0896796186765035 0.7549457550048828 0.09378282229105632 0.7429096698760986 0.08311449488004048 0.7319677472114563 0.07244616746902466 0.7210259437561035 0.05603335301081339 0.7199317812919617 0.04208245873451233 0.7275910377502441 0.029772845407327015 0.7429096698760986 0.02074579894542694
1 0.7691702246665955 0.30714941024780273 0.7877714037895203 0.36131171385447186 0.7396271228790283 0.3596704403559367 0.7133665680885315 0.3588498036066691 0.6914828419685364 0.3391544024149577 0.6805409789085388 0.31699711084365845 0.6761642098426819 0.3038668632507324 0.705707311630249 0.3055081367492676 0.7418155074119568 0.3112526337305705
1 0.6871060729026794 0.3465401728947957 0.7046131491661072 0.36131171385447186 0.7089898586273193 0.3711593945821126 0.6816351413726807 0.3842896620432536 0.6531862616539001 0.4138327439626058 0.644432783126831 0.40398502349853516 0.6477153301239014 0.38264838854471844 0.6706932187080383 0.3563878536224365
1 0.6203606724739075 0.23247110843658447 0.6105129718780518 0.25380778312683105 0.6488094925880432 0.29566045602162677 0.6302083134651184 0.3014049132664998 0.6072303652763367 0.28827468554178876 0.5897234082221985 0.2767856915791829 0.5754989385604858 0.2652967572212219 0.5886291861534119 0.2406775156656901 0.5995710492134094 0.22180279095967612 0.6083245873451233 0.22180279095967612
1 0.6564688086509705 0.30222558975219727 0.6685048937797546 0.31289390722910565 0.67507004737854 0.32766544818878174 0.6794467568397522 0.3399750391642253 0.6717875003814697 0.34079567591349286 0.6509979367256165 0.3293067216873169 0.635679304599762 0.317817747592926 0.6367734670639038 0.3055081367492676
1 0.39933475852012634 0.7404477596282959 0.4037114679813385 0.765066941579183 0.41465339064598083 0.7855829397837321 0.41246497631073 0.7954306602478027 0.3851102888584137 0.7880449295043945 0.3676033020019531 0.7913274765014648 0.3544730246067047 0.8052783807118734 0.3325892984867096 0.8028164704640707 0.3205532133579254 0.7937893867492676 0.33368349075317383 0.7724526723225912 0.3358718454837799 0.7535780270894369 0.34024858474731445 0.7182904879252116 0.3457195460796356 0.7035189469655355 0.3643207252025604 0.723214308420817 0.38729867339134216 0.7347032229105631
1 0.9934785962104797 0.6788996855417887 0.9562762379646301 0.6944918632507324 0.9278273582458496 0.7068014939626058 0.8928133845329285 0.7125459512074789 0.8501400947570801 0.7207523981730143 0.8359156250953674 0.7248555819193522 0.8249737620353699 0.7470128536224365 0.8173143863677979 0.7716320355733236 0.8446691036224365 0.7691701253255209 0.8840599060058594 0.7716320355733236 0.9223564267158508 0.7585018475850424 0.9606530070304871 0.7379857699076334 0.9934785962104797 0.7273174921671549 0.9989495873451233 0.6961331367492676
1 0.9989495873451233 0.5082064469655355 0.9792541861534119 0.5164128144582113 0.9726890921592712 0.5385700861612955 0.9715948700904846 0.5566242535909017 0.9836309552192688 0.5902704397837321 0.9923844337463379 0.6017594337463379 0.9934785962104797 0.5549829800923666 0.9956669807434082 0.5311843554178873 0.9978554248809814 0.5221573114395142 0.9989495873451233 0.5164128144582113
1 0.9978554248809814 0.21031381686528525 0.9814426302909851 0.2160582939783732 0.9540879130363464 0.22836790482203165 0.9628413319587708 0.2529871463775635 0.9737832546234131 0.2693999409675598 0.9847251772880554 0.2808889150619507 0.9923844337463379 0.28499213854471844 0.9956669807434082 0.2792476415634155 0.9978554248809814 0.2587316036224365 0.9967612624168396 0.23000919818878174
1 0.9945728182792664 0.830718199412028 0.9781599640846252 0.8290769259134928 0.9573704600334167 0.830718199412028 0.9365808963775635 0.8381040096282959 0.9157913327217102 0.8479517300923666 0.908132016658783 0.8643644650777181 0.9125087261199951 0.8799566427866617 0.9431459903717041 0.8914456367492676 0.9573704600334167 0.903755267461141 0.965029776096344 0.9111410776774088 0.9869135022163391 0.9021139939626058 0.9956669807434082 0.8988314469655355 0.9945728182792664 0.8668263753255209 0.9956669807434082 0.8454897403717041
1 0.846857488155365 0.9316569964090983 0.8227853775024414 0.9324776331583658 0.8030900359153748 0.9341189861297607 0.7746410965919495 0.9259125391642252 0.7582283020019531 0.9275538126627604 0.7505689263343811 0.9464286168416342 0.746192216873169 0.9587381680806478 0.7483806014060974 0.9759716192881266 0.7724527716636658 0.9735097090403239 0.7954306602478027 0.9554556210835775 0.8129376769065857 0.9546349843343099 0.837009847164154 0.9529937108357748 0.8413865566253662 0.9472492535909017
