1 0.9940257352941176 0.9923844537815126 0.9398634453781513 0.9956670168067228 0.9226299894957983 0.9836309523809524 0.9185267857142858 0.9201680672268907 0.9185267857142858 0.8610819327731093 0.9447872899159664 0.8402923669467787 0.9907431722689076 0.8370098039215687 1.0 0.8398580586080585 0.9997702205882353 0.9311099439775911
1 0.9136029411764706 0.9912902661064426 0.8733915441176471 0.9989495798319328 0.830718224789916 0.9945728291316528 0.8200498949579832 0.9945728291316528 0.8356420693277311 0.9453343837535014 0.8454897584033614 0.8774947478991596 0.852875525210084 0.8271621148459384 0.8619025735294118 0.812937675070028 0.8980107668067228 0.8205969887955181 0.9119616596638656 0.8238795518207284 0.9045758928571429 0.8599877450980392 0.907858455882353 0.9092261904761906 0.9119616596638656 0.9562762605042017
1 0.8028164390756303 0.9923844537815126 0.8241530987394958 0.923450630252101 0.8340007878151261 0.8764005602240896 0.8372833508403361 0.8304446778711485 0.8200498949579832 0.8074667366946778 0.7995338760504203 0.7801120448179272 0.7749146533613446 0.7812062324929973 0.7527573529411764 0.8085609243697479 0.7191110819327731 0.8774947478991596 0.6953125 0.9278273809523809 0.7018776260504203 0.9967612044817927 0.7366946778711483 1.0 0.7716320903361344 0.9967612044817927
1 0.6608455882352942 0.9923844537815126 0.6230961134453782 0.9223564425770309 0.6017594537815126 0.88843662464986 0.5820640756302521 0.8753063725490197 0.5131302521008403 0.8950017507002802 0.4729188550420168 0.9048494397759104 0.45322347689075626 0.9157913165266107 0.43434873949579833 0.9398634453781513 0.44009322478991597 0.9891018907563026 0.45158219537815125 0.9989495798319328 0.5131302521008403 0.9967612044817927 0.5722163865546218 0.9978553921568628 0.6148897058823529 0.9989495798319328 0.6444327731092437 0.9978553921568628
1 0.6764377626050421 0.9289215686274509 0.6600249474789917 0.8599877450980392 0.6698726365546218 0.809655112044818 0.6912092962184875 0.7647934173669468 0.7289587710084033 0.7582282913165267 0.7420890231092436 0.7658876050420168 0.7232142857142858 0.812937675070028 0.69859506302521 0.8676470588235294 0.6912092962184875 0.9059436274509803 0.6838235294117647 0.9212622549019608
1 0.6436121323529412 0.8556109943977591 0.5951943277310925 0.854516806722689 0.5590861344537815 0.8588935574229692 0.5155921743697479 0.8643644957983193 0.49179359243697485 0.8731179971988796 0.4589679621848739 0.8796831232492998 0.4450170693277311 0.8665528711484595 0.43927258403361347 0.8359156162464986 0.441734506302521 0.8052783613445378 0.4540441176470589 0.7790178571428572 0.4729188550420168 0.7582282913165267 0.49261423319327735 0.7319677871148459 0.5164128151260504 0.7100840336134454 0.5385701155462185 0.695859593837535 0.5713957457983193 0.6871060924369748 0.6025800945378151 0.6903886554621849 0.6436121323529412 0.7232142857142857 0.6682313550420168 0.7472864145658263 0.659204306722689 0.7812062324929973 0.6501772584033614 0.8195028011204482
1 0.4146533613445378 0.9934786414565826 0.41137079831932777 0.9475227591036415 0.42532169117647056 0.9125087535014006 0.44009322478991597 0.8774947478991596 0.4203978466386554 0.810749299719888 0.400702468487395 0.8118434873949579 0.37033876050420167 0.8205969887955181 0.3342305672268907 0.8359156162464986 0.3038668592436975 0.8567051820728291 0.2767857142857143 0.8939075630252101 0.2521664915966386 0.9354866946778712 0.2365743172268907 0.9847251400560224 0.24478072478991597 0.9956670168067228 0.2784269957983193 0.9956670168067228 0.32520351890756305 0.9934786414565826 0.3457195378151261 0.9934786414565826 0.36623555672268904 0.9934786414565826 0.39413734243697474 0.9945728291316528 0.4048056722689075 0.9945728291316528
1 0.5787815126050421 0.6619397759103641 0.5541622899159664 0.6619397759103641 0.5279017857142857 0.6739758403361344 0.501641281512605 0.696953781512605 0.47948398109243695 0.7221200980392157 0.46389180672268904 0.7286852240896359 0.4589679621848739 0.7089898459383753 0.46635372899159666 0.6871060924369748 0.47784269957983194 0.6542804621848739 0.4876903886554622 0.6269257703081232 0.49589679621848737 0.5973827030812325 0.5073857668067226 0.579875700280112 0.5147715336134454 0.5656512605042017 0.5254398634453782 0.5536151960784313 0.5459558823529412 0.5372023809523809 0.5623686974789917 0.5251663165266106 0.5697544642857143 0.5240721288515405 0.5779608718487395 0.5536151960784313 0.5812434348739496 0.577687324929972 0.5910911239495799 0.6148897058823529 0.5919117647058824 0.6400560224089635
1 0.9940257352941176 0.542673319327731 0.9365808823529412 0.5579919467787114 0.888983718487395 0.5612745098039216 0.8815979516806722 0.5503326330532212 0.8980107668067228 0.49562324929971985 0.9168855042016807 0.47373949579831925 0.9447872899159664 0.46498599439775906 0.9800748424369748 0.45294992997198874 0.9948463760504203 0.4518557422969187 0.9973082983193278 0.49124649859943975 1.0 0.5154718137254899
1 0.986639968487395 0.8074667366946778 0.9497111344537815 0.8195028011204482 0.9160648634453782 0.8151260504201682 0.8766741071428572 0.8019957983193278 0.8471310399159664 0.7965248599439776 0.8241530987394958 0.777923669467787 0.8077402836134454 0.7571341036414566 0.8069196428571428 0.7024247198879552 0.8282563025210083 0.6477153361344538 0.851234243697479 0.5864408263305322 0.8660057773109244 0.5612745098039216 0.9004726890756303 0.5765931372549019 0.9341189600840336 0.578781512605042 0.9595588235294118 0.5722163865546218 0.9923844537815126 0.5634628851540616 0.9997702205882353 0.5831582633053222 0.9981289390756303 0.658657212885154 0.9973082983193278 0.7254026610644257 0.9981289390756303 0.7647934173669468 0.9989495798319328 0.8019957983193278
1 0.7864036239495799 0.7516631652661064 0.7626050420168067 0.7593224789915967 0.7379858193277311 0.7450980392156863 0.7363445378151261 0.6630339635854342 0.7347032563025211 0.5951943277310924 0.7445509453781513 0.5558035714285714 0.7626050420168067 0.4682685574229692 0.7667082457983194 0.43544292717086835 0.7691701680672269 0.3916754201680672 0.7921481092436975 0.4048056722689075 0.8069196428571428 0.4452906162464985 0.8175879726890756 0.48577556022408963 0.8364627100840336 0.5229779411764706 0.8389246323529411 0.5601803221288515 0.8274356617647058 0.5908175770308123 0.8077402836134454 0.6400560224089635 0.7921481092436975 0.6980479691876752 0.7880449054621849 0.7308735994397759
1 0.7174698004201681 0.7461922268907563 0.6723345588235294 0.7254026610644257 0.635405724789916 0.6892944677871148 0.6099658613445378 0.6641281512605042 0.599297531512605 0.6323967086834733 0.596014968487395 0.5579919467787114 0.5853466386554622 0.5251663165266106 0.5754989495798319 0.47483368347338933 0.561548056722689 0.4474789915966386 0.5861672794117647 0.42887780112044815 0.6239167542016807 0.43325455182072825 0.6665900735294118 0.43763130252100835 0.6772584033613446 0.48686974789915966 0.6813616071428572 0.539390756302521 0.693671218487395 0.5765931372549019 0.7092633928571428 0.5951943277310924 0.7199317226890756 0.6302083333333334 0.7207523634453782 0.6674107142857143 0.7182904411764706 0.7100840336134454 0.7199317226890756 0.7319677871148459
1 0.7223936449579832 0.577687324929972 0.7084427521008403 0.5623686974789915 0.6977744222689075 0.5175070028011204 0.6953125 0.4671743697478991 0.69859506302521 0.42887780112044815 0.7010569852941176 0.39714635854341734 0.7445509453781513 0.4146533613445378 0.7568605567226891 0.4387254901960784 0.7486541491596639 0.4945290616246498 0.7379858193277311 0.5568977591036414 0.7289587710084033 0.5667454481792716
1 0.45158219537815125 0.7429096638655462 0.4294248949579832 0.7866771708683474 0.40808823529411764 0.7932422969187676 0.38018644957983194 0.7987132352941178 0.35146402310924374 0.8030899859943977 0.3194590336134454 0.8063725490196078 0.2899159663865546 0.7899597338935574 0.30797006302521013 0.7582282913165267 0.3194590336134454 0.7144607843137255 0.3211003151260504 0.6652223389355741 0.32930672268907557 0.6411502100840336 0.3580291491596639 0.615983893557423 0.3851102941176471 0.6083245798319328 0.40808823529411764 0.5919117647058824 0.42203912815126055 0.5590861344537815 0.43516938025210083 0.5262605042016807 0.4540441176470589 0.4770220588235294 0.46471244747899165 0.4452906162464985 0.4835871848739496 0.43325455182072825 0.5098476890756303 0.42887780112044815 0.5418526785714286 0.4726453081232493 0.5517003676470589 0.5054709383753501 0.5295430672268907 0.5317314425770308 0.49671743697478987 0.5667454481792716 0.46799501050420167 0.6411502100840336 0.45158219537815125 0.6980479691876752
1 0.1799501050420167 0.9748774509803922 0.1257878151260503 0.9978553921568628 0.08475577731092443 0.9934786414565826 0.028952205882353033 0.9956670168067228 0.0009765625 0.9918412877971702 0.0009765625 0.9223564425770309 0.00433298319327724 0.9004726890756304 0.021566439075630273 0.8764005602240896 0.04946822478991586 0.8381039915966387 0.09624474789915971 0.7976190476190476 0.13153230042016806 0.7724527310924371 0.1528689600840336 0.7636992296918766 0.18077074579831942 0.7921481092436974 0.20046612394957986 0.8271621148459384 0.21934086134453779 0.8304446778711485 0.24231880252100835 0.8205969887955181 0.27268251050420167 0.809655112044818 0.2940191701680672 0.8085609243697479 0.29976365546218486 0.8195028011204482 0.27022058823529416 0.8610819327731093 0.24231880252100835 0.88953081232493 0.21769957983193278 0.9146971288515408 0.20128676470588236 0.9365808823529411 0.19061843487394958 0.9584646358543418
1 0.00433298319327724 0.8698354341736695 0.03797925420168058 0.8260679271708683 0.07408744747899165 0.7965248599439776 0.1241465336134453 0.7582282913165267 0.14384191176470584 0.7286852240896359 0.14302127100840334 0.7013305322128852 0.13071165966386555 0.6367734593837534 0.11676076680672276 0.5634628851540616 0.1233258928571428 0.5229779411764706 0.1241465336134453 0.48577556022408963 0.12250525210084029 0.46498599439775906 0.08639705882352944 0.4496673669467787 0.06013655462184864 0.43106617647058815 0.028131565126050306 0.40152310924369744 0.008436186974789983 0.385110294117647 0.0009765625 0.39143967245989303 0.0009765625 0.5284488795518206 0.0018710609243697274 0.622549019607843 0.005153623949579744 0.7078956582633054 0.0010504201680672232 0.7844887955182074 0.0009765625 0.7855720413165267 0.0009765625 0.8643644957983193
1 0.2357536764705882 0.812937675070028 0.21605829831932777 0.8162202380952381 0.20292804621848737 0.8041841736694678 0.17584690126050417 0.7724527310924371 0.1635372899159664 0.7593224789915967 0.1643579306722689 0.7319677871148459 0.20046612394957986 0.7341561624649859 0.23821559873949583 0.7352503501400559 0.27104122899159666 0.7308735994397759 0.2907366071428571 0.7144607843137255 0.2792476365546218 0.7472864145658263 0.2661173844537815 0.7691701680672268 0.2505252100840336 0.7823004201680672
1 0.42450105042016806 0.5 0.4031643907563025 0.5590861344537815 0.3842896533613446 0.5897233893557422 0.34161633403361347 0.5941001400560224 0.32356223739495793 0.5853466386554621 0.3211003151260504 0.5448616946778712 0.3219209558823529 0.5120360644257703 0.32848608193277307 0.47483368347338933 0.3498227415966386 0.4496673669467787 0.36459427521008403 0.42887780112044815 0.3900341386554622 0.44200805322128844 0.4179359243697479 0.4704569327731092
1 0.43681066176470584 0.4671743697478991 0.40808823529411764 0.4387254901960784 0.400702468487395 0.423406862745098 0.42203912815126055 0.42450105042016806 0.4466583508403361 0.42778361344537813 0.45240283613445376 0.43106617647058815 0.4466583508403361 0.45294992997198874
1 0.47620141806722693 0.3993347338935574 0.4581473214285714 0.4157475490196078 0.42614233193277307 0.4113707983193277 0.39495798319327735 0.4037114845938375 0.3719800420168067 0.39058123249299714 0.3728006827731093 0.3610381652661064 0.3777245273109243 0.3205532212885154 0.39741990546218486 0.2756915266106443 0.4130120798319328 0.25052521008403367 0.42368040966386555 0.23958333333333334 0.4540441176470589 0.25052521008403367 0.4819459033613446 0.2691264005602241 0.47702205882352944 0.30742296918767514 0.4737394957983193 0.3358718487394958 0.47620141806722693 0.37088585434173665
1 0.7699908088235294 0.36650910364145656 0.7199317226890756 0.37745098039215685 0.6624868697478992 0.3982405462184873 0.6230961134453782 0.4080882352941176 0.5886292016806722 0.4069940476190476 0.5492384453781513 0.4069940476190476 0.5123096113445378 0.4004289215686274 0.4991793592436975 0.39714635854341734 0.49671743697478987 0.3763567927170868 0.49425551470588236 0.33915441176470584 0.49671743697478987 0.304140406162465 0.5008206407563025 0.27787990196078427 0.5180540966386554 0.2614670868347339 0.559906775210084 0.24177170868347334 0.5878085609243697 0.21332282913165276 0.6066832983193278 0.17830882352941183 0.6140690651260504 0.16408438375350146 0.6280199579831933 0.1684611344537815 0.6493566176470589 0.17502626050420167 0.6805409663865546 0.18815651260504204 0.7084427521008403 0.2034751400560224 0.7322413340336135 0.2198879551820728 0.7453715861344539 0.2198879551820728 0.7658876050420168 0.2111344537815126 0.7847623424369747 0.21769957983193278 0.8019957983193278 0.22645308123249297 0.8011751575630253 0.27459733893557425 0.7872242647058824 0.32821253501400555 0.7757352941176471 0.3522846638655462
1 0.9973082983193278 0.4299719887955182 0.9603794642857143 0.4409138655462184 0.9201680672268908 0.4452906162464985 0.9291951155462186 0.4102766106442577 0.9275538340336135 0.3697916666666666 0.9259125525210083 0.34571953781512604 0.9529936974789917 0.33915441176470584 0.9743303571428572 0.33258928571428575 0.9956670168067228 0.33149509803921573 0.9973082983193278 0.3719800420168067
1 0.8381039915966386 0.4901523109243697 0.8725709033613446 0.47373949579831925 0.8898043592436975 0.4595150560224089 0.9012933298319328 0.4299719887955182 0.911141018907563 0.3960521708683473 0.907858455882353 0.3730742296918767 0.9021139705882353 0.3424369747899159 0.892266281512605 0.30851715686274517 0.88734243697479 0.2822566526610644 0.890625 0.2625612745098039 0.8577993697478992 0.2538077731092437 0.8397452731092437 0.2472426470588235 0.8266150210084033 0.24505427170868352 0.8159466911764706 0.300857843137255 0.8003545168067228 0.346813725490196 0.7954306722689075 0.37088585434173665 0.8052783613445378 0.3993347338935574 0.813484768907563 0.42450105042016806 0.8241530987394958 0.46060924369747897 0.8298975840336135 0.47921043417366943
1 0.9964876575630253 0.3128939075630252 0.9546349789915967 0.32383578431372556 0.9259125525210083 0.3304009103641457 0.9152442226890756 0.3271183473389356 0.9103203781512605 0.30195203081232497 0.907858455882353 0.28116246498599445 0.9045758928571429 0.26365546218487407 0.9234506302521008 0.2428658963585435 0.9464285714285714 0.23301820728291314 0.9702271533613446 0.22973564425770313 0.98828125 0.22317051820728295 0.9981289390756303 0.22098214285714293
1 0.9948463760504203 0.1925332633053222 0.9612001050420168 0.21441701680672276 0.9300157563025211 0.22426470588235295 0.892266281512605 0.23411239495798317 0.8692883403361344 0.22973564425770313 0.8619025735294118 0.2111344537815126 0.8610819327731092 0.18706232492997202 0.8610819327731092 0.16517857142857148 0.8553374474789917 0.13891806722689073 0.8627232142857143 0.10499824929971997 0.8815979516806722 0.07326680672268908 0.8996520483193278 0.0481004901960785 0.9086790966386555 0.032781862745098124 0.9193474264705883 0.01308648459383758 0.9326048778886555 0.0013020833333333333 0.9685858718487395 0.0013020833333333333 1.0 0.004277028118940003 1.0 0.07654936974789923 1.0 0.1564250700280113
1 0.8471310399159664 0.21879376750700277 0.8233324579831933 0.21769957983193278 0.8151260504201681 0.19691001400560224 0.810202205882353 0.17830882352941183 0.7962513130252101 0.14548319327731093 0.78968618697479 0.12250525210084036 0.7814797794117647 0.09515056022408963 0.7691701680672269 0.06889005602240905 0.755219275210084 0.03934698879551816 0.7371651785714286 0.009803921568627416 0.7486541491596639 0.005427170868347393 0.7831210609243697 0.006521358543417399 0.8233324579831933 0.008709733893557411 0.8594406512605042 0.004332983193277388 0.888983718487395 0.004332983193277388 0.8725709033613446 0.04919467787114851 0.8495929621848739 0.07654936974789923 0.8372833508403361 0.11156337535014 0.8389246323529411 0.14767156862745093 0.8454897584033614 0.17283788515406165 0.8471310399159664 0.18377976190476186 0.8479516806722689 0.2078518907563026
1 0.774094012605042 0.17830882352941183 0.7453715861344539 0.2023809523809524 0.7289587710084033 0.2001925770308124 0.69859506302521 0.18815651260504204 0.6805409663865546 0.17393207282913167 0.6583836659663865 0.1597076330532213 0.6567423844537815 0.1531425070028011 0.6706932773109244 0.11703431372549018 0.6903886554621849 0.08092612044817926 0.7002363445378151 0.05138305322128852 0.7133665966386555 0.02074579831932777 0.7207523634453782 0.017463235294117602 0.7461922268907564 0.04919467787114851 0.7642463235294118 0.08311449579831942 0.7716320903361344 0.11484593837535018 0.7765559348739496 0.14329481792717091 0.7765559348739496 0.15533088235294126
1 0.6378676470588235 0.1487657563025211 0.6148897058823529 0.14548319327731093 0.5984768907563025 0.12688200280112052 0.5681131827731093 0.10718662464986 0.5369288340336135 0.0995273109243698 0.4975380777310925 0.0907738095238096 0.46553308823529416 0.07983193277310925 0.441734506302521 0.06013655462184871 0.43845194327731096 0.030593487394957968 0.44009322478991597 0.005427170868347393 0.46635372899159666 0.0032387955182072345 0.5123096113445378 0.004332983193277388 0.5779608718487395 0.008709733893557411 0.6501772584033614 0.008709733893557411 0.7033536070678271 0.0013020833333333333 0.6912092962184875 0.04262955182072833 0.6665900735294118 0.09515056022408963 0.6485359768907563 0.12031687675070035
1 0.5984768907563025 0.16627275910364148 0.5508797268907563 0.21879376750700277 0.5041032037815126 0.24177170868347334 0.4729188550420168 0.2428658963585435 0.441734506302521 0.22535889355742297 0.4294248949579832 0.18815651260504204 0.4269629726890757 0.15751925770308128 0.4179359243697479 0.11703431372549018 0.4154740021008403 0.07764355742296924 0.4286042542016807 0.06232492997198887 0.45076155462184875 0.08092612044817926 0.4827665441176471 0.10280987394957981 0.5213366596638656 0.10390406162464982 0.5713957457983193 0.11375175070028017 0.59765625 0.14548319327731093
1 0.4154740021008403 0.04372373949579833 0.3867515756302521 0.021839985994397775 0.3736213235294118 0.007615546218487405 0.4031643907563025 0.004332983193277388 0.42450105042016806 0.004332983193277388 0.4310661764705882 0.009803921568627416 0.42614233193277307 0.02949929971988796
1 0.32520351890756305 0.6105129551820728 0.3071494222689075 0.6717874649859944 0.29566045168067223 0.6991421568627452 0.27022058823529416 0.7155549719887956 0.22426470588235292 0.7254026610644257 0.18323266806722693 0.7188375350140056 0.16025472689075637 0.7078956582633054 0.15615152310924363 0.6641281512605042 0.1512276785714286 0.6247373949579832 0.14794511554621836 0.5700280112044818 0.14466255252100835 0.5295430672268907 0.14302127100840334 0.48468137254901955 0.1520483193277311 0.4595150560224089 0.17584690126050417 0.4452906162464985 0.21605829831932777 0.46060924369747897 0.2357536764705882 0.46498599439775906 0.26939994747899154 0.4770220588235294 0.29730173319327735 0.48577556022408963 0.3046875 0.5186011904761905 0.31125262605042014 0.5678396358543417 0.3178177521008403 0.6028536414565826
1 0.12824973739495804 0.4409138655462184 0.16271664915966388 0.4168417366946778 0.17666754201680668 0.3960521708683473 0.18733587184873945 0.3763567927170868 0.18487394957983194 0.34462535014005596 0.17502626050420167 0.25052521008403367 0.14548319327731085 0.2702205882352941 0.109375 0.26803221288515405 0.12989101890756305 0.32383578431372556 0.1233258928571428 0.3577556022408963 0.10691307773109249 0.3993347338935574 0.11594012605042026 0.4299719887955182
1 0.10527179621848748 0.43106617647058815 0.0675223214285714 0.4113707983193277 0.04618566176470584 0.39058123249299714 0.040441176470588314 0.3621323529411764 0.033055409663865554 0.33368347338935567 0.024028361344537785 0.2975752801120448 0.01171875 0.2702205882352941 0.02074579831932777 0.21879376750700277 0.026490283613445298 0.17502626050420167 0.029772846638655537 0.12907037815126055 0.03879989495798308 0.1257878151260504 0.05521271008403361 0.12907037815126055 0.06588103991596639 0.17502626050420167 0.08721769957983194 0.23630077030812333 0.09870667016806722 0.25927871148459386 0.11429884453781503 0.3139880952380952 0.12004332983193278 0.32274159663865554 0.11101628151260501 0.3511904761904761 0.10609243697478998 0.38401610644257694 0.09788602941176472 0.40152310924369744 0.10363051470588225 0.4157475490196078
1 0.29894301470588236 0.46936274509803916 0.23082983193277307 0.4452906162464985 0.19800420168067223 0.4321603641456582 0.1939009978991596 0.4146533613445378 0.20456932773109238 0.3599439775910364 0.208672531512605 0.25599614845938373 0.21277573529411764 0.22317051820728295 0.21359637605042014 0.1684611344537815 0.22426470588235292 0.11922268907563034 0.2497045693277311 0.09733893557422964 0.2866334033613446 0.06451330532212889 0.3219209558823529 0.05357142857142853 0.3448988970588235 0.03497023809523814 0.3637736344537815 0.01855742296918776 0.4048056722689075 0.055759803921568686 0.4031643907563025 0.10390406162464982 0.40644695378151263 0.1597076330532213 0.4203978466386554 0.2001925770308124 0.400702468487395 0.23739495798319332 0.3760832457983193 0.27350315126050423 0.3588497899159664 0.31508228291316537 0.3604910714285714 0.37088585434173665 0.3613117121848739 0.4048056722689075 0.3342305672268907 0.43325455182072825 0.30797006302521013 0.45294992997198874
1 0.17256433823529416 0.23739495798319332 0.15368960084033612 0.24833683473389354 0.13563550420168058 0.25709033613445387 0.11922268907563027 0.2538077731092437 0.10116859243697474 0.24614845938375352 0.08885898109243695 0.21660539215686278 0.07901129201680668 0.18596813725490202 0.07244616596638664 0.16299019607843146 0.0691636029411764 0.13891806722689073 0.08721769957983194 0.14329481792717091 0.11265756302521002 0.14767156862745093 0.12824973739495804 0.13782387955182074 0.13481486344537807 0.10718662464986 0.1495863970588236 0.06013655462184871 0.15615152310924363 0.030593487394957968 0.1643579306722689 0.02074579831932777 0.19472163865546221 0.03606442577030814 0.2209821428571428 0.05466561624649868 0.2365743172268907 0.0677958683473389 0.21277573529411764 0.10390406162464982 0.19636292016806722 0.1509541316526611 0.18323266806722693 0.18706232492997202 0.1791294642857142 0.21879376750700277
1 0.12004332983193278 0.13235294117647056 0.10527179621848748 0.13891806722689073 0.08475577731092443 0.12688200280112052 0.06095719537815114 0.12250525210084036 0.037158613445378075 0.11594012605042019 0.015001313025210017 0.13235294117647056 0.01910451680672276 0.14657738095238093 0.0026917016806722316 0.14329481792717091 0.0010504201680672232 0.12688200280112052 0.00433298319327724 0.08749124649859945 0.008436186974789983 0.055759803921568686 0.028131565126050306 0.028405112044817955 0.06423975840336138 0.004332983193277388 0.08333442752100872 0.0013020833333333333 0.1380974264705883 0.0013020833333333333 0.1528689600840336 0.004332983193277388 0.13563550420168058 0.04919467787114851 0.12907037815126055 0.10062149859943981
1 0.33915441176470584 0.004332983193277388 0.2915572478991597 0.005427170868347393 0.2497045693277311 0.007615546218487405 0.1922597163865546 0.005427170868347393 0.17010241596638664 0.0032387955182072345 0.19554227941176472 0.025122549019607792 0.21769957983193278 0.038252801120448154 0.24231880252100835 0.04372373949579833 0.25791097689075626 0.04919467787114851 0.2792476365546218 0.04262955182072833 0.3022255777310924 0.03497023809523814 0.31207326680672265 0.024028361344537785
