1 0.06547141075134277 0.0013020833333333333 0.14758610725402832 0.0013020833333333333 0.17995882034301758 0.0013020833333333333 0.17199468612670898 0.022406617800394695 0.18211036920547485 0.07292596499125163 0.1951151192188263 0.08792455991109212 0.22000008821487427 0.07051356633504231 0.23452284932136536 0.07251568635304768 0.2549137473106384 0.09852055708567302 0.2737751603126526 0.13753672440846762 0.2888784110546112 0.16238037745157877 0.32568949460983276 0.2034932573636373 0.35824403166770935 0.22234328587849936 0.3906702995300293 0.23618298768997192 0.40000221133232117 0.24878621101379395 0.38212960958480835 0.2710840900739034 0.3581717014312744 0.30058181285858154 0.33291271328926086 0.32098617156346637 0.29639124870300293 0.3308323621749878 0.27094894647598267 0.3324655095736186 0.2537907361984253 0.3134191433588664 0.24561816453933716 0.2847086985905965 0.2516241669654846 0.25106410185496014 0.23099175095558167 0.20691255728403726 0.22013968229293823 0.19853472709655762 0.18842139840126038 0.20848480860392252 0.1760905683040619 0.22460498412450156 0.15710610151290894 0.21664750576019287 0.1310604214668274 0.20232601960500082 0.11110579967498779 0.19724210103352866 0.08299347758293152 0.17165523767471313 0.06795340776443481 0.16364753246307373 0.05771896243095398 0.1566090981165568 0.058583080768585205 0.07765273253122966 0.06064334511756897 0.0033539136250813804 0.061213910579681396 0.0013020833333333333
0 0.19305136799812317 0.0013020833333333333 0.1829541027545929 0.008124788602193197 0.17890167236328125 0.026909232139587402 0.18314936757087708 0.05564399560292562 0.18915078043937683 0.07025782267252605 0.19759246706962585 0.07713794708251953 0.2077500820159912 0.06792378425598145 0.21867021918296814 0.047498345375061035 0.22113850712776184 0.02415188153584798 0.22584965825080872 0.011505564053853353 0.23045453429222107 0.00615994135538737 0.21140363812446594 0.0034351746241251626
1 0.2629556357860565 0.025054574012756348 0.2566989064216614 0.05214063326517741 0.2618388533592224 0.07717955112457275 0.2715262770652771 0.11136023203531902 0.28882870078086853 0.14293575286865234 0.3076133131980896 0.16559024651845297 0.3307856321334839 0.18928974866867065 0.38047510385513306 0.2171731392542521 0.4101179242134094 0.23012983798980713 0.426378071308136 0.1852564016977946 0.4354710578918457 0.14880470434824625 0.4404132068157196 0.1375462214152018 0.4082561135292053 0.1313553253809611 0.3870186507701874 0.10071245829264323 0.3633617162704468 0.06750524044036865 0.35326823592185974 0.04854428768157959 0.34824633598327637 0.03156586488087972 0.3251378536224365 0.024241964022318523 0.2788124680519104 0.01652991771697998 0.2719828486442566 0.014201919237772623
1 0.3851408064365387 0.04534590244293213 0.3985109329223633 0.08431716759999593 0.4119059443473816 0.10273325443267822 0.4385739862918854 0.1110687255859375 0.4553039073944092 0.11215054988861084 0.4465436041355133 0.14934400717417398 0.4346432685852051 0.1866911252339681 0.4264734387397766 0.21326059103012085 0.42106956243515015 0.22395791610081991 0.4158267676830292 0.2440587282180786 0.41898399591445923 0.2679109772046407 0.4204519987106323 0.2994265953699748 0.4279095530509949 0.3219376603762309 0.4410628080368042 0.32246402899424237 0.4516407251358032 0.33256298303604126 0.46115973591804504 0.33708985646565753 0.47816964983940125 0.3103139599164327 0.4865257143974304 0.2829408645629883 0.48299404978752136 0.2594190041224162 0.48991304636001587 0.23482700188954672 0.5075566172599792 0.1699489951133728 0.4993037283420563 0.12414669990539551 0.5117431879043579 0.07747010389963786 0.5236233472824097 0.056005398432413735 0.5293807983398438 0.051840623219807945 0.5067758560180664 0.048517823219299316 0.5067758560180664 0.048517823219299316 0.5067758560180664 0.048517823219299316 0.40459296107292175 0.03857151667277018 0.3902507722377777 0.03640071551005045
1 0.5679887533187866 0.05489544073740641 0.5715470314025879 0.07024653752644856 0.5908684134483337 0.0798639456431071 0.5946230888366699 0.12972489992777506 0.5924025177955627 0.16870933771133423 0.5971596240997314 0.19310263792673746 0.6167187094688416 0.2137203812599182 0.656478226184845 0.22695289055506387 0.6827947497367859 0.21877415974934897 0.7142638564109802 0.18370264768600464 0.7383022308349609 0.1729284922281901 0.7630938291549683 0.17827637990315756 0.7749307751655579 0.18709444999694824 0.7914602756500244 0.19737513860066733 0.8170544505119324 0.2016589641571045 0.7896667718887329 0.15731640656789145 0.7656484246253967 0.12219480673472087 0.7533249855041504 0.0986183484395345 0.7427418231964111 0.07251667976379395 0.7417342662811279 0.05063851674397787 0.7443500757217407 0.04413755734761556 0.6818439960479736 0.04875723520914713 0.6341171860694885 0.049241979916890465 0.6341171860694885 0.049241979916890465 0.5837122797966003 0.051582654317220054
1 0.7542200088500977 0.04229545593261719 0.7510128617286682 0.05929112434387207 0.7581267356872559 0.08055750528971355 0.774071216583252 0.10804291566212972 0.7913135290145874 0.14093148708343506 0.8073136210441589 0.17669649918874106 0.821423351764679 0.19224878152211508 0.8486177921295166 0.18251299858093262 0.8692983388900757 0.1794708569844564 0.8964898586273193 0.19671944777170816 0.9150835275650024 0.2167487939198812 0.9284084439277649 0.23033823569615683 0.9400370717048645 0.25293415784835815 0.9418298006057739 0.29295458396275836 0.9522746801376343 0.30967219670613605 0.9571638107299805 0.31220825513203937 0.9621235132217407 0.24316038688023886 0.9601607322692871 0.15803325176239014 0.9650739431381226 0.12857397397359213 0.9679991602897644 0.04445199171702067 0.9639204740524292 0.026439189910888672 0.9462103843688965 0.024897138277689617 0.8602365851402283 0.032280405362447105 0.8146311044692993 0.03631885846455892 0.777055025100708 0.03943216800689697 0.7550321817398071 0.04122451941172282
0 0.8989733457565308 0.0360178550084432 0.8870800137519836 0.057548324267069496 0.8882082104682922 0.08603620529174805 0.8981659412384033 0.11149859428405762 0.9060066938400269 0.13294124603271484 0.923777163028717 0.14633850256601968 0.9374402761459351 0.14308448632558188 0.9483902454376221 0.12605047225952148 0.9479385018348694 0.0938643217086792 0.9433580636978149 0.06793391704559326 0.9313080310821533 0.0526957114537557 0.9231032133102417 0.04113948345184326 0.9139723777770996 0.03371874491373698
1 0.05522710084915161 0.21484160423278809 0.07638552784919739 0.21504086256027222 0.1081576943397522 0.21150396267573038 0.12829896807670593 0.212643563747406 0.16617274284362793 0.2352976401646932 0.18949174880981445 0.2607908447583516 0.18664231896400452 0.2970638871192932 0.18623173236846924 0.32583101590474445 0.1953427493572235 0.35625143845876056 0.20571932196617126 0.3762362003326416 0.20566779375076294 0.40250468254089355 0.20447200536727905 0.4386749267578125 0.21090057492256165 0.45925331115722656 0.22516539692878723 0.49012959003448486 0.25167807936668396 0.5122732321421305 0.2708672285079956 0.5302248001098633 0.27539294958114624 0.5443540016810099 0.2785589098930359 0.5656260251998901 0.26821768283843994 0.6015192270278931 0.2537505626678467 0.618903398513794 0.24208733439445496 0.6253289779027303 0.2173200249671936 0.6037344137827555 0.19462934136390686 0.5916217565536499 0.16564247012138367 0.5813707113265991 0.14316067099571228 0.5765416224797567 0.1304050087928772 0.572925885518392 0.1193162202835083 0.5311141014099121 0.1095392107963562 0.4942510525385539 0.11100074648857117 0.43136807282765705 0.11559724807739258 0.38715120156606037 0.11019876599311829 0.37081245581309 0.09079086780548096 0.35281578699747723 0.07464846968650818 0.34697051843007404 0.06367266178131104 0.3498393694559733 0.05485117435455322 0.3676931858062744 0.04565814137458801 0.4078272183736165 0.0407734215259552 0.40395180384318036 0.0407734215259552 0.40395180384318036 0.047679752111434937 0.3303877115249634 0.04822629690170288 0.30672236283620197 0.05426779389381409 0.23444507519404092 0.052841365337371826 0.2257145643234253
1 0.02456936240196228 0.5561034679412842 0.042915284633636475 0.5558427969614664 0.06818661093711853 0.5662690003712972 0.11848029494285583 0.5751672585805258 0.1409974992275238 0.5858522653579712 0.18589910864830017 0.600092887878418 0.22153544425964355 0.6127343972524008 0.23744791746139526 0.6286656856536865 0.23748520016670227 0.6506871779759725 0.22608232498168945 0.6864572366078695 0.21153345704078674 0.7135443687438965 0.1835348904132843 0.7273461023966471 0.15898016095161438 0.7394868532816569 0.14144763350486755 0.7434109052022299 0.1251177191734314 0.7354530493418375 0.11701232194900513 0.7165621916453043 0.11370417475700378 0.6825628280639648 0.1072763204574585 0.6562455097834269 0.08633515238761902 0.6535878976186117 0.053848326206207275 0.6670846939086914 0.019458353519439697 0.6823253631591797 0.00728607177734375 0.6866528193155924 0.011478990316390991 0.6525253057479858 0.012925267219543457 0.6408265034357706 0.02178671956062317 0.5840752124786377
1 0.0022961795330047607 0.7248516082763672 0.016545474529266357 0.7487547397613525 0.02102869749069214 0.7865695953369141 0.023272216320037842 0.8172607421875 0.025349706411361694 0.8532695770263672 0.02782800793647766 0.872099240620931 0.008912056684494019 0.8702896436055502 0.0009765625 0.8629088401794434 0.0009765625 0.8514642715454102 0.0009765625 0.8288466135660807 0.0009765625 0.7698411146799723 0.0009765625 0.7482901414235433
1 0.0321384072303772 0.706850528717041 0.058620721101760864 0.6894494692484537 0.08889657258987427 0.6844109694163004 0.10109123587608337 0.6898790200551351 0.10924080014228821 0.7096675237019857 0.11387580633163452 0.7350878715515137 0.12084135413169861 0.7509387334187826 0.13957437872886658 0.7632741928100586 0.15232756733894348 0.7993170420328776 0.15186867117881775 0.8277689615885416 0.1350666582584381 0.8554581006368002 0.11717048287391663 0.871687650680542 0.10379058122634888 0.8831132253011068 0.0724339485168457 0.8781703313191732 0.05057588219642639 0.8752163251241049 0.0358523428440094 0.8721710840861002 0.030847609043121338 0.8396805127461752 0.030027776956558228 0.8009002208709717 0.02710723876953125 0.7692198753356934 0.023724675178527832 0.7446834246317545 0.027443349361419678 0.7211790879567465
1 0.27473950386047363 0.34179572264353436 0.30499160289764404 0.3385343949000041 0.3399013876914978 0.33133842547734577 0.3672157824039459 0.309844175974528 0.38245654106140137 0.28531573216120404 0.397579163312912 0.2668162981669108 0.40993210673332214 0.26052747170130414 0.41276049613952637 0.29226956764856976 0.4242595136165619 0.3310169577598572 0.4367484748363495 0.3447955846786499 0.4477344751358032 0.360292911529541 0.4653964638710022 0.384262482325236 0.48518142104148865 0.4282209078470866 0.49753665924072266 0.46139299869537354 0.499936044216156 0.5001748402913412 0.48969459533691406 0.5055096546808878 0.4983970820903778 0.49755338827768963 0.5006641149520874 0.5027843316396078 0.5002237558364868 0.5079543193181356 0.5007739067077637 0.49865829944610596 0.4945615530014038 0.5026135047276815 0.4782485365867615 0.49712781111399335 0.45822179317474365 0.47548643747965497 0.4360711872577667 0.443220853805542 0.414939284324646 0.42314910888671875 0.3989138603210449 0.41732271512349445 0.38750937581062317 0.4258362452189128 0.3831970691680908 0.4534718195597331 0.37629222869873047 0.472982923189799 0.3499945402145386 0.46915940443674725 0.33141854405403137 0.46250466505686444 0.3120075464248657 0.4318878650665283 0.2996593415737152 0.39895737171173096 0.28744959831237793 0.3771555821100871 0.2807022035121918 0.35994919141133624 0.2792997360229492 0.3521849314371745
1 0.4682833254337311 0.5443605184555054 0.4829980134963989 0.5422694683074951 0.48848000168800354 0.5761075019836426 0.49931469559669495 0.6064785321553549 0.5128167867660522 0.6421772241592407 0.5231237411499023 0.6628488699595133 0.5228111147880554 0.6858727931976318 0.5073112845420837 0.7260505358378092 0.4851924180984497 0.7539854049682617 0.4625011682510376 0.7547713915506998 0.4313737154006958 0.7603491147359213 0.3971523642539978 0.7821478843688965 0.3459034562110901 0.8082922299702963 0.31682783365249634 0.8072849114735922 0.2743455767631531 0.8028252919514974 0.2629108726978302 0.7673799991607666 0.2717536985874176 0.7378071149190267 0.29411065578460693 0.7178810437520345 0.33107876777648926 0.6961889266967773 0.36111944913864136 0.6666032473246256 0.3884865939617157 0.6474768320719401 0.4096630811691284 0.6228215297063192 0.42704737186431885 0.5868722200393677 0.4474049210548401 0.5677441755930582
1 0.4989219605922699 0.571202794710795 0.5046758055686951 0.6068353255589803 0.5138422846794128 0.6238961219787598 0.5286358594894409 0.656978964805603 0.5352026224136353 0.6843133767445883 0.5237466096878052 0.714067300160726 0.5135486721992493 0.734238862991333 0.542393684387207 0.7129808266957601 0.5529877543449402 0.7290684382120768 0.5649162530899048 0.7479025522867838 0.5763025879859924 0.7395532925923666 0.5926371812820435 0.7111454804738363 0.6062431335449219 0.6838119824727377 0.608142077922821 0.6641728083292643 0.5841742753982544 0.6415429910024008 0.552722156047821 0.6058960755666097 0.5245286226272583 0.5762104590733846 0.5100457668304443 0.5599650144577026 0.5047411322593689 0.5591190258661906
1 0.8006399869918823 0.6987098852793375 0.826792299747467 0.721655527750651 0.8402937054634094 0.735338052113851 0.8530862331390381 0.752769947052002 0.875119686126709 0.7661014397939047 0.9079727530479431 0.7717956701914469 0.9222159385681152 0.7686125437418619 0.9279763698577881 0.7530194918314616 0.9303547143936157 0.7244963645935059 0.9236208200454712 0.715717077255249 0.9020601511001587 0.699933926264445 0.8824881315231323 0.6909821828206381 0.8534578084945679 0.6821304162343343 0.8320670127868652 0.6861996650695801 0.8174483776092529 0.690985361735026
1 0.7228590250015259 0.3951963186264038 0.7523516416549683 0.3567887544631958 0.7857650518417358 0.32004602750142414 0.819460391998291 0.29637008905410767 0.8461098670959473 0.29275896151860553 0.8758291006088257 0.30062862237294513 0.8975338339805603 0.3142168124516805 0.9177083969116211 0.3377159833908081 0.9274834990501404 0.3669135967890422 0.9153029322624207 0.39955846468607586 0.9092018008232117 0.4363474448521932 0.9082863926887512 0.4678960641225179 0.8817927241325378 0.4675225416819255 0.8671908974647522 0.477814515431722 0.8294397592544556 0.6536256472269694 0.8077595233917236 0.6545962889989217 0.7857522368431091 0.6659882068634033 0.7706387042999268 0.6781338055928549 0.7549930214881897 0.6850647131601969 0.7242810130119324 0.6687642733256022 0.6952117085456848 0.6529997189839681 0.692073404788971 0.6468566258748373 0.6971887350082397 0.5968301693598429 0.7113219499588013 0.4556427001953125 0.7156673669815063 0.423132061958313 0.7161454558372498 0.4032074213027954
1 0.6207079887390137 0.6824285984039307 0.6492302417755127 0.6715396245320638 0.6809455752372742 0.6646000544230143 0.692551851272583 0.6641868750254313 0.7222775816917419 0.6804321606953939 0.7536721229553223 0.6971888542175293 0.7485334873199463 0.7224609851837158 0.7472536563873291 0.7457129160563151 0.7578645944595337 0.7775716781616211 0.7634361982345581 0.7891732056935629 0.748106062412262 0.8321839173634847 0.7343668937683105 0.8558669090270996 0.7315946817398071 0.881732702255249 0.7274639010429382 0.8945711453755697 0.701153039932251 0.8858035405476888 0.679653525352478 0.8780837059020996 0.6445370316505432 0.8725423812866211 0.6178485155105591 0.8636378447214762 0.607711672782898 0.8492604891459147 0.5942201614379883 0.8202757835388184 0.5951634645462036 0.7447098096211752 0.6072200536727905 0.711540142695109 0.6136063933372498 0.6926220258076986
1 0.21380257606506348 0.7227533658345541 0.2570496201515198 0.7343242963155111 0.2569613456726074 0.7504059473673502 0.259640634059906 0.7803475062052408 0.26759910583496094 0.8103109995524088 0.2730257511138916 0.8214535713195801 0.28142791986465454 0.8404725392659506 0.28494060039520264 0.8814303080240885 0.28962817788124084 0.9004464149475098 0.28441309928894043 0.9090399742126465 0.25661027431488037 0.9046076138814291 0.2272309958934784 0.8993972142537435 0.19488757848739624 0.8916260401407877 0.14949345588684082 0.8842731316884359 0.12813514471054077 0.8863117694854736 0.12661439180374146 0.8759873708089193 0.1508469581604004 0.8379488786061605 0.16023316979408264 0.8165555795033773 0.1615145206451416 0.7923018137613932 0.17219623923301697 0.7682295640309652 0.1802477240562439 0.7500103314717611 0.1919080913066864 0.7383022308349609 0.2033945620059967 0.7275907198588053
1 0.7606576681137085 0.7051450411478678 0.786109209060669 0.6994237105051676 0.7919338941574097 0.6999398072560629 0.8074557185173035 0.7164312998453776 0.8267905116081238 0.7306170463562012 0.8382012844085693 0.7464564641316732 0.8548234701156616 0.7615478038787842 0.8832899332046509 0.7766146659851074 0.9085139036178589 0.7821501096089681 0.9227132797241211 0.7794415156046549 0.9134796857833862 0.827998956044515 0.9032394886016846 0.8852049509684244 0.8978060483932495 0.9169766108194987 0.8907095193862915 0.9242788950602213 0.8620016574859619 0.928412119547526 0.8151488304138184 0.9359466234842936 0.7829365730285645 0.9247649510701498 0.7578878402709961 0.9041033585866293 0.7393937706947327 0.8884156545003256 0.7454738020896912 0.8619718551635742 0.7622398138046265 0.8293697039286295 0.7719441652297974 0.8082210222880045 0.7742887735366821 0.7879730065663656 0.759904146194458 0.7593901952107748 0.7553746700286865 0.7413832346598307 0.7562685608863831 0.7258972326914469
1 0.9382498264312744 0.38349231084187824 0.9573993682861328 0.40243327617645264 0.960906982421875 0.45525721708933514 0.9370638728141785 0.7050687472025553 0.9257837533950806 0.7055384318033854 0.9075915813446045 0.6861660480499268 0.9021185040473938 0.6640055179595947 0.9166684150695801 0.4377843936284383 0.9252920746803284 0.408463716506958 0.933367133140564 0.3915521701176961
1 0.7763996124267578 0.6835141976674398 0.7922329902648926 0.6677149136861166 0.8082574605941772 0.6645763317743937 0.8272995948791504 0.6596274375915527 0.8452523350715637 0.6521416902542114 0.8571535348892212 0.6450835466384888 0.8878504037857056 0.4766629139582316 0.8868807554244995 0.6549484332402548 0.8995024561882019 0.6719322999318441 0.9004651308059692 0.6872899532318115 0.8796910047531128 0.6759129365285238 0.8619011044502258 0.6746699015299479 0.8380377292633057 0.6738491853078207 0.8190305829048157 0.6788371404012045 0.8066096305847168 0.6854716936747233 0.7957563400268555 0.688774585723877 0.7840710878372192 0.6877539952596029
1 0.620216965675354 0.8809896310170492 0.6370521187782288 0.8842403093973795 0.6743165254592896 0.8904329935709635 0.6935678124427795 0.8961414496103922 0.7073297500610352 0.8981433709462484 0.7163978815078735 0.9064828554789225 0.7339891195297241 0.9218126932779948 0.7511806488037109 0.9347999890645345 0.7652943134307861 0.9474395116170248 0.773901641368866 0.9597302277882894 0.7855491042137146 0.9786603450775146 0.8017364740371704 1.0 0.8161073923110962 1.0 0.8189913034439087 1.0 0.811089813709259 1.0 0.7943285703659058 1.0 0.7639980316162109 1.0 0.7300937175750732 1.0 0.6921108365058899 1.0 0.672088623046875 1.0 0.61406409740448 1.0 0.6028508543968201 1.0 0.6064956188201904 0.9671513239542643 0.6102149486541748 0.9378515879313151 0.610005259513855 0.9157812595367432 0.6114183068275452 0.9043442408243815 0.6160117983818054 0.8910824457804362
0 0.4931884706020355 0.7635836601257324 0.5026509761810303 0.7422491709391276 0.5170785784721375 0.7435715993245443 0.5255342125892639 0.7338004112243652 0.5354766845703125 0.7283377647399902 0.544680655002594 0.7304909229278564 0.553692102432251 0.7424659729003906 0.5600818395614624 0.7542455991109213 0.5467021465301514 0.7876235644022623 0.537621021270752 0.8115012645721436 0.5303418040275574 0.8140659332275391 0.5155951380729675 0.8047761917114258 0.5043997168540955 0.7959656715393066 0.49633312225341797 0.7850755055745443
1 0.8293939828872681 1.0 0.8587663173675537 1.0 0.8725911378860474 1.0 0.8654520511627197 1.0 0.8637813329696655 1.0 0.8511321544647217 1.0 0.8077324628829956 1.0 0.7987374067306519 1.0 0.8045269846916199 1.0 0.8160699605941772 1.0 0.8190464973449707 1.0 0.8220352530479431 1.0
1 0.29167240858078003 0.826041062672933 0.3260190486907959 0.8245658079783121 0.3559510409832001 0.8163541158040365 0.394629567861557 0.7959264119466146 0.42145243287086487 0.7859408855438232 0.4436532258987427 0.7800490061442057 0.4603782892227173 0.7857494354248047 0.464741587638855 0.7926874160766602 0.47242939472198486 0.8142891724904379 0.4772336781024933 0.8475143114725748 0.4820021688938141 0.8773703575134277 0.4891051948070526 0.8967328071594238 0.4915176331996918 0.9246915181477865 0.48569294810295105 0.9453274408976237 0.4743298888206482 0.949491024017334 0.4434792697429657 0.9442131519317627 0.36689358949661255 0.9246764183044434 0.3415834307670593 0.919389565785726 0.31813743710517883 0.9149081707000732 0.3023708462715149 0.9120882352193197 0.3034335672855377 0.8941080570220947 0.29596441984176636 0.8702901204427084 0.2919841408729553 0.8557885487874349 0.28944745659828186 0.8415997823079427
1 0.4836929738521576 0.7930885950724283 0.507674515247345 0.8231481711069742 0.5301968455314636 0.8375398317972819 0.5426735281944275 0.8504539330800375 0.5624479651451111 0.8809743722279867 0.5763881206512451 0.920151154200236 0.573182225227356 0.9622415701548258 0.5751528739929199 0.9808864593505859 0.5359457731246948 0.967820405960083 0.5093051195144653 0.9614164034525553 0.49404317140579224 0.9572059313456217 0.5031054019927979 0.9388931592305502 0.4935479164123535 0.8903489112854004 0.4870450794696808 0.8519258499145508 0.4838932156562805 0.8350197474161783 0.4814489483833313 0.8183603286743164
1 0.5760591626167297 0.7695024808247884 0.5835757255554199 0.8055617014567057 0.5931009650230408 0.8426028887430826 0.6031617522239685 0.8689678510030111 0.6017323732376099 0.8989888032277426 0.5946496725082397 0.9322872956593832 0.5931660532951355 0.9671065012613932 0.5914097428321838 0.9863754113515218 0.5797654986381531 0.979402224222819 0.579278290271759 0.9491382439931234 0.582827091217041 0.9095601240793864 0.5710664391517639 0.881291389465332 0.559041440486908 0.8561981519063314 0.535009503364563 0.8383669853210449 0.5156344771385193 0.8205496470133463 0.5316716432571411 0.8258090019226074 0.545640766620636 0.820472002029419 0.5559546947479248 0.7983822822570801 0.5606196522712708 0.7818078994750977 0.5634188055992126 0.7754503885904948 0.5685535669326782 0.7735088666280111
1 0.7517251968383789 0.21568051973978677 0.7896351218223572 0.20256028572718301 0.8213763236999512 0.21013919512430826 0.8361747860908508 0.21454566717147827 0.8771307468414307 0.22526133060455322 0.8894065618515015 0.24277661244074503 0.9054934978485107 0.2775258819262187 0.9172210693359375 0.3047677477200826 0.9218645095825195 0.3286619782447815 0.9000087380409241 0.3120647072792053 0.8792015910148621 0.2944999933242798 0.8567531108856201 0.28688685099283856 0.8286387324333191 0.2857694427172343 0.8075377941131592 0.2937395175298055 0.7829194664955139 0.3107880751291911 0.7605801820755005 0.3304168979326884 0.7529149055480957 0.3236959179242452 0.7623881101608276 0.29100008805592853 0.7687581777572632 0.2738112211227417 0.7688287496566772 0.2572334408760071 0.755077600479126 0.23816422621409097 0.7464911937713623 0.22624595959981283
1 0.5368191599845886 0.05982816219329834 0.5524730086326599 0.0723123550415039 0.5666952729225159 0.09982935587565105 0.5768921375274658 0.1476943095525106 0.5881795883178711 0.19261626402537027 0.6209153532981873 0.22376211484273276 0.6304399371147156 0.23824810981750488 0.5952821373939514 0.258902629216512 0.5639045238494873 0.2821374138196309 0.5370483994483948 0.29692033926645917 0.5160559415817261 0.30269402265548706 0.4976082146167755 0.2962026000022888 0.49918410181999207 0.256597101688385 0.5094353556632996 0.19654860099156699 0.519875705242157 0.14629789193471274 0.5182434916496277 0.11312687397003174 0.5225134491920471 0.08905144532521565 0.530048131942749 0.07281792163848877
1 0.46359118819236755 0.35672616958618164 0.48365941643714905 0.3330592115720113 0.49946022033691406 0.32284684975941974 0.5196318626403809 0.3192123770713806 0.5508624315261841 0.3003484606742859 0.5888597965240479 0.27946041027704877 0.640226423740387 0.2503691514333089 0.6664964556694031 0.23998947938283285 0.7159719467163086 0.21485239267349243 0.7363241314888 0.19235271215438843 0.7599653601646423 0.1927170753479004 0.7414268851280212 0.22083771228790283 0.7367780208587646 0.24721463521321616 0.749165415763855 0.2741619944572449 0.7401144504547119 0.3109238346417745 0.7203993201255798 0.3567447264989217 0.7062599658966064 0.3870382308959961 0.7016140818595886 0.4030075470606486 0.6981839537620544 0.4461420774459839 0.6886293888092041 0.5805184046427408 0.679024338722229 0.6158570845921835 0.6743274927139282 0.6435520648956299 0.6561554670333862 0.6615080038706461 0.6274681091308594 0.6626155773798624 0.6045981049537659 0.6459786097208658 0.5623824596405029 0.6035006841023763 0.5250248312950134 0.5653181870778402 0.5075575113296509 0.544530193010966 0.5028933882713318 0.5285635391871134 0.5032753944396973 0.5092196067174276 0.5003232955932617 0.5001379648844401 0.5044753551483154 0.4949786265691121 0.4909820556640625 0.41623135407765705 0.47494491934776306 0.3788057168324788
1 0.182265967130661 0.23281135161717734 0.20005875825881958 0.22089068094889322 0.21833166480064392 0.2150165637334188 0.23462873697280884 0.2295179764429728 0.23741987347602844 0.2546902100245158 0.24073368310928345 0.2903662919998169 0.23330658674240112 0.30026698112487793 0.20521503686904907 0.2980625629425049 0.1969483196735382 0.3030657966931661 0.19940364360809326 0.2784622510274251 0.194494366645813 0.2540511687596639
1 0.04397130012512207 0.4172407388687134 0.05806577205657959 0.39928265412648517 0.06117677688598633 0.37172194321950275 0.07484149932861328 0.3557355801264445 0.09458449482917786 0.3689618905385335 0.10247784852981567 0.3953969478607178 0.09864586591720581 0.420663317044576 0.09780097007751465 0.4473820924758911 0.09776926040649414 0.47997864087422687 0.1012987494468689 0.5006618102391561 0.10645237565040588 0.5340554316838583 0.1130119264125824 0.5542071262995402 0.10999327898025513 0.5643747647603353 0.0775185227394104 0.5520821412404379 0.05581021308898926 0.5460418860117594 0.03653448820114136 0.5403013229370117 0.028935551643371582 0.5343053340911865 0.035369545221328735 0.4934522310892741 0.03954601287841797 0.45432722568511963 0.04207983613014221 0.42856136957804364
1 0.19235071539878845 0.31653106212615967 0.21116527915000916 0.31277310848236084 0.23219001293182373 0.3115243911743164 0.24800372123718262 0.3207067847251892 0.26263734698295593 0.343794584274292 0.27078142762184143 0.3670598268508911 0.2819105386734009 0.3942904472351074 0.2971697449684143 0.4316481351852417 0.27358293533325195 0.44790228207906085 0.24912694096565247 0.46912944316864014 0.23448124527931213 0.48143911361694336 0.22467762231826782 0.4633469581604004 0.21775376796722412 0.4391015370686849 0.22211095690727234 0.4157796303431193 0.2170063555240631 0.3803069194157918 0.20833206176757812 0.3588249683380127 0.19778534770011902 0.3405802249908447
1 0.24547383189201355 0.48768643538157147 0.26271921396255493 0.4749212662378947 0.2830486297607422 0.4540383815765381 0.30129554867744446 0.4439701239267985 0.311676949262619 0.44940614700317383 0.3233741521835327 0.46885085105895996 0.33512377738952637 0.476785143216451 0.3539254069328308 0.4806443452835083 0.3698459565639496 0.4799356460571289 0.3908306956291199 0.46623047192891437 0.40027934312820435 0.4447529713312785 0.41433754563331604 0.4423254330952962 0.4330361485481262 0.4671097199122111 0.46048739552497864 0.49022706349690753 0.4753980338573456 0.5057264566421509 0.4912349283695221 0.5087300539016724 0.49777448177337646 0.508283535639445 0.4991101026535034 0.5223520994186401 0.4993475675582886 0.5430924495061239 0.4970257580280304 0.5554452737172445 0.47644126415252686 0.5306851069132487 0.45678648352622986 0.5480394760767618 0.43959102034568787 0.5683697859446207 0.42327237129211426 0.5833540757497152 0.40867704153060913 0.601858655611674 0.39813941717147827 0.6186850865681967 0.36258405447006226 0.6402783393859863 0.3400349020957947 0.6612167358398438 0.30856531858444214 0.6882955233256022 0.28730493783950806 0.702247699101766 0.2698168158531189 0.7205869356791178 0.25249579548835754 0.7178745269775391 0.23395681381225586 0.7079985936482748 0.24312299489974976 0.6803496678670248 0.2517361044883728 0.6472719510396322 0.2676250636577606 0.6136336326599121 0.28616613149642944 0.5874516566594442 0.28922635316848755 0.5558371941248575 0.28446510434150696 0.5336835384368896 0.27389654517173767 0.5143742561340332 0.26193326711654663 0.5037128925323486
1 0.765866756439209 0.9265890121459961 0.7946128845214844 0.9383578300476074 0.8217065334320068 0.9461720784505209 0.8417800068855286 0.9424713452657064 0.865359902381897 0.9382046063741049 0.8819869756698608 0.937120278676351 0.8945026397705078 0.9363087018330892 0.884330689907074 0.9683835506439209 0.8816418051719666 1.0 0.8796148300170898 1.0 0.8762482404708862 1.0 0.8523786067962646 1.0 0.8317705392837524 1.0 0.8096851706504822 0.9998859564463297 0.7908927798271179 0.9693687756856283 0.7821930646896362 0.9465076923370361 0.772708535194397 0.9401779969533285
