1 0.006746749970519427 0.012436715658608969 0.02320223873101392 0.03224741452700132 0.031429983342735515 0.05535989241166548 0.0371894021636074 0.07296940196644176 0.02813888475732896 0.09167951113217837 0.027316110110977322 0.11479198901684254 0.012506171106134804 0.12139555695769075 0.004278426957361907 0.12359674627130682 0.009215073446625645 0.10268544779195414 0.007569524616871066 0.06746643363655387 0.005101201140764847 0.03775038533396535
1 0.004278426957361907 0.13240149361746653 0.025670560818274044 0.12689852033342633 0.04212605004171723 0.14340744018554688 0.05529044067975387 0.15771517072405133 0.05940431020792248 0.17642526998148336 0.06434095808603231 0.19513537914721996 0.06104985950062576 0.21494606315315543 0.05446766603340223 0.2380585509461242 0.051176567447995674 0.2908870746563007 0.05364489138705059 0.3151001571060775 0.038834951456310676 0.32940788764458195 0.014974494119292324 0.3327096517983969 0.002912621359223301 0.3384042715097403 0.002912621359223301 0.2842835067154525 0.002912621359223301 0.25236628148462864 0.0034556525424846167 0.17202289135425122 0.002912621359223301 0.15023112111277395
1 0.004278426957361907 0.3932423381062297 0.024847786171922407 0.40424828467431007 0.041303275395365595 0.4295619815975041 0.047885468862589126 0.4570768282010958 0.043771599334420506 0.46808277476917615 0.031429983342735515 0.48899405343191965 0.024025011525570766 0.5099053320946632 0.016620043411995602 0.5242130824497768 0.016620043411995602 0.5407219824852881 0.014974494119292324 0.5484261648995535 0.009215073446625645 0.5627338756214488 0.002912621359223301 0.5774873411500608 0.002912621359223301 0.4713845389229911
1 0.06763205667143886 0.2259520097212358 0.09231528865480886 0.21274487383953936 0.11699852063817885 0.2259520097212358 0.12934013292627428 0.25786925476866884 0.11288464740642067 0.2776799387746043 0.08079644360588592 0.2952894532835329 0.06845483131779051 0.3051948051948052 0.06434095808603231 0.30079242656757305 0.06434095808603231 0.2743781548041802 0.06680928202508722 0.2446621188869724
1 0.024847786171922407 0.0058331501948369014 0.07997366895953428 0.0036319611908553484 0.11535297134547558 0.004732555538028866 0.10712522488195919 0.02674444124296114 0.10054302771114608 0.03775038533396535 0.07503702848860361 0.06086286569570566 0.06022708485427412 0.0707682126528257 0.052822116740698956 0.06416464966612977 0.038834951456310676 0.03885097999077339 0.029784432198237447 0.02124147043599711
1 0.12687180898721936 0.0014307726513255725 0.11617574599182721 0.03444860136354124 0.10547967558925592 0.08177415922090604 0.10630245023560755 0.09167951113217837 0.12934013292627428 0.11919436764407468 0.1342767808043841 0.14230684552873885 0.14415007656060377 0.15441338675362723 0.15978279484128488 0.16982170204063515 0.18857989264923392 0.1599163501293628 0.22642751156705096 0.1500110081263951 0.24041468055502882 0.14340744018554688 0.24946520166489686 0.09388070044579444 0.255224609375 0.04875632942496956 0.2272502862134026 0.01683909304730304 0.20982391949996207 0.0012987012987012987
1 0.2379463566159739 0.00253136699849909 0.26427514529922636 0.03554919602034928 0.3004772001099818 0.02674444124296114 0.31035049586620145 0.023442659749613178 0.31429197441027 0.0012987012987012987
1 0.27085734247003945 0.04105216930438946 0.30376829869538835 0.03444860136354124 0.2618068065458131 0.0707682126528257
1 0.26509790513121967 0.08397534853452211 0.3128188346196147 0.03885097999077339 0.343261481720267 0.056460487068473515 0.33338818596404735 0.09388070044579444 0.32762877825394415 0.1257979355849229 0.32762877825394415 0.15111160278320312 0.3202237916224211 0.16762051272701908 0.2988316508172785 0.17312348601105926 0.2807306382262591 0.1742240806678673 0.26509790513121967 0.1533127920968192 0.2609840467138198 0.1346026829310826 0.25851570796040657 0.11038961038961038
1 0.37452691828162926 0.25786925476866884 0.40496956538228157 0.25236628148462864 0.40908342379968143 0.2820823174018364 0.4041467759215716 0.30629539985161325 0.40743787450697816 0.32940788764458195 0.4099062132603914 0.3393132197392451 0.3893368322872421 0.39104114879261365 0.3572486358938865 0.3778340129109172 0.35148922818378336 0.35472154493455765 0.35971697464729974 0.33381026627181415 0.3712358196962227 0.31289896779246146 0.37452691828162926 0.2842835067154525
1 0.32351489020782764 0.0036319611908553484 0.34655258030567354 0.00253136699849909 0.372881368988926 0.004732555538028866 0.3819318752844357 0.0069337442323759 0.38604573370183554 0.03224741452700132 0.3893368322872421 0.04655514011135349 0.41402007167779126 0.03664979067715732 0.43788052160763047 0.02124147043599711 0.4543360145346632 0.023442659749613178 0.4559815638273665 0.042152761484121344 0.441994409653747 0.05756108172528156 0.4148428611385012 0.07296940196644176 0.3918051710406553 0.07186880730963373 0.36959027040351944 0.0652652443229378 0.3556030866011832 0.05315870805220171 0.3325653965033374 0.03885097999077339 0.32104658108313106 0.03444860136354124 0.3194010317904278 0.023442659749613178
1 0.07174592990319706 0.12799911499023436 0.11535297134547558 0.14780981881277902 0.09560638724021542 0.196235973804028 0.07339147919590033 0.16431872875659498
1 0.12111239386993705 0.16101694478617087 0.13921342868249392 0.16651991807021105 0.15237782302412015 0.1841294325791396 0.13921342868249392 0.2017389470880682 0.12604903434086773 0.21494606315315543 0.1095935488210141 0.20724192037210837 0.10218857700384937 0.19843716311764406
1 0.16389665325868477 0.1841294325791396 0.19187099123464046 0.17642526998148336 0.2050353855762667 0.196235973804028 0.21737699045718295 0.21164427918273132 0.20914924399366658 0.23475676697570008 0.186111568710179 0.21164427918273132 0.17788382224666263 0.20283954174487623 0.14990949908506523 0.2050407310584923
1 0.13592233009708737 0.2226502257508117 0.17294717436855278 0.21054368452592329 0.20421261092991505 0.23915914560293222 0.22149086368894114 0.23365617231889205 0.2206680890425895 0.2600704440822849 0.17870659689301427 0.29308826396991683 0.16554220255138805 0.2743781548041802 0.1449728512069554 0.2600704440822849
1 0.03965772610266232 0.34701740215351057 0.13592233009708737 0.2776799387746043 0.1581372455485816 0.2842835067154525 0.16554220255138805 0.29969183191076504 0.13921342868249392 0.3723310594434862 0.09807471117927033 0.3998459060470779 0.07339147919590033 0.39214176326603084 0.05940431020792248 0.3888399594789976 0.057758760915219205 0.3668281059760552
1 0.19351654052734374 0.298591237253957 0.22395918762799605 0.2699757959935572 0.2379463566159739 0.2842835067154525 0.24123745520138046 0.32280431970373374 0.23630080732327063 0.34371559836647725 0.22807306085975423 0.35472154493455765 0.20668093486896996 0.3525203556209416 0.20832648416167324 0.3360114555854302 0.19351654052734374 0.32170372504692574
1 0.25028796149689014 0.2831829120586445 0.2881355952290655 0.2600704440822849 0.3070593972807949 0.2567686601118608 0.3004772001099818 0.27217698530717327 0.3021227494026851 0.2908870746563007 0.3087049465734982 0.3029936158811891 0.31693269303701455 0.3206031303901177 0.31528714374431127 0.3415144090528612 0.2807306382262591 0.39214176326603084 0.24946520166489686 0.36242572734882306 0.244528553786787 0.3525203556209416 0.24781965237219356 0.3316090769581981 0.24781965237219356 0.30739599450842126 0.24617410307949028 0.29418885862672484
1 0.28484449664365896 0.18963240586317978 0.31528714374431127 0.17972705395190747 0.3325653965033374 0.16762051272701908 0.33585649508874393 0.1290997096470424 0.3457297908449636 0.08727713250494623 0.34737534013766685 0.07186880730963373 0.3556030866011832 0.0740699966232498 0.36547638235740293 0.08727713250494623 0.3811090858237257 0.1742240806678673 0.37041303023551275 0.20614132571530033 0.3605397344792931 0.22044903643719563 0.33421094579604066 0.21824784712357956 0.3087049465734982 0.232555577662084 0.2873128057683556 0.22485141506442777 0.27826229947284586 0.21274487383953936 0.27743953964085255 0.19843716311764406
1 0.372058579528216 0.07847237525048194 0.4033240160895783 0.0894783218185623 0.4518677054099666 0.0652652443229378 0.46338655045888955 0.04435395079773742 0.4625637609981796 0.013537310315417005 0.5020569440230582 0.013537310315417005 0.5053480426084648 0.043253356140929386 0.5119302397792779 0.0619634603525137 0.5234490551994843 0.07517059128005783 0.5028797334837682 0.10488663710557021 0.481487563049909 0.12799911499023436 0.47408260604710256 0.14780981881277902 0.4469310575318568 0.165419323413403 0.40743787450697816 0.17202289135425122 0.39015962174795205 0.16431872875659498 0.38604573370183554 0.14891041346958706 0.3778180168670358 0.12139555695769075
1 0.4856014510960255 0.15771517072405133 0.5061708320691748 0.1257979355849229 0.5316768312917173 0.09388070044579444 0.5382590284625304 0.08837772716175427 0.5522461530074333 0.11149020504641842 0.5604739290996663 0.13680387224469867 0.5061708320691748 0.23035438834846794 0.49382919755954185 0.2259520097212358 0.4864242109280188 0.21054368452592329 0.4913608588061286 0.18523002723594764
1 0.5719927445198726 0.1379044669015067 0.5950304346177184 0.19073300051998782 0.6073720394986347 0.23585736163250812 0.6090176184200546 0.25786925476866884 0.5826888297368021 0.25236628148462864 0.5415501270479369 0.2545674707982447 0.519335226410801 0.25126568682782063 0.5119302397792779 0.23915914560293222 0.5316768312917173 0.19403478449041192 0.5555372515928398 0.1599163501293628
1 0.5711700143165959 0.0036319611908553484 0.64933353164821 0.004732555538028866 0.6509791105696299 0.01683909304730304 0.6361691373065838 0.03224741452700132 0.6188909141762743 0.033348006706733206 0.6049037303739381 0.02674444124296114 0.5868027177829187 0.03444860136354124 0.5736383234412925 0.03995157464758142 0.5711700143165959 0.020140875779189073
1 0.576106632565989 0.09167951113217837 0.6081948289593446 0.05756108172528156 0.635346407103307 0.049856924081777595 0.6690801231606492 0.05756108172528156 0.6912950237977852 0.0773717805936739 0.7052822076001214 0.09718247450791397 0.7093960956462378 0.14340744018554688 0.685535616087682 0.20834249521230722 0.6666118140359527 0.21714725246677152 0.6518019000303398 0.24025974025974026 0.6460424330628034 0.2611710387390929 0.6328780387211772 0.26447282270951705 0.6155998155908677 0.25896984942547685 0.6164226050515776 0.23475676697570008 0.6049037303739381 0.20063835243126016 0.5925621254930219 0.15881576538085937 0.5859799283222087 0.13570327758789064 0.5843343494007889 0.11809377298726664 0.5826888297368021 0.10708782641918628
1 0.7258515885732706 0.15881576538085937 0.7505347983351032 0.16101694478617087 0.773572488432949 0.16762051272701908 0.7974329679915049 0.18302883792233157 0.8064834742870146 0.10724192037210836 0.8122428819971177 0.12044903643719562 0.831989473509557 0.1292537936916599 0.8385716706803702 0.1358573616325081 0.8352805720949636 0.1600704440822849 0.8344577826342536 0.19528945328353287 0.7311666840488471 0.30739599450842126 0.703192375701608 0.3040942105379972 0.7982556981947816 0.29749064259714897 0.802369586240898 0.1897864799994927 0.8130656714578277 0.18868588534268466 0.8221161777533373 0.17107639065036526 0.8204705988319175 0.1567686601118608 0.8056606848263046 0.14906449751420456 0.7933190799453883 0.2413603349165483 0.7826229947284588 0.23585736163250812 0.7785091066823422 0.25236628148462864 0.7636991926767294 0.25126568682782063 0.7587625744273362 0.25016509217101257 0.7579397849666262 0.2666740120231331 0.7521803772565231 0.26447282270951705 0.7200921216057342 0.25016509217101257 0.6970544907653216 0.2413603349165483 0.693763392179915 0.232555577662084 0.6912950237977852 0.22044903643719563 0.7019911090147148 0.196235973804028 0.7118644047709345 0.16982170204063515
1 0.4107289730923847 0.2534668761414367 0.4428171694857403 0.232555577662084 0.45680435328807645 0.22705260437804384 0.4781964644645024 0.24356152423016436 0.49547474685224513 0.2600704440822849 0.4979430559769418 0.27327756014737214 0.481487563049909 0.2809817227450284 0.4666776490442961 0.2776799387746043 0.45022215611726335 0.2743781548041802 0.4164884104312045 0.2776799387746043
1 0.4773737046325091 0.2908870746563007 0.4987658454376517 0.28538410137226056 0.5069935622724514 0.28648469602906856 0.5226263249962075 0.43050846248478086 0.5308540418310073 0.4800352022245333 0.5053480426084648 0.3031477098341112 0.48806976022072207 0.3998459060470779 0.45269046524195994 0.5108518526151583 0.4288300153121207 0.529561981597504 0.4164884104312045 0.5317631709111201 0.40496956538228157 0.5009465205204952 0.401678466796875 0.38333700601156656 0.412374522385088 0.3668281059760552 0.4148428611385012 0.360224538035207 0.4428171694857403 0.3459167876800933 0.45927266241277304 0.32940788764458195 0.4724370567543993 0.31289896779246146 0.47655091517179915 0.3029936158811891
1 0.5407273375872269 0.41840194107650164 0.5744610536445691 0.4217037052303166 0.5966760135391384 0.4073959945084213 0.6238275324256675 0.28868588534268463 0.6361691373065838 0.2908870746563007 0.6361691373065838 0.34041383421266236 0.6295869401357707 0.37012987012987014 0.6147770261301577 0.3811358166979505 0.599144322663835 0.48333700601156654 0.5802205206121056 0.4789346273843344 0.5464867452973301 0.47453224875710226 0.5407273375872269 0.45362097009435876
1 0.6592068274044296 0.2545674707982447 0.6740168006674757 0.2600704440822849 0.685535616087682 0.2875852906858766 0.7036366879361348 0.2908870746563007 0.715155503356341 0.29418885862672484 0.7472436997496966 0.2908870746563007 0.7604080940913228 0.2776799387746043 0.7818002052677487 0.2831829120586445 0.7859140933138653 0.29969183191076504 0.8826229947284587 0.33050848230139 0.8760407975576456 0.3514197807807427 0.8636991926767293 0.3778340129109172 0.8431298117035801 0.39874533120687905 0.7266743187765473 0.4152542312423904 0.7093960956462378 0.42075722434303975 0.6896495041337986 0.4108518526151583 0.6773078992528823 0.3954435274198458 0.6592068274044296 0.3668281059760552 0.6509791105696299 0.31950253573330967 0.6501563211089199 0.28538410137226056
1 0.5267401537848908 0.3031477098341112 0.5571828305142598 0.31305304192877437 0.568701645934466 0.3317631709111201 0.599144322663835 0.3482720709466315 0.6114859275447512 0.44166850300578325 0.6221820127616808 0.4724851533964083 0.6114859275447512 0.49559762137276786 0.590916546571602 0.5220118931361607 0.5859799283222087 0.5429231717989043 0.5341451404164138 0.5418225969587054 0.5168668580286712 0.5297160359172078 0.4962975066842385 0.5955976213727678 0.49958863489836164 0.5515738351004464 0.5094619306545813 0.3240589884968547
1 0.6369919267672937 0.4856922892781047 0.6460424330628034 0.48239048549107144 0.657561307740443 0.4933964320591518 0.664966294371966 0.5011005748401989 0.6682573929573725 0.5264142717633928 0.6616751957865594 0.5462249755859375 0.6518019000303398 0.5550297328404018 0.6435741239381068 0.5638344900948661 0.6213592233009708 0.5638344900948661 0.6098404078807645 0.5638344900948661 0.6016126317885315 0.5451243611125203 0.6081948289593446 0.5220118931361607 0.6254731113470874 0.4988994251598011
1 0.11206187276006903 0.41195246708857547 0.1449728512069554 0.3866387701653815 0.16801052649044296 0.39104114879261365 0.18528879406382737 0.37563282359730116 0.2050353855762667 0.365727491502638 0.2206680890425895 0.3668281059760552 0.23300970873786409 0.36902929528967127 0.2519335107895935 0.39214176326603084 0.36427514529922633 0.41195246708857547 0.3675662438846329 0.4438696923193994 0.3618068065458131 0.4933964320591518 0.2511107509576001 0.530816650390625 0.22971861015245754 0.5605326863078328 0.1984531884054536 0.5847457687576095 0.17459272366125606 0.5594321114676339 0.1342767808043841 0.528615461077009 0.11123909811371739 0.5044023786272321 0.10136580235749773 0.494497046532569 0.10465690094290428 0.44276907784598213
1 0.06022708485427412 0.5044023786272321 0.07668257037412773 0.48899405343191965 0.09231528865480886 0.505502953467431 0.103011351650201 0.5297160359172078 0.09725193653291869 0.570438018402496 0.08161921825223756 0.6100594260475852 0.05035379280164404 0.6155624191482346 0.031429983342735515 0.6111600405210025 0.0371894021636074 0.5880475329114245 0.04870824350894076 0.5660356397752638 0.04870824350894076 0.5407219824852881 0.057758760915219205 0.5176095145089286
1 0.014151719472940685 0.6518820230062906 0.04294882468806887 0.6276689405565138 0.07503702848860361 0.6243671764026989 0.08573309148399576 0.6386748871245942 0.09066973936210558 0.6716926871956169 0.09396083794751213 0.6981069589590098 0.07339147919590033 0.7113140948407062 0.05035379280164404 0.7223200810420048 0.030607206844589084 0.726722459669237 0.019911140145607364 0.6948051948051948 0.012506171106134804 0.6639885444145698
1 0.0034556525424846167 0.6871010520241477 0.024025011525570766 0.726722459669237 0.030607206844589084 0.7476337383319805 0.028961659403680597 0.7674444025213069 0.01744281805834724 0.7894562956574676 0.011683396459783165 0.8081664246398134 0.004278426957361907 0.8125688032670455 0.002912621359223301 0.7129980310217127
1 0.03801217680995904 0.7696456314681412 0.06022708485427412 0.7839533025568182 0.06763205667143886 0.8059651956929789 0.07503702848860361 0.8246753246753247 0.06104985950062576 0.8422848391842532 0.04870824350894076 0.8466872178114854 0.024847786171922407 0.8213735605215098 0.020733914791959004 0.8048646604859984 0.030607206844589084 0.7762491597757711
1 0.005101201140764847 0.8246753246753247 0.03472107822455249 0.8521902109121348 0.04541714492353421 0.8642967323204139 0.046239919569885844 0.8863086254565746 0.046239919569885844 0.8940127682376218 0.006746749970519427 0.8984151468648539 0.002912621359223301 0.8973893599076704 0.002912621359223301 0.8323794674563717
1 0.06022708485427412 0.8576931247463474 0.07750534502047937 0.8378824605570211 0.10630245023560755 0.8378824605570211 0.12851735827992264 0.8290777033025568 0.14168175262154883 0.8389830750304383 0.1449728512069554 0.8631961178469968 0.1490867244387136 0.8874092399299919 0.1449728512069554 0.8984151468648539 0.10877077417466247 0.8973145323914367 0.08079644360588592 0.8962139179180195 0.05693598997245714 0.8907110040838068
1 0.10630245023560755 0.6452784550654423 0.11699852063817885 0.6397754619647931 0.12687180898721936 0.6155624191482346 0.1515550483777685 0.6078582367339691 0.1795293715393659 0.603455858106737 0.1902254419419372 0.6177636084618506 0.18940266729558555 0.6386748871245942 0.1713016250758495 0.6529825978464895 0.1408589779751972 0.6661897733614042 0.12193516851628869 0.6793969092431007 0.11041632346736574 0.6860004375507305 0.10547967558925592 0.6661897733614042
1 0.20832648416167324 0.5957517153256899 0.24370577914043537 0.5781422008167614 0.27168010230203277 0.572639207716112 0.2938950029391687 0.5825445794439935 0.31446438391231796 0.5968522901658888 0.33338818596404735 0.6276689405565138 0.33338818596404735 0.6452784550654423 0.32104658108313106 0.6771956802962662 0.31035049586620145 0.7047105665330763 0.2938950029391687 0.7014087231128247 0.2757939903481493 0.6937045803317776 0.26674345442392294 0.6970063444855925 0.25028796149689014 0.6860004375507305 0.22560473692069932 0.6474796443790585 0.22642751156705096 0.6331718940239448 0.20832648416167324 0.6232665619292816 0.2033898362835634 0.6188641833020495 0.20256706163721178 0.6089588512073864
1 0.11699852063817885 0.6981069589590098 0.15649169625587833 0.6738939161424513 0.19187099123464046 0.6562844016335228 0.20997201864001822 0.6815980589234983 0.22807306085975423 0.7124147093141234 0.2288958355061059 0.7388289810775163 0.21737699045718295 0.7784503887226055 0.1926937658809921 0.7938586742846997 0.15896002019493324 0.7982610529119318 0.1301629075726259 0.8015628170657467 0.11617574599182721 0.7927580598112824 0.11206187276006903 0.7597402597402597 0.11041632346736574 0.726722459669237
1 0.19104821658828883 0.8246753246753247 0.23383248338421572 0.7894562956574676 0.2700345530093295 0.7839533025568182 0.3021227494026851 0.7850539170302354 0.32269213037583433 0.8114681887936283 0.34737534013766685 0.8290777033025568 0.35395753730847995 0.8587937392197647 0.3605397344792931 0.8841073965097402 0.36383083306469965 0.8918115392907874 0.34737534013766685 0.8973145323914367 0.2996544402779885 0.9974025974025974 0.21737699045718295 0.9973145323914366 0.17294717436855278 0.8962139179180195 0.18035214618571754 0.8675984964742289
1 0.3547803267691899 0.6221659870890828 0.372058579528216 0.6518820230062906 0.3852229738698422 0.6738939161424513 0.37699522740632585 0.7113140948407062 0.37452691828162926 0.7421307452313312 0.3194010317904278 0.7465331238585633 0.31610993320502123 0.7245212307224026 0.3284515380859375 0.6948051948051948 0.3366792845494539 0.6595861657873376 0.34737534013766685 0.6375742726511769
1 0.3873128057683556 0.40534889914772726 0.3128188346196147 0.38553819532518263 0.343261481720267 0.3877393846387987 0.372881368988926 0.3954435274198458 0.29427348016535193 0.4152542312423904 0.40250122662886834 0.5394673136921672 0.2885140724552488 0.4658815854555601 0.2802863259917324 0.4779881068638393 0.2695902704035194 0.4779881068638393 0.25478032676918994 0.47578691755022323 0.23832483384215716 0.4878934785917208 0.32269213037583433 0.5132071358816964 0.3004772001099818 0.5165089000355113 0.2823761578902457 0.5121065214082792 0.27743953964085255 0.5022011893136161 0.37990784876554917 0.4438696923193994 0.38155339805825245 0.41965660986962255
1 0.41402007167779126 0.5504732602602476 0.441994409653747 0.5625797816685267 0.4485766068245601 0.5724851533964083 0.42718446601941745 0.597798810686384 0.401678466796875 0.4220118931361607 0.37617246757433254 0.5462249755859375 0.37041303023551275 0.5418225969587054 0.37617246757433254 0.5143077107218953 0.27864077669902915 0.49559762137276786 0.2909823815799454 0.4790887213372565 0.4057923252142749 0.5592780175147118
1 0.4609182117054763 0.5812899106508725 0.46996874762970264 0.4022011893136161 0.47325984621510925 0.42531365728997567 0.47655091517179915 0.4517279290533685 0.48806976022072207 0.4539291183669846 0.46832319833699937 0.47153863287591313 0.43952607090033374 0.49905347947950485 0.4296527751441141 0.7089588512073863 0.40908342379968143 0.49905347947950485 0.4041467759215716 0.4737398221895292 0.38851407245524877 0.5539291183669846 0.3992101280434618 0.536319603858056 0.43870331106834043 0.597798810686384 0.4518677054099666 0.5856922892781047
1 0.4905380989741353 0.4649350649350649 0.4485766068245601 0.7133612298346185 0.45680435328807645 0.7309706650771104 0.46914595816899274 0.7507814085328733 0.48806976022072207 0.7496808733258928 0.4962975066842385 0.7496808733258928 0.5061708320691748 0.6232665619292816 0.4971202665162318 0.700154093952922 0.49382919755954185 0.47704158634334415
1 0.5464867452973301 0.5946511008522727 0.5826888297368021 0.5748403970297281 0.5851571388614988 0.5902487222250405 0.5711700143165959 0.6122606153612012 0.5588283501782464 0.6155624191482346 0.5456639558366202 0.6188641833020495 0.5448412256333435 0.6056570474203531
1 0.54813232421875 0.634272508497362 0.5777521522299758 0.6199647977754668 0.5974987437424151 0.5869469580712257 0.6098404078807645 0.5814439649705763 0.6476880119842233 0.5836451542841924 0.6624979259898361 0.5924499115386567 0.6715484322853459 0.6232665619292816 0.678130629456159 0.6496808336926745 0.6797762083775789 0.6782962947696834 0.6674346034966626 0.6904028161779626 0.6443969133988168 0.6937045803317776 0.627941420471784 0.7190182376217532 0.5917393360323119 0.7520361169592127 0.5571828305142598 0.7388289810775163 0.5440184361726335 0.7234206162489853 0.5407273375872269 0.6871010520241477 0.5283857327063107 0.6606867802607549
1 0.4041467759215716 0.7155623795150162 0.43788052160763047 0.7265683657163149 0.4337666631902306 0.7771956802962663 0.43129832443681737 0.6289236093496348 0.42718446601941745 0.6443319741781656 0.4033240160895783 0.6498348880123782 0.39427348016535196 0.7465331238585633 0.3926279308726487 0.706911716213474 0.3975645787507585 0.6672903085683848 0.39674181891876514 0.6452784550654423 0.3975645787507585 0.6298701298701299
1 0.4345894230222239 0.6564384955864448 0.47408260604710256 0.6256218451958198 0.5094619306545813 0.7311248382964691 0.5547145213895631 0.7476337383319805 0.5769294220266991 0.7652432528409091 0.5777521522299758 0.7982610529119318 0.47610663256598906 0.8323794674563717 0.47775215222997575 0.8598943536931818 0.47775215222997575 0.8709002606280438 0.4670561262704794 0.8709002606280438 0.44977784388273667 0.8808056323559253 0.44072733758722693 0.8984151468648539 0.4962975066842385 0.902817525492086 0.5609181820767597 0.8973145323914367 0.5469310575318568 0.8092670391132305 0.43705776177563715 0.6751485453023539 0.4354122124829339 0.6674444025213068
1 0.32186934091512437 0.7586396452668426 0.372881368988926 0.7542372666396104 0.3737041288209193 0.7773497742491883 0.3621852837719964 0.8015628170657467 0.34902088943037013 0.810367574320211 0.3185782423297178 0.7828527673498377 0.3111732853269114 0.7729473956219561
1 0.6213592233009708 0.43836669921875 0.6312325190571906 0.41965660986962255 0.6427513344773969 0.3954435274198458 0.6501563211089199 0.3866387701653815 0.6690801231606492 0.4086506633015422 0.6789534189168689 0.42846136712408683 0.6657890245752427 0.4394673136921672 0.6534474196943264 0.45597621372767855 0.6435741239381068 0.45927801751471187 0.6287642099324939 0.45927801751471187
1 0.6904722935945085 0.43506493506493504 0.7093960956462378 0.4339643602247362 0.7233832201911408 0.44717145647321427 0.7274971082372573 0.4647809709821429 0.714332713895631 0.48239048549107144 0.6995227998900182 0.48349109996448864 0.6896495041337986 0.46698216029575895 0.6871811950091019 0.4548756388874797
1 0.7587625744273362 0.4086506633015422 0.8686358109261225 0.3943429525796469 0.8908507708206918 0.396544141893263 0.8048378953655947 0.40644947398792614 0.8130656714578277 0.4361655099051339 0.8163567700432343 0.4625797816685268 0.8171795002465109 0.49009466790533684 0.8031923757016081 0.5143077107218953 0.7900279813599818 0.5275148466035917 0.7776863764790656 0.5209112786627436 0.7694586003868326 0.494497046532569 0.7653447715981493 0.46698216029575895 0.7595853046306129 0.4504732602602476 0.7562942060452064 0.43506493506493504
1 0.686358405548392 0.5781422008167614 0.7118644047709345 0.5528285435267857 0.7538258969205097 0.536319603858056 0.7678130807228458 0.5352190290178571 0.7785091066823422 0.5737398221895292 0.7867368827745752 0.6078582367339691 0.7801546856037621 0.6331718940239448 0.7579397849666262 0.6408760764382102 0.7192693914024575 0.6298701298701299 0.693763392179915 0.5979529046393061
1 0.7439526011642901 0.6518820230062906 0.7809774750644721 0.6518820230062906 0.7859140933138653 0.6617873551009538 0.773572488432949 0.6804974444500812 0.7628764032160195 0.6937045803317776 0.7488892786711165 0.6837992878703328 0.736547614532767 0.6738939161424513 0.7357248843294902 0.6628879695743709
1 0.7924962904846784 0.6771956802962662 0.7768635870183556 0.7058111017400568 0.773572488432949 0.7311248382964691 0.7727496989722391 0.7564384955864448 0.7768635870183556 0.7707461666751217 0.7982556981947816 0.768545016994724 0.8147111911218143 0.779550923929586 0.8229389672140474 0.7740480100953734 0.8138884609185376 0.7344266024502841 0.8048378953655947 0.6970063444855925
1 0.7818002052677487 0.536319603858056 0.7933190799453883 0.5407219824852881 0.8015467967801881 0.56163330078125 0.8081289939510012 0.5891481473848417 0.8155339805825242 0.6155624191482346 0.8097745728724212 0.6408760764382102 0.7982556981947816 0.6606867802607549 0.7900279813599818 0.6452784550654423 0.7933190799453883 0.6243671764026989 0.795787389070085 0.5924499115386567 0.788382402438562 0.5627338756214488 0.7850913038531553 0.5495267397397524
1 0.5950304346177184 0.7729473956219561 0.6073720394986347 0.768545016994724 0.6295869401357707 0.7663437880478896 0.6822445175022754 0.7531367314326298 0.7003455893507281 0.7421307452313312 0.7192693914024575 0.7410301307579139 0.74559818008571 0.7520361169592127 0.7604080940913228 0.7630420238940747 0.7595853046306129 0.7762491597757711 0.7530031074597997 0.7949592887581168 0.7406615025788835 0.8180717963676948 0.7126871942316444 0.8477878322849026 0.693763392179915 0.8631961178469968 0.6221820127616808 0.8147699529474431 0.5974987437424151 0.7938586742846997
1 0.7653447715981493 0.03444860136354124 0.7776863764790656 0.03885097999077339 0.7859140933138653 0.06636583897974584 0.7924962904846784 0.0740699966232498 0.8007240665769114 0.07517059128005783 0.8007240665769114 0.09057891647537034 0.7818002052677487 0.1015848531351461 0.7727496989722391 0.11259079970322645 0.7497120088743932 0.10598723176237825 0.7423070815003034 0.09388070044579444 0.7480664892104065 0.0707682126528257 0.7612308835520327 0.04875632942496956
1 0.8114200925364078 0.0740699966232498 0.8122428819971177 0.05756108172528156 0.8122428819971177 0.047655734768161526 0.8204705988319175 0.05756108172528156 0.8286983749241504 0.0707682126528257 0.8303438945881372 0.07627118593686587 0.8196478686286408 0.0927801057889864 0.8122428819971177 0.09167951113217837
1 0.8566726832713896 0.004732555538028866 0.9759749625493022 0.00253136699849909 0.9603422590829793 0.02674444124296114 0.9430640359526699 0.045454545454545456 0.9076847409739077 0.05756108172528156 0.882178682493932 0.0652652443229378 0.8673687684883191 0.05095751873858563 0.861609360778216 0.030046225213385246 0.8558499530681128 0.01683909304730304
1 0.8871153600007585 0.08397534853452211 0.9290768521503338 0.0652652443229378 0.9562284302942962 0.06416464966612977 0.9907849358123483 0.07296940196644176 0.9941747572815534 0.09388070044579444 0.9916077252730583 0.12689852033342633 0.9735066534246056 0.14891041346958706 0.9586967394189927 0.17532467532467533 0.9554056408335861 0.18192824326552354 0.9373045689851335 0.17312348601105926 0.9159124578087076 0.15771517072405133 0.8945203466322815 0.25111159287489854 0.883001471954642 0.2313008890523539 0.882178682493932 0.09608187985110593
1 0.8467993875151699 0.20048425847833806 0.8673687684883191 0.2136913943600345 0.8788875839085255 0.23350207836596998 0.8780648537052488 0.24891040356128247 0.860786571317506 0.2544133966619318 0.8459766573118932 0.2742240806678673 0.8410399798050667 0.2841294325791396 0.8262300657994539 0.25881577528916394 0.8369260917589503 0.2290996997387378
1 0.8550271636074029 0.2940347844904119 0.8739509656591323 0.10614132571530033 0.9027480634670814 0.21714725246677152 0.9249629641042172 0.22375082040761973 0.9373045689851335 0.24576271354378043 0.9364818387818568 0.2611710387390929 0.9150896683479975 0.2743781548041802 0.9027480634670814 0.29198766931310877 0.9043936423885012 0.31399956244926946 0.9043936423885012 0.3415144090528612 0.9150896683479975 0.35582215940797485 0.9150896683479975 0.36352630218902193 0.7969886557569782 0.34921859146712664 0.7583182621928095 0.31950253573330967 0.7459766573118932 0.3029936158811891 0.8459766573118932 0.17657934411779627 0.8476221769758798 0.14356152423016436 0.8509132755612864 0.11604665780996347 0.8550271636074029 0.10504073105849229
1 0.9941747572815534 0.1412062508719308 0.9941747572815534 0.16445080645672686 0.9941747572815534 0.23695795628931615 0.9941747572815534 0.2427690976625913 0.9941747572815534 0.298591237253957 0.9842027386415352 0.263372228052709 0.971038344299909 0.23585736163250812 0.9619878380043992 0.20944308986911525 0.9677472457145024 0.19403478449041192 0.9735066534246056 0.18523002723594764 0.9767977520100122 0.16321813409978694 0.9858482583055218 0.1533127920968192
1 0.9529373317088896 0.2479639028573965 0.9595195288797027 0.24246092957335633 0.9718611337606189 0.2534668761414367 0.9809116400561286 0.2820823174018364 0.9941747572815534 0.31289896779246146 0.9941747572815534 0.32375817236962257 0.9941747572815534 0.34701740215351057 0.9751522323460254 0.3536209700943588 0.9545828513728762 0.3591239235617898 0.9438867661559466 0.3459167876800933 0.9274312732289138 0.3448162128398945 0.920026345854824 0.3448162128398945 0.9142668788872876 0.3095971838220373 0.9183807669334041 0.28868588534268463 0.9397729373672633 0.27878053343141235 0.9496462331234831 0.2600704440822849
1 0.9570511604975728 0.371230444970069 0.9932532449370449 0.360224538035207 0.9941747572815534 0.39214176326603084 0.9941747572815534 0.4116883116883117 0.9932532449370449 0.4581774030412946 0.978443330931432 0.469183349609375 0.9644561471290959 0.46808277476917615 0.9554056408335861 0.4581774030412946 0.9570511604975728 0.4185560350294237 0.9586967394189927 0.3866387701653815
1 0.7418627692657767 0.34701740215351057 0.760786571317506 0.3448162128398945 0.775596485323119 0.35472154493455765 0.9002797543423847 0.3668281059760552 0.9085074711771844 0.37673343807071835 0.9027480634670814 0.3998459060470779 0.9002797543423847 0.4174554205560065 0.9035708529277913 0.4306625564377029 0.9068619515131978 0.4537750244140625 0.9076847409739077 0.4647809709821429 0.9035708529277913 0.48018929617745537 0.8862925705400485 0.4911952427455357 0.8517360650219964 0.4911952427455357 0.8369260917589503 0.48349109996448864 0.8311666840488471 0.4515738351004464 0.832812262970267 0.4174554205560065 0.7410399798050668 0.39104114879261365 0.7426855587264867 0.365727491502638 0.7426855587264867 0.3580233487215909
1 0.802369586240898 0.5330178397042411 0.8196478686286408 0.505502953467431 0.8476221769758798 0.5099053320946632 0.8747737551198422 0.507704142781047 0.9027480634670814 0.505502953467431 0.9257857535649272 0.505502953467431 0.9389501479065534 0.5099053320946632 0.9356590493211469 0.5330178397042411 0.9315451612750303 0.5484261648995535 0.9183807669334041 0.567136254248681 0.9043936423885012 0.5858463435978084 0.8969886557569782 0.6056570474203531 0.8920519782501517 0.6144618046748174 0.8665459790276092 0.6089588512073864 0.8410399798050667 0.6111600405210025 0.8254072763387439 0.6155624191482346 0.8171795002465109 0.5913493366984578 0.8097745728724212 0.567136254248681 0.8073062637477245 0.5484261648995535
1 0.9693927653784891 0.4845916748046875 0.9916077252730583 0.5132071358816964 0.9941747572815534 0.5429231717989043 0.9941747572815534 0.6397754619647931 0.9941747572815534 0.6606867802607549 0.9800888505954187 0.628769555029931 0.9776205414707221 0.603455858106737 0.9652789365898058 0.5968522901658888 0.9726838639638956 0.567136254248681 0.9751522323460254 0.5506273542131697 0.9743294428853155 0.5330178397042411 0.9685700351752123 0.5176095145089286 0.9562284302942962 0.5088047572544643 0.9603422590829793 0.49669823584618505
1 0.9800888505954187 0.48239048549107144 0.9940760343977548 0.49669823584618505 0.9941747572815534 0.46808277476917615
1 0.38604573370183554 0.7630420238940747 0.4107289730923847 0.6630420238940746 0.42224781814130763 0.6729473956219562 0.5296527751441141 0.8070658101663961 0.5436399589464502 0.8775038682021103 0.5461082680711469 0.8951133827110389 0.5107289730923847 0.8962139179180195 0.38440018440913226 0.8962139179180195 0.3753496781136226 0.8797050178825081 0.3671219316501062 0.8257759391487419 0.3778180168670358 0.8037640460125812
1 0.8254072763387439 0.6309707047103288 0.8714826565344357 0.6254677512428978 0.9183807669334041 0.634272508497362 0.9504689633267597 0.6573849764737216 0.9726838639638956 0.6749945306158686 0.962810568207676 0.806911716213474 0.9430640359526699 0.8355272169237012 0.9134441486840109 0.8641426383674918 0.8714826565344357 0.7773497742491883 0.8484449664365898 0.7751485453023539 0.8344577826342536 0.7652432528409091 0.8221161777533373 0.7157164734679383 0.8147111911218143 0.6661897733614042 0.8204705988319175 0.6419766512784091
1 0.9315451612750303 0.710367574320211 0.9702155548391991 0.8916575246043019 0.9817344295168386 0.702663431539164 0.9850255281022452 0.7158705674208604 0.9891393568909284 0.7709002606280438 0.9924304554763349 0.7918115392907873 0.9603422590829793 0.7951133827110389 0.911798569762591 0.7940127682376218 0.9060391620524879 0.7720008751014611 0.911798569762591 0.7488883674918831 0.9233174444402306 0.7290777033025568
1 0.7727496989722391 0.7839533025568182 0.8089517834117111 0.7949592887581168 0.8138884609185376 0.8235747102019074 0.8064834742870146 0.844485988864651 0.8105973623331311 0.8830068613027597 0.8105973623331311 0.8929121537642045 0.7093960956462378 0.8973145323914367 0.7110416153102245 0.8742021040482955 0.7274971082372573 0.8510895964387175 0.7562942060452064 0.8312788529829546 0.7653447715981493 0.8059651956929789
1 0.8303438945881372 0.7916575246043019 0.8780648537052488 0.8169711818942776 0.8846470508760619 0.8345806964032062 0.8871153600007585 0.8543913605925325 0.8846470508760619 0.8819062468293425 0.8764192747838289 0.8951133827110389 0.8517360650219964 0.8918115392907874 0.8426855587264866 0.8675984964742289 0.8295211643848605 0.8433854536576705 0.8262300657994539 0.8147699529474431
0 0.04459437398077215 0.07627118593686587 0.05693598997245714 0.07847237525048194 0.0495310181552924 0.11699317833045861 0.05858153556157084 0.13020030430385043 0.05858153556157084 0.14670922415597099 0.03389830357820085 0.12359674627130682 0.0371894021636074 0.1015848531351461 0.04048050074901396 0.0894783218185623
0 0.07092315525684542 0.07847237525048194 0.10465690094290428 0.043253356140929386 0.09560638724021542 0.0894783218185623 0.12275794316264033 0.13570327758789064 0.07421425384225197 0.11699317833045861 0.06680928202508722 0.10488663710557021
0 0.20997201864001822 0.16651991807021105 0.23054138479880917 0.16651991807021105 0.2527563002503034 0.20834249521230722 0.23383248338421572 0.19403478449041192 0.21490866651812804 0.18633062189275568
0 0.2420602298477321 0.15551398141043526 0.25440184954300665 0.15551398141043526 0.2626295960065231 0.1775258646382914 0.27743953964085255 0.23475676697570008 0.2618068065458131 0.22044903643719563 0.24946520166489686 0.18302883792233157 0.24288300449408373 0.16982170204063515
0 0.23054138479880917 0.20834249521230722 0.25440184954300665 0.22815319903485187 0.23465525803056736 0.25236628148462864 0.2288958355061059 0.23365617231889205
1 0.2420602298477321 0.25786925476866884 0.2576929481284132 0.23585736163250812 0.274148441055446 0.2446621188869724 0.2807306382262591 0.2545674707982447 0.2560473988357099 0.26557341736632506 0.244528553786787 0.27107639065036526
0 0.3128188346196147 0.2446621188869724 0.33585649508874393 0.23365617231889205 0.3605397344792931 0.23695795628931615 0.3630080732327063 0.2963900479403409 0.3564258760618932 0.32280431970373374 0.343261481720267 0.33711203042562904 0.3457297908449636 0.3778340129109172 0.3111732853269114 0.37673343807071835 0.32269213037583433 0.3536209700943588 0.3292743275466474 0.33381026627181415 0.32104658108313106 0.29969183191076504 0.30952773603420813 0.2842835067154525 0.3087049465734982 0.27107639065036526
0 0.39015962174795205 0.0080343382699149 0.41319731184579794 0.0036319611908553484 0.43129832443681737 0.00253136699849909 0.4337666631902306 0.012436715658608969 0.4230706076020176 0.02124147043599711 0.3975645787507585 0.033348006706733206 0.3926279308726487 0.030046225213385246 0.39015962174795205 0.023442659749613178
0 0.511107450318568 0.0058331501948369014 0.5621194487636529 0.004732555538028866 0.5662333368097694 0.03995157464758142 0.5506006333434466 0.054259297754857445 0.5382590284625304 0.0685670282933619 0.5176896474893811 0.04875632942496956 0.5168668580286712 0.027845035899769176
0 0.576106632565989 0.04655514011135349 0.598321533203125 0.045454545454545456 0.5900938163683253 0.06416464966612977 0.5728155339805825 0.08287475387771408 0.5719927445198726 0.11699317833045861 0.576106632565989 0.1290997096470424 0.5612967185603762 0.10818842107599431 0.5530689424681432 0.07847237525048194 0.5588283501782464 0.06416464966612977
0 0.39015962174795205 0.18523002723594764 0.4477538173638501 0.17642526998148336 0.4724370567543993 0.16982170204063515 0.48066480321791566 0.18963240586317978 0.46996874762970264 0.2050407310584923 0.48313311234261225 0.2259520097212358 0.481487563049909 0.23475676697570008 0.45680435328807645 0.21714725246677152 0.43870331106834043 0.21714725246677152 0.4173111702631978 0.232555577662084 0.40250122662886834 0.24686330820058847 0.37699522740632585 0.2479639028573965 0.372058579528216 0.23365617231889205 0.3737041288209193 0.21604665780996346 0.3852229738698422 0.19953775777445212
0 0.16965607578314623 0.31289896779246146 0.1926937658809921 0.3327096517983969 0.19927596305180523 0.3448162128398945 0.19433931517369538 0.360224538035207 0.18035214618571754 0.36132511287540586 0.17541549830760772 0.3745322487571023 0.1581372455485816 0.3745322487571023 0.14826394979236196 0.3778340129109172 0.1581372455485816 0.34921859146712664 0.16307387861233313 0.3261061036741579
0 0.012506171106134804 0.3580233487215909 0.03801217680995904 0.3569227342481737 0.0495310181552924 0.365727491502638 0.05035379280164404 0.39214176326603084 0.052822116740698956 0.4086506633015422 0.05199934209434731 0.4174554205560065 0.028961659403680597 0.3954435274198458 0.020733914791959004 0.37563282359730116 0.014151719472940685 0.3723310594434862
0 0.06516373273238395 0.40534889914772726 0.09396083794751213 0.4108518526151583 0.09231528865480886 0.4295619815975041 0.0865558661303474 0.4603785923549107 0.08820141542305067 0.48128991065087257 0.07421425384225197 0.47358572823660716 0.0618726341469774 0.48899405343191965 0.05858153556157084 0.46147920682832794 0.06022708485427412 0.432863745751319
0 0.047885468862589126 0.4702839640827922 0.052822116740698956 0.5066035679408483 0.04048050074901396 0.5396214076450893 0.03801217680995904 0.5605326863078328 0.025670560818274044 0.5924499115386567 0.016620043411995602 0.6045564725801542 0.005923975787116486 0.5979529046393061 0.02237946408466228 0.5539291183669846 0.02813888475732896 0.5242130824497768 0.03801217680995904 0.4988994251598011 0.043771599334420506 0.48349109996448864
0 0.005101201140764847 0.6067576618937703 0.03389830357820085 0.6232665619292816 0.006746749970519427 0.6452784550654423
0 0.038834951456310676 0.7410301307579139 0.08079644360588592 0.7223200810420048 0.09478361259386378 0.7080123306868913 0.10054302771114608 0.7102134803672889 0.103011351650201 0.7223200810420048 0.09560638724021542 0.7520361169592127 0.10054302771114608 0.7784503887226055 0.10054302771114608 0.7938586742846997 0.09396083794751213 0.8015628170657467 0.07997366895953428 0.8081664246398134 0.06022708485427412 0.7641426383674919 0.041303275395365595 0.7597402597402597
0 0.08737864077669903 0.8169711818942776 0.10465690094290428 0.8048646604859984 0.12358071780899196 0.8081664246398134 0.1301629075726259 0.8158705674208604 0.11206187276006903 0.8224741749949269 0.09396083794751213 0.8257759391487419
0 0.1408589779751972 0.8136694177404626 0.186111568710179 0.8048646604859984 0.177061047600311 0.8356812316101867 0.17541549830760772 0.860994968166599 0.16636497719773968 0.8742021040482955 0.15484614696317506 0.8720008751014611 0.1556689216095267 0.8389830750304383 0.1449728512069554 0.8268764743557224
0 0.11123909811371739 0.5550297328404018 0.13345400615803246 0.5495267397397524 0.15484614696317506 0.56163330078125 0.19763041375910195 0.6001540939529221 0.1688333011367946 0.5946511008522727 0.14415007656060377 0.5935505260120738 0.12440348504816444 0.6045564725801542 0.11453019669912394 0.6188641833020495 0.11206187276006903 0.6320713191837459 0.10465690094290428 0.6353730833375609 0.09725193653291869 0.6155624191482346 0.09396083794751213 0.6001540939529221 0.10547967558925592 0.5781422008167614
0 0.4967365450072057 0.24353378097732345 0.5252916650864684 0.2620866453492796 0.5685322881902306 0.26426934576653816 0.5962715222997573 0.2653606860668628 0.6109569956955401 0.27518280821961244 0.6166680493401092 0.27845682912058645 0.606877713990443 0.2915529919909192 0.5897446123141686 0.4024664544439935 0.5799543362219357 0.4035577947443182 0.5595578091815837 0.40901449624594155 0.5399771384822513 0.40574047534496754 0.5326344314130764 0.41665395761465096 0.5244758087454491 0.4188366382153003 0.5187648143583131 0.2959183730088271 0.5122379043727245 0.2762741485199371 0.5032634253640776 0.26099530504895496
0 0.5456881921268204 0.48650005390117695 0.5701640008722694 0.4886827345018263 0.593823953276699 0.4886827345018263 0.6109569956955401 0.389774074802151 0.631353522735892 0.38104331276633524 0.6411438580855583 0.38540871360085227 0.6240107564092839 0.41705774084314123 0.6134045647185983 0.42797118347960633 0.5946398096177185 0.3323365843141234 0.5783225642824636 0.32360582227830764 0.56934814453125 0.3039615779728084 0.5497674738319175 0.4985048368379667
0 0.4257567174226335 0.5410673463499391 0.4551276938429157 0.5225144423447646 0.4885779519682949 0.5105096594079749 0.5016317126820389 0.3105096594079748 0.49428897598414745 0.5432500269505884 0.48939380830931434 0.5748990541928775 0.493473119643128 0.4098221023361404 0.4983682873179612 0.43819710867745537 0.4983682873179612 0.44474519011262176 0.48531452660421726 0.4425624698787541 0.47878764624734527 0.4054567411348417 0.46736559821564017 0.5672596324573863 0.4371787654543386 0.5519807889864042
0 0.26911152960027307 0.5163701837713068 0.2862446016478307 0.5305576869419643 0.3172472907501517 0.5261922861074473 0.3360120754797482 0.5163701837713068 0.2555927165503641 0.4890865573635349 0.26783062092308857 0.4923605782645089 0.3661989082410498 0.5229182652064732 0.3613037405662166 0.5502018916142452 0.3841478366296268 0.5643893947849026 0.39312228600955706 0.5873076599913758 0.38985886064547937 0.6222307081346388 0.38496369297064625 0.637509551605621 0.3613037405662166 0.6113172654981737 0.34417066851865896 0.6058605243633319 0.3384596445028064 0.616773966999797 0.32377417110702367 0.5905816808923499 0.2935873383457221 0.5632980544845779 0.2617687929023817 0.5600239939503856 0.2250550649698498 0.5807595785562094 0.24463572085482402 0.5632980544845779 0.2593211942506068 0.5360143884435876
0 0.19894754354236197 0.6298701298701299 0.21689647193093903 0.637509551605621 0.2250550649698498 0.6669758586140422 0.24953088852965716 0.6964422052556818 0.2642163619254399 0.7084470278256899 0.2789018649499393 0.7084470278256899 0.29195562566368327 0.7160864099279627 0.300114218702594 0.7324565936992695 0.31235212307531857 0.752100877637987 0.3017459313846329 0.7750191032112419 0.2723749549643507 0.7695624017096185 0.23810884049795206 0.7739277629109172 0.22913437630366354 0.7793844644125406 0.22913437630366354 0.7542835582386364 0.24055640952101032 0.7346392742999188 0.23321367282311894 0.7008075664569805 0.2120013042561059 0.6735239796824269 0.20139512737977852 0.6495143345424107
0 0.4461532148342688 0.7473316539417614 0.4763400475955704 0.7658845183137175 0.5097903353496662 0.6691585392146916 0.5277392341095267 0.6855287229859984 0.537529569459193 0.714995069627638 0.5146854733957827 0.7215431906960227 0.4763400475955704 0.6106297084263392 0.43962633447739685 0.6400960550679788 0.4420739035004551 0.6018989067573052 0.4469690711752882 0.7669758586140422
0 0.5048951380461165 0.5229182652064732 0.5326344314130764 0.5512932319145698 0.5742432825773665 0.5512932319145698 0.586481186950091 0.5534759521484375 0.5734274262363471 0.566572075385552 0.5432406231037621 0.5818509188565341 0.531818575072057 0.6036778437626826 0.5383454258002124 0.6331441507711039 0.5195806706993326 0.648422994242086 0.5106061916906857 0.6571537562779017 0.507342766326608 0.6429662927404627 0.5114220480317051 0.6342355307046469 0.5122379043727245 0.6156826266994724 0.5040792817050971 0.5927643614929992 0.5 0.5676634156858766 0.5032634253640776 0.5502018916142452
0 0.6713306612181432 0.45088944868607955 0.6884637628944175 0.4934519185648336 0.7268091886946298 0.48799521706321025 0.7341518957638046 0.4738077138925528 0.7317043267407464 0.43997600604961445 0.7333360394227852 0.42142310204443995 0.74965328475804 0.4159664005428166 0.74965328475804 0.4312452440137987 0.7529167101221177 0.4596202107218953 0.7578118481682342 0.4858124968293425 0.762707045471784 0.5185528643719561 0.742310518431432 0.5272836264077719 0.7039650926312196 0.5480192110135957 0.6778575712037318 0.5720288165203937 0.6664355231720267 0.5774855576552353 0.6582769005043992 0.5698461359197443 0.6827527092498483 0.5338317078429383 0.6794892838857707 0.5054567411348417 0.6639879541489685 0.48472115652901787 0.6582769005043992 0.4738077138925528
0 0.762707045471784 0.26426934576653816 0.796973130309466 0.27845682912058645 0.8132903756447208 0.17409144810267857 0.8108428066216626 0.16208664534927963 0.7896304232402913 0.2511732027128145 0.7814718005726639 0.26426934576653816
0 0.6599086131864381 0.0034377386043598127 0.7088602306773362 0.0034377386043598127 0.6876478472959648 0.03072137956495409 0.6917271882584951 0.054730982594675834 0.6452231397906554 0.04054348933232295 0.6574610441633798 0.021990615052062196
0 0.7129395716398665 0.01653388630260121 0.7284409013766687 0.008894467044186283 0.7365994647868629 0.032904070073908026 0.7431263747724515 0.04927425632229099 0.7447580874544902 0.05800501835810674 0.7398629494083738 0.07437520708356585 0.734967752104824 0.09074538590072037 0.7259933323536104 0.08856269539176644 0.7137554279808859 0.0558223278491528 0.7072285179952973 0.04054348933232295 0.710491943359375 0.02853868905600015
0 0.7431263747724515 0.024173305561016132 0.7610753327897452 0.017625231557078177 0.74965328475804 0.04818291106781402
0 0.800236614930977 0.0034377386043598127 0.787182854217233 0.01871657805009322 0.7855511415351941 0.04709156581333705 0.7953414176274272 0.06127905907568994 0.8059476093181128 0.06346174958464387 0.8059476093181128 0.03945214407784598 0.8165538010087986 0.03617810831441508 0.8279758490405036 0.0558223278491528 0.8393978970722087 0.046000220558860085 0.8548992268090109 0.05691367310362977 0.8548992268090109 0.033995415328384994 0.8500040887628945 0.011077157553140218 0.8483723760808556 0.005620430042217304
0 0.8328709870866201 0.06455309483912083 0.8516358014449332 0.08747135509144176 0.866321274840716 0.20056750805346996 0.8704006158032463 0.20493286925476867 0.8777433228724211 0.07874058810147372 0.8597944241125607 0.06346174958464387 0.8434771787773059 0.05800501835810674
0 0.7145712843219053 0.09511076691862824 0.7308884703997269 0.09729346733588677 0.7414946620904126 0.11475499140751827 0.7716814652229975 0.1202117226340554 0.7912621359223301 0.10820691988065645 0.8083951783411711 0.20165884835379463 0.828791705381523 0.09183673610934963 0.8353186153671116 0.08419731437385856 0.8442930351183252 0.09183673610934963 0.8206330827138957 0.25840882140320615 0.8230807109943872 0.2758703454748377 0.8279758490405036 0.294423229663403 0.836134471708131 0.11952417547052557 0.8181855136908374 0.1086107130174513 0.8083951783411711 0.28132706679307024 0.792893848604369 0.16059151191216012 0.7504691410990595 0.1474953589501319 0.7202822787090413 0.14967804945908583 0.7227298477320995 0.12566845386059253 0.7178347096859831 0.10602422937170251
0 0.8548992268090109 0.2824184269100041 0.8655054184996966 0.2605915020038555 0.8842702328580098 0.25622614080255685 0.9030349879588896 0.16604823323039267 0.9275107967043386 0.17587034547483765 0.9381169883950242 0.18787514822823662 0.9519866054497876 0.19551456996372768 0.9544341744728458 0.21734147505326704 0.9593293717763957 0.23043763792359984 0.9495390364267293 0.23916839995941558 0.9340377066899271 0.23043763792359984 0.928326653045358 0.21297609403535916 0.8875336582220874 0.10315399169921875 0.8646895621586772 0.29224052924614446
0 0.8953414176274271 0.30792317576222605 0.7296075617225425 0.32320199941659905 0.7369503280491505 0.32975008085176544 0.7336868434276396 0.354851026658888 0.7336868434276396 0.3832260330002029 0.8279758490405036 0.41378368030894885 0.8271599926994843 0.43997600604961445 0.8141062319857403 0.4126923400086242 0.7018683276130158 0.3875913942015016 0.879840087890625 0.37995197246601053 0.8765766625265473 0.37667795156503653 0.8847352259367415 0.35812508719308034 0.8912621359223301 0.33957218318790583 0.8937097049453884 0.319927978515625
0 0.6656196668310073 0.229346277806666 0.6819368529088289 0.22279821618810877 0.686016134613926 0.24353378097732345 0.6680672358540656 0.24789916199523132 0.6639879541489685 0.24025974025974026
0 0.9364852757129855 0.3603077677937297 0.9193522332941444 0.37667795156503653 0.9128253233085558 0.4072356385070008 0.9177204613546723 0.44325002695058846 0.9201680896351638 0.46835097275771104 0.9071143289214199 0.49126923796418426 0.9397487010770631 0.49890865969967535 0.9479073237446906 0.5032740209009741 0.9585135154353762 0.48362981622869317 0.9568818027533373 0.4705336533583604 0.9470914674036711 0.4639856115564123 0.9454597547216322 0.4367019455154221 0.9470914674036711 0.39959621677150975 0.9495390364267293 0.37667795156503653
0 0.9519866054497876 0.5163701837713068 0.9642245098225122 0.5229182652064732 0.9650403661635315 0.5632980544845779 0.9585135154353762 0.5993124429281655 0.9723831324901395 0.6211393678343141 0.980541755157767 0.6462403136414366 0.9854368932038835 0.6647931780133929 0.9625927971404733 0.6516970547762784 0.9291425093863774 0.637509551605621 0.9046667006409284 0.616773966999797 0.9144570359905947 0.5916730211926745 0.9340377066899271 0.5785768979555601 0.941380413759102 0.5643893947849026 0.9479073237446906 0.5381971086774554
0 0.4143346693909284 0.2904616318739854 0.4355470231435831 0.28173086983816964 0.4583911192069933 0.28173086983816964 0.4657338559048847 0.28609625085607754 0.4657338559048847 0.2991924137264103 0.4616545741997876 0.3101058563628754 0.44778492751630766 0.32211065911627434 0.4339153104615443 0.3384808428875812 0.4184139807247421 0.3493942855240463 0.41270295670888957 0.3133798970804586
0 0.6786734275447512 0.5938557414265422 0.6966223263046116 0.616773966999797 0.7235457040731189 0.6418749128069197 0.7317043267407464 0.648422994242086 0.7300726140587075 0.6549710756772524 0.710491943359375 0.6538797353769278 0.7015175236081614 0.6527883950766031 0.7015175236081614 0.6615191571124188 0.7162029970039442 0.6637018377130682 0.7268091886946298 0.6702498795150162 0.7333360394227852 0.683346042385349 0.7463898001365291 0.6975335455560064 0.7602594171912925 0.7106297084263393 0.7643387581538228 0.7302739130986201 0.7643387581538228 0.7477354371702516 0.748021512818568 0.7444614162692776 0.7202822787090413 0.7302739130986201 0.6958064699635922 0.7302739130986201 0.6713306612181432 0.7433700759689529 0.6378803734640474 0.7542835582386364 0.6125887083775788 0.7597402597402597 0.6370645171230279 0.7269998921976462 0.6541976187993022 0.7106297084263393 0.6778575712037318 0.6997162261566559 0.6909113319174758 0.6811633617846997 0.6876478472959648 0.6495143345424107 0.6819368529088289 0.6353268710049715 0.68030514022679 0.6211393678343141 0.6762258585216929 0.6058605243633319
0 0.9813576114987864 0.6811633617846997 0.99033203125 0.6811633617846997 0.9927796595304915 0.820451850395698 0.9919638031894721 0.8662883015422078 0.9919638031894721 0.8946633078835228 0.9723831324901395 0.8826584853135147 0.9299583657273969 0.7023027692522321 0.9095618979444782 0.7241296545251623 0.9014032752768507 0.7415911785967938 0.8965081372307342 0.825220994825487 0.8687688438637743 0.8044854498528815 0.8532675141269721 0.7913892869825487 0.8728481848263047 0.78702392578125 0.9046667006409284 0.8804758047128652 0.9315901376668689 0.8728364226105926 0.9503548927677488 0.8466440968699269 0.9625927971404733 0.8269998921976461 0.9723831324901395 0.8073556875253652 0.9756465578542173 0.6964422052556818
0 0.49545566595873786 0.8099421513545049 0.6223790437272452 0.8263123351258117 0.648486565154733 0.8459565397980925 0.6745940865822209 0.8612353832690747 0.6941747572815534 0.8710575252384335 0.700701667267142 0.8754228864397321 0.700701667267142 0.8896103896103896 0.6990698953276699 0.9005238718800731 0.6794892838857707 0.8983411912794237 0.6444072834496359 0.8994325315797483 0.6362486607820085 0.8896103896103896 0.6256424690913228 0.8710575252384335 0.6109569956955401 0.86560082373681 0.4921922405946602 0.86014404296875 0.4897446123141687 0.8306776963271104
0 0.4505833301729369 0.895067091112013 0.4750591389183859 0.8972497717126623 0.4946398096177185 0.895067091112013 0.4930080969356796 0.8808795879413556 0.4685322881902306 0.8841536881087663 0.46282123454566143 0.8841536881087663
0 0.821448939054915 0.8448651994977678 0.8369503280491505 0.8765142267400569 0.8459248070577974 0.8917930702110389 0.8296075617225425 0.8907017299107143 0.8238965673354065 0.8917930702110389 0.8165538010087986 0.8754228864397321 0.8132903756447208 0.8590527026684254 0.8132903756447208 0.8492306399655033
0 0.9544341744728458 0.050365601576767956 0.9878844622269417 0.059096363612583705 0.9941747572815534 0.06368456258402243 0.9941747572815534 0.0012987012987012987 0.9789099832182949 0.01544254104812424 0.9699355634670813 0.03181272481943106
