0 0.10943904519081116 0.0013020833333333333 0.11541679501533508 0.0013020833333333333 0.12680435180664062 0.0013020833333333333 0.12080267071723938 0.0013020833333333333 0.09735050797462463 0.0013020833333333333 0.08696666359901428 0.0013020833333333333 0.07616311311721802 0.0013020833333333333 0.07127335667610168 0.0013020833333333333 0.055594682693481445 0.0013020833333333333 0.03670668601989746 0.0013020833333333333 0.030184924602508545 0.0013020833333333333 0.02297300100326538 0.0013020833333333333 0.019665300846099854 0.0013020833333333333 0.027670472860336304 0.0013020833333333333 0.03748008608818054 0.0013020833333333333 0.04258117079734802 0.0013020833333333333 0.04394686222076416 0.0013020833333333333 0.04394686222076416 0.0013020833333333333 0.07653060555458069 0.0013020833333333333
0 0.24240532517433167 0.0013020833333333333 0.25599855184555054 0.0013020833333333333 0.26643455028533936 0.0013020833333333333 0.27860623598098755 0.0013020833333333333 0.29224205017089844 0.0013020833333333333 0.3045250475406647 0.0013020833333333333 0.32146862149238586 0.0013020833333333333 0.32816439867019653 0.0013020833333333333 0.3654196858406067 0.0013020833333333333 0.381521999835968 0.0013020833333333333 0.37326908111572266 0.0013020833333333333 0.3531239628791809 0.0013020833333333333 0.34015345573425293 0.0013020833333333333 0.336137592792511 0.0013020833333333333 0.3456043004989624 0.0013020833333333333 0.3517274260520935 0.0013020833333333333 0.35305094718933105 0.0013020833333333333 0.3549928069114685 0.0013020833333333333 0.34546762704849243 0.02230230967203776 0.3236449360847473 0.01522982120513916 0.2906827926635742 0.009811043739318848 0.2682177424430847 0.0013020833333333333 0.2537870705127716 0.0013020833333333333 0.24072298407554626 0.0013020833333333333 0.23329102993011475 0.0013020833333333333 0.2384069561958313 0.0013020833333333333
0 0.40381357073783875 0.0013020833333333333 0.3877381384372711 0.0013020833333333333 0.36712515354156494 0.0013020833333333333 0.36370545625686646 0.0013020833333333333 0.36779171228408813 0.0013020833333333333 0.3806028962135315 0.0013020833333333333 0.40599095821380615 0.0013020833333333333 0.43301889300346375 0.0013020833333333333 0.4449423551559448 0.0013020833333333333 0.42986175417900085 0.0013020833333333333
0 0.4546009600162506 0.0013020833333333333 0.43710100650787354 0.0013020833333333333 0.40934520959854126 0.0013020833333333333 0.40885671973228455 0.0013020833333333333 0.4145740866661072 0.0013020833333333333 0.42714324593544006 0.03187092145284017 0.4352771043777466 0.060395280520121254 0.4369327127933502 0.0821140209833781 0.44724389910697937 0.09519322713216145 0.4714013636112213 0.10520633061726888 0.48941168189048767 0.1064833402633667 0.49780091643333435 0.09928508599599202 0.49929967522621155 0.061716278394063316 0.5016940832138062 0.02435588836669922 0.510982096195221 0.0013020833333333333 0.5250711441040039 0.0013020833333333333 0.5375910401344299 0.0013020833333333333 0.5193483233451843 0.0013020833333333333 0.496191143989563 0.0013020833333333333 0.4706980586051941 0.0013020833333333333
0 0.5721395015716553 0.0013020833333333333 0.5611518621444702 0.0013020833333333333 0.5500727891921997 0.0013020833333333333 0.5496230721473694 0.0013020833333333333 0.5591216087341309 0.0013020833333333333 0.5783113241195679 0.002624948819478353 0.5942922830581665 0.0013020833333333333 0.6151196956634521 0.009143551190694174 0.6476868987083435 0.025175929069519043 0.6614935398101807 0.021369020144144695 0.6707420945167542 0.007191816965738933 0.6661544442176819 0.0013020833333333333 0.6575668454170227 0.0013020833333333333 0.6542180776596069 0.0013020833333333333 0.6445929408073425 0.0013020833333333333 0.6225029230117798 0.0013020833333333333 0.5942057371139526 0.0013020833333333333
0 0.7051182985305786 0.0013020833333333333 0.7104226350784302 0.0013020833333333333 0.727827787399292 0.007656772931416829 0.7418529391288757 0.02351856231689453 0.7544882893562317 0.01723178227742513 0.7652426958084106 0.002308050791422526 0.7767329216003418 0.0013020833333333333 0.7767329216003418 0.0013020833333333333 0.7332978844642639 0.0013020833333333333
0 0.5773031711578369 0.023544470469156902 0.597554087638855 0.01775638262430827 0.619281530380249 0.029351552327473957 0.6401752233505249 0.039862990379333496 0.6480228304862976 0.04669574896494547 0.6362730264663696 0.08155639966328938 0.6338180303573608 0.1034233570098877 0.6367826461791992 0.12135084470113118 0.6566390991210938 0.1277139981587728 0.6613355875015259 0.12925171852111816 0.6562812924385071 0.15167907873789468 0.6492515802383423 0.16426575183868408 0.6358718276023865 0.17010778188705444 0.6294981241226196 0.18517782290776572 0.6053718328475952 0.18295949697494507 0.5830082893371582 0.17946370442708334 0.564380943775177 0.17749069134394327 0.5397210717201233 0.17215236028035483 0.5306662917137146 0.16217851638793945 0.5246617197990417 0.14076387882232666 0.5190330147743225 0.11835368474324544 0.5132940411567688 0.10372499624888103 0.5194253325462341 0.08506667613983154 0.5473014712333679 0.06717582543690999 0.562095046043396 0.04080923398335775
0 0.6913280487060547 0.03384959697723389 0.6775078773498535 0.04774336020151774 0.6673774719238281 0.07072166601816814 0.6671663522720337 0.10940555731455485 0.6710102558135986 0.12900614738464355 0.6913980841636658 0.13586767514546713 0.7142691612243652 0.13324864705403647 0.7307446002960205 0.1366047461827596 0.7468724846839905 0.14221946398417154 0.7360914945602417 0.11859893798828125 0.7311420440673828 0.09254264831542969 0.7309914827346802 0.07516515254974365 0.7185015082359314 0.05156413714090983 0.7056312561035156 0.04060566425323486
0 0.6698500514030457 0.1412754456202189 0.6936492919921875 0.1424340009689331 0.7192032933235168 0.14078267415364584 0.741702675819397 0.14864031473795572 0.7557621002197266 0.1559568246205648 0.7596129179000854 0.17513604958852133 0.7620986700057983 0.189182718594869 0.76311194896698 0.19916433095932007 0.7471301555633545 0.20528942346572876 0.7299774289131165 0.21332389116287231 0.7174710631370544 0.23271061976750693 0.7073595523834229 0.2592164874076843 0.6915932893753052 0.25659581025441486 0.6794283390045166 0.2385205626487732 0.6764410138130188 0.21238311131795248 0.6725795865058899 0.18746368090311685 0.6574035882949829 0.17166455586751303 0.6622754335403442 0.16062378883361816
0 0.8200585842132568 0.0419472853342692 0.797295331954956 0.05304880936940511 0.7838680148124695 0.06951550642649333 0.7879304885864258 0.09302115440368652 0.7865907549858093 0.12659796078999838 0.7790524959564209 0.1499710480372111 0.7709032297134399 0.1601410706837972 0.7719870805740356 0.19039124250411987 0.773608922958374 0.21513907114664713 0.7801228761672974 0.23458858331044516 0.7804150581359863 0.25306304295857746 0.7863544225692749 0.2788251241048177 0.7935280799865723 0.31048597892125446 0.7987662553787231 0.33151954412460327 0.800839900970459 0.3579436143239339 0.8093541860580444 0.37788236141204834 0.8184367418289185 0.3811529874801636 0.839366614818573 0.38466064135233563 0.8595168590545654 0.369873046875 0.8813276290893555 0.3557851314544678 0.889588475227356 0.349770466486613 0.8924121856689453 0.321958065032959 0.8875963687896729 0.29299235343933105 0.8837540149688721 0.2706744472185771 0.873746395111084 0.2487452824910482 0.866169810295105 0.2179564634958903 0.8604840040206909 0.2038151423136393 0.8523662686347961 0.17809549967447916 0.8497837781906128 0.15930469830830893 0.852069616317749 0.1350375016530355 0.8637808561325073 0.12359301249186198 0.8646939992904663 0.1049267053604126 0.8596054315567017 0.08431629339853923 0.840785801410675 0.06745390097300212 0.8297960758209229 0.05213181177775065
0 0.8488262891769409 0.058422605196634926 0.8631195425987244 0.04911243915557861 0.8770912885665894 0.05138007799784342 0.8864517211914062 0.06386737028757732 0.8831988573074341 0.06984245777130127 0.8686892986297607 0.07323825359344482 0.8563141822814941 0.07263120015462239
0 0.8677867650985718 0.08235212167104085 0.8830307126045227 0.08038798967997234 0.8943621516227722 0.0818166732788086 0.9033510684967041 0.10610103607177734 0.9076120257377625 0.1240557034810384 0.9093674421310425 0.14129785696665445 0.9140585660934448 0.14641229311625162 0.9296605587005615 0.14683091640472412 0.9398374557495117 0.14066298802693686 0.9560022354125977 0.14363213380177817 0.9623392820358276 0.14931766192118326 0.9732967615127563 0.1685157616933187 0.9784911870956421 0.18463448683420816 0.9894458651542664 0.20264645417531332 0.9946097135543823 0.2103427847226461 0.9947529435157776 0.22485530376434326 0.9917123317718506 0.25289642810821533 0.9935587048530579 0.28264085451761883 0.999396562576294 0.30644867817560834 0.9983406066894531 0.31589112679163617 0.9993389248847961 0.33703215916951496 0.9977191686630249 0.35864893595377606 0.9964882135391235 0.3693552414576213 0.9769641160964966 0.3706667423248291 0.96299147605896 0.3674960136413574 0.9505142569541931 0.37347360452016193 0.9411618709564209 0.3817175626754761 0.9345211982727051 0.38835589090983075 0.9289640188217163 0.3928519090016683 0.9089683294296265 0.37506671746571857 0.9026436805725098 0.3629266818364461 0.9240344762802124 0.3127194444338481 0.926877498626709 0.28532207012176514 0.917324423789978 0.27843618392944336 0.8997961282730103 0.27372588713963825 0.892547070980072 0.2687829335530599 0.8772075176239014 0.23036442200342813 0.8706440329551697 0.20736334721247354 0.8641685843467712 0.18339618047078451 0.8567172884941101 0.16049142678578696 0.857630729675293 0.14171767234802246 0.8619323968887329 0.13366472721099854 0.8696562051773071 0.12678635120391846 0.8712146282196045 0.11069456736246745 0.8709530830383301 0.09521730740865071
0 0.9227191209793091 0.04528172810872396 0.9276307821273804 0.0657193660736084 0.9293601512908936 0.08278822898864746 0.9226181507110596 0.08883436520894368 0.9297167062759399 0.10410443941752116 0.9442546367645264 0.12307993570963542 0.9582709074020386 0.13840937614440918 0.9807252883911133 0.13863682746887207 0.9927811622619629 0.13064754009246826 1.0 0.1370176076889038 1.0 0.13502204418182373 1.0 0.12220283349355061 1.0 0.09220818678538005 1.0 0.08187190691630046 1.0 0.08187190691630046 0.9541546106338501 0.05441590150197347 0.9414891600608826 0.05029797554016113 0.925381064414978 0.04502701759338379
0 0.929766833782196 0.4081952174504598 0.9348335862159729 0.42994507153828937 0.9421623945236206 0.44607317447662354 0.9558358192443848 0.457769513130188 0.9640613794326782 0.4589785734812419 0.9672217965126038 0.45365504423777264 0.9749237895011902 0.438456654548645 0.9831758737564087 0.41852227846781415 0.9868073463439941 0.39479557673136395 0.9839972853660583 0.3827720483144124 0.9776341915130615 0.37954819202423096 0.9669209718704224 0.38488205273946124 0.9558061361312866 0.3863646984100342 0.9450951814651489 0.3917187849680583
0 0.760145902633667 0.21375972032546997 0.7474074959754944 0.23813581466674805 0.7447269558906555 0.26290486256281537 0.7400600910186768 0.29090219736099243 0.7320926785469055 0.31680617729822796 0.7240982055664062 0.34586791197458905 0.7245070338249207 0.368532657623291 0.7310904264450073 0.3753012816111247 0.7399301528930664 0.3736040194829305 0.7491796612739563 0.35360415776570636 0.7616865634918213 0.3134151299794515 0.7667238712310791 0.29258716106414795 0.7690982222557068 0.26113561789194745 0.7720339894294739 0.2462390661239624 0.7713348865509033 0.2325456738471985
0 0.562716007232666 0.1904537876447042 0.5394022464752197 0.20324267943700156 0.5286826491355896 0.22287543614705405 0.5347989201545715 0.24996701876322427 0.5456359386444092 0.2740989128748576 0.557559609413147 0.2980876366297404 0.5719237923622131 0.3182887037595113 0.5913673639297485 0.3228257695833842 0.6047429442405701 0.3117213845252991 0.6098813414573669 0.287487268447876 0.6071346402168274 0.26051898797353107 0.6091657876968384 0.23226120074590048 0.6059237122535706 0.20933922131856283 0.5941356420516968 0.1918826699256897 0.5799832344055176 0.18756757179896036
0 0.018965423107147217 0.011956930160522461 0.04287579655647278 0.03229614098866781 0.05373409390449524 0.04880718390146891 0.057928621768951416 0.05921947956085205 0.04414278268814087 0.06962474187215169 0.029376834630966187 0.05104657014211019 0.01794147491455078 0.03794987996419271 0.011691570281982422 0.029506325721740723
0 0.009967565536499023 0.044659972190856934 0.020764261484146118 0.05645569165547689 0.030534952878952026 0.06924657026926677 0.0359455943107605 0.07755613327026367 0.03135696053504944 0.09947117169698079 0.03724208474159241 0.12000755469004314 0.031552404165267944 0.12850606441497803 0.019397765398025513 0.11990789572397868 0.012088596820831299 0.10268362363179524 0.006689876317977905 0.09432351589202881 0.002541452646255493 0.08863985538482666 0.005076467990875244 0.07356381416320801
0 0.07613986730575562 0.053260485331217446 0.09838765859603882 0.04922680060068766 0.10095754265785217 0.08328564961751302 0.10576575994491577 0.10953776041666667 0.10825708508491516 0.1440106232961019 0.114858478307724 0.174657940864563 0.11751461029052734 0.19858519236246744 0.11564242839813232 0.21927112340927124 0.1060207188129425 0.2459354599316915 0.10179033875465393 0.26629942655563354 0.09341979026794434 0.29711490869522095 0.08647927641868591 0.3144289453824361 0.07897937297821045 0.3303287823994954 0.06665053963661194 0.31234556436538696 0.050523996353149414 0.28114449977874756 0.03717929124832153 0.2644493381182353 0.03276374936103821 0.24984904130299887 0.036886125802993774 0.21381044387817383 0.03599262237548828 0.1780909299850464 0.034214794635772705 0.15820411841074625 0.03408136963844299 0.13873211542765299 0.03999662399291992 0.1339019536972046 0.048736751079559326 0.11753857135772705 0.04001888632774353 0.10366861025492351 0.043031543493270874 0.09102948506673177 0.04792940616607666 0.08240214983622234 0.05406448245048523 0.07163067658742268 0.06355121731758118 0.06633468468983968
0 0.17631477117538452 0.0013020833333333333 0.19987255334854126 0.0013020833333333333 0.21621820330619812 0.0013020833333333333 0.22937628626823425 0.0013020833333333333 0.2579810917377472 0.010151386260986328 0.26996713876724243 0.013372977574666342 0.2827019691467285 0.0224836270014445 0.28575778007507324 0.03465731938680013 0.28283947706222534 0.049390554428100586 0.2812666594982147 0.06201001008351644 0.28113073110580444 0.0761551062266032 0.27627432346343994 0.08243791262308757 0.27009207010269165 0.08620540301005046 0.2599394917488098 0.09177549680074056 0.24512264132499695 0.08947042624155681 0.23576271533966064 0.09157693386077881 0.22408854961395264 0.09209263324737549 0.22242465615272522 0.05957702795664469 0.21695226430892944 0.0372924009958903 0.21076461672782898 0.023224949836730957 0.20111742615699768 0.013296842575073242 0.18955567479133606 0.004198908805847168 0.1814374029636383 0.0013020833333333333
0 0.2948378324508667 0.03494791189829508 0.3115655183792114 0.029473185539245605 0.32769739627838135 0.03670116265614828 0.343942791223526 0.043932437896728516 0.3537154495716095 0.06048866113026937 0.3593790531158447 0.08794864018758138 0.3585846722126007 0.10524102052052815 0.34452682733535767 0.10907256603240967 0.33628833293914795 0.12556469440460205 0.34678351879119873 0.14230589071909586 0.34480565786361694 0.15983815987904867 0.3297908306121826 0.1855029066403707 0.31971031427383423 0.16375815868377686 0.30806422233581543 0.1406306823094686 0.2962680459022522 0.12701570987701416 0.2918705344200134 0.1085272232691447 0.28870996832847595 0.09267433484395345 0.2889161705970764 0.06912453969319661 0.2889859080314636 0.05506745974222819
0 0.36593589186668396 0.1109474500020345 0.3822043538093567 0.11560992399851482 0.40553924441337585 0.13395837942759195 0.4095979332923889 0.14257856210072836 0.4054778218269348 0.1523589293162028 0.39019766449928284 0.15030205249786377 0.3777250349521637 0.14515944321950278 0.3651292324066162 0.1411623160044352 0.3567705750465393 0.14006733894348145 0.3488636612892151 0.1284384330113729 0.34991493821144104 0.11919351418813069
0 0.44374337792396545 0.13748029867808023 0.4526171088218689 0.1287874380747477 0.4702063202857971 0.12738760312398276 0.49063441157341003 0.13350582122802734 0.5052394866943359 0.15653117497762045 0.5130147933959961 0.17264586687088013 0.535551130771637 0.1855959097544352 0.5309349894523621 0.19449545939763388 0.5225511193275452 0.21255705753962198 0.5237032175064087 0.23282978932062784 0.5293394327163696 0.2630774180094401 0.5409781336784363 0.28285743792851764 0.5538119673728943 0.31504184007644653 0.5605138540267944 0.330147127310435 0.5346463918685913 0.3258617917696635 0.5176235437393188 0.31257214148839313 0.5056065917015076 0.293479045232137 0.48650628328323364 0.27362096309661865 0.4720103442668915 0.260403831799825 0.4609264135360718 0.24997768799463907 0.4558130204677582 0.2299934426943461 0.4519321918487549 0.19083168109258017 0.44047898054122925 0.17669119437535605 0.4368577003479004 0.15568514664967856
0 0.22376444935798645 0.10284221172332764 0.24888941645622253 0.10202562808990479 0.261565625667572 0.10157740116119385 0.26565566658973694 0.12137293815612793 0.2749830484390259 0.128752072652181 0.2867700457572937 0.1244524319966634 0.29511916637420654 0.14122164249420166 0.3071639835834503 0.1621141036351522 0.3151088356971741 0.17643447717030844 0.3218840956687927 0.19183709224065146 0.3181580901145935 0.2085492213567098 0.3143922686576843 0.2254449725151062 0.2936074435710907 0.2417744000752767 0.2675608992576599 0.2471823493639628 0.25082099437713623 0.2561892469724019 0.23164138197898865 0.26083417733510333 0.22764277458190918 0.24999592701594034 0.21686795353889465 0.252014418443044 0.21484893560409546 0.2720784942309062 0.20644992589950562 0.27572089433670044 0.20039647817611694 0.2618640065193176 0.19448313117027283 0.2519157330195109 0.1756105124950409 0.24719615777333578 0.16438400745391846 0.252642293771108 0.13879510760307312 0.2677665750185649 0.1263067126274109 0.2765360673268636 0.12610146403312683 0.24757721026738486 0.13334229588508606 0.22528634468714395 0.1453404724597931 0.2201464573542277 0.15613070130348206 0.21721706787745157 0.17116287350654602 0.21003923813501993 0.1938498616218567 0.18553292751312256 0.21039307117462158 0.14905854066212973 0.21317407488822937 0.13007191816965738
0 0.11330604553222656 0.2939518690109253 0.12815535068511963 0.2857710321744283 0.15746468305587769 0.2727992534637451 0.17317411303520203 0.26571720838546753 0.1895422637462616 0.26498256127039593 0.20133528113365173 0.28506133953730267 0.2192114293575287 0.2857006986935933 0.2302497923374176 0.27727534373601276 0.24534210562705994 0.2888006369272868 0.24688071012496948 0.30340278148651123 0.24166524410247803 0.3315683404604594 0.23753905296325684 0.3548828760782878 0.22774744033813477 0.3677198489507039 0.22256743907928467 0.3787463108698527 0.21686697006225586 0.4099254608154297 0.21312734484672546 0.4239438772201538 0.19973188638687134 0.42997626463572186 0.1908714473247528 0.42767083644866943 0.1844775378704071 0.41400853792826336 0.17256799340248108 0.40967925389607746 0.15981626510620117 0.4169788757960002 0.14692947268486023 0.4254259665807088 0.14122015237808228 0.4304486910502116 0.12730053067207336 0.43453343709309894 0.12293267250061035 0.4359508752822876 0.11695665121078491 0.43692584832509357 0.10208910703659058 0.44191261132558185 0.09027037024497986 0.45533700784047443 0.07327961921691895 0.43282751242319745 0.05955049395561218 0.4114154577255249 0.05735856294631958 0.40325649579366046 0.06900998950004578 0.38602177302042645 0.08894768357276917 0.3529452482859294 0.1001671552658081 0.32896721363067627 0.10691478848457336 0.3127711017926534
0 0.0009765625 0.3015137513478597 0.0009765625 0.30643359820048016 0.0009765625 0.32109538714090985 0.010683536529541016 0.3276444872220357 0.022268623113632202 0.3454207976659139 0.023902446031570435 0.3570527235666911 0.01770654320716858 0.37670497099558514 0.0009765625 0.3891688982645671 0.0009765625 0.40932194391886395 0.0009765625 0.4170980056126912 0.0009765625 0.4223011334737142 0.0009765625 0.3885842164357503 0.0009765625 0.35293710231781006 0.0009765625 0.3291914264361064
0 0.0009765625 0.5590430498123169 0.0009765625 0.5659069617589315 0.0009765625 0.5761094093322754 0.0009765625 0.5896912018458048 0.0009765625 0.6030158996582031 0.0009765625 0.6112325191497803 0.0009765625 0.6120935678482056 0.0009765625 0.6176751852035522 0.0009765625 0.6305884520212809 0.0009765625 0.6277050177256266 0.0009765625 0.6036396423975626
0 0.0009765625 0.5387171109517416 0.0009765625 0.5300826629002889 0.0009765625 0.5302776098251343 0.011628776788711548 0.5412921110788981 0.027565866708755493 0.5547947486241659 0.03516128659248352 0.5683574279149374 0.03926602005958557 0.5833785533905029 0.037724971771240234 0.5966411034266154 0.016857117414474487 0.6026147206624349 0.0009765625 0.6184136867523193 0.0009765625 0.6266828378041586 0.0009765625 0.6401820580164591 0.0009765625 0.6713105837504069 0.0009765625 0.6947299639383951 0.007219105958938599 0.710299015045166 0.030958980321884155 0.7106189727783203 0.0456293523311615 0.7166234652201334 0.05506226420402527 0.7404969533284506 0.054396480321884155 0.7634013493855795 0.0510408878326416 0.7792677879333496 0.040013283491134644 0.7780375480651855 0.025074005126953125 0.7815919717152914 0.018582552671432495 0.7782648404439291 0.007081210613250732 0.7660768826802572 0.0009765625 0.74717911084493 0.0009765625 0.7227005958557129 0.0009765625 0.6994656721750895 0.0009765625 0.6879828770955404 0.0009765625 0.6863423188527426 0.0009765625 0.6822722752888998 0.0009765625 0.6747124195098877 0.0009765625 0.6597172021865845 0.0009765625 0.6459818681081136 0.0009765625 0.6292580763498942 0.0009765625 0.6215395132700602 0.0009765625 0.6190656820933024 0.0009765625 0.6165451606114706 0.0009765625 0.6095211505889893 0.0009765625 0.6023943424224854 0.0009765625 0.5891291300455729 0.0009765625 0.5678793986638387
0 0.08672136068344116 0.48248521486918133 0.10474148392677307 0.4722408850987752 0.126817524433136 0.46297303835550946 0.13711583614349365 0.4671880801518758 0.15433329343795776 0.47605804602305096 0.1731819212436676 0.4722445805867513 0.18832626938819885 0.4712746938069661 0.19088557362556458 0.49085501829783124 0.17592808604240417 0.5183188517888387 0.152579665184021 0.5320393244425455 0.12034797668457031 0.5426717599232992 0.09254306554794312 0.558310310045878 0.07584154605865479 0.5721208651860555 0.0514279305934906 0.5871535936991373 0.045051783323287964 0.5914270877838135 0.04536241292953491 0.5815094709396362 0.05826085805892944 0.5716931819915771 0.07173463702201843 0.5569279591242472 0.0827266275882721 0.5349075794219971 0.08703106641769409 0.5132496356964111 0.08775505423545837 0.500685453414917
0 0.1904696822166443 0.5229586760203043 0.20319098234176636 0.5068096319834391 0.21984133124351501 0.5148814916610718 0.23491203784942627 0.5226501623789469 0.23623397946357727 0.5341803630193075 0.2233891785144806 0.5448020696640015 0.2150159776210785 0.5527373552322388 0.19902610778808594 0.5445529619852701 0.19552141427993774 0.5380158424377441
0 0.28841206431388855 0.42973554134368896 0.31023842096328735 0.45763198534647626 0.32217201590538025 0.4814520279566447 0.33034881949424744 0.5067907174428304 0.34864094853401184 0.519379178682963 0.3593291640281677 0.5431509812672933 0.358656644821167 0.5717502435048422 0.3474871516227722 0.594247301419576 0.33807966113090515 0.6094745000203451 0.32377204298973083 0.6315193176269531 0.3078773021697998 0.6429896752039591 0.2912414073944092 0.6515130201975504 0.2777140736579895 0.653587818145752 0.26021602749824524 0.6502172946929932 0.24374979734420776 0.6474837859471639 0.23008355498313904 0.6329678694407145 0.22797036170959473 0.616372267405192 0.23246246576309204 0.6034919420878092 0.24796012043952942 0.6028016408284506 0.2671562433242798 0.6118744214375814 0.2765774428844452 0.6008226076761881 0.27041786909103394 0.5900311867396036 0.2504476308822632 0.5929738680521647 0.23201200366020203 0.5885919729868571 0.22998884320259094 0.5729964971542358 0.23013675212860107 0.5621919631958008 0.22950983047485352 0.5510558684666952 0.24263012409210205 0.5461339950561523 0.24435266852378845 0.5286750793457031 0.24626705050468445 0.4956454833348592 0.25815728306770325 0.46664218107859295 0.27038079500198364 0.44417937596638996 0.27824729681015015 0.4360493818918864
0 0.3867379128932953 0.30427541335423786 0.4135242700576782 0.2657559315363566 0.43532583117485046 0.2636828025182088 0.4619631767272949 0.26835014422734577 0.47919169068336487 0.28389588991800946 0.4980546236038208 0.2988562782605489 0.5031055212020874 0.317504624525706 0.5186572074890137 0.3394708236058553 0.5411681532859802 0.34715811411539715 0.5810157060623169 0.3509976069132487 0.6045057773590088 0.35771886507670086 0.6172030568122864 0.3710786501566569 0.639737069606781 0.3860162893931071 0.6580695509910583 0.39995455741882324 0.6609067320823669 0.4263830582300822 0.6586933135986328 0.4389774401982625 0.6564092040061951 0.4519311587015788 0.6531863808631897 0.464865763982137 0.6463683843612671 0.5007972717285156 0.6415115594863892 0.5291137297948202 0.6261405348777771 0.5616341829299927 0.5984711050987244 0.5823887586593628 0.5830672979354858 0.5715126593907675 0.5701231360435486 0.5558266242345175 0.5535072088241577 0.5596675078074137 0.5260339975357056 0.5884996255238851 0.47525593638420105 0.5959071318308512 0.4362228214740753 0.5749803384145101 0.4054301679134369 0.5461593071619669 0.397029846906662 0.5396280288696289 0.3983185887336731 0.47858460744222003 0.4019978940486908 0.44401248296101886 0.40117233991622925 0.4057153860727946 0.4033552408218384 0.37601486841837567 0.3914836049079895 0.36356063683827716 0.38638389110565186 0.3372286955515544 0.3851299285888672 0.3172288735707601
0 0.377574622631073 0.5604262749354044 0.39691177010536194 0.5615737835566202 0.4211971163749695 0.5753518342971802 0.4799310564994812 0.607745885848999 0.516025960445404 0.6131766239802042 0.540144681930542 0.6204289595286051 0.5267764925956726 0.6409164667129517 0.5037909150123596 0.6656989256540934 0.47823917865753174 0.6709063847859701 0.440629243850708 0.672610362370809 0.4130619764328003 0.6802794138590494 0.38385093212127686 0.6783312956492106 0.35686570405960083 0.6644970178604126 0.3418641686439514 0.6468603213628134 0.33842790126800537 0.634513258934021 0.3482506275177002 0.6033252875010172 0.3649134337902069 0.5829720497131348
0 0.6434438228607178 0.32161593437194824 0.6534227132797241 0.31477107604344684 0.6675305366516113 0.32368004322052 0.6859175562858582 0.331934114297231 0.704737663269043 0.33885109424591064 0.7174254655838013 0.3535590171813965 0.7207592725753784 0.37229498227437335 0.7286160588264465 0.38637518882751465 0.7427471280097961 0.394853671391805 0.7526614665985107 0.41095157464345294 0.7605082988739014 0.42891013622283936 0.7491280436515808 0.442523996035258 0.7367898225784302 0.4575100342432658 0.7247630953788757 0.4500916004180908 0.7134066224098206 0.4542524814605713 0.7033007144927979 0.4737985134124756 0.6969552040100098 0.48793454964955646 0.6877108812332153 0.4968106746673584 0.6781659126281738 0.4916988213857015 0.6727213859558105 0.476865291595459 0.6632827520370483 0.45212117830912274 0.6693004965782166 0.4350414276123047 0.6683059334754944 0.4167189598083496 0.6619532704353333 0.38913313547770184 0.657795786857605 0.3676975568135579 0.6534059643745422 0.35352015495300293 0.6479886174201965 0.33651550610860187
0 0.8662073016166687 0.4117838541666667 0.8763250112533569 0.3959434429804484 0.8872900009155273 0.3881340026855469 0.9076745510101318 0.39481254418691 0.9197447299957275 0.4075332085291545 0.9302165508270264 0.433559775352478 0.9372483491897583 0.4521477222442627 0.9506142139434814 0.46627549330393475 0.970287561416626 0.4696107308069865 0.9777239561080933 0.4567939043045044 0.9930673837661743 0.4613429307937622 1.0 0.4826366901397705 1.0 0.4916897217432658 1.0 0.5080774625142416 0.9931255578994751 0.5200057824452718 0.9918713569641113 0.5421395699183146 1.0 0.5586861769358317 1.0 0.574836015701294 1.0 0.6046857833862305 1.0 0.6360436280568441 0.99889075756073 0.6585850318272909 0.9667882919311523 0.6493724981943766 0.9529756307601929 0.6409340302149454 0.9441888332366943 0.6437829732894897 0.9274715185165405 0.6548149585723877 0.9136122465133667 0.6578060785929362 0.89874267578125 0.6453620592753092 0.8698819875717163 0.6087975899378458 0.8749212026596069 0.5971388022104899 0.8898665904998779 0.59195343653361 0.8914324641227722 0.5627619425455729 0.8868643641471863 0.540865977605184 0.8806065320968628 0.524866541226705 0.8739655017852783 0.5047775506973267 0.8687025308609009 0.4863100051879883 0.8663666248321533 0.46350733439127606 0.8636353015899658 0.44319196542104083 0.862844705581665 0.42741862932840985
0 0.5670753717422485 0.6173897186915079 0.5953882336616516 0.6074498891830444 0.6123056411743164 0.611108144124349 0.639975368976593 0.5930099487304688 0.6547712087631226 0.5328433116277059 0.6614198684692383 0.4866443872451782 0.6666781902313232 0.4936717351277669 0.6714800000190735 0.5261759360631307 0.6773039102554321 0.5718212922414144 0.6808561086654663 0.5996601184209188 0.6862443685531616 0.6252218087514242 0.6736710071563721 0.6561749776204427 0.6569475531578064 0.6860178311665853 0.6336820721626282 0.7158354123433431 0.6127477884292603 0.7444108327229818 0.5971548557281494 0.7541913986206055 0.5887280702590942 0.7511558532714844 0.5831986665725708 0.7328424453735352 0.5717994570732117 0.7202194531758627 0.5572017431259155 0.7134847640991211 0.5360102653503418 0.7108392715454102 0.5139098763465881 0.7118468284606934 0.5003690719604492 0.7053448359171549 0.5043416023254395 0.6881178220113119 0.5192438364028931 0.6729159355163574 0.5396668910980225 0.6489045222600301 0.5449569225311279 0.6325334707895914
0 1.0 0.14311321576436362 1.0 0.14456097284952799 1.0 0.13605924447377524 1.0 0.14464477698008218 1.0 0.15638808409372965 1.0 0.1664642095565796 1.0 0.17174436648686728 1.0 0.18338576952616373 1.0 0.19822372992833456 1.0 0.2272202968597412 1.0 0.2447683016459147 1.0 0.26186734437942505 1.0 0.2667035460472107 1.0 0.2416163682937622 1.0 0.22326074043909708 1.0 0.1883756717046102 1.0 0.1711143453915914 1.0 0.1557308038075765
0 1.0 0.10437130928039551 1.0 0.11171082655588786 1.0 0.1238483985265096 1.0 0.12962218125661215 1.0 0.10444629192352295
0 1.0 0.19902551174163818 1.0 0.19463167587916055 1.0 0.21172658602396646 1.0 0.23358166217803955 1.0 0.24808400869369507 1.0 0.2672421137491862 1.0 0.2820890545845032 1.0 0.2875940799713135 1.0 0.28499603271484375 0.9989300966262817 0.26855750878651935 1.0 0.2404767870903015 1.0 0.21636885404586792
0 0.9914543628692627 0.3801397482554118 1.0 0.37870144844055176 1.0 0.386300007502238 1.0 0.39121802647908527 1.0 0.3894161780675252 1.0 0.38809990882873535 1.0 0.38982876141866046 1.0 0.40351633230845135 1.0 0.45432841777801514 1.0 0.49440300464630127 1.0 0.4720253149668376 1.0 0.4578318993250529 0.988634467124939 0.44632009665171307 0.982606053352356 0.44077301025390625 0.9941545724868774 0.414412260055542 0.9956054091453552 0.3950283924738566
0 0.138800710439682 0.8532280921936035 0.15505874156951904 0.8474055926005045 0.17183372378349304 0.849989096323649 0.18875235319137573 0.8453224500020345 0.2079031765460968 0.830061674118042 0.22383081912994385 0.8169580300649008 0.23629775643348694 0.8009707927703857 0.2546148896217346 0.8060648441314697 0.26078853011131287 0.8229841391245524 0.24937066435813904 0.8391599655151367 0.24705466628074646 0.8585173288981119 0.2505630850791931 0.8821798960367838 0.25751715898513794 0.9020636081695557 0.2614516615867615 0.9136877059936523 0.24438107013702393 0.9206792513529459 0.22658419609069824 0.9298369089762369 0.21505296230316162 0.9331581592559814 0.19540303945541382 0.9377776781717936 0.18858206272125244 0.9131420453389486 0.17143267393112183 0.9001161257425944 0.15577813982963562 0.885085662206014 0.14665883779525757 0.8787174224853516 0.140577495098114 0.872569719950358 0.1378176212310791 0.8634851773579916
0 0.2584412097930908 0.7461134592692057 0.27472519874572754 0.7457658449808756 0.2874142527580261 0.744906504948934 0.30331143736839294 0.7353237469991049 0.3155282139778137 0.7243192195892334 0.32575929164886475 0.7276793320973715 0.33306387066841125 0.7496805191040039 0.341211199760437 0.7577652931213379 0.3583512604236603 0.7538051605224609 0.3799510598182678 0.7410966555277506 0.41124483942985535 0.7391170660654703 0.4316411018371582 0.7397584120432535 0.44416412711143494 0.7459359963734945 0.4434759020805359 0.7649245262145996 0.4355422556400299 0.7933228810628256 0.42240869998931885 0.824068546295166 0.4199749827384949 0.8440879185994467 0.4109925329685211 0.8545494079589844 0.3942890465259552 0.8488014539082845 0.37050414085388184 0.8397378126780192 0.3504129648208618 0.8448497454325358 0.33448904752731323 0.8654645284016927 0.32126545906066895 0.8799378077189127 0.30850356817245483 0.890653928120931 0.30038848519325256 0.8942616780598959 0.2918636202812195 0.9024675687154134 0.2789626717567444 0.9100224177042643 0.27066275477409363 0.9167463779449463 0.263569712638855 0.9048895835876465 0.2529897093772888 0.8694133758544922 0.25824669003486633 0.8382719357808431 0.2778024673461914 0.8161594072977701 0.2610965967178345 0.7788548469543457 0.25515085458755493 0.7574331760406494
0 0.46674710512161255 0.7368605931599935 0.48017027974128723 0.7195466359456381 0.4922734200954437 0.7137180964152018 0.506217896938324 0.716143528620402 0.5195444226264954 0.7164738972981771 0.5376279950141907 0.7160463333129883 0.5533708930015564 0.7188509305318197 0.5530515313148499 0.728391170501709 0.5349567532539368 0.7415538628896078 0.5111474990844727 0.752870241800944 0.49250584840774536 0.7593938509623209 0.4717785716056824 0.7662537892659506 0.4618465006351471 0.7653247515360514 0.4640824794769287 0.7552284399668375 0.46700310707092285 0.7460645834604899
0 0.5629011988639832 0.7283255259195963 0.574502170085907 0.7372086048126221 0.5780225992202759 0.7512198289235433 0.5707948207855225 0.7626010576883951 0.5638580918312073 0.7555696169535319 0.5604162812232971 0.7488914330800375 0.5606769323348999 0.7393645445505778
0 0.3729073703289032 0.9287786483764648 0.3926476836204529 0.9206732114156088 0.40906083583831787 0.9191563129425049 0.42701441049575806 0.9270550409952799 0.4423554837703705 0.9386301040649414 0.453456312417984 0.9550882975260416 0.46271002292633057 0.9694972038269043 0.47451335191726685 0.9882529576619467 0.4850372076034546 0.9975173473358154 0.48889321088790894 1.0 0.4802458882331848 1.0 0.4817521870136261 1.0 0.4884813129901886 1.0 0.48934096097946167 1.0 0.47793272137641907 1.0 0.43384695053100586 1.0 0.41286540031433105 1.0 0.40333300828933716 1.0 0.3927580416202545 1.0 0.3807079792022705 1.0 0.3525928854942322 1.0 0.3402178883552551 1.0 0.3276093304157257 1.0 0.3277972936630249 1.0 0.3439498245716095 1.0 0.3597644567489624 1.0 0.372123658657074 0.9838911692301432 0.3710636496543884 0.9551711082458496 0.3714892268180847 0.940680185953776
0 0.4614219069480896 0.773597240447998 0.478025883436203 0.7707460721333822 0.4979911744594574 0.7635095914204916 0.5148934721946716 0.7573027610778809 0.5284605026245117 0.7523669401804606 0.5405867099761963 0.7468732992808024 0.5530043840408325 0.7371163368225098 0.5539650917053223 0.7537995179494222 0.553093433380127 0.7662868499755859 0.5372390151023865 0.7767674922943115 0.5210346579551697 0.7927986780802408 0.5045642256736755 0.8043931325276693 0.49108728766441345 0.8214946587880453 0.4745417535305023 0.8330597877502441 0.4605081379413605 0.8396086692810059 0.44415295124053955 0.8384944597880045 0.43664801120758057 0.8303739229838053 0.44113966822624207 0.8071401913960775 0.4492826759815216 0.7902493476867676 0.45732972025871277 0.7809292475382487
0 0.6789594292640686 0.6718722979227701 0.691704511642456 0.6602233250935873 0.7065625190734863 0.6574817895889282 0.719935417175293 0.6677767435709635 0.7400683164596558 0.6672671635945638 0.7514247298240662 0.6563804944356283 0.7705265283584595 0.643487294514974 0.7841789126396179 0.634398897488912 0.7897069454193115 0.6428562800089518 0.7790743112564087 0.6679036617279053 0.7745429873466492 0.6868524551391602 0.7691960334777832 0.7064352830251058 0.7592501640319824 0.7216098308563232 0.7467837333679199 0.7337458928426107 0.7313777208328247 0.735882043838501 0.7180531024932861 0.7331873575846354 0.7060399055480957 0.7325335343678793 0.6885750889778137 0.7366271018981934 0.680088460445404 0.7357230186462402 0.6708060503005981 0.7216671307881674 0.6769626140594482 0.6891389687856039
0 0.8053321242332458 0.6389585733413696 0.8165776133537292 0.6297385692596436 0.8256188631057739 0.6452333132425944 0.8402273654937744 0.6864957809448242 0.8477392196655273 0.707317590713501 0.858364999294281 0.713002602259318 0.8657709360122681 0.7102189064025879 0.8780676126480103 0.7197470664978027 0.8895373344421387 0.7307950655619303 0.8943106532096863 0.7403835455576578 0.8972805738449097 0.7538302739461263 0.9020605683326721 0.7633514404296875 0.908229649066925 0.7680436770121256 0.9189043045043945 0.7804548740386963 0.9262124300003052 0.7887496948242188 0.9204072952270508 0.8094375928243002 0.9108874797821045 0.8242891629536947 0.8983511924743652 0.839375893274943 0.8786559104919434 0.8480831782023112 0.858137845993042 0.8542265892028809 0.8359177112579346 0.8593354225158691 0.8190208673477173 0.8479955991109213 0.8020575642585754 0.8525856335957845 0.7875018119812012 0.865955670674642 0.7877134680747986 0.8368166287740072 0.7746881246566772 0.8296712239583334 0.758551836013794 0.8380223910013834 0.7417254447937012 0.8429913520812988 0.7312057018280029 0.8464481035868326 0.7209471464157104 0.8483099937438965 0.715091347694397 0.8466672897338867 0.7101336121559143 0.8318831920623779 0.6941604614257812 0.8306193351745605 0.6826903223991394 0.8225388526916504 0.6840635538101196 0.7934815088907877 0.697561502456665 0.7747381528218588 0.7298914790153503 0.7608967622121176 0.752971887588501 0.7538720766703287 0.7735797166824341 0.7458437283833822 0.7901445627212524 0.752103328704834 0.7965869903564453 0.7523535887400309 0.810010552406311 0.7400126457214355 0.8027401566505432 0.718599001566569 0.7925371527671814 0.7070343494415283 0.7896901369094849 0.686974287033081 0.7926687002182007 0.6732403437296549 0.7974253296852112 0.6589250564575195
0 0.9106079936027527 0.6673840681711832 0.9294138550758362 0.6606295903523763 0.9397577047348022 0.652800997098287 0.9539370536804199 0.6536924044291178 0.9637542963027954 0.6569575071334839 0.9806200265884399 0.6699069341023763 0.9916061758995056 0.6820804278055826 1.0 0.6887821356455485 1.0 0.6946642398834229 1.0 0.7124739487965902 1.0 0.7251516183217367 1.0 0.7692467371622721 1.0 0.7948638598124186 1.0 0.8134451707204183 0.9890086650848389 0.8080787658691406 0.9731301069259644 0.8129227161407471 0.9645267724990845 0.8214582602183024 0.9555892944335938 0.8361619313557943 0.9467379450798035 0.8415658473968506 0.9389238357543945 0.8492717742919922 0.9360065460205078 0.862116813659668 0.9388773441314697 0.8791972001393636 0.9343913197517395 0.896790345509847 0.9314395189285278 0.9054264227549235 0.9389050006866455 0.9253252347310384 0.9335165023803711 0.9395408630371094 0.9158825874328613 0.9401353200276693 0.9043668508529663 0.9307630062103271 0.8970751762390137 0.9058481057484945 0.8965266942977905 0.8800583680470785 0.9042589068412781 0.8567835489908854 0.9274727702140808 0.8230382601420084 0.9354132413864136 0.805920680363973 0.934440016746521 0.7858397165934244 0.9208118915557861 0.7682296435038248 0.910148024559021 0.7501117388407389 0.9119752049446106 0.7079782485961914 0.909763514995575 0.6903684933980306
0 1.0 0.4659969011942546 1.0 0.4758525292078654 1.0 0.4916910727818807 1.0 0.5032290617624918 1.0 0.522293210029602 1.0 0.6329042116800944 1.0 0.6944588820139567 1.0 0.7115836143493652 1.0 0.6909509499867758 1.0 0.6720782915751139 1.0 0.6251302560170492 1.0 0.5919499397277832 1.0 0.5743384758631388 1.0 0.5591617027918497 1.0 0.5363854567209879 1.0 0.5151254336039225 1.0 0.49644164244333905 1.0 0.4830464522043864
0 0.9487290382385254 0.8554303646087646 0.9656760692596436 0.8362199465433756 0.9801232218742371 0.840334415435791 0.9727151393890381 0.8717703024546305 0.9658340811729431 0.9123999277750651 0.9626026749610901 0.9270572662353516 0.9471535086631775 0.9239209493001302 0.9404259324073792 0.9123465220133463 0.9427797794342041 0.8902708689371744 0.9455052614212036 0.8743693828582764
0 0.8594814538955688 1.0 0.8692697286605835 1.0 0.8880671262741089 1.0 0.9057403802871704 1.0 0.9205855131149292 1.0 0.9279455542564392 1.0 0.9336757659912109 1.0 0.9334434866905212 1.0 0.9142773747444153 1.0 0.9115157127380371 1.0 0.9173822402954102 1.0 0.922126829624176 1.0 0.8695100545883179 1.0 0.8536406755447388 1.0 0.852121114730835 1.0 0.8566716909408569 1.0
0 0.5019004940986633 0.8439738750457764 0.5265234708786011 0.8276753425598145 0.5548403263092041 0.8080679575602213 0.5784868001937866 0.7934734026590983 0.6011170148849487 0.7889506816864014 0.6267136931419373 0.7976117134094238 0.6500775814056396 0.80931289990743 0.6472791433334351 0.8252560297648112 0.6371883153915405 0.8411892255147299 0.6214871406555176 0.8640390237172445 0.6057790517807007 0.8834267457326254 0.5836266279220581 0.8859066963195801 0.5610625147819519 0.8890197277069092 0.5400654673576355 0.8873039881388346 0.5230709910392761 0.8860683441162109 0.5029975771903992 0.8868273893992106 0.49545177817344666 0.885246197382609 0.49498891830444336 0.8728437423706055 0.499590665102005 0.8567636013031006
0 0.0009765625 0.6395766735076904 0.0009765625 0.6449058055877686 0.0009765625 0.6709531943003336 0.0009765625 0.691087563832601 0.0009765625 0.6976152261098226 0.0009765625 0.7015352249145508 0.0009765625 0.7102779547373453 0.0009765625 0.7245637575785319 0.0009765625 0.7502117951711019 0.0009765625 0.7666591008504232 0.0009765625 0.7788189252217611 0.0009765625 0.793228546778361 0.0009765625 0.8002597490946451 0.0009765625 0.7981901168823242 0.0009765625 0.7997772693634033 0.0009765625 0.8026270866394043 0.0009765625 0.8021371364593506 0.0009765625 0.7269386450449625 0.0009765625 0.7025450865427653
0 0.0009765625 0.8431495825449625 0.0009765625 0.8326361179351807 0.0009765625 0.841477632522583 0.0009765625 0.8509329160054525 0.0009765625 0.8444976806640625 0.0009765625 0.8471947511037191 0.0009765625 0.877315362294515 0.0009765625 0.9012918472290039 0.0009765625 0.9234010378519694 0.0009765625 0.9149303436279297 0.0009765625 0.9002437591552734 0.0009765625 0.8824210166931152 0.0009765625 0.858367125193278
0 0.0009765625 0.8128863175710043 0.0009765625 0.7927493254343668 0.00799858570098877 0.7842849095662435 0.019839823246002197 0.7891622384389242 0.03150036931037903 0.7960600852966309 0.04006087779998779 0.8050357500712076 0.045411258935928345 0.8170506159464518 0.05728694796562195 0.8302143414815267 0.06828823685646057 0.8379839261372884 0.08535876870155334 0.8518333435058594 0.0917002260684967 0.8620006243387858 0.08360433578491211 0.883577823638916 0.08290815353393555 0.9044133822123209 0.0866868793964386 0.9257324536641439 0.09398660063743591 0.942164421081543 0.10213255882263184 0.9578202565511068 0.10256212949752808 0.9609485467274984 0.06021562218666077 0.9440603256225586 0.031398117542266846 0.9367671012878418 0.0009765625 0.9261128902435303 0.0009765625 0.902996301651001 0.0009765625 0.8775726954142252 0.0009765625 0.8561695416768392 0.0009765625 0.8430418968200684 0.0009765625 0.8256712754567465
0 0.4714764952659607 0.9044907887776693 0.49340569972991943 0.8971121311187744 0.5143678188323975 0.8957692782084147 0.5408650636672974 0.9008110364278158 0.5752962231636047 0.9019641876220703 0.600394070148468 0.897240956624349 0.635288417339325 0.8946162064870199 0.6527780890464783 0.8881955146789551 0.665079653263092 0.8718934853871664 0.6738252639770508 0.845864454905192 0.6860241889953613 0.8403503100077311 0.6966641545295715 0.8417576948801676 0.7045594453811646 0.8448654810587565 0.7137165069580078 0.8676333427429199 0.7154799699783325 0.900347630182902 0.7152191400527954 0.9244507153828939 0.7116007804870605 0.9427884419759115 0.6960440278053284 0.9582255681355795 0.6867135167121887 0.9656511942545573 0.668986976146698 0.9519855181376139 0.6526446342468262 0.9503747622172037 0.6356821060180664 0.9632540543874105 0.6187698841094971 0.9798105557759603 0.6063470840454102 0.9940470059712728 0.5911409854888916 0.9932320912679037 0.5730519890785217 0.9898974100748698 0.5571126937866211 0.9830609957377116 0.5388197898864746 0.9747374852498373 0.5234218239784241 0.9725867907206217 0.5064106583595276 0.9794498284657797 0.501960039138794 0.986066977183024 0.4928361475467682 0.9859546025594076 0.47436800599098206 0.971357504526774 0.4685963988304138 0.9548791249593099 0.46647390723228455 0.9307378927866617
0 0.5010988116264343 1.0 0.5141276717185974 0.9877287546793619 0.5333105325698853 0.9869493643442789 0.5547382831573486 0.9959579308827718 0.5782312750816345 1.0 0.5974481105804443 1.0 0.6109620332717896 1.0 0.6194391250610352 1.0 0.6291519999504089 1.0 0.6254003047943115 1.0 0.6208452582359314 1.0 0.6179288625717163 1.0 0.6164932250976562 1.0 0.6012993454933167 1.0 0.5795222520828247 1.0 0.5642502307891846 1.0 0.5566034317016602 1.0 0.5479381680488586 1.0 0.5430431365966797 1.0 0.5371167659759521 1.0 0.5240170955657959 1.0 0.5103669166564941 1.0
0 0.5284019708633423 1.0 0.534024178981781 1.0 0.5452567338943481 1.0 0.5556052923202515 1.0 0.5574178695678711 1.0 0.5388155579566956 1.0
0 0.6162781119346619 0.9967750708262125 0.6276798248291016 0.9794028600056967 0.6484169960021973 0.9594879150390625 0.6680182218551636 0.9606906572977701 0.6817557215690613 0.978651205698649 0.6851975917816162 0.996908982594808 0.6797853708267212 1.0 0.6685234308242798 1.0 0.649941086769104 1.0 0.627258837223053 1.0 0.6196671724319458 1.0
0 0.6516119241714478 1.0 0.6595925688743591 1.0 0.6487919092178345 1.0 0.645330548286438 1.0 0.6457179188728333 1.0 0.6634217500686646 1.0 0.6762474775314331 1.0 0.6864261031150818 1.0 0.6868831515312195 1.0 0.6783706545829773 1.0 0.6647526025772095 1.0
0 0.6971140503883362 0.9920015335083008 0.7204772233963013 0.9760417938232422 0.7349890470504761 0.9764930407206217 0.7542285919189453 0.9877045154571533 0.7615921497344971 1.0 0.7588367462158203 1.0 0.7574827075004578 1.0 0.7566555738449097 1.0 0.7579944133758545 1.0 0.7452971935272217 1.0 0.736682116985321 1.0 0.7316244840621948 1.0 0.728559672832489 1.0 0.713637113571167 1.0 0.7008554935455322 1.0 0.6960048675537109 1.0 0.6946569681167603 1.0 0.6919987797737122 1.0 0.6907851696014404 1.0 0.6944788694381714 1.0
0 0.7266789674758911 0.8571861584981283 0.7473745346069336 0.8530143102010092 0.7656357288360596 0.8485860824584961 0.7763609290122986 0.8513263066609701 0.7750785946846008 0.865578810373942 0.7695679068565369 0.8821674982706705 0.7579149007797241 0.9027992884318033 0.7487568259239197 0.9105149904886881 0.7383678555488586 0.9089055061340332 0.7271478176116943 0.8960479100545248 0.7225021123886108 0.8811326026916504
0 0.7416772246360779 0.9306333859761556 0.7615067958831787 0.9115058581034342 0.7732774019241333 0.8940224647521973 0.788258969783783 0.8749357859293619 0.7961176037788391 0.8690361976623535 0.8120490312576294 0.8634899457295736 0.8207565546035767 0.8763526280721029 0.820647120475769 0.8927783966064453 0.8268834352493286 0.9030954043070475 0.8331422805786133 0.9093200365702311 0.8544338941574097 0.9141939481099447 0.873318076133728 0.9197405179341634 0.8770538568496704 0.9357350667317709 0.872429370880127 0.9490985870361328 0.8676133155822754 0.9512441953023275 0.8574379682540894 0.934119701385498 0.8474193811416626 0.9322872161865234 0.8332354426383972 0.9327836036682129 0.8232918977737427 0.9421919186909994 0.8154793977737427 0.9519671599070231 0.8088931441307068 0.9669879277547201 0.7986429929733276 0.9813305536905924 0.788381814956665 0.9876012802124023 0.7729644775390625 0.9889663060506185 0.7637950778007507 0.9774088859558105 0.7540796995162964 0.9607689380645752 0.7461771965026855 0.9504454930623373
0 0.7731361985206604 0.9999689261118571 0.7843276262283325 0.996917724609375 0.7955023050308228 0.9938397407531738 0.807731032371521 0.9929529031117758 0.8168156147003174 1.0 0.8284234404563904 1.0 0.8360204696655273 1.0 0.843061089515686 1.0 0.8369460105895996 1.0 0.832626223564148 1.0 0.828324556350708 1.0 0.8272910714149475 1.0 0.8208252191543579 1.0 0.8078112006187439 1.0 0.794445812702179 1.0 0.7836886644363403 1.0 0.7660834789276123 1.0 0.766525149345398 1.0 0.7685823440551758 1.0 0.7708088159561157 1.0
0 0.7640504837036133 0.37875346342722577 0.7785863876342773 0.36206261316935223 0.7888919115066528 0.35275280475616455 0.797487735748291 0.36366478602091473 0.7998954057693481 0.37779661019643146 0.7872093915939331 0.3897976080576579 0.7768688201904297 0.40848859151204425 0.7689899802207947 0.41580764452616376 0.7664264440536499 0.40342195828755695 0.7674283981323242 0.3913265069325765
0 0.9602059125900269 1.0 0.951429009437561 1.0 0.9471572637557983 1.0 0.9512231349945068 1.0 0.9554236531257629 1.0 0.9584271907806396 1.0
0 0.0990242063999176 0.8705395857493082 0.12198114395141602 0.8792126973470052 0.1409631073474884 0.8927218119303385 0.16062384843826294 0.9084181785583496 0.17799660563468933 0.9252244631449381 0.18737143278121948 0.9461844762166342 0.18311315774917603 0.9655218124389648 0.17572462558746338 0.9778971672058105 0.16362899541854858 0.9769258499145508 0.1507371962070465 0.9766835371653239 0.13242918252944946 0.9707199732462565 0.11492350697517395 0.9649986426035563 0.10926353931427002 0.9541881084442139 0.09305760264396667 0.9218290646870931 0.08903768658638 0.8953871726989746 0.09514853358268738 0.8793137868245443
0 0.0009765625 0.14291012287139893 0.00740969181060791 0.13925135135650635 0.01464053988456726 0.1521397829055786 0.004084795713424683 0.17258777221043906 0.0009765625 0.18689048290252686 0.0009765625 0.16494882106781006
1 0.03182139992713928 0.0013020833333333333 0.050605952739715576 0.01752340793609619 0.06742820143699646 0.02998054027557373 0.08900678157806396 0.03218623002370199 0.10391360521316528 0.03506302833557129 0.10938459634780884 0.020934025446573894 0.11684206128120422 0.012255271275838217 0.09741592407226562 0.005520383516947429 0.07789644598960876 0.0037444432576497397 0.04216665029525757 0.0013020833333333333
1 0.3653737008571625 0.16193405787150064 0.3911600410938263 0.1830112338066101 0.4149412512779236 0.20855792363484701 0.4264119863510132 0.22265156110127768 0.42703941464424133 0.24153765042622885 0.40595459938049316 0.25803778568903607 0.3945281505584717 0.2781488100687663 0.37068048119544983 0.2767904003461202 0.3372095227241516 0.23896481593449911 0.32556623220443726 0.22089572747548422 0.33385658264160156 0.194748322168986 0.34438878297805786 0.17963854471842447 0.35230347514152527 0.1694279909133911
1 0.6319272518157959 0.19842668374379477 0.6503149271011353 0.21187088886896768 0.6621315479278564 0.2332968314488729 0.6849437952041626 0.2606276472409566 0.7013561129570007 0.28091808160146076 0.7034052014350891 0.3009437918663025 0.7011867761611938 0.3129120071729024 0.6966190338134766 0.3261898159980774 0.6727114915847778 0.3124677737553914 0.6493406295776367 0.3021986683209737 0.6326085329055786 0.2970675031344096 0.6224890947341919 0.2897103627522786 0.6157488822937012 0.2657688856124878 0.6157419085502625 0.23893735806147257 0.6174523234367371 0.2169285217920939 0.6234596967697144 0.20725693305333456
1 0.6016503572463989 0.3344857295354207 0.6221091747283936 0.3454140822092692 0.6381536722183228 0.3556517759958903 0.643890380859375 0.35852964719136554 0.6400114893913269 0.3387719790140788 0.6344500184059143 0.321020245552063 0.6304996013641357 0.30867187182108563 0.6235660910606384 0.3087616562843323 0.6153574585914612 0.32080336411794025
1 0.6902012228965759 0.5255904197692871 0.7018405199050903 0.49822668234507245 0.715141773223877 0.47150667508443195 0.7260221242904663 0.4620731671651204 0.735824704170227 0.464507261912028 0.7449215054512024 0.4666072130203247 0.7551547288894653 0.464306116104126 0.7734388113021851 0.4870302677154541 0.78791344165802 0.5033113559087118 0.8027048110961914 0.521645188331604 0.8156521916389465 0.5368276437123617 0.8239203095436096 0.5493584871292114 0.831262469291687 0.5682737429936727 0.8301716446876526 0.5859786669413248 0.8195575475692749 0.600200335184733 0.8071233034133911 0.6164125601450602 0.7935200929641724 0.6212375164031982 0.7783135175704956 0.6224425236384074 0.7595974206924438 0.6357721090316772 0.7528666257858276 0.6413704951604208 0.7451870441436768 0.648006280263265 0.7347367405891418 0.6496276458104452 0.7260592579841614 0.6493305365244547 0.7151821851730347 0.6334793965021769 0.7073273658752441 0.6129955450693766 0.6994295716285706 0.6005912621816 0.6932975053787231 0.5819425582885742 0.6900157332420349 0.5529996951421102
1 0.7974517345428467 0.3969184954961141 0.8118454217910767 0.3976460297902425 0.8234259486198425 0.3973119258880615 0.8382042646408081 0.393654465675354 0.8499823808670044 0.3911404212315877 0.8522734045982361 0.4039519627888997 0.8455637693405151 0.4270032246907552 0.843609094619751 0.4451940457026164 0.8446975946426392 0.46111921469370526 0.848342776298523 0.4789845943450928 0.8561120629310608 0.4913960297902425 0.8549385070800781 0.5010534922281901 0.8396304845809937 0.5042795340220133 0.8323840498924255 0.5054732163747152 0.8237813711166382 0.5119328101476034 0.8204993009567261 0.5211695035298666 0.8132486343383789 0.5167528788248698 0.7989795207977295 0.4998162587483724 0.7858604192733765 0.4840926726659139 0.7672303915023804 0.4650091727574666 0.760196328163147 0.4566651185353597 0.7760806083679199 0.4253017505009969 0.7853690385818481 0.4104926983515422
1 0.8239082098007202 0.5278338193893433 0.8376052379608154 0.5149080355962118 0.8422523736953735 0.5117923816045126 0.8556622266769409 0.5124015013376871 0.864018976688385 0.5192894140879313 0.8753757476806641 0.5302968819936117 0.8801380395889282 0.5426607131958008 0.8830395936965942 0.5632540782292684 0.8848533630371094 0.5758140484491984 0.8657256364822388 0.5906256834665934 0.8515654802322388 0.590319554011027 0.8399337530136108 0.577285091082255 0.8338857889175415 0.5543508529663086
1 0.8239433765411377 0.6136178175608317 0.8317535519599915 0.6277410984039307 0.8399145603179932 0.6440345446268717 0.8454920053482056 0.6629037062327067 0.848274827003479 0.672280470530192 0.8524468541145325 0.6906286080678304 0.858344316482544 0.6983965237935384 0.8673581480979919 0.7003241380055746 0.8803509473800659 0.7042105992635092 0.8914659023284912 0.715211550394694 0.8975511193275452 0.7218789259592692 0.901443362236023 0.7066988945007324 0.9018130302429199 0.6864109039306641 0.9011281728744507 0.6679613590240479 0.8989244103431702 0.6544913848241171 0.886290431022644 0.6439018646876017 0.8760432004928589 0.6316369374593099 0.8656398057937622 0.620347261428833 0.8594533205032349 0.604496161142985 0.8491675853729248 0.6019288698832194 0.8439964056015015 0.5984136660893759 0.8331841230392456 0.5945899486541748
1 1.0 0.8289527893066406 0.998153805732727 0.8400927384694418 0.9915241003036499 0.8541332085927328 0.9876911044120789 0.872873067855835 0.983940601348877 0.8823537031809489 0.9793474674224854 0.896775484085083 0.9763671159744263 0.9186599254608154 0.9771576523780823 0.9310654004414877 0.9829543828964233 0.9566717942555746 0.9880977272987366 0.9648345311482748 0.9966133832931519 0.9187986850738525 1.0 0.8915598392486572 1.0 0.847777525583903
1 0.840106725692749 0.8756698767344157 0.8575830459594727 0.8726739883422852 0.875683069229126 0.8698701858520508 0.8825705051422119 0.8804639180501302 0.8825619220733643 0.8928077220916748 0.8806058168411255 0.9078207810719808 0.8685232400894165 0.9096433321634928 0.856774091720581 0.9054179986317953 0.8482221961021423 0.8997546037038168 0.8407428860664368 0.8922446568806967
1 0.0009765625 0.46627092361450195 0.0009765625 0.4560759862263997 0.0009765625 0.44675012429555255 0.002580314874649048 0.4378538926442464 0.019716501235961914 0.4318672815958659 0.03271809220314026 0.43538041909535724 0.04869607090950012 0.45366887251536053 0.0636134147644043 0.4750557740529378 0.06240150332450867 0.48441509405771893 0.05430948734283447 0.508978525797526 0.048217952251434326 0.5179216861724854 0.04102018475532532 0.5243631601333618 0.027779698371887207 0.5279254913330078 0.018305212259292603 0.5240758260091146 0.0009765625 0.5139985084533691 0.0009765625 0.5110350449879965 0.0009765625 0.5052703619003296 0.0009765625 0.4930229187011719
1 0.15917304158210754 0.5554961363474528 0.1452540159225464 0.5785375833511353 0.13723242282867432 0.5933951536814371 0.13478663563728333 0.6240935325622559 0.13808798789978027 0.6489518086115519 0.139792799949646 0.6763081550598145 0.1419520378112793 0.6919612884521484 0.14926442503929138 0.6998512744903564 0.16839590668678284 0.7077751954396566 0.18946829438209534 0.712319533030192 0.20794892311096191 0.6860698858896891 0.22195890545845032 0.6588406165440878 0.21050572395324707 0.6368970076243082 0.2006748616695404 0.6077551047007242 0.19248253107070923 0.5947660605112711 0.18330714106559753 0.5781346559524536 0.17540448904037476 0.5642474889755249 0.16699498891830444 0.5558479229609171
1 0.2257871925830841 0.4012816349665324 0.2426270842552185 0.41693365573883057 0.2532879114151001 0.43621039390563965 0.2545948028564453 0.45218420028686523 0.23947620391845703 0.48137378692626953 0.23677721619606018 0.5042802890141805 0.23395299911499023 0.5104541381200155 0.2176227569580078 0.5040100415547689 0.20679005980491638 0.4994418223698934 0.19870346784591675 0.49578742186228436 0.2032138705253601 0.4764134883880615 0.21068939566612244 0.46237874031066895 0.21559470891952515 0.45213647683461505 0.22270521521568298 0.436572790145874 0.22513863444328308 0.4197076956431071
1 0.12113910913467407 0.4530694882074992 0.13276788592338562 0.4563014904658 0.14262783527374268 0.4568329652150472 0.16069552302360535 0.45965898036956787 0.17372286319732666 0.4576805830001831 0.18031203746795654 0.4561237891515096 0.18505457043647766 0.4472044308980306 0.18397516012191772 0.43440937995910645 0.18010461330413818 0.4265900452931722 0.17577555775642395 0.42207614580790204 0.16443178057670593 0.42699472109476727 0.151980459690094 0.43487993876139325 0.14151734113693237 0.43874343236287433 0.1305270791053772 0.4413037697474162
1 0.0541079044342041 0.6518015464146932 0.07180735468864441 0.6278783877690634 0.09587645530700684 0.6111300786336263 0.10455814003944397 0.617201566696167 0.12650629878044128 0.641753355662028 0.12974220514297485 0.6674836476643881 0.12231197953224182 0.6988774140675863 0.10994449257850647 0.7209149201711019 0.09543773531913757 0.7420681317647299 0.08574876189231873 0.7439792156219482 0.07017654180526733 0.7252159118652344 0.0623835027217865 0.7163732051849365 0.05214080214500427 0.7036102612813314 0.04994162917137146 0.6903543472290039 0.052378833293914795 0.6743858655293783
1 0.0688144862651825 0.7455503145853678 0.08332839608192444 0.7535468737284342 0.08890020847320557 0.7637336254119873 0.08761340379714966 0.7767500877380371 0.08186924457550049 0.7902781168619791 0.0718701183795929 0.8095172246297201 0.0676354467868805 0.8224382400512695 0.06032007932662964 0.8220281600952148 0.05250030755996704 0.8050691286722819 0.04805350303649902 0.7984582583109537 0.0599980354309082 0.7746638456980387 0.06708434224128723 0.7553348541259766
1 0.09141474962234497 0.7904365062713623 0.1115100085735321 0.7963137626647949 0.12506833672523499 0.8174168268839518 0.13641679286956787 0.8385971387227377 0.12775543332099915 0.8508502642313639 0.1273781955242157 0.8699333667755127 0.11323365569114685 0.8621439933776855 0.09883177280426025 0.8502343495686849 0.08725917339324951 0.8402824401855469 0.07793763279914856 0.8300010363260905 0.07658255100250244 0.8213604291280111 0.08162036538124084 0.8076842625935873
1 0.10052758455276489 0.757331371307373 0.11310487985610962 0.7335209846496582 0.12378236651420593 0.7215026219685873 0.1347726583480835 0.7137689590454102 0.145664781332016 0.7070489724477133 0.15348592400550842 0.7098302841186523 0.16596907377243042 0.7185519536336263 0.18419572710990906 0.7220416863759359 0.1935904622077942 0.725526491800944 0.20796537399291992 0.7330249150594076 0.21605858206748962 0.7538163661956787 0.22024083137512207 0.7771600087483724 0.21936243772506714 0.79745086034139 0.21400311589241028 0.8067746162414551 0.20484566688537598 0.8157335917154948 0.19395673274993896 0.8271368344624838 0.18277192115783691 0.8333484331766764 0.1681261658668518 0.8363298575083414 0.1554560661315918 0.8349622090657552 0.1444951891899109 0.8322145938873291 0.137810617685318 0.8237718741099039 0.12620395421981812 0.8055164813995361 0.11790463328361511 0.7913084030151367 0.11050638556480408 0.7835767269134521 0.10598888993263245 0.7768420378367106
1 0.39995378255844116 0.8599859078725179 0.4083821773529053 0.8615067005157471 0.4197033643722534 0.8609286944071451 0.429171085357666 0.8483444849650065 0.4349936842918396 0.844236691792806 0.4449763298034668 0.8487885793050131 0.4791352450847626 0.8410155773162842 0.49157118797302246 0.831435759862264 0.5107204914093018 0.8115437030792236 0.5178166627883911 0.8080675601959229 0.5189353227615356 0.8206336498260498 0.5108630657196045 0.8296053409576416 0.49684253334999084 0.8372639020284017 0.494676798582077 0.8443866570790609 0.4901615083217621 0.8651895523071289 0.4830033779144287 0.8815903663635254 0.47632160782814026 0.8904817899068197 0.4614996910095215 0.9078025023142496 0.45897769927978516 0.9242172241210938 0.4605725109577179 0.9359505971272787 0.4572630524635315 0.9465012550354004 0.4434179961681366 0.9317280451456705 0.4305140972137451 0.9151484171549479 0.4155292212963104 0.9130330085754395 0.4015429615974426 0.9100969632466634 0.4021996259689331 0.8912169138590494 0.4017922282218933 0.8806014060974121 0.4030122458934784 0.8704498608907064
1 0.8551068902015686 0.9913803736368815 0.8724393248558044 0.9612682660420736 0.8884496688842773 0.9500918388366699 0.9040704369544983 0.9530874888102213 0.9186673164367676 0.9741685390472412 0.9266681671142578 0.9828165372212728 0.9465415477752686 0.9988705317179362 0.9646162986755371 1.0 0.9717093706130981 1.0 0.96836256980896 1.0 0.9621478319168091 1.0 0.9498404860496521 1.0 0.9310015439987183 1.0 0.9076573848724365 1.0 0.8828256130218506 1.0 0.8728069067001343 1.0 0.8649241924285889 1.0 0.8532165884971619 1.0 0.8490175008773804 1.0 0.8437284231185913 1.0 0.8490733504295349 1.0 0.8512188196182251 1.0 0.8529831767082214 1.0
1 0.24953332543373108 0.27128469944000244 0.2741600275039673 0.2672272523244222 0.29705944657325745 0.25173473358154297 0.3130657970905304 0.2417867382367452 0.3242785334587097 0.24726144472757974 0.33517664670944214 0.2611985206604004 0.35103726387023926 0.27115686734517414 0.36182349920272827 0.2859962582588196 0.37035071849823 0.3095635771751404 0.3729661703109741 0.3242837389310201 0.3758004605770111 0.3439696232477824 0.3664770722389221 0.3740662733713786 0.357516884803772 0.3927748203277588 0.34373846650123596 0.420456329981486 0.3299465477466583 0.4421652555465698 0.32336413860321045 0.45270041624705 0.31700941920280457 0.45242687066396076 0.3057292699813843 0.4328552484512329 0.2927910089492798 0.41993947823842365 0.28657522797584534 0.41859575112660724 0.27309632301330566 0.41805259386698407 0.26827389001846313 0.4169599215189616 0.2539171576499939 0.39943663279215497 0.2422528862953186 0.38753406206766766 0.23453974723815918 0.37777960300445557 0.248346745967865 0.3517309029897054 0.25003811717033386 0.32244447867075604 0.2532333731651306 0.30166180928548175 0.2527778744697571 0.28496187925338745
1 0.37822777032852173 0.35586778322855633 0.3928951025009155 0.3727620045344035 0.39600297808647156 0.4013175964355469 0.39451512694358826 0.4370778401692708 0.39040639996528625 0.4872928063074748 0.39025819301605225 0.524965763092041 0.3879408836364746 0.5430618127187093 0.37744224071502686 0.543976346651713 0.3655950725078583 0.5429372787475586 0.35940074920654297 0.5191306670506796 0.34691381454467773 0.5048309564590454 0.33620327711105347 0.4978336493174235 0.32773488759994507 0.47832004229227704 0.32463106513023376 0.46921153863271076 0.332084983587265 0.4562516212463379 0.34720176458358765 0.42915205160776776 0.361660897731781 0.39435235659281415 0.3731280565261841 0.36924131711324054
1 0.021321743726730347 0.3218975265820821 0.0369243323802948 0.3129488428433736 0.046276867389678955 0.3077441652615865 0.053746193647384644 0.3148145874341329 0.05970713496208191 0.33647878964742023 0.0710478127002716 0.3509960174560547 0.05914601683616638 0.37378493944803876 0.05205342173576355 0.3934127887090047 0.05292072892189026 0.4226040045420329 0.0631285309791565 0.43610382080078125 0.07786118984222412 0.45310060183207196 0.09221836924552917 0.46252739429473877 0.081674724817276 0.47260065873463947 0.06744155287742615 0.4621027708053589 0.05308997631072998 0.44735896587371826 0.042317867279052734 0.4326275984446208 0.02988213300704956 0.4250083367029826 0.016195088624954224 0.4213474988937378 0.0038762688636779785 0.4180611769358317 0.0009765625 0.41041143735249835 0.009469687938690186 0.39833521842956543 0.025050729513168335 0.38857801755269367 0.029820382595062256 0.36533530553181964 0.028414756059646606 0.34586819012959796
1 0.33255138993263245 0.6524282693862915 0.3457491993904114 0.6696229775746664 0.3739739954471588 0.6857511202494303 0.3978356122970581 0.6930434703826904 0.42164692282676697 0.6896994113922119 0.44847431778907776 0.6858397324879965 0.47167542576789856 0.6851603984832764 0.48213809728622437 0.6905292669932047 0.473005473613739 0.7063294251759847 0.46049150824546814 0.7210623423258463 0.4527050852775574 0.7350525856018066 0.4219219386577606 0.7320739428202311 0.3923358619213104 0.7331331570943197 0.3667570650577545 0.735246499379476 0.35353919863700867 0.7432120641072592 0.33883893489837646 0.737366517384847 0.32988494634628296 0.7202502886454264 0.31661638617515564 0.7104895909627279 0.30869045853614807 0.6932253837585449 0.31038928031921387 0.6744680404663086 0.3218849301338196 0.6630918184916178
1 0.2247346043586731 0.6708345413208008 0.2404881715774536 0.6693704922993978 0.2604578733444214 0.6741425196329752 0.2701423764228821 0.677042563756307 0.2940387725830078 0.689190944035848 0.30341625213623047 0.703852653503418 0.30519527196884155 0.715235710144043 0.29355379939079285 0.725229024887085 0.2814318537712097 0.7308540344238281 0.26888900995254517 0.732161283493042 0.25175467133522034 0.7349215348561605 0.23816916346549988 0.7328414916992188 0.22397077083587646 0.7306302388509115 0.21502283215522766 0.7293504873911539 0.19974839687347412 0.7140310605367025 0.20783662796020508 0.6967814763387045 0.2154092788696289 0.6856765747070312
1 0.222188800573349 0.7435962359110514 0.23881179094314575 0.7446371714274088 0.24787726998329163 0.7459954420725504 0.24863818287849426 0.7671181360880533 0.25952208042144775 0.7877254486083984 0.265677273273468 0.7992057005564371 0.2451571524143219 0.7926157315572103 0.23016735911369324 0.7870405515034994 0.22442671656608582 0.7725054423014323 0.22253334522247314 0.7583343187967936
1 0.7404939532279968 1.0 0.7553348541259766 1.0 0.7663576006889343 1.0 0.7820110321044922 1.0 0.7937588691711426 1.0 0.8016636967658997 1.0 0.8045709133148193 1.0 0.786357045173645 1.0 0.7657734155654907 1.0 0.7406452298164368 1.0 0.7365481853485107 1.0
1 0.19879081845283508 0.9469854831695557 0.2198924720287323 0.9440757433573405 0.24500450491905212 0.9493608474731445 0.2570064067840576 0.9620540142059326 0.26457613706588745 0.9722764492034912 0.2719000577926636 0.9920754432678223 0.26189807057380676 1.0 0.24659717082977295 1.0 0.22488167881965637 1.0 0.20013514161109924 0.9936339060465494 0.18780887126922607 0.9867245356241862 0.1797635853290558 0.9831422170003256 0.189191997051239 0.9734112421671549 0.19417399168014526 0.9622357686360677
1 0.2638087272644043 0.9339520931243896 0.2767927050590515 0.9225428899129232 0.2968944311141968 0.9125134150187174 0.3145390450954437 0.8968202273050944 0.3381911516189575 0.8801993529001871 0.3550483286380768 0.8604205449422201 0.3689799904823303 0.8552242914835612 0.37981992959976196 0.8567226727803549 0.3928850591182709 0.8693691889444987 0.3910069167613983 0.8927432696024576 0.3852975070476532 0.9054126739501953 0.3694326877593994 0.9198637008666992 0.36014217138290405 0.942978302637736 0.358066201210022 0.9605660438537598 0.3570826053619385 0.9822835922241211 0.34065067768096924 0.9908738136291504 0.3269979953765869 0.997373898824056 0.31696388125419617 1.0 0.2946363687515259 1.0 0.28606128692626953 0.9926164150238037 0.27209576964378357 0.9756375153859457 0.2663288712501526 0.963097890218099 0.261784166097641 0.9538318316141764
1 1.0 0.2786957224210103 1.0 0.3027570645014445 1.0 0.31732191642125446 1.0 0.3373016119003296 1.0 0.3353451093037923 1.0 0.32175105810165405 1.0 0.3061280647913615 1.0 0.2952059706052144 1.0 0.28789180517196655
1 1.0 0.25613001982371014 1.0 0.26635611057281494 1.0 0.27487411101659137 1.0 0.27577616771062213 1.0 0.29509804646174115 1.0 0.30907803773880005 1.0 0.31469353040059406 1.0 0.28783031304677326 1.0 0.263900359471639
1 1.0 0.3015092611312866 1.0 0.3054385781288147 1.0 0.31710700194040936 1.0 0.339643915494283 1.0 0.3544759353001912 1.0 0.3665890693664551 1.0 0.37878739833831787 1.0 0.3798980712890625 1.0 0.37532615661621094 1.0 0.3749015728632609 1.0 0.37168153127034503 1.0 0.3630720376968384 1.0 0.3489643335342407 1.0 0.3327982227007548 1.0 0.3187480370203654
1 0.0009765625 0.19617903232574463 0.009245306253433228 0.17527989546457926 0.023525506258010864 0.1571343739827474 0.024304330348968506 0.2212439775466919 0.025273829698562622 0.2530326843261719 0.03262871503829956 0.2775520086288452 0.044017940759658813 0.2929307818412781 0.024749785661697388 0.30625396966934204 0.0132160484790802 0.308587114016215 0.0009765625 0.29646511872609455 0.0009765625 0.2900618314743042 0.0009765625 0.24314542611440024
1 0.0243377685546875 0.0013020833333333333 0.03470459580421448 0.0013020833333333333 0.042256057262420654 0.0013020833333333333 0.06510740518569946 0.0013020833333333333 0.08008420467376709 0.0013020833333333333 0.10772889852523804 0.0013020833333333333 0.12666261196136475 0.0013020833333333333 0.1353732943534851 0.0013020833333333333 0.13869762420654297 0.0013020833333333333 0.12057149410247803 0.0013020833333333333 0.08294713497161865 0.0013020833333333333 0.05451694130897522 0.0013020833333333333
1 0.11891865730285645 0.0013020833333333333 0.13184791803359985 0.0013020833333333333 0.15819960832595825 0.0013020833333333333 0.18156030774116516 0.0013020833333333333 0.19007518887519836 0.0013020833333333333 0.1812388300895691 0.0013020833333333333 0.16433170437812805 0.0013020833333333333 0.13607004284858704 0.0013020833333333333
1 0.14063039422035217 0.0013020833333333333 0.17656809091567993 0.0013020833333333333 0.19066596031188965 0.0013020833333333333 0.20472505688667297 0.0013020833333333333 0.23230132460594177 0.0013020833333333333 0.26710450649261475 0.0013020833333333333 0.302141010761261 0.0013020833333333333 0.31728512048721313 0.0013020833333333333 0.303136944770813 0.0013020833333333333 0.28462350368499756 0.0013020833333333333 0.2732684314250946 0.0013020833333333333 0.25075864791870117 0.0013020833333333333 0.23398351669311523 0.0013020833333333333 0.22510117292404175 0.0013020833333333333 0.22697636485099792 0.0013020833333333333 0.2080231010913849 0.0013020833333333333 0.19130143523216248 0.0013020833333333333 0.17506465315818787 0.0013020833333333333 0.16522938013076782 0.0013020833333333333 0.14976248145103455 0.0013020833333333333 0.14383402466773987 0.0013020833333333333 0.14094552397727966 0.0013020833333333333
1 0.10780218243598938 0.05031764507293701 0.10828730463981628 0.09720170497894287 0.11573982238769531 0.13965511322021484 0.12482279539108276 0.17780749003092447 0.13560470938682556 0.19633098443349203 0.15817654132843018 0.19805345932642618 0.17965954542160034 0.19178781906763712 0.19469135999679565 0.15905022621154785 0.20996546745300293 0.1167307694753011 0.21397864818572998 0.08655277887980144 0.20632192492485046 0.04610323905944824 0.19913992285728455 0.026618003845214844 0.1892898976802826 0.011553366978963217 0.17374664545059204 0.0027457078297932944 0.15412333607673645 0.0013020833333333333 0.13894051313400269 0.0013020833333333333 0.12383624911308289 0.010615110397338867
1 0.0009765625 0.4329572518666585 0.0009765625 0.4171335697174072 0.0009765625 0.4341992537180583 0.0009765625 0.4496750831604004 0.0009765625 0.4567451477050781 0.0009765625 0.4574568271636963
1 0.0009765625 0.4764341115951538 0.0009765625 0.4893758296966553 0.0009765625 0.5278350909550985 0.0009765625 0.5604167381922404 0.0009765625 0.5821721156438192 0.0009765625 0.5589435497919718 0.0009765625 0.5468115409215292 0.0009765625 0.4964577356974284
1 0.3526309132575989 0.028121789296468098 0.36712533235549927 0.0013020833333333333 0.3899020850658417 0.0013020833333333333 0.4050257205963135 0.007964730262756348 0.4141749143600464 0.04209228356679281 0.42174792289733887 0.06430709362030029 0.42390522360801697 0.09371952215830485 0.4359045922756195 0.10964977741241455 0.4136577248573303 0.11892580986022949 0.3826806843280792 0.09539540608723958 0.3696122169494629 0.08749739329020183 0.35969334840774536 0.04577751954396566
1 0.6805753707885742 0.0013020833333333333 0.7037822008132935 0.0013020833333333333 0.7309435606002808 0.01983312765757243 0.7390130758285522 0.0423888365427653 0.7350820302963257 0.052904327710469566 0.7017331123352051 0.02470552921295166 0.6824415922164917 0.024579723676045735
1 0.747966468334198 0.03820538520812988 0.7844109535217285 0.003916462262471517 0.813515305519104 0.00971070925394694 0.816076397895813 0.029527823130289715 0.7980684041976929 0.042669336001078285 0.7752237915992737 0.06607258319854736 0.7742732763290405 0.11479318141937256 0.7611895799636841 0.12473305066426595 0.7451847195625305 0.11444262663523357 0.7452991604804993 0.08348468939463298 0.7475897669792175 0.05106635888417562
