1 0.027075350284576416 0.29404570659001666 0.0014033615589141846 0.2870328227678935 0.0009765625 0.26733986536661786 0.0009765625 0.14483284950256348 0.0009765625 0.12699174880981445 0.008997827768325806 0.12220827738444011 0.0013138353824615479 0.1569166580835978 0.005088895559310913 0.1851601998011271 0.021915733814239502 0.22484793265660605 0.030192166566848755 0.24359442790349325 0.03786960244178772 0.27620341380437213 0.04025503993034363 0.3001435399055481
0 0.02114120125770569 0.1210864782333374 0.012988388538360596 0.1644660234451294 0.018795371055603027 0.19553208351135254 0.03276616334915161 0.22610849142074585 0.040423035621643066 0.2523997624715169 0.04824423789978027 0.286006232102712 0.06372350454330444 0.2970044215520223 0.08507505059242249 0.30273300409317017 0.12595844268798828 0.3072064717610677 0.15702855587005615 0.3124229510625203 0.17599841952323914 0.3134472767512004 0.1921084225177765 0.3118444283803304 0.187842458486557 0.28209559122721356 0.16150781512260437 0.22822282711664835 0.1478825807571411 0.17719141642252603 0.16425108909606934 0.16699602206548056 0.18070101737976074 0.17498989899953207 0.18926090002059937 0.20661071936289468 0.2014906406402588 0.23539998133977255 0.22005286812782288 0.28002212444941205 0.25195956230163574 0.30442215998967487 0.27380478382110596 0.32095609108606976 0.2917190194129944 0.33288097381591797 0.3113309144973755 0.34046252568562824 0.3313576281070709 0.336810827255249 0.3401753604412079 0.3232092261314392 0.32465240359306335 0.28437278668085736 0.30586737394332886 0.23827771345774332 0.2937154173851013 0.18766568104426065 0.27618253231048584 0.16463971138000488 0.24021995067596436 0.1295697291692098 0.2110576033592224 0.0923464298248291 0.21018236875534058 0.0860047737757365 0.188283771276474 0.08655258019765218 0.11749464273452759 0.0988699197769165 0.03164324164390564 0.11384658018747966
0 0.015873342752456665 0.463018536567688 0.02640703320503235 0.46097389856974286 0.039851605892181396 0.4688797394434611 0.06054714322090149 0.48163938522338867 0.07517704367637634 0.4923865795135498 0.10097146034240723 0.5061037540435791 0.12718364596366882 0.5165151755015055 0.14394086599349976 0.5380057891209921 0.15590384602546692 0.5685926278432211 0.1568557620048523 0.5983294645945231 0.1450316309928894 0.618466854095459 0.1280176341533661 0.6294214328130087 0.09019488096237183 0.6396855513254801 0.061957597732543945 0.6321250200271606 0.038194119930267334 0.6203692754109701 0.024558275938034058 0.5265291134516398 0.018184572458267212 0.48151930173238117
0 0.038344770669937134 0.6361039876937866 0.0663650631904602 0.6490126450856527 0.08567684888839722 0.6511284112930298 0.11238530278205872 0.6453233559926351 0.1400286853313446 0.6330460707346598 0.14951369166374207 0.6288989384969076 0.16309556365013123 0.639386256535848 0.16683802008628845 0.65099036693573 0.1641637086868286 0.6723615328470866 0.16484111547470093 0.7024198373158773 0.15034222602844238 0.7697782516479492 0.12600532174110413 0.8050792217254639 0.10872131586074829 0.8207925160725912 0.08726733922958374 0.8279228210449219 0.0677865743637085 0.8462638854980469 0.0592343807220459 0.8532464504241943 0.049397408962249756 0.7602450052897135 0.04320681095123291 0.7013909022013346 0.041379451751708984 0.6870291233062744
0 0.06437072157859802 0.8608978589375814 0.08876374363899231 0.8424499829610189 0.10650965571403503 0.8393551508585612 0.12896892428398132 0.8181451161702474 0.15370655059814453 0.7869022687276205 0.16578340530395508 0.7356694539388021 0.17393362522125244 0.686772346496582 0.17411324381828308 0.6649087270100912 0.18069791793823242 0.6261847019195557 0.19933468103408813 0.5851343472798666 0.21317359805107117 0.5333078304926554 0.22956612706184387 0.48548734188079834 0.2480948567390442 0.45078444480895996 0.2709881067276001 0.43180545171101886 0.3142431378364563 0.4041949113210042 0.33999520540237427 0.3987833658854167 0.3519761264324188 0.42690587043762207 0.36820852756500244 0.4508885939915975 0.3822250962257385 0.4862663745880127 0.3957722783088684 0.5110305945078532 0.3866134285926819 0.5482502778371176 0.35765960812568665 0.5819748242696127 0.32491379976272583 0.6368584632873535 0.308102548122406 0.6584203640619913 0.2838232219219208 0.6779215335845947 0.26230430603027344 0.7008580366770426 0.24564480781555176 0.7320179144541422 0.24221497774124146 0.7652846972147623 0.2382047474384308 0.8010220527648926 0.22388777136802673 0.8300150235493978 0.20722898840904236 0.8596639633178711 0.1945531666278839 0.8798462549845377 0.17869922518730164 0.8922712008158366 0.15675926208496094 0.9008112748463949 0.12670952081680298 0.9101862907409668 0.1055748462677002 0.8949385484059652 0.08562949299812317 0.9081976413726807 0.06619563698768616 0.9207735061645508 0.0666286051273346 0.8827611605326334
0 0.07291907072067261 0.960435708363851 0.0984489917755127 0.9704891840616862 0.11792722344398499 0.9776716232299805 0.14779648184776306 0.9996304512023926 0.16065683960914612 1.0 0.1702294647693634 1.0 0.14858970046043396 1.0 0.10162723064422607 1.0 0.08311590552330017 1.0 0.08021771907806396 1.0 0.07402035593986511 0.9977641105651855
0 0.07623416185379028 0.9285881519317627 0.09793892502784729 0.9084935188293457 0.11974111199378967 0.9139909744262695 0.14366954565048218 0.9168011347452799 0.1704888641834259 0.9081683158874512 0.19624421000480652 0.8890423774719238 0.2197938859462738 0.855481227238973 0.2438628375530243 0.8186345100402832 0.2515375316143036 0.7786781787872314 0.25480443239212036 0.7432694435119629 0.2774134874343872 0.6970391273498535 0.31924110651016235 0.6656671365102133 0.35379064083099365 0.6562134822209676 0.36565887928009033 0.6783037185668945 0.3706326484680176 0.7038137118021647 0.38770484924316406 0.7261062463124593 0.40717941522598267 0.7504046758015951 0.399277925491333 0.7762869993845621 0.38178566098213196 0.8166670004526774 0.3693915605545044 0.8621741930643717 0.3831891417503357 0.877055803934733 0.41228440403938293 0.8815973599751791 0.38025227189064026 0.887617270151774 0.3420521020889282 0.8811906178792318 0.31750234961509705 0.8723640441894531 0.2765856981277466 0.8947563171386719 0.22106298804283142 0.936631997426351 0.1933174729347229 0.9509335358937582 0.17278912663459778 0.9731394449869791 0.158176451921463 0.9895931879679362 0.14158019423484802 0.9698649247487386 0.12040373682975769 0.9534521102905273 0.09831768274307251 0.9447784423828125
0 0.17371699213981628 0.9988358815511068 0.1929090917110443 0.9715272585550944 0.2073158621788025 0.9615582625071207 0.24596306681632996 0.9444637298583984 0.28967249393463135 0.924774964650472 0.31564217805862427 0.904167652130127 0.337324857711792 0.8899861971537272 0.3503251075744629 0.8942405382792155 0.3795057237148285 0.8965280850728353 0.4023320972919464 0.8994496663411459 0.42864990234375 0.8994402885437012 0.4522976875305176 0.8969542185465494 0.4687081277370453 0.8996517658233643 0.471605122089386 0.9277087847391764 0.45555680990219116 0.9745589892069498 0.44377201795578003 0.9836955070495605 0.3729298710823059 1.0 0.2751818597316742 1.0 0.21152427792549133 1.0 0.1915391981601715 1.0 0.1778847575187683 1.0
1 0.3270263671875 0.6524322430292765 0.3554629683494568 0.6356252034505209 0.37555640935897827 0.6150433222452799 0.3965153098106384 0.595236579577128 0.4191831946372986 0.5786265929539999 0.4320811629295349 0.5500056346257528 0.430032342672348 0.5285399357477824 0.42994317412376404 0.518676241238912 0.41258955001831055 0.5062034130096436 0.39906904101371765 0.4989221493403117 0.3999926447868347 0.5252629915873209 0.39432525634765625 0.5427104234695435 0.377069890499115 0.5702680746714274 0.36498409509658813 0.5916591882705688 0.3455072045326233 0.6214156150817871 0.33270037174224854 0.6428449948628744
0 0.3713253140449524 0.38709274927775067 0.3758622407913208 0.3775597810745239 0.39504337310791016 0.38174188137054443 0.4166116714477539 0.3767024278640747 0.43846774101257324 0.3481089274088542 0.4738733768463135 0.3072502017021179 0.49896833300590515 0.2828252712885539 0.5198988914489746 0.27536292870839435 0.530586838722229 0.28130751848220825 0.5407339334487915 0.3187637726465861 0.5383213758468628 0.3888664245605469 0.5329327583312988 0.41459810733795166 0.5189271569252014 0.45076791445414227 0.5015712976455688 0.4936932325363159 0.5048837065696716 0.4995095332463582 0.47577351331710815 0.5055909951527914 0.43865054845809937 0.5080806016921997 0.4116332530975342 0.4943338632583618 0.39002352952957153 0.46872806549072266 0.38144248723983765 0.4389102856318156 0.3741103410720825 0.4116569360097249
0 0.3345547914505005 0.2414689064025879 0.34556347131729126 0.21076116959253946 0.3685188293457031 0.1929662028948466 0.38835230469703674 0.1808662215868632 0.4032496213912964 0.1837262511253357 0.41007092595100403 0.2176280419031779 0.4209100306034088 0.23657778898874918 0.43789276480674744 0.2522560755411784 0.46249714493751526 0.26085654894510907 0.48435020446777344 0.27400000890096027 0.48052555322647095 0.28481119871139526 0.4644618630409241 0.3057759801546733 0.45332732796669006 0.3132785161336263 0.42871904373168945 0.31276820103327435 0.39370131492614746 0.30682214101155597 0.36940428614616394 0.2972770134607951 0.34695351123809814 0.2769981225331624
0 0.4103035628795624 0.17365874846776327 0.4281083345413208 0.15818568070729574 0.45214179158210754 0.14344441890716553 0.4678249657154083 0.13462313016255698 0.49179214239120483 0.11055084069569905 0.5121378302574158 0.07162137826283772 0.5198186635971069 0.042197744051615395 0.5399165153503418 0.03423241774241129 0.5592129826545715 0.025278806686401367 0.5734601020812988 0.011969327926635742 0.591684877872467 0.006546735763549805 0.6046672463417053 0.011059721310933432 0.6054461598396301 0.03503000736236572 0.5952175855636597 0.058405280113220215 0.5832018852233887 0.07894484202067058 0.5548617839813232 0.12113602956136067 0.5357509255409241 0.15227854251861572 0.5271075963973999 0.1875020464261373 0.5137578248977661 0.23386114835739136 0.5059740543365479 0.2589900294939677 0.49399062991142273 0.26959619919459027 0.4750618040561676 0.25606242815653485 0.44414079189300537 0.24340450763702393 0.42882418632507324 0.22859158118565878 0.414254754781723 0.20372619231541952
1 0.4476659893989563 0.5245638688405355 0.4865790009498596 0.5089549620946249 0.4819740653038025 0.5124155282974243 0.5046433210372925 0.49414904912312824 0.5250781774520874 0.47386252880096436 0.5472585558891296 0.4629290501276652 0.565283477306366 0.4743128220240275 0.5887433290481567 0.4849587281545003 0.61122065782547 0.4975516398747762 0.6276105046272278 0.507577101389567 0.6409716010093689 0.5194493929545084 0.6615428924560547 0.5353565613428751 0.6724203824996948 0.5472949743270874 0.7041148543357849 0.572127898534139 0.7053525447845459 0.590981920560201 0.7005947232246399 0.6229984760284424 0.6914611458778381 0.646771510442098 0.6843041181564331 0.662203868230184 0.6688682436943054 0.689165989557902 0.6551436185836792 0.7015510400136312 0.6329155564308167 0.7077164649963379 0.6095523238182068 0.7141205469767252 0.5733057856559753 0.7162653605143229 0.5560747981071472 0.7081600824991862 0.5321977138519287 0.6959684689839681 0.5137557983398438 0.68318772315979 0.5026422739028931 0.6702560583750407 0.4838097095489502 0.6521050135294596 0.4804629385471344 0.6128071546554565 0.46390870213508606 0.5948145389556885 0.44922056794166565 0.5848144690195719 0.4424789547920227 0.5695056120554606 0.44445914030075073 0.5483842690785726 0.44879886507987976 0.5328441460927328
0 0.3696989417076111 0.6455971002578735 0.3819524943828583 0.6279836098353068 0.3996920585632324 0.6097569465637207 0.4109981954097748 0.6032297611236572 0.43149593472480774 0.6040949821472168 0.45044252276420593 0.6081341107686361 0.45804592967033386 0.623940666516622 0.45919451117515564 0.6468267440795898 0.46789658069610596 0.6623477141062418 0.4739777147769928 0.6779681841532389 0.4923221170902252 0.6938769022623698 0.5055021643638611 0.7050336201985677 0.5083821415901184 0.7187720934549967 0.48849818110466003 0.7291076978047689 0.46985405683517456 0.7405409812927246 0.45001399517059326 0.7502721945444742 0.43869972229003906 0.75774614016215 0.43015098571777344 0.7633741696675619 0.41765907406806946 0.7582043011983236 0.39832544326782227 0.7241000334421793 0.3888106644153595 0.7089415391286215 0.3784538209438324 0.6932123502095541 0.3725125789642334 0.6752861340840658 0.3716181516647339 0.6622453133265177 0.37114477157592773 0.6552722454071045
0 0.4245530068874359 0.7779526710510254 0.44049930572509766 0.7703340848286947 0.4424641728401184 0.8015267848968506 0.44841906428337097 0.8252334594726562 0.4583311080932617 0.8337451616923014 0.479511559009552 0.8484586079915365 0.5009748935699463 0.8578486442565918 0.5170760154724121 0.8730798562367758 0.5361497402191162 0.8866896629333496 0.5437596440315247 0.9061320622762045 0.5402648448944092 0.935669740041097 0.5282734632492065 0.9645689328511556 0.4826667904853821 0.9738334019978842 0.47166648507118225 0.9772020975748698 0.4753025472164154 0.9556042353312174 0.48006734251976013 0.9202124277750651 0.473397433757782 0.8930184046427408 0.4514427185058594 0.8883399963378906 0.4283735752105713 0.888518492380778 0.4204792082309723 0.8784252007802328 0.39598968625068665 0.87265412012736 0.382995069026947 0.8662231763203939 0.378731906414032 0.8532155354817709 0.39122551679611206 0.8184565703074137 0.40880444645881653 0.789863109588623
0 0.4508834779262543 0.7675360043843588 0.46581533551216125 0.7515002886454264 0.5039114952087402 0.729785680770874 0.5170483589172363 0.7179330984751383 0.5296769142150879 0.7152695655822754 0.5605325102806091 0.723851203918457 0.5970103740692139 0.7299724419911703 0.6260656118392944 0.7267907460530599 0.6394619941711426 0.7291682561238607 0.6398667097091675 0.7419451077779134 0.6310752630233765 0.7550716400146484 0.6127623319625854 0.7818042437235514 0.5981464385986328 0.8028622468312582 0.5863481163978577 0.8170521259307861 0.5551824569702148 0.8218811353047689 0.5366712808609009 0.8245468934377035 0.5140233635902405 0.8305393854777018 0.5023739337921143 0.8342706362406412 0.4832077920436859 0.8387347062428793 0.4698883295059204 0.8342059453328451 0.453139066696167 0.8174378077189127 0.44786661863327026 0.801214853922526
0 0.6535924077033997 0.7356928189595541 0.6837270259857178 0.6923551559448242 0.701518177986145 0.65876571337382 0.7334638833999634 0.6191908121109009 0.7498493194580078 0.608478307723999 0.7629594802856445 0.6084258159001669 0.7545535564422607 0.6292484601338705 0.7612369656562805 0.6633016268412272 0.7635253667831421 0.6952595710754395 0.7486510276794434 0.7312103907267252 0.7290473580360413 0.7606227397918701 0.6989110112190247 0.7877228260040283 0.6765061616897583 0.7901131312052408 0.6521604657173157 0.7939206759134928 0.6277223825454712 0.8011225064595541 0.6139833331108093 0.8296793301900228 0.6195723414421082 0.8484229246775309 0.621851921081543 0.8655683994293213 0.6124594211578369 0.9002773761749268 0.5927388072013855 0.940466562906901 0.5847175121307373 0.9508959452311198 0.5606526732444763 0.9568827946980795 0.5377466678619385 0.9594693183898926 0.5486761331558228 0.9272547562917074 0.5532307028770447 0.8941984176635742 0.5536123514175415 0.8653407096862793 0.5593434572219849 0.8498029708862305 0.5743244290351868 0.8358282248179117 0.5919292569160461 0.824833869934082 0.6082421541213989 0.809870719909668 0.6194831728935242 0.7861477533976237 0.6347250938415527 0.7642243703206381 0.6482041478157043 0.7460854053497314
0 0.797324001789093 0.03623537222544352 0.8374409675598145 0.0013020833333333333 0.8781720995903015 0.0013020833333333333 0.9049196243286133 0.0013020833333333333 0.9243989586830139 0.0013020833333333333 0.9332776665687561 0.07559577624003093 0.9432895183563232 0.22763818502426147 0.9602240920066833 0.328699787457784 0.9714610576629639 0.4259469509124756 0.9793238639831543 0.4916192690531413 0.9472497701644897 0.4874940713246663 0.9269078969955444 0.48421021302541095 0.9073834419250488 0.4672390619913737 0.8846950531005859 0.4375159740447998 0.8627150058746338 0.41304131348927814 0.8423420190811157 0.3946084976196289 0.809194803237915 0.3873716990152995 0.7906850576400757 0.3770971695582072 0.7748908996582031 0.3282805283864339 0.7691468596458435 0.2778535485267639 0.7681974172592163 0.23315302530924478 0.7686318159103394 0.19408957163492838 0.7589144110679626 0.1764234701792399 0.7559981346130371 0.1622868776321411 0.769748330116272 0.11078524589538574 0.7882378101348877 0.06755677858988444 0.7881811857223511 0.050327817598978676
0 0.7735320925712585 0.6077287991841634 0.806009829044342 0.5868149598439535 0.8436665534973145 0.5718608299891154 0.8785693049430847 0.5665006637573242 0.9058175086975098 0.5593253374099731 0.9370309710502625 0.5439756711324056 0.9698604941368103 0.5344904263814291 0.9805238246917725 0.533470074335734 0.9877772927284241 0.557538112004598 0.9952570199966431 0.6161073843638102 0.9807561635971069 0.6325621604919434 0.953447699546814 0.6513251860936483 0.9365467429161072 0.6670491695404053 0.9202495813369751 0.6868332227071127 0.9029885530471802 0.6930356025695801 0.8669528961181641 0.7055799961090088 0.8529859185218811 0.7111074129740397 0.8344042301177979 0.7184368769327799 0.8155778646469116 0.7236665089925131 0.792186975479126 0.7306660811106364 0.7699894905090332 0.7395178476969401 0.7580327987670898 0.7508049011230469 0.7534468173980713 0.752625306447347 0.7481383085250854 0.7492027282714844 0.7579579949378967 0.7234684626261393 0.7706596851348877 0.694135586420695 0.7690416574478149 0.6610427300135294 0.7645227909088135 0.6359108289082845 0.7708251476287842 0.6174120505650839
0 0.9928536415100098 0.6377104123433431 0.952908992767334 0.6609223286310831 0.9405803680419922 0.6737081209818522 0.9258277416229248 0.7048470179239908 0.9255138635635376 0.7387628555297852 0.9242464303970337 0.7655208110809326 0.9565173387527466 0.7917834122975668 0.9708278775215149 0.8127356370290121 0.9775216579437256 0.8565618197123209 0.9791382551193237 0.8810173670450846 1.0 0.8781515757242838 1.0 0.8755304018656412 1.0 0.8753286202748617 1.0 0.8596947193145752 1.0 0.8417129516601562 1.0 0.7156334718068441 1.0 0.6710711320241293 0.9982361793518066 0.6472919782002767
0 0.6317721009254456 0.8714720408121744 0.6660783290863037 0.8720347086588541 0.6978917717933655 0.8753336270650228 0.7382338643074036 0.8869970639546713 0.7763872146606445 0.8978891372680664 0.8016250729560852 0.9065717061360677 0.805560827255249 0.9132174650828043 0.7650964260101318 0.9201281865437826 0.7324800491333008 0.9257206122080485 0.6961917281150818 0.9320493539174398 0.6554223895072937 0.9385257562001547 0.6256773471832275 0.9440538088480631 0.5965563058853149 0.9474504788716634 0.6102488040924072 0.920527458190918 0.6206940412521362 0.8932464122772217
0 0.5825758576393127 0.09667007128397624 0.6094746589660645 0.11066106955210368 0.6362205743789673 0.14827275276184082 0.6618607044219971 0.17173626025517783 0.6997016668319702 0.17024173339207968 0.7248678803443909 0.18295526504516602 0.7397786974906921 0.20562305053075156 0.7426847219467163 0.246917724609375 0.7406224012374878 0.3303505976994832 0.7347923517227173 0.37156983216603595 0.732894241809845 0.4013377030690511 0.719307005405426 0.43641189734141034 0.70264732837677 0.4646727244059245 0.6812057495117188 0.4729347229003906 0.6452031135559082 0.4706924756368001 0.6147929430007935 0.45784159501393634 0.572887122631073 0.43684764703114826 0.5530402660369873 0.42291033267974854 0.5403319001197815 0.4145386219024658 0.5478455424308777 0.38328389326731366 0.5483955144882202 0.3495931228001912 0.5445272922515869 0.30137250820795697 0.5407554507255554 0.2719392975171407 0.5371156334877014 0.24662594000498453 0.5307886600494385 0.2339856227238973 0.5215962529182434 0.23081046342849731 0.528461754322052 0.20923203229904175 0.5386019945144653 0.16591386000315347 0.5506488680839539 0.14089588324228922 0.5703256130218506 0.11400341987609863
1 0.7461175918579102 0.4386751651763916 0.7709468603134155 0.41616423924763996 0.7934880256652832 0.41742396354675293 0.8164092302322388 0.43613167603810626 0.8461266160011292 0.4485245943069458 0.8838621377944946 0.47195176283518475 0.9048865437507629 0.48753297328948975 0.9220902919769287 0.5123275518417358 0.9299094676971436 0.5348689556121826 0.8826433420181274 0.5480451981226603 0.8486392498016357 0.5605969031651815 0.8277515172958374 0.5654337008794149 0.7970578074455261 0.570900042851766 0.7829073667526245 0.5641600290934244 0.764318585395813 0.5247536102930704 0.7662603855133057 0.49506207307179767 0.7561209797859192 0.4738394419352214 0.7443614602088928 0.45912492275238037
0 0.6711070537567139 0.0013020833333333333 0.6623883247375488 0.005627075831095378 0.6780443787574768 0.0453257163365682 0.7028218507766724 0.038068930308024086 0.7335512638092041 0.016381382942199707 0.7543737888336182 0.0013020833333333333 0.7772340178489685 0.012020428975423178 0.7818347215652466 0.04324630896250407 0.7792423367500305 0.06652565797170003 0.7678624987602234 0.09944748878479004 0.7481369972229004 0.15574753284454346 0.7434256672859192 0.18352756897608438 0.7380613088607788 0.19549071788787842 0.7205076813697815 0.17022516330083212 0.7063525319099426 0.1642451286315918 0.6849504709243774 0.16456385453542074 0.67098468542099 0.15859814484914145 0.6542225480079651 0.1565211613972982 0.6418783664703369 0.141379714012146 0.6218489408493042 0.11837414900461833 0.6024794578552246 0.09386082490285237 0.5859507918357849 0.0914378563563029 0.597872257232666 0.06981762250264485 0.6084641218185425 0.041966915130615234 0.6088118553161621 0.013346076011657715 0.6119251847267151 0.0016491015752156575 0.6393528580665588 0.0013020833333333333 0.6633708477020264 0.0013020833333333333
1 0.7864917516708374 0.7485223611195883 0.8334652781486511 0.7301985422770182 0.8974963426589966 0.7140312194824219 0.9066053628921509 0.7325325012207031 0.9196377992630005 0.7737725575764974 0.9334852695465088 0.7851890722910563 0.9574967622756958 0.8172512054443359 0.9586576223373413 0.8502810796101888 0.9312132596969604 0.871308962504069 0.92473304271698 0.8896360397338867 0.9097762703895569 0.8951231638590494 0.8838054537773132 0.898797353108724 0.8650169372558594 0.8977489471435547 0.8557306528091431 0.8831980228424072 0.8329839706420898 0.8591335614522299 0.8230429887771606 0.8457854588826498 0.8020631670951843 0.8171547253926595 0.7819605469703674 0.7948156992594401 0.7699456810951233 0.7839615345001221 0.7750746011734009 0.7640447616577148
1 0.3303169906139374 0.06625684102376302 0.31315237283706665 0.1020955244700114 0.3218729496002197 0.12566777070363364 0.35093358159065247 0.16104920705159506 0.3676764965057373 0.17020883162816366 0.3881205916404724 0.16775854428609213 0.42425966262817383 0.1578217347462972 0.4592726528644562 0.12646083037058511 0.47478675842285156 0.10875074068705241 0.4882228970527649 0.0781087080637614 0.5040752291679382 0.04687980810801188 0.5158183574676514 0.026511073112487793 0.462272584438324 0.039418657620747886 0.43450888991355896 0.04194239775339762 0.38166046142578125 0.052392005920410156 0.3536059260368347 0.058716018994649254 0.33922332525253296 0.06245100498199463
0 0.23735195398330688 0.08028884728749593 0.2320965826511383 0.09418431917826335 0.24194204807281494 0.10767261187235515 0.26228612661361694 0.12806451320648193 0.27247312664985657 0.13286340236663818 0.2879100739955902 0.10750925540924072 0.2954484820365906 0.0877150297164917 0.30560165643692017 0.06956847508748372 0.27256694436073303 0.07642269134521484 0.25382211804389954 0.07855828603108723 0.24557289481163025 0.07675707340240479
1 0.005368679761886597 0.317078431447347 0.08961942791938782 0.32406487067540485 0.16623222827911377 0.33702993392944336 0.197649747133255 0.32765283187230426 0.20019355416297913 0.3000528613726298 0.18843626976013184 0.2577004631360372 0.17175742983818054 0.22010737657546997 0.16344207525253296 0.18421735366185507 0.17658379673957825 0.17990163962046304 0.18789830803871155 0.2195616364479065 0.20820805430412292 0.2766612768173218 0.22839787602424622 0.30391858021418255 0.2620680332183838 0.3341597318649292 0.2887154519557953 0.3447049061457316 0.3268547058105469 0.3527963161468506 0.3415442705154419 0.3601364294687907 0.34017348289489746 0.3806698719660441 0.317739874124527 0.39569008350372314 0.2756022810935974 0.41292182604471844 0.23825258016586304 0.44539837042490643 0.22110465168952942 0.4779218832651774 0.2093220055103302 0.5289923350016276 0.1980687379837036 0.5598373413085938 0.1915917694568634 0.5755168994267782 0.18208232522010803 0.5939604441324869 0.17300420999526978 0.6165255308151245 0.16178667545318604 0.620006283124288 0.17143777012825012 0.5952122211456299 0.17536449432373047 0.5645509560902914 0.16495102643966675 0.5399530728658041 0.14477506279945374 0.5109767913818359 0.11447089910507202 0.48786497116088867 0.08865612745285034 0.4741000334421794 0.05408245325088501 0.4566819667816162 0.04290241003036499 0.45358272393544513 0.031722426414489746 0.45047791798909503 0.02323240041732788 0.4489564100901286 0.019892096519470215 0.4422268470128377 0.014341413974761963 0.41165486971537274 0.008892804384231567 0.36936791737874347 0.006205737590789795 0.34870612621307373
