1 0.33945157235128837 0.004332983245452245 0.3976034718414961 0.005427171165744464 0.4164414433707968 0.005427171165744464 0.40661293907239887 0.06670168042182922 0.3894130714223166 0.10609243313471477 0.36647991455554035 0.12469363212585449 0.34682293570297273 0.1268820067246755 0.33535635726958457 0.11812849839528401 0.33617539433707966 0.05794817705949148 0.33535635726958457 0.02731092522541682 0.33535635726958457 0.014180672665437063
1 0.33617539433707966 0.1312587559223175 0.3533752619871619 0.14220062891642252 0.35992758827135113 0.16627275943756104 0.35828951413636084 0.19362745682398477 0.35583240293387547 0.2133228381474813 0.35091815078467653 0.22645308574040732 0.336994461148803 0.2220763365427653 0.3345373202020894 0.17064950863520303 0.33430799220272905 0.16620710492134094
1 0.336994461148803 0.4069940646489461 0.35747047706886576 0.41465338071187335 0.36074662533884627 0.460609237353007 0.37057512963724415 0.48577555020650226 0.04952741180479411 0.5229779481887817 0.051984537879393576 0.5558035771052042 0.05526070102148818 0.5842524369557699 0.035603714732863515 0.5908175706863403 0.015127688588222332 0.5962885220845541 0.0028420723902086997 0.6028536558151245 0.003661113640485916 0.5558035771052042 0.003661113640485916 0.508753498395284 0.33781349821629814 0.4726453224817912 0.33781349821629814 0.4452906052271525
1 0.4262699179249665 0.006521358465154965 0.42135566577576755 0.052477240562438965 0.4295460959391752 0.08858543634414673 0.4442888226425439 0.10390405853589375 0.45657443814342713 0.11375174919764201 0.4778695208752132 0.11812849839528401 0.48851706224110625 0.11812849839528401 0.4999836406744944 0.051383053263028465 0.5057169001469602 0.013086484124263128 0.17012302034314844 0.0013020833333333333 0.4713171648467958 0.002144607870529095 0.44674593384502925 0.002144607870529095
1 0.41562240630330166 0.09296218554178874 0.4459268967775341 0.12031687299410503 0.4492030747917428 0.13672968745231628 0.45002211185923796 0.17174369096755981 0.45411732694094176 0.19472163915634155 0.47295526872601423 0.2319240172704061 0.47049812777930067 0.25271358092625934 0.45657443814342713 0.26256128152211505 0.42463184378997626 0.26256128152211505 0.3943273235715156 0.25380776325861615 0.37385130765145286 0.22426470120747885 0.3689370555022539 0.17393207550048828 0.3730322408397295 0.14220062891642252 0.39268924943652533 0.1290703813234965 0.4115271912215978 0.107186625401179
1 0.5253739087437561 0.1586134433746338 0.5646878664488914 0.1761204401652018 0.5884400603831628 0.19581582148869833 0.6023637500190363 0.2166053851445516 0.5949923569231238 0.2417717178662618 0.5884400603831628 0.2767857114473979 0.5573164733529788 0.26912639538447064 0.535202413042154 0.2614670793215434 0.5089931079053972 0.24286590019861856 0.5188215527153387 0.21551120281219482 0.5220977009853192 0.1914390722910563
1 0.36156569215056955 0.22754726807276407 0.38695596021983125 0.26256128152211505 0.40907005027488424 0.27897409598032635 0.4328222442091557 0.27897409598032635 0.4680410165768153 0.2745973467826843 0.5016217148094847 0.25709033012390137 0.5188215527153387 0.2713147799173991 0.5474879690545809 0.28444502751032513 0.5696020888538621 0.29319852590560913 0.5868019862481725 0.30742297569910687 0.5949923569231238 0.35228466987609863 0.5941733198556286 0.3883928457895915 0.5704211259213572 0.41574756304423016 0.5556783992179886 0.4452906052271525 0.5499451397455226 0.4792104164759318 0.5360214501096491 0.4967174530029297 0.5073549742819505 0.4507615566253662 0.48687895836188777 0.4190301100413005 0.46640294244182506 0.4026172955830892 0.4205366287082724 0.3872986634572347 0.38367978220562254 0.3763568003972371 0.3640228033530549 0.3676033020019531 0.33430799220272905 0.3343435525894165 0.33430799220272905 0.27897409598032635 0.33617539433707966 0.2581845323244731 0.3533752619871619 0.23958333333333334
1 0.41070812440987453 0.4168417453765869 0.4516601859942282 0.4190301100413005 0.4680410165768153 0.42450106143951416 0.48687895836188777 0.43872547149658203 0.5040788260119701 0.46498600641886395 0.5212786639178241 0.491246501604716 0.19859288682249787 0.5196953614552816 0.2125165913304855 0.5492384433746338 0.21415466546547576 0.574404756228129 0.21169753939087627 0.6105129718780518 0.19777384975500273 0.6499036947886149 0.1928595976058038 0.6652223269144694 0.16910740367153235 0.6663165092468262 0.13306960910849172 0.6652223269144694 0.1101364522417154 0.6597514152526855 0.09211754752413803 0.6302083333333334 0.07983193202325475 0.5951943397521973 0.06918439809341877 0.5415791273117065 0.06508919044777199 0.5032825469970703 0.3918702123690302 0.46498600641886395 0.3951463606390107 0.4452906052271525
1 0.5163644415128533 0.002144607870529095 0.5319262052837171 0.002144607870529095 0.562230755246406 0.003238795635600885 0.583525837978192 0.003238795635600885 0.6015447129515412 0.008709733684857687 0.6080970689799585 0.04044117530186971 0.6080970689799585 0.07545518378416698 0.5974494681256092 0.10499825080235799 0.5769734819497746 0.14220062891642252 0.568783051786367 0.16408438483874002 0.5474879690545809 0.15204831957817078 0.5229167380528144 0.14220062891642252 0.5065359372144554 0.12797618905703226 0.5057169001469602 0.08311449488004048 0.5188215527153387 0.053571427861849465 0.5229167380528144 0.026216737926006317
1 0.6187445508573952 0.004332983245452245 0.6228397361948709 0.05575980246067047 0.6187445508573952 0.08420868714650472 0.610554180182444 0.11375174919764201 0.5982685051931043 0.1268820067246755 0.5884400603831628 0.14985994497934976 0.5810686672872503 0.16627275943756104 0.6031827870865314 0.19253325462341309 0.6171064767224049 0.20347513755162558 0.6621537533884625 0.21004027128219604 0.024972569872761332 0.20894606908162436 0.055277090091221975 0.20456931988398233 0.088038721512168 0.2023809552192688 0.125714605082313 0.19691002368927002 0.1576572291799921 0.17830882469813028 0.17649517096506456 0.153142511844635 0.21335201746771443 0.14438900351524353 0.2158091286701998 0.1268820067246755 0.1994283278318409 0.08311449488004048 0.18550463819596735 0.037158613403638206 0.1740380597625792 0.0076155463854471845 0.16257145158496283 0.002144607870529095 0.12735270896153142 0.005427171165744464 0.09213393659387183 0.004332983245452245 0.056915164226212234 0.004332983245452245 0.007772702222679093 0.003238795635600885 0.6392205965216862 0.002144607870529095
1 0.18878078646594787 0.006521358465154965 0.19533308300590888 0.041535365084807076 0.2027044761018214 0.06123074392477671 0.21662816573769494 0.09077381094296773 0.2256376329685977 0.11375174919764201 0.23710421140198587 0.13344713052113852 0.2403803596719664 0.14220062891642252 0.2764181691071211 0.14548319578170776 0.2977132518389072 0.14548319578170776 0.3206464087056835 0.1356355051199595 0.6760938023498416 0.07873774568239848 0.6744557282148513 0.04591211676597595 0.6711795799448709 0.005427171165744464 0.30917983027229534 0.002144607870529095 0.2698658130787037 0.0076155463854471845 0.2313708924410636 0.006521358465154965 0.21417105453520954 0.004332983245452245 0.200247364899336 0.003238795635600885
1 0.6097351431149488 0.22426470120747885 0.6367634853192008 0.23082983493804932 0.6556014568485015 0.23082983493804932 0.056915164226212234 0.22973565260569254 0.0847625732421875 0.22973565260569254 0.11752420466313353 0.22645308574040732 0.1576572291799921 0.2067577044169108 0.17977131923504508 0.17502625783284506 0.20352351316931652 0.1608018179734548 0.21662816573769494 0.157519261042277 0.22891378123857822 0.18159139156341553 0.22809474417108308 0.1980042060216268 0.21171394333272417 0.22535890340805054 0.18550463819596735 0.26584382851918537 0.16666666666666666 0.2888217767079671 0.14455254686738547 0.31836483875910443 0.1355431093807109 0.32821253935496014 0.11260995251393457 0.33149510622024536 0.07902928402549342 0.31836483875910443 0.03070585908945541 0.30195202430089313 0.665429901658443 0.2899159590403239 0.6392205965216862 0.2745973467826843 0.6228397361948709 0.2549019654591878 0.6171064767224049 0.23848915100097656
1 0.24283747087445176 0.16627275943756104 0.275599132039626 0.16408438483874002 0.30017036304139255 0.1586134433746338 0.3271987052456445 0.14657737811406454 0.6695415058098806 0.16627275943756104 0.330474853515625 0.18596814076105753 0.31327501560977095 0.21988795200983682 0.2952561406364218 0.2363007664680481 0.2764181691071211 0.25271358092625934 0.25839929413377194 0.24505426486333212 0.2502088639703643 0.22535890340805054 0.24857078983537403 0.2023809552192688 0.24611367863288863 0.17940300703048706
1 0.682646158378259 0.003238795635600885 0.6867413437157347 0.022934173544247944 0.6875603807832298 0.053571427861849465 0.6859223066482395 0.09296218554178874 0.6760938023498416 0.12141106526056926 0.6711795799448709 0.13235293825467428 0.6859223066482395 0.153142511844635 0.7006650333516082 0.17393207550048828 0.7211410790158991 0.1608018179734548 0.7424361617476852 0.12469363212585449 0.7539027401810734 0.11046919226646423 0.7637312444794713 0.08202030758062999 0.762093170344481 0.0360644261042277 0.7465313470851608 0.005427171165744464 0.7400314598752741 0.0013020833333333333 0.7080364264475207 0.002144607870529095
1 0.7588169625860441 0.005427171165744464 0.7719216151544225 0.0338760515054067 0.7776549341153448 0.05685398976008097 0.7784739711828399 0.08639706174532573 0.7727406522219177 0.10499825080235799 0.7571788884510539 0.1290703813234965 0.7448932729501706 0.14767157038052878 0.7227791531508894 0.17830882469813028 0.7129506488524915 0.19691002368927002 0.7195030048809089 0.2133228381474813 0.7334266945167824 0.25380776325861615 0.7432551988151803 0.2855392098426819 0.7498075548435977 0.29319852590560913 0.7653693186144614 0.2986694773038228 0.7932166978862085 0.2942927082379659 0.8087784616570723 0.28772759437561035 0.827616433186373 0.2702205975850423 0.8521876641881396 0.25380776325861615 0.8652923167565181 0.2406775156656901 0.8611971314190424 0.21004027128219604 0.8562828495256153 0.17174369096755981 0.8611971314190424 0.14329482118288675 0.8824921546623721 0.13235293825467428 0.9078824227316338 0.1268820067246755 0.920168038232517 0.12031687299410503 0.9218061718559637 0.09952730933825175 0.9185299640975269 0.04700630406538645 0.9152538158275463 0.005427171165744464 0.89232065896077 0.003238795635600885 0.8620161684865375 0.005427171165744464 0.8079594245895773 0.0076155463854471845 0.7776549341153448 0.005427171165744464
1 0.9259013571934394 0.010898109525442123 0.9324536537334004 0.04372373720010122 0.9324536537334004 0.07545518378416698 0.934091787356847 0.10280987620353699 0.9349108244243421 0.12250524759292603 0.9488345140602157 0.1290703813234965 0.971767670926992 0.13344713052113852 0.9922436571028265 0.1356355051199595 0.9980506822612085 0.1302050550778707 0.9947008277937682 0.06232493122418722 0.9947008277937682 0.013086484124263128 0.9947008277937682 0.002144607870529095 0.9570249442236233 0.004332983245452245
1 0.8710255762289839 0.157519261042277 0.8980539779216923 0.14438900351524353 0.9185299640975269 0.14329482118288675 0.929996542530915 0.14329482118288675 0.9521106623301961 0.14767157038052878 0.9848723234953703 0.14767157038052878 0.9971579389962536 0.14767157038052878 0.9980506822612085 0.1542312204837799 0.9980506822612085 0.20456931988398233 0.9980506822612085 0.22973565260569254 0.9938817907262731 0.2417717178662618 0.971767670926992 0.2581845323244731 0.9471964399252254 0.2735031445821126 0.9316346166659052 0.28116246064503986 0.9095205563550804 0.27240896224975586 0.89232065896077 0.2549019654591878 0.8767588951899062 0.24286590019861856 0.8743017839874208 0.21879376967748007 0.8677494279590034 0.19034488995869955 0.8652923167565181 0.17721464236577353
1 0.27887528030960645 0.27897409598032635 0.3067226595813536 0.23848915100097656 0.3181892380147417 0.22645308574040732 0.6744557282148513 0.2133228381474813 0.6924746626766569 0.20128677288691202 0.6965698480141326 0.2176995873451233 0.699845996284113 0.23848915100097656 0.7047602781775402 0.2603728969891866 0.713769745408443 0.28444502751032513 0.7424361617476852 0.31179972489674884 0.7588169625860441 0.3205532232920329 0.785845304790296 0.31836483875910443 0.8087784616570723 0.3052345911661784 0.8243402849163926 0.29101016124089557 0.8571018865931104 0.26912639538447064 0.8685684650264985 0.2581845323244731 0.8783969693248964 0.2669380307197571 0.896415903786702 0.28116246064503986 0.9103395934225755 0.3008578419685364 0.913615741692556 0.32164740562438965 0.9168918899625366 0.3391544024149577 0.923444245990954 0.37088584899902344 0.9226252089234588 0.38948702812194824 0.9127967046250609 0.39933474858601886 0.8726637098524306 0.4015231132507324 0.8120546694155093 0.41465338071187335 0.7768358970478496 0.421218474706014 0.7399790505451999 0.4255952437718709 0.7170458936784235 0.43106619517008465 0.6883794178507249 0.4409138758977254 0.330474853515625 0.4507615566253662 0.30917983027229534 0.4562325080235799 0.29689421477141203 0.45294992129007977 0.29689421477141203 0.4288777907689412 0.3026274742438779 0.403711477915446 0.2993513259738974 0.3676033020019531 0.29116089581048976 0.3413428068161011 0.28378956220303364 0.3150822917620341 0.2813323915120919 0.2921043435732524
1 0.14455254686738547 0.3347776730855306 0.1805903563025402 0.2942927082379659 0.20761869850679215 0.27897409598032635 0.23792324846948099 0.2614670793215434 0.25512308637533504 0.26803221305211383 0.2665896648087232 0.2953869104385376 0.2698658130787037 0.32821253935496014 0.275599132039626 0.3665091196695964 0.28378956220303364 0.4080882469813029 0.28460859927052873 0.43434874216715497 0.275599132039626 0.4540441036224365 0.2559421234428302 0.47045691808064777 0.23792324846948099 0.4846813678741455 0.21662816573769494 0.4967174530029297 0.19697115714089913 0.49890581766764325 0.1805903563025402 0.4945290486017863 0.1707618520041423 0.4846813678741455 0.16093337744997258 0.469362735748291 0.15274297703079312 0.4376312891642253 0.15929530331498234 0.41574756304423016 0.16011434038247746 0.3829219341278076 0.1486477619490893 0.36213235060373944
1 0.6072780319124634 0.2417717178662618 0.6236588327508223 0.2702205975850423 0.6384015594541911 0.28225664297739667 0.6539633827135112 0.29648109277089435 0.6629727904559576 0.3008578419685364 0.010229813425164474 0.3041404088338216 0.03398200735943591 0.31289390722910565 0.058553238361202485 0.32164740562438965 0.08967679564715826 0.33368349075317383 0.11097187837894432 0.33696603775024414 0.12817174602902656 0.34681371847788495 0.1388192576506914 0.3676033020019531 0.14946679901658444 0.3883928457895915 0.14782872488159418 0.41246497631073 0.14700968781409904 0.4234068791071574 0.12980982016401682 0.4409138758977254 0.1134289895814297 0.43981969356536865 0.10523858916225025 0.4266894261042277 0.10360051502725999 0.4026172955830892 0.09541008486385234 0.37745098272959393 0.08558161030968263 0.3588498036066691 0.0716578909295809 0.3479079008102417 0.05363898621200353 0.3479079008102417 0.03480104442693104 0.3566613992055257 0.02169639185855263 0.3785451650619507 0.665429901658443 0.421218474706014 0.6588776051184819 0.4441964228947957 0.6531442861575597 0.4595150550206502 0.6334873370492202 0.4660801887512207 0.6138303284524245 0.478116234143575 0.5990876017490558 0.47702205181121826 0.590078134518153 0.4551382859547933 0.5982685051931043 0.4223126570383708 0.6080970689799585 0.3916754325230916 0.6097351431149488 0.34681371847788495 0.6023637500190363 0.30304622650146484 0.5982685051931043 0.28444502751032513 0.6015447129515412 0.26584382851918537
1 0.590078134518153 0.41465338071187335 0.5769734819497746 0.4376312891642253 0.568783051786367 0.4540441036224365 0.5605926811114157 0.47373950481414795 0.22234508075676931 0.5098476807276408 0.22316411782426443 0.5372023979822794 0.23381165919015748 0.5689338048299154 0.2354497333251477 0.578781525293986 0.279677958051596 0.5919117530186971 0.3083444041350664 0.5853466192881266 0.3271823459201389 0.5754989385604858 0.3304584941901194 0.5459558963775635 0.32308713083843504 0.5032825469970703 0.6515062120225694 0.48905813694000244 0.6293921517117447 0.49562323093414307 0.6261159439533077 0.4846813678741455 0.5974494681256092 0.48577555020650226 0.5892590974506579 0.46717437108357746 0.5843448750456871 0.44966737429300946 0.590078134518153 0.4288777907689412
1 0.038896259508634866 0.3719800313313802 0.06101037930791606 0.3599439859390259 0.0716578909295809 0.36103816827138263 0.088038721512168 0.3872986634572347 0.09459104779635721 0.41137079397837323 0.10523858916225025 0.4463847875595093 0.11097187837894432 0.45294992129007977 0.12817174602902656 0.45294992129007977 0.1420954356649001 0.44966737429300946 0.15274297703079312 0.4726453224817912 0.15929530331498234 0.4901523192723592 0.5049142224049707 0.5054709513982137 0.5131046525683784 0.517506996790568 0.5008190370674951 0.5448617140452067 0.4762478060657286 0.5722163915634155 0.45904793841564634 0.5897233883539835 0.43693384836059335 0.6105129718780518 0.43201959621139435 0.6247373819351196 0.41563876562880725 0.6334908803304037 0.39188657169453583 0.6247373819351196 0.36977248163948284 0.6148897012074789 0.3542106881243908 0.5897233883539835 0.34847739890769674 0.570028026898702 0.33537274633931835 0.5196953614552816 0.6613347163209673 0.4879639546076457 0.6637918275234528 0.4595150550206502 0.010229813425164474 0.43106619517008465 0.024972569872761332 0.40480566024780273 0.02988682202196028 0.3883928457895915 0.03316297029194079 0.38073352972666424
1 0.5327616611651742 0.5251663128534952 0.5696185076678241 0.508753498395284 0.5851802714386879 0.5010941823323568 0.2764181691071211 0.478116234143575 0.29116089581048976 0.46498600641886395 0.30426554837886816 0.46717437108357746 0.3026274742438779 0.48686973253885907 0.6326846593072307 0.5207895835240682 0.654798779106512 0.5645570755004883 0.6703605428773757 0.5886292060216268 0.6728176540798612 0.6247373819351196 0.6466083489431043 0.6641281445821127 0.6089324653729593 0.7013305028279623 0.5892754567761636 0.71555495262146 0.5491424620035331 0.7494747638702393 0.5245712310017666 0.7647933959960938 0.5139236896358735 0.7702643871307373 0.49508574785080106 0.7790178457895914 0.4868953474316216 0.7702643871307373 0.462324116429855 0.7429096698760986 0.4344767074138797 0.6695990562438965 0.43775288542808843 0.635679284731547 0.4475813599822582 0.6116071542104086 0.4803430211474324 0.5842524369557699 0.5147427267033686 0.5514268080393473 0.5303044904742324 0.5361081759134928
1 0.3173702009472466 0.469362735748291 0.6736366911473562 0.46170341968536377 0.7096745005825109 0.4474790096282959 0.737521879854258 0.43981969356536865 0.8030452021846065 0.4321603775024414 0.8218831142254508 0.4255952437718709 0.8538257383231299 0.4255952437718709 0.8874064365557992 0.421218474706014 0.920168038232517 0.41793592770894367 0.929996542530915 0.42450106143951416 0.9259013571934394 0.4474790096282959 0.920168038232517 0.48358718554178876 0.913615741692556 0.5164128144582113 0.902968200326663 0.5634628931681315 0.9005110891241777 0.6159838835398356 0.9087015192875852 0.6685048739115397 0.9160728528950415 0.6860118707021078 0.9070633856641387 0.7035189469655355 0.881673117594877 0.7078956762949625 0.848092478850664 0.7035189469655355 0.8104165357920626 0.692577044169108 0.789121512548733 0.6827293237050375 0.7539027401810734 0.6597514152526855 0.7301505462468019 0.644432783126831 0.6965698480141326 0.6017594734827677 0.6769128989057931 0.5678396224975586 0.6564368532415021 0.5273546775182089 0.6490654601455896 0.508753498395284
1 0.23135453311555798 0.5962885220845541 0.2510115119681256 0.6017594734827677 0.2764017800373873 0.6028536558151245 0.2952397218224598 0.6039478381474813 0.3198109528242264 0.5984768867492676 0.33537274633931835 0.5941001574198405 0.35011547304268703 0.6094187498092651 0.35339165105689574 0.6302083333333334 0.34438218382599295 0.6553746461868286 0.3214490567034448 0.6783525943756104 0.29933493690416363 0.6947654088338217 0.264116164536504 0.705707311630249 0.24855438589352613 0.7133665879567465 0.23217357018305312 0.7111782232920328 0.21497370253297088 0.6947654088338217 0.2059642501741822 0.6860118707021078 0.20842137624878168 0.6608455975850424 0.22070699174966496 0.6323966979980469 0.22644028096635904 0.6137955188751221
1 0.0012039903544078328 0.6159838835398356 0.022499058446456582 0.6061362028121948 0.042975085520604896 0.6072303851445516 0.07655576888116015 0.6367734670639038 0.09375562909518534 0.6542804638544718 0.11259357831631488 0.6892944971720377 0.1117745338127627 0.7418154875437418 0.11095549674526757 0.8140318393707275 0.10931740773816323 0.842480738957723 0.09948891831187942 0.877494732538859 0.08556522123994884 0.8993785381317139 0.06590823495132417 0.9168855349222819 0.03478467394733987 0.9168855349222819 0.00448015465838635 0.9157913525899252 0.005299195908663566 0.8391981919606527 0.006937277944464432 0.7790178457895914 0.006937277944464432 0.7352503140767416 0.007756318729988083 0.6903886795043945 0.006118236694187216 0.6641281445821127 0.003661113640485916 0.6477153301239014
1 0.12815535695929275 0.6914828618367513 0.15682178817064907 0.688200314839681 0.1805739821049205 0.6860118707021078 0.20105001289709734 0.6936712265014648 0.21087850232338115 0.7089898586273193 0.22725931803385416 0.7254026730855306 0.21333562839798062 0.8282562891642252 0.18466918231451024 0.8348214626312256 0.1641931663944475 0.842480738957723 0.13225055716888248 0.8665529092152914 0.1199649416679992 0.8577993710835775 0.12324111224615086 0.816220204035441 0.12406014931364598 0.7669817606608073 0.12242206774259869 0.736344575881958
1 0.009394401230542516 0.93439253171285 0.05935590494910643 0.9300157229105631 0.09047946595309074 0.9322041670481364 0.1084983706706681 0.9770658016204834 0.10604124459606862 0.9967612425486246 0.044187266924227885 0.9986979166666666 0.0012039903544078328 0.9978554248809814 0.0009746588693957114 0.9883578618367513 0.0012039903544078328 0.9431459903717041
1 0.10522220752857349 0.9168855349222819 0.13143152010138737 0.8807772795359293 0.161736040319848 0.8621761004130045 0.20105001289709734 0.8501400947570801 0.21661179154007523 0.8523284594217936 0.22971644410845365 0.8807772795359293 0.23053549604806287 0.9114145437876383 0.22152604368927417 0.9672181606292725 0.21743082860757035 0.9923844337463379 0.17156452974613182 0.9978554248809814 0.13798384638557656 0.9945727984110514 0.12406014931364598 0.9945727984110514 0.11914590460050409 0.9628413518269857
1 0.23954493353473746 0.7352503140767416 0.27885892098410087 0.7188374996185303 0.3148967304192556 0.7068014939626058 0.34110603555601243 0.684917688369751 0.3599439773410849 0.6586571931838989 0.3714105557744731 0.6378676493962606 0.4090864393446181 0.6488095124562582 0.4205530177780062 0.6531862815221151 0.43120055914389926 0.6969537734985352 0.44430521171227766 0.736344575881958 0.46314315349735014 0.7790178457895914 0.4811620582149275 0.7954306602478027 0.4926286366483157 0.8709296385447184 0.5016380741349903 0.9409576257069906 0.5073713930959125 0.9814426104227701 0.5049142224049707 0.9967612425486246 0.4639621905648453 0.9923844337463379 0.4344767074138797 0.9869135220845541 0.4074483652096278 0.9748774369557699 0.37714384499116715 0.9683123429616293 0.3509345398544103 0.9617471694946289 0.33209656832510964 0.9551820755004883 0.29769686276917334 0.9322041670481364 0.2673923425507127 0.9004727204640707 0.24609727469104076 0.8654586474100748 0.22971644410845365 0.8271621068318685 0.23626877039264285 0.7691702047983805
1 0.5057332594724658 0.7921481132507324 0.5614280775044165 0.7691702047983805 0.613027650710435 0.736344575881958 0.6375988817122015 0.7035189469655355 0.6695415058098806 0.6608455975850424 0.6728176540798612 0.6761642297108968 0.6679034316748903 0.7122724056243896 0.6736366911473562 0.7494747638702393 0.6900175514741715 0.7724527517954508 0.7088554635150158 0.7998073895772299 0.7407980876126949 0.8457632859547933 0.7702835410194323 0.9048494497934977 0.7874834384137427 0.9365808963775635 0.7801120453178302 0.9628413518269857 0.74161712468019 0.9792541662851969 0.7113125747175012 0.9901960690816244 0.6810080842432688 0.9901960690816244 0.6400559929146868 0.9869135220845541 0.5638851887069019 0.9869135220845541 0.5475043878685428 0.9869135220845541 0.5262093051367568 0.9759716192881266 0.5229331568667763 0.951899528503418 0.527028342204252 0.9267331759134928 0.5090094672309028 0.8950017293294271 0.5032761482699805 0.8654586474100748 0.49836192586500977 0.8271621068318685 0.5016380741349903 0.8030900160471598
1 0.6965698480141326 0.6520920991897583 0.7154078195434332 0.6488095124562582 0.7358838057192678 0.6685048739115397 0.7629122074119761 0.684917688369751 0.7899405496162281 0.6947654088338217 0.8284354702538682 0.7122724056243896 0.8497305529856543 0.7188374996185303 0.8726637098524306 0.723214308420817 0.8890445106907895 0.7243084907531738 0.9119776675575658 0.7166491349538168 0.9283584683959247 0.7068014939626058 0.9431011950992934 0.7144607702891032 0.9471964399252254 0.7210259437561035 0.9471964399252254 0.7571341196695963 0.9439202321667886 0.781206210454305 0.9398250468293129 0.7998073895772299 0.913615741692556 0.8413865566253662 0.8800350434598867 0.8884366353352865 0.8669303908915083 0.9179797172546387 0.8562828495256153 0.9475227197011312 0.8464543452272173 0.9617471694946289 0.8366259004172758 0.9672181606292725 0.8202450400904605 0.9639356136322021 0.8046832763195967 0.9409576257069906 0.7948547720211988 0.9103203614552816 0.7678264298169469 0.8753063678741455 0.7350647686517726 0.8074667453765869 0.7129506488524915 0.7790178457895914 0.682646158378259 0.7385329405466715 0.6785509730407834 0.7188374996185303 0.6793700101082785 0.684917688369751 0.6916556256091618 0.6630339622497559
1 0.9750438191969725 0.7046131292978922 0.9938817907262731 0.7188374996185303 0.9980506822612085 0.7299763361612955 0.9963389019287585 0.7954306602478027 0.9955198648612634 0.8709296385447184 0.9955198648612634 0.9114145437876383 0.9930626941703217 0.93439253171285 0.982415212292885 0.9453343550364176 0.9553868106001766 0.9551820755004883 0.9381869726943226 0.9792541662851969 0.9267203942609344 0.9901960690816244 0.9152538158275463 0.9967612425486246 0.8775779322574013 0.9880077044169108 0.8620161684865375 0.9803484280904134 0.875120821054916 0.9486169815063477 0.8915016218932749 0.9201680819193522 0.8939587330957602 0.8971900939941406 0.9070633856641387 0.8873424530029297 0.9242632830584491 0.8435749212900797 0.9349108244243421 0.8282562891642252 0.9545677735326815 0.7921481132507324 0.9594820554261086 0.7549457550048828 0.9594820554261086 0.7275910377502441
1 0.9414631209643031 0.2997636596361796 0.9856913605628655 0.26365546385447186 0.9979769760637488 0.2603728969891866 0.9980506822612085 0.26169248421986896 0.9980506822612085 0.403711477915446 0.9783199674669529 0.40918242931365967 0.9496535511277108 0.41246497631073 0.9357298614918372 0.36103816827138263 0.940644083896808 0.3150822917620341
1 0.9455583657902351 0.43106619517008465 0.9938817907262731 0.42450106143951416 0.9971579389962536 0.5273546775182089 0.9980506822612085 0.5790368318557739 0.9980506822612085 0.7013305028279623 0.9668533890335648 0.692577044169108 0.9308155795984101 0.6871060530344645 0.9152538158275463 0.6575630108515421 0.9119776675575658 0.6094187498092651 0.9218061718559637 0.5525209903717041 0.9267203942609344 0.5021883646647135 0.9332727502893519 0.4660801887512207 0.9381869726943226 0.45185573895772296
