1 0.5672513795130462 0.27845682912058645 0.7096760870183556 0.28282221013849435 0.742310518431432 0.2981010536094765 0.8676021835179005 0.31883661839869115 0.8782083752085862 0.33411548168628247 0.8741290935034891 0.3723125507305195 0.8716814652229976 0.39959621677150975 0.7512849974400789 0.4116009997082995 0.734967752104824 0.429062523779931 0.7153871406629247 0.44325002695058846 0.7015175236081614 0.44434136725091317 0.6876478472959648 0.4367019455154221 0.6745940865822209 0.43233658431412336 0.6762258585216929 0.4246971625786323 0.6843844219318871 0.4192404214437906 0.572962373900182 0.49413947563666805 0.5566451878223604 0.4712212104301948 0.5509341341777912 0.4613991080940544 0.5566451878223604 0.4242933397169237 0.5582769005043993 0.2981010536094765
1 0.6897446123141687 0.24353378097732345 0.5060618576494236 0.2522645430131392 0.5419597144265776 0.25990396474863026 0.5525659061172633 0.2697260670847707 0.5493024214957525 0.40464913504464284 0.544407283449636 0.44175490342177354 0.5403280017445389 0.451577005757914 0.5256424690913228 0.43957218318790586 0.5093252830135012 0.43520682198660715 0.4921922405946602 0.3319327812690239 0.4832177615860134 0.3275674002511161 0.48403361792703276 0.3090145160625507 0.6856653306090716 0.27845682912058645 0.6872970432911104 0.26426934576653816 0.6881128996321298 0.2555385837307224
1 0.47913847988091623 0.3373895025872565 0.4979032349817961 0.3428462437220982 0.49871909132281556 0.35812508719308034 0.5060618576494236 0.4712212104301948 0.5117728520365594 0.48540871360085225 0.49871909132281556 0.3952308159369927 0.4807701925629551 0.397413496537642 0.47179571355430827 0.39959621677150975 0.4750591389183859 0.3723125507305195 0.47587499525940535 0.3537596863585633
1 0.7726115698953276 0.30941831910765016 0.7913763842536408 0.30505291827313313 0.5117728520365594 0.4995962167715097 0.5174839056811287 0.49413947563666805 0.6272741817733617 0.41050965940797485 0.6444072834496359 0.429062523779931 0.635432804440989 0.4367019455154221 0.6240107564092839 0.4421586866502638 0.6052460013084041 0.4563461898209213 0.7962715222997573 0.36725963245738635 0.7889287559731493 0.37380771389255274 0.7734274262363471 0.3727163735922281 0.7644529472277003 0.36835097275771106 0.7685322881902306 0.33888462611607145
0 0.5044301449673847 0.4483029452237216 0.5117728520365594 0.44612026462307225 0.5248266127503034 0.4537596863585633 0.5378803734640474 0.46358178869470373 0.5509341341777912 0.4821346530666599 0.6737782302412014 0.4116009997082995 0.6737782302412014 0.4181490811434659 0.6639879541489685 0.4236058222783076 0.6664355231720267 0.4345192649147727 0.68030514022679 0.4465240478515625 0.6900954755764563 0.45852887042157064 0.6941747572815534 0.4661682921570617 0.6762258585216929 0.45743753012124594 0.6656196668310073 0.4465240478515625 0.6582769005043992 0.4377932858157468 0.651750049776244 0.4301538640802557 0.6460389961316747 0.41705774084314123 0.6370645171230279 0.4050529182731331 0.5280900973718143 0.49304813533634334 0.5166680493401092 0.4777692918653612 0.5101411393545207 0.4657644692953531
0 0.28251612394758796 0.7844373826856738 0.2963857410023513 0.7866200632863231 0.4094395017160953 0.7269998921976462 0.4110712143981341 0.7641056209415584 0.313518813049909 0.921946973924513 0.31596638207296723 0.9437738591974432 0.3029126213592233 0.9590527026684253 0.3865954056526851 0.8525046608664772 0.37680509993173544 0.8274036754261364 0.3661989082410498 0.8175816127232143 0.3409072431545813 0.8143075125558036 0.31969485977320994 0.8143075125558036 0.31969485977320994 0.8012114289519074 0.23030105146389562 0.9673796418425324 0.2400913868135619 0.9466440968699269 0.2596720278841778 0.923725871296672 0.27435750127996056 0.90844702782569
0 0.3029126213592233 0.6713412990817776 0.3143346693909284 0.6702498795150162 0.32902014278671116 0.6866200632863231 0.3486008134860437 0.6986248858563312 0.4608387178587682 0.7062643472250406 0.46654971224590414 0.7280912324979708 0.4681814545566596 0.755374898538961 0.4657338559048847 0.7728364226105925 0.4649179995638653 0.7979373287844967 0.3641021432228459 0.9197642933238637 0.3461532148342688 0.9197642933238637 0.3396263344773968 0.921946973924513 0.3298359991277306 0.9143075125558036 0.43146774143848604 0.790297946682224 0.43146774143848604 0.7684710614092938 0.4257567174226335 0.7619229403409091 0.4192298370657615 0.7510094580712257 0.4184139807247421 0.7291825727982955 0.41025535805711466 0.7073556875253653 0.30454433404126213 0.6888028231534091
0 0.4885779519682949 0.7455527565696023 0.47878764624734527 0.7542835582386364 0.4763400475955704 0.7651969612418831 0.4722607362617567 0.7804758047128653 0.47062902357971786 0.7924806272828734 0.36981316723869845 0.9132161722554789 0.36328628688182646 0.9459565397980926 0.35839111920699335 0.9656008237368101 0.3534959515321602 0.995067091112013 0.4534959515321602 0.8103459345829951 0.4567594065249545 0.823442097453328 0.4616545741997876 0.832172899122362 0.46736559821564017 0.83872094092431 0.4722607362617567 0.8212594168526786 0.375524191254551 0.9863363687094155 0.3804193589293841 0.96014404296875 0.38613038294523666 0.9426825188971185 0.38613038294523666 0.9153988528561282 0.4951048323251669 0.7662883015422078
0 0.05127681991429005 0.9863363687094155 0.09125398061807873 0.9514133205661526 0.12959941382547027 0.8274036754261364 0.14102146185717537 0.8197642933238637 0.16794485444004095 0.8263123351258117 0.19323651952650941 0.8350431367948458 0.11118544791508647 0.9448651994977678 0.1250550649698498 0.953596001166802 0.1315819601410801 0.9699661849381087 0.13321367282311894 0.9917930702110389 0.33239781648209954 0.7081632539823458 0.31934405576835556 0.7223507571530032 0.30792200773665046 0.7158027153510552 0.2932365343408677 0.8070719136820211 0.2809986299681432 0.8059805733816964 0.2736558636415352 0.8059805733816964 0.2614179592688107 0.8027065524807224 0.1426531745392142 0.8907017299107143 0.12959941382547027 0.895067091112013 0.2189932221347846 0.8016152121803978 0.21083462909587378 0.8114372748833198 0.09451742079651472 0.8485430828936689 0.08962225312168158 0.8616391664975649 0.07983193258637364 0.873643989067573 0.06677816446545054 0.8911055131392045 0.05861956401936059 0.89547095360694 0.040670635630783526 0.8943795340401786 0.01637635647671894 0.8974025974025974 0.005588643064776671 0.8856488116375811 0.02108998900478326 0.8660046069653003 0.03577547536312955 0.8398122812246347 0.04964509982507206 0.8114372748833198
0 0.025169291079623027 0.6975335455560064 0.04801337973585407 0.6637018377130682 0.06677816446545054 0.6615191571124188 0.08880639678066217 0.6855287229859984 0.11409806927430977 0.705173006924716 0.13367871034492568 0.7248172115969967 0.1426531745392142 0.7335479339995942 0.1540752225709193 0.7400960550679789 0.16712898328466322 0.7400960550679789 0.21934404095399726 0.614995069627638 0.24300399335842687 0.6062643472250406 0.2519784575527154 0.618269090528612 0.24953088852965716 0.6455527565696023 0.2323978164820995 0.6793844644125406 0.11526474443454186 0.9186729530235389 0.11036959157406705 0.9328604561941964 0.19242066318548998 0.8295863560267858 0.16468139944724666 0.8197642933238637 0.1499959260514639 0.8153988528561282 0.13694215052336164 0.8121248319551542 0.12388838980961772 0.8012114289519074 0.12225666972039972 0.7881152660815747 0.11409806927430977 0.7706537420099432 0.0961491408857327 0.7531922179383117 0.08064779633457221 0.7357306938666802 0.06514644437623256 0.7215431906960227 0.052092679958899046 0.7226345309963474 0.033327895229302566 0.7313652533989448 0.02108998900478326 0.714995069627638
0 0.04882923978046306 0.6047691840630073 0.07248918848130309 0.6047691840630073 0.10267602124260468 0.6113172654981737 0.11572978936352776 0.6145912863991477 0.11817736579376517 0.6255047290356128 0.11817736579376517 0.6342355307046469 0.09941258106416868 0.6386008919059456 0.08391123651300819 0.6396922322062703 0.06922574830286711 0.6287787895698052 0.05861956401936059 0.6233220484349635
0 0.07983193258637364 0.6538797353769278 0.09941258106416868 0.6473316539417614 0.12144080597220115 0.648422994242086 0.1459166147176502 0.6386008919059456 0.17120829461847695 0.6353268710049715 0.18507791167324028 0.6462403136414366 0.4030268400618174 0.6647931780133929 0.42668679246624697 0.6855287229859984 0.4364770981871966 0.6931681843547078 0.23402952916413836 0.6018989067573052 0.19568410336392597 0.7139037293273133 0.17936688765738773 0.7237258712966721 0.16386554310622725 0.7291825727982955 0.1548910789119387 0.7269998921976462 0.13612629418234223 0.7160864099279627 0.10920290159947664 0.6898941634537338 0.0961491408857327 0.6724326393821023
0 0.03694215052336165 0.35812508719308034 0.07936688765738774 0.3843173733005276 0.28670962435527914 0.42797118347960633 0.2964999597049454 0.4781730750938515 0.3038426964028368 0.4109134426364651 0.312817145782767 0.434923048143263 0.32097576845039444 0.4534759521484375 0.326686792466247 0.46657207538555195 0.344635720854824 0.4796682382558847 0.3764542662981644 0.4894903405920252 0.4837970029960558 0.6222307081346388 0.4837970029960558 0.6495143345424107 0.47971772129095874 0.6986248858563312 0.26911152960027307 0.6029903263240666 0.4544260562044903 0.6942595246550325 0.43729295452821604 0.6822547020850244 0.4177123430863168 0.6637018377130682 0.4095537204186893 0.6582450965782265 0.19649995970494538 0.648422994242086 0.18834135185167628 0.6320528104707792 0.19323651952650941 0.6233220484349635 0.19568410336392597 0.6134999460988231 0.2964999597049454 0.5982211026278409 0.28834133703731796 0.5818509188565341 0.2761034326645935 0.5447451901126218 0.2744717199825546 0.507639421735491 0.2736558636415352 0.4814471356280438 0.2687607255954187 0.4748990541928774 0.25489107891193874 0.4639856115564123 0.2393897343607782 0.4519807889864042 0.23612629418234224 0.4246971625786323 0.03531043784132282 0.3952308159369927 0.033678710344925665 0.3788606321656859
1 0.005588643064776671 0.002346393040248326 0.04882923978046306 0.002346393040248326 0.004772783020167675 0.03072137956495409
1 0.012115525736392123 0.04381752509575385 0.01945826891556527 0.06346174958464387 0.03577547536312955 0.08092327861042765 0.05780370397475159 0.08528866458248782 0.09288570070729672 0.06782713060255174 0.20593946142104066 0.0558223278491528 0.21165048543689322 0.04927425632229099 0.2189932221347846 0.042726179841276885 0.21328219811893204 0.008894467044186283 0.21165048543689322 0.0034377386043598127 0.0863588129432456 0.0034377386043598127 0.06677816446545054 0.0034377386043598127 0.0569878439301426 0.007803121170440278 0.03985477558617453 0.01653388630260121 0.02435343103501403 0.0252646508154931 0.017826548826347276 0.03072137956495409
1 0.21817736579376518 0.004529084478105817 0.2230725334685983 0.033995415328384994 0.22552011730601487 0.0525482920857219 0.23775802167873938 0.059096363612583705 0.25244348026016383 0.059096363612583705 0.2589703902457524 0.059096363612583705 0.26386552829186893 0.059096363612583705 0.2736558636415352 0.054730982594675834 0.28344619899120144 0.046000220558860085 0.27936688765738776 0.027447343801523184 0.28670962435527914 0.006711775915963309 0.25570696488167477 0.0034377386043598127 0.2418373181981948 0.0034377386043598127
1 0.7599086131864381 0.1376732467056869 0.7827527092498483 0.13658190640536222 0.600701667267142 0.039855947122945413 0.6096760870183556 0.04640401864980723 0.617834709685983 0.052952090176669034 0.6227298477320995 0.056226130894252234 0.6537325664631372 0.06713958343902192 0.6684180398589199 0.07259630475725447 0.687182854217233 0.07587034547483766 0.6986049022489381 0.08241842691000406 0.8059476093181128 0.2053366722998681 0.8108428066216626 0.2457164615779728 0.8157379446677792 0.27518280821961244 0.8149220883267597 0.2959183730088271 0.8945255612864078 0.3101058563628754 0.8822876569136833 0.3133798970804586 0.8692338961999393 0.30355779474431815 0.7537325664631371 0.2915529919909192 0.7317043267407464 0.28609625085607754 0.5917271882584951 0.268634726784446 0.5786734275447513 0.268634726784446 0.572962373900182 0.268634726784446 0.5664355231720267 0.24789916199523132 0.5607244695274575 0.2184328351702009 0.7493024214957524 0.18460110751065342 0.7476707088137136 0.1704136241566051 0.7493024214957524 0.15295209017666903
1 0.5191156183631674 0.19729346733588676 0.7476707088137136 0.10493287916307326 0.7509341341777913 0.12130306293438008 0.7501182778367719 0.1300338348785004 0.7411438580855583 0.13221652538745435 0.7182997620221481 0.12457710365196327 0.7182997620221481 0.11475499140751827
1 0.5513991865139564 0.0034377386043598127 0.5358978567771542 0.008894467044186283 0.5456881921268204 0.033995415328384994 0.562005378204642 0.06455309483912083 0.5660846599097391 0.0863800048828125 0.6791384798809162 0.10820691988065645 0.6881128996321298 0.11038961038961038 0.6979032349817961 0.11038961038961038 0.7085094266724818 0.10493287916307326 0.5142204210596177 0.18856268548346186 0.5158521929990898 0.1732838618290889 0.518299762022148 0.1525482970398742 0.5264583254323423 0.12417331051516843 0.5286888344773969 0.1012987012987013 0.5019825166868932 0.10234639551732447 0.5791384798809163 0.004529084478105817 0.5644529472277002 0.004529084478105817
1 0.5419597144265776 0.10671177653523234 0.5338010917589503 0.1350867630599381 0.5305376663948725 0.15582232784915281 0.5280900973718143 0.1754665622463474 0.5272741817733616 0.18419732428216315 0.5411438580855582 0.1929280863179789 0.7623561822094964 0.10384153886274858 0.7794892838857707 0.10384153886274858 0.586016134613926 0.1863800048828125 0.5786734275447513 0.15363963734019886 0.5786734275447513 0.13181272234235492 0.572962373900182 0.11435119827072342 0.5648038104899878 0.10671177653523234 0.5469984332334648 0.1012987012987013
1 0.5819368529088289 0.10562042632660308 0.5852002782729065 0.12308196030653916 0.5876478472959648 0.14163483458679993 0.5974381826456311 0.14381752509575385 0.7145712843219053 0.04054348933232295 0.7259933323536104 0.03508676305993811 0.7431263747724515 0.0252646508154931 0.7561801354861953 0.017625231557078177 0.7684180398589199 0.008894467044186283 0.7757608061855279 0.004529084478105817 0.7529167101221177 0.0034377386043598127 0.7341518957638046 0.005620430042217304 0.706412661654278 0.005620430042217304 0.593358900940534 0.1045290860262784
1 0.593358900940534 0.15582232784915281 0.7186505660270024 0.04927425632229099 0.7325201830817658 0.042726179841276885 0.7537325664631371 0.03072137956495409 0.772497321564017 0.01544254104812424 0.7945255612864077 0.002346393040248326 0.7997470892748786 0.0012987012987012987 0.8353186153671116 0.10562042632660308 0.8524516577859527 0.10889446704418629 0.8532675141269721 0.12635599111581777 0.8442930351183252 0.13072138204203024 0.8320551307456008 0.11435119827072342 0.8059476093181128 0.12417331051516843 0.7953414176274272 0.04381752509575385 0.779840087890625 0.06346174958464387 0.7708656088819782 0.06891847585702872 0.7537325664631371 0.07655789759251978 0.7374153803853155 0.08419731437385856 0.725177476012591 0.0896540456003957 0.7121236560414138 0.0896540456003957 0.5982540389866505 0.1831059641652293 0.5900954755764564 0.16673578039392248
1 0.593358900940534 0.19620210721895293 0.6088602306773362 0.0027501886541193184 0.6268091886946299 0.0027501886541193184 0.7398629494083738 0.09620211712725751 0.7537325664631371 0.08747135509144176 0.7692338961999393 0.08201462386490463 0.7643387581538228 0.0929280764096743 0.6618911891307646 0.0027501886541193184 0.6406788057493932 0.014754991407518262 0.6259933323536104 0.022394413143009335 0.6121236560414138 0.028942484669871146 0.7892796192354369 0.1300338348785004 0.7754099429232403 0.1300338348785004 0.7656196668310072 0.1267597941609172 0.7672513795130461 0.11912037242542614 0.7835685655908677 0.11148096059823966
1 0.35186423885012136 0.002346393040248326 0.3412580471594357 0.008894467044186283 0.3298359991277306 0.03072137956495409 0.32086154974780035 0.062370404330166905 0.31678223841398667 0.07874058810147372 0.5241250047405946 0.3136636511071936 0.5298359991277306 0.34640399883319806 0.5347311371738471 0.38241842691000405 0.4420739035004551 0.20206265139889407 0.4608387178587682 0.21406745415229303 0.48613038294523664 0.22716359720601664 0.4918414069610892 0.23589435924183239 0.607342766326608 0.2500818425958807 0.6146854733957827 0.2544472236137886 0.6269233777685073 0.2457164615779728 0.6375295694591929 0.22279821618810877 0.6407929948232707 0.1922405292461445 0.6473199048088593 0.16168285221248477 0.6579260964995449 0.1267597941609172 0.6587419528405644 0.11584634161614753 0.5530308991959951 0.0798319333559507 0.5481357611498786 0.059096363612583705 0.5350820004361347 0.03072137956495409 0.531818575072057 0.01544254104812424 0.5293785317430219 0.0012987012987012987 0.5065269099855886 0.004529084478105817 0.3926572633021086 0.0034377386043598127 0.3738924785725121 0.0034377386043598127 0.36328628688182646 0.0034377386043598127
1 0.6930080969356797 0.12348575344333401 0.7297218100538532 0.14858670915876115 0.7395120861460862 0.17914438619242087 0.544407283449636 0.20642803241680194 0.5533817624582827 0.24680782169490664 0.5582769005043993 0.2620866453492796 0.5297218100538531 0.24353378097732345 0.6954556659587379 0.2348030189415077 0.6783225642824636 0.21952417547052558 0.6644529472277002 0.19660591026405236 0.662005378204642 0.17259630475725446 0.6701640008722695 0.1573174711945769 0.6791384798809162 0.14858670915876115 0.6881128996321298 0.13439921589640827
0 0.6522150428549758 0.19551456996372768 0.6701640008722695 0.22061551577085026 0.6791384798809162 0.2457164615779728 0.6783225642824636 0.2871876109730114 0.47097985721328883 0.3493942855240463 0.7611895218636225 0.31269234000862417 0.7522150428549758 0.3694423130580357 0.7424247075053094 0.3989086596996753 0.5301868031325849 0.5120047829367897 0.5179488987598604 0.5120047829367897 0.7163171860778216 0.37380771389255274 0.7236599524044296 0.3432500269505885 0.7358978567771541 0.33342792461444803 0.7383454258002123 0.3181490811434659 0.43671371311817353 0.39195679503601866 0.43426614409511527 0.3679471895292208 0.44731990480885925 0.36358178869470376 0.4587419528405643 0.3439375840224229 0.46037366552260317 0.31228855678013395 0.6522150428549758 0.2795481892375203 0.6440564794447815 0.25990396474863026 0.6424247075053094 0.2500818425958807 0.6456881921268204 0.22279821618810877 0.6465040484678398 0.2086107130174513
1 0.2964999597049454 0.004529084478105817 0.2924206779998483 0.019807923304570187 0.2899730793480734 0.037269453568892046 0.28344619899120144 0.05800501835810674 0.2663131269436438 0.07110116636598265 0.24510075837663076 0.07437520708356585 0.21165048543689322 0.07110116636598265 0.2075711741030795 0.0896540456003957 0.2075711741030795 0.09511076691862824 0.12470424615063713 0.11584634161614753 0.19649995970494538 0.13112517517882508 0.3120012894417476 0.13221652538745435 0.31608060077556127 0.11257230089856432 0.12097576845039441 0.08092327861042765 0.12342335228781098 0.05800501835810674 0.13076608898570236 0.026355996069970068 0.1389246968389715 0.014351194555109198 0.14300399335842687 0.004529084478105817 0.11885453011225729 0.0012987012987012987 0.10710613658127276 0.0034377386043598127
1 0.3813494339729976 0.13658190640536222 0.3895080270119084 0.13439921589640827 0.39358733834572207 0.15295209017666903 0.39521905102776095 0.17696168577516233 0.38869217067088896 0.1922405292461445 0.2731908409340868 0.3086107130174513 0.2634005055844205 0.3118847537350345 0.3601370505916262 0.1911491889458198 0.3634005055844205 0.17587034547483765 0.36829567325925366 0.15840882140320617
1 0.3192298370657615 0.014351194555109198 0.30536019038228157 0.021990615052062196 0.4947540283203125 0.033995415328384994 0.49312228600955704 0.046000220558860085 0.4996491959951456 0.06455309483912083 0.30862364537507586 0.06673578534807478 0.31759809475500606 0.04381752509575385 0.32004569340678096 0.032904070073908026
1 0.3029126213592233 0.08419731437385856 0.28088438163683255 0.10275018865411932 0.268646477264108 0.11475499140751827 0.25477686020934465 0.13112517517882508 0.24580241082941445 0.15840882140320617 0.24335481217763957 0.18023572649274552 0.2588561715431584 0.1889664885285613 0.2849636929706462 0.19551456996372768 0.3947540283203125 0.20097129128196023 0.4029126213592233 0.2053366722998681 0.4159663820729672 0.2086107130174513 0.4224932624298392 0.20751937271712662 0.5322835681507888 0.3987886106813109 0.5241250047405946 0.37150498427353895 0.5184140103534587 0.3507693996677151 0.5143346693909284 0.323485753443334 0.5094394720873786 0.30056750805347
1 0.424124975111878 0.22279821618810877 0.4412580471594357 0.21625013475294236 0.4526800951911408 0.22607225690569197 0.4681814545566596 0.23589435924183239 0.48286692795244235 0.25662992403104706 0.48939380830931434 0.27081742720170454 0.47389247857251215 0.2904616318739854 0.47062902357971786 0.10246643462738433 0.46328628688182644 0.10137509432705966 0.4486008134860437 0.2926443322912439 0.43799462179535803 0.28500491055575283 0.4298359991277306 0.26099530504895496 0.42820428644569175 0.24680782169490664 0.42494086108161405 0.23371165882457387
1 0.49755243097694174 0.268634726784446 0.6122379043727245 0.27409144810267855 0.6269233777685073 0.27845682912058645 0.6334502877540958 0.2915529919909192 0.4407929948232706 0.30792317576222605 0.4424247075053095 0.32538469983385754 0.4432406231037621 0.3373895025872565 0.4432406231037621 0.35157700575791395 0.43181857507205706 0.35921642749340504 0.42039652704035196 0.35812508719308034 0.40897447900864686 0.3504856654575893 0.48613038294523664 0.14175490342177355 0.4796035025883647 0.13848084288758117 0.47797176027760924 0.13302410175273946 0.47389247857251215 0.11883661839869115 0.4771559039365898 0.10901451606255073 0.4869462392862561 0.2926443322912439 0.4951048323251669 0.2839135702554282
0 0.8238965673354065 0.12635599111581777 0.8108428066216626 0.13617811326856738 0.800236614930977 0.15363963734019886 0.7937097049453884 0.06891847585702872 0.7814718005726639 0.08092327861042765 0.7765766625265473 0.09074538590072037 0.674129093503489 0.0016588483537946428 0.6659704708358617 0.013663651107193588 0.6472056564775486 0.02348575344333401 0.6317043267407464 0.030033834878500407 0.6276250450356493 0.03330786568777902 0.6292567577176881 0.04312997793222403 0.6357836084458435 0.0474953589501319 0.6439422311134708 0.0507693996677151 0.6586277045092537 0.0540434403852983 0.6863669978762136 0.06386554272143871 0.800236614930977 0.06932228385628043 0.8067634656591323 0.05950016170353085 0.8141062319857403 0.03767324670568689 0.8263441363584648 0.0169376819164722 0.8328709870866201 0.0027501886541193184 0.8320551307456008 0.18528866458248783 0.8328709870866201 0.15582232784915281 0.8336868434276395 0.14709156581333704 0.8320551307456008 0.13399541285130884
1 0.8655054184996966 0.10998580734451095 0.8622419931356189 0.1219906100979099 0.8434771787773059 0.15036559662261567 0.8434771787773059 0.18419732428216315 0.8459248070577974 0.009298260180981129 0.8532675141269721 0.015846341616147525 0.8687688438637743 0.006024229371702516 0.8834543765169903 0.1863800048828125 0.8965081372307342 0.17764924284699676 0.9005874189358313 0.06346174958464387 0.8924287962682039 0.13072138204203024 0.8989557062537925 0.1154425385710481 0.899771562594812 0.10998580734451095 0.8916129399271845 0.10343773581764915 0.873664041167324 0.1045290860262784
1 0.9087460416034587 0.006711775915963309 0.9022191316178702 0.03181272481943106 0.9128253233085558 0.06127905907568994 0.9217998023172027 0.07219251162045962 0.9381169883950242 0.062370404330166905 0.9495390364267293 0.054730982594675834 0.9846210368628641 0.054730982594675834 0.9927796595304915 0.054730982594675834 0.9941747572815534 0.04859352607231635 0.9941747572815534 0.004529084478105817 0.9797258988167475 0.0034377386043598127 0.9625927971404733 0.0034377386043598127 0.9470914674036711 0.004529084478105817 0.9299583657273969 0.004529084478105817 0.9193522332941444 0.004529084478105817
1 0.8377661843901699 0.021303062934380074 0.8247124236764259 0.04312997793222403 0.8157379446677792 0.0682309237393466 0.8165538010087986 0.08787514822823661 0.8198172263728762 0.21297609403535916 0.8271599926994843 0.2620866453492796 0.8320551307456008 0.28173086983816964 0.8402137534132281 0.2871876109730114 0.8655054184996966 0.2839135702554282 0.8720323284852852 0.2795481892375203 0.8761116101903823 0.26099530504895496 0.8695847002047937 0.08023572649274553 0.8646895621586772 0.049678049459085834 0.8532675141269721 0.03330786568777902
1 0.9087460416034587 0.07874058810147372 0.9152728923316141 0.09729346733588677 0.9152728923316141 0.22457711356026785 0.9136411796495753 0.24203863763189934 0.8875336582220874 0.04531266844117796 0.8704006158032463 0.04312997793222403 0.8581627114305218 0.02457710365196327 0.87937503555446 0.006024229371702516 0.8916129399271845 0.1918367460176542
1 0.922615658658222 0.08528866458248782 0.9438280420395935 0.07000982111150568 0.9634086534814927 0.06782713060255174 0.9821734678398059 0.06455309483912083 0.9919638031894721 0.07655789759251978 0.9870686058859224 0.2136636511071936 0.9878844622269417 0.2278511344612419 0.9895161749089806 0.2442213182325487 0.9895161749089806 0.25186073996803976 0.9699355634670813 0.25840882140320615 0.9364852757129855 0.2616828423041802 0.9258790840222998 0.24858671906706575 0.9209839459761833 0.2278511344612419 0.9217998023172027 0.2027501886541193
1 0.8801908918954794 0.05840882140320617 0.9054825569819478 0.25295208026836447 0.9144570359905947 0.25295208026836447 0.9258790840222998 0.25950016170353085 0.9381169883950242 0.27696168577516234 0.9479073237446906 0.29878861068131085 0.9650403661635315 0.12498089678875812 0.9748307015131978 0.14135108056006493 0.9813576114987864 0.1555385837307224 0.9854368932038835 0.16536068606686283 0.8895161749089806 0.4024664544439935 0.89033203125 0.43848084288758116 0.8895161749089806 0.454851026658888 0.8797258988167476 0.45703370725953735 0.860145228117415 0.4624904483943791 0.8381169883950242 0.454851026658888 0.811193610626517 0.4406635234882305 0.9941747572815534 0.3275674002511161 0.9826385201759709 0.30355779474431815 0.8777433228724211 0.2904616318739854 0.8810067482364988 0.27190876750202925 0.8842702328580098 0.2457164615779728 0.87937503555446 0.22279821618810877 0.8777433228724211 0.20206265139889407 0.8752957538493629 0.08023572649274553 0.8744798975083434 0.06713958343902192
1 0.94872318008571 0.26932228385628043 0.9617769407994539 0.2671395834390219 0.977278270536256 0.26932228385628043 0.9862527495449029 0.26604824313869724 0.9941747572815534 0.2638655427214387 0.9941747572815534 0.29987995098163556 0.9941747572815534 0.10125504530869521 0.9941747572815534 0.15226454301313921 0.9941747572815534 0.16208664534927963 0.9789099832182949 0.13371165882457386 0.9609610844584344 0.10424533199954343 0.9519866054497876 0.2867838079279119
1 0.8904462795813107 0.32975008085176544 0.9149220883267597 0.3068318156452922 0.8304234180635619 0.2991924137264103 0.9540833704679915 0.3024664346273843 0.9671371311817354 0.30137509432705967 0.9704006158032463 0.3275674002511161 0.9752957538493628 0.3428462437220982 0.9744798975083434 0.36358178869470376 0.9581627114305219 0.3886827345018263 0.9434771787773059 0.40287023767248376 0.9165538010087986 0.4246971625786323 0.9067634656591322 0.4301538640802557 0.7888145668992719 0.41378368030894885 0.779840087890625 0.4072356385070008 0.8822876569136833 0.3832260330002029 0.8863669978762136 0.354851026658888 0.887182854217233 0.34502892432274757
1 0.9891653709041263 0.3613991080940544 0.8030349879588896 0.45703370725953735 0.8136411796495753 0.45812508719308037 0.828326653045358 0.46358178869470373 0.8438280420395935 0.46794718952922076 0.852802461790807 0.4723125507305195 0.8683038507850425 0.4952308159369927 0.6699355634670813 0.3192404214437906 0.6756465578542172 0.3367019455154221 0.6772782705362561 0.3661682921570617 0.9748307015131978 0.5065480814351664 0.973198988831159 0.5207355846058238 0.9666720788455704 0.534923048143263 0.9519866054497876 0.5327403675426137 0.9495390364267293 0.5163701837713068 0.941380413759102 0.5098221023361404 0.928326653045358 0.507639421735491 0.9160887486726335 0.5163701837713068 0.8989557062537925 0.7240096451400162 0.8728481848263047 0.7360143884435877 0.8679529875227548 0.7447451901126217 0.8548992268090109 0.7480192110135958 0.8410296097542476 0.7152788434709821 0.9279758490405037 0.4923605782645089 0.9214489390549151 0.48035579532771916 0.9181855136908373 0.46835097275771104 0.9141062319857403 0.4410673463499391 0.9132903756447208 0.4377932858157468 0.9377661843901699 0.42033176174411524 0.9606102804535801 0.4072356385070008 0.9728481848263046 0.39959621677150975 0.9777433228724212 0.38104331276633524 0.9801908918954794 0.3723125507305195
1 0.7047809489722391 0.46507695185673703 0.7235457040731189 0.44761542778510555 0.7406788057493932 0.43342792461444807 0.7676021835179004 0.4116009997082995 0.7806559442316444 0.41705774084314123 0.7986049022489381 0.4356106052150974 0.9067634656591322 0.44979810838575485 0.9067634656591322 0.4705336533583604 0.9026841839540352 0.48035579532771916 0.7814718005726639 0.4890865573635349 0.7700497525409588 0.4890865573635349 0.7569959918272148 0.4869038371296672 0.7455739437955097 0.49017789766385955 0.7333360394227852 0.5010913403003247 0.7259933323536104 0.5065480814351664 0.7170188533449636 0.5109134426364651 0.710491943359375 0.5098221023361404 0.7055968053132585 0.49126923796418426 0.7039650926312196 0.4770817347935268
1 0.7357836084458435 0.5120047829367897 0.7512849974400789 0.5054567411348417 0.7888145668992719 0.496725979099026 0.9010524712719964 0.49454325886515826 0.9165538010087986 0.49781731939935064 0.8296075617225425 0.7141875031706575 0.8434771787773059 0.7403797496448864 0.8451088914593446 0.7622067141842532 0.8459248070577974 0.7774855576552354 0.8467406633988167 0.7916730608258928 0.7328709870866201 0.8058604847301136 0.7100269502806432 0.8200480671672078 0.7075793220001517 0.8604278168120941 0.7879987105582524 0.6909855037540584 0.7684180398589199 0.7084470278256899 0.7504691410990595 0.7248172115969967 0.7374153803853155 0.7226345309963474 0.7243615604141384 0.7193605100953734 0.706412661654278 0.6702498795150162 0.7023333799491809 0.640783572506595 0.6900954755764563 0.7014951235288149 0.6900954755764563 0.5796682382558848 0.6990698953276699 0.5556586327490869 0.7113077997003944 0.5381971086774554 0.7170188533449636 0.5272836264077719 0.7259933323536104 0.5163701837713068
1 0.005588643064776671 0.1184328351702009 0.020274128960174265 0.10751937271712662 0.04311821946820009 0.10315399169921875 0.06025128410857858 0.1053366722998681 0.07575262865973907 0.10315399169921875 0.10267602124260468 0.2522645430131392 0.11001876534767521 0.2730001078023539 0.12796768632907313 0.2795481892375203 0.1426531745392142 0.2904616318739854 0.04673248587302791 0.30137509432705967 0.021440805972201153 0.3090145160625507 0.08962225312168158 0.23520682198660714 0.07493677231871966 0.24612026462307224 0.06514644437623256 0.25375968635856333 0.0569878439301426 0.25812508719308036 0.03985477558617453 0.24612026462307224 0.03414375527391156 0.23411548168628246 0.027616871213450016 0.22429335953353288 0.013747246751507508 0.21447123738078328 0.0072203640798920565 0.2101058563628754 0.002912621359223301 0.1630470374961952 0.004772783020167675 0.13371165882457386
1 0.0072203640798920565 0.0863800048828125 0.021905849049392256 0.08310596911938159 0.04882923978046306 0.0929280764096743 0.04474993955741808 0.4202117127257508 0.052092679958899046 0.45186073996803977 0.06514644437623256 0.46932230367288963 0.05943542406396959 0.4824184269100041 0.03169617514008457 0.4933318695464692 0.014563106796116505 0.10097129128196022 0.005588643064776671 0.10315399169921875 0.003956922512609982 0.474779005174513 0.004772783020167675 0.46277418260450487 0.006404503572334364 0.45186073996803977 0.006404503572334364 0.4223944329596185 0.005588643064776671 0.4136636312905844
1 0.005588643064776671 0.22975008085176543 0.01701068692994349 0.23302410175273944 0.03414375527391156 0.254851026658888 0.04719751969124507 0.26467312899502843 0.06351472428701456 0.2701298701298701 0.08962225312168158 0.25375968635856333 0.007571181510258647 0.3362981622869318 0.026335973647034282 0.3242933595335329 0.04183731819819478 0.31447123738078325 0.05652280640833586 0.3210193188159497 0.05897039024575243 0.3439375840224229 0.061417959268810676 0.36249044839437905 0.045100758376630766 0.35157700575791395 0.0344945815003034 0.34830294522372157 0.018993229541963745 0.3832260330002029 0.22388838980961773 0.40396157797280846 0.22144080597220114 0.4236058222783076 0.219809078475804 0.44979810838575485 0.21817736579376518 0.46071155102221995 0.19859672472314926 0.3727163735922281 0.1879905330324636 0.37817307509385145 0.1765684850007585 0.3770817347935268 0.16677816446545055 0.365076951856737 0.15861955661218144 0.33888462611607145 0.14801337973585407 0.3181490811434659 0.0284327331098538 0.29413947563666804 0.010483804721276737 0.27667795156503655 0.005588643064776671 0.24721160492339692
1 0.00803622458744975 0.29850483683796675 0.1259851548278216 0.3148750602424919 0.13577547536312956 0.3323365843141234 0.15290854741068718 0.36071155102221997 0.164330580628034 0.38581249682934254 0.17004160464388654 0.39563459916548294 0.07004161205106568 0.5261922861074473 0.06188300419779657 0.5567499730494115 0.05454026379631561 0.5818509188565341 0.050460959869681056 0.5949470817268668 0.039038915541565536 0.6004037832284903 0.02680101116884102 0.6058605243633319 0.014563106796116505 0.6080432049639813 0.002912621359223301 0.6059653145926339 0.002912621359223301 0.542562469878754 0.1029126213592233 0.3890865573635349 0.1029126213592233 0.365076951856737 0.1029126213592233 0.329062523779931 0.1029126213592233 0.3116009997082995
1 0.18717467669144416 0.39563459916548294 0.21246634177791263 0.48362981622869317 0.22552011730601487 0.4716250332919034 0.2344945815003034 0.4705336533583604 0.25244348026016383 0.4858124968293425 0.25815453390473303 0.4890865573635349 0.26386552829186893 0.5371057683771306 0.26794486925439925 0.5632980544845779 0.2736558636415352 0.5873076599913758 0.18018275881276546 0.602586503462358 0.18018275881276546 0.6145912863991477 0.16794485444004095 0.6244133887352882 0.14918005489608616 0.6244133887352882 0.1312311265075091 0.6255047290356128 0.12552011730601487 0.6255047290356128 0.11817736579376517 0.6080432049639813 0.10430774133182266 0.6014951631620333 0.08146365267559162 0.5949470817268668 0.06514644437623256 0.5960384220271916 0.06025128410857858 0.5873076599913758 0.07085746839208511 0.5578413133497362 0.07656849240793766 0.5305576869419643 0.08146365267559162 0.5141875031706574
1 0.005588643064776671 0.61786534693334 0.021905849049392256 0.61786534693334 0.03985477558617453 0.6156826266994724 0.050460959869681056 0.61786534693334 0.06514644437623256 0.637509551605621 0.06759402821364913 0.645148973341112 0.04148649567539252 0.6647931780133929 0.03006445319907179 0.6789806811840503 0.013747246751507508 0.7018989067573052 0.014563106796116505 0.7193605100953734 0.023537570990405036 0.7400960550679789 0.025169291079623027 0.7564662388392858 0.012115525736392123 0.78702392578125 0.002912621359223301 0.794717922458401 0.002912621359223301 0.720451850395698 0.002912621359223301 0.6724326393821023 0.002912621359223301 0.648422994242086 0.0031410622365266373 0.6320528104707792
1 0.010483804721276737 0.9055767901532061 0.0284327331098538 0.7804758047128653 0.03822305549695654 0.7477354371702516 0.04311821946820009 0.7368220341670049 0.05535612384092461 0.7357306938666802 0.07085746839208511 0.7488267774705762 0.0847270928540276 0.7608316000405844 0.0961491408857327 0.7695624017096185 0.11817736579376517 0.7968459884841721 0.12878355748445086 0.8143075125558036 0.06188300419779657 0.9656008237368101 0.04882923978046306 0.9743315461394074 0.03822305549695654 0.9688748446377841 0.02680101116884102 0.9546873414671266 0.021905849049392256 0.9361344770951705
1 0.004772783020167675 0.9765142267400568 0.016194826885334496 0.9645094041700487 0.025169291079623027 0.9666921640371348 0.03659133540773855 0.9852450284090909 0.037407195452347546 0.8059805733816964 0.029248593154462797 0.8376296006239854 0.01864240887095627 0.8518171037946428 0.010483804721276737 0.8638219263646509 0.004772783020167675 0.867095947265625 0.002912621359223301 0.8546546044287744 0.002912621359223301 0.8092545942826704
1 0.08962225312168158 0.89547095360694 0.20593946142104066 0.8398122812246347 0.23204699766288683 0.8147113750507305 0.24754834221404734 0.8059805733816964 0.2671289832846632 0.8223507571530032 0.2654972706026244 0.8441776424259334 0.25978624658677185 0.8725526487672484 0.24999591123710557 0.8921968534395293 0.23442930943757584 0.8974025974025974 0.21246634177791263 0.8965622939072646 0.2034918923979824 0.89547095360694
1 0.25815453390473303 0.89547095360694 0.2736558636415352 0.8539997843952922 0.2801827736271238 0.8212594168526786 0.289157223007054 0.823442097453328 0.2989475287280036 0.8278074586546266 0.3046585823725728 0.7288987989549512 0.32342333747345264 0.7288987989549512 0.34626743353686285 0.729990139255276 0.37074324228231187 0.7190767362520292 0.3813494339729976 0.7037978927810471 0.18869217067088895 0.9699661849381087 0.1952190510277609 0.9721488655387581 0.41235212307531854 0.9103459345829952 0.4254058837890625 0.9463603230265828 0.4278534824408374 0.9583651455965909 0.42051071611422935 0.9758266696682224 0.40337767369538835 0.9965622939072646 0.3996083972523513 0.7974025974025974 0.3699273859412925 0.7974025974025974 0.34953088852965714 0.79547095360694 0.3250550501554915 0.7921968534395292 0.2962568264563107 0.8974025974025974 0.27202415095949634 0.89547095360694
1 0.05861956401936059 0.09620211712725751 0.07412090857052109 0.0994761578448407 0.07983193258637364 0.4136636312905844 0.09043811686988015 0.43658189649705764 0.10675532516923923 0.1573174711945769 0.12878355748445086 0.17259630475725446 0.14020559070179764 0.18460110751065342 0.14754834221404733 0.2118847537350345 0.15244349507452215 0.23916839995941558 0.14918005489608616 0.2522645430131392 0.14183731819819478 0.2511732027128145 0.13694215052336164 0.22498089678875813 0.1312311265075091 0.2053366722998681 0.12144080597220115 0.1911491889458198 0.10838704525845722 0.17587034547483765 0.0863588129432456 0.4682309237393466 0.06840988455466854 0.4605915020038555 0.05861956401936059 0.43003381506189126 0.05290854370709762 0.41475497159090907
1 0.07901606883817507 0.4791443663758117 0.10104430115338668 0.18460110751065342 0.10920290159947664 0.1889664885285613 0.11491392561532919 0.1922405292461445 0.12062494963118174 0.2086107130174513 0.12552011730601487 0.23371165882457387 0.13041527016648968 0.25335588331346387 0.13531043784132282 0.27081742720170454 0.1230725334685983 0.268634726784446 0.11001876534767521 0.25990396474863026 0.09941258106416868 0.12498089678875812 0.0879905330324636 0.49987995098163557
1 0.1426531745392142 0.268634726784446 0.15652280640833585 0.2544472236137886 0.16876071078106036 0.25335588331346387 0.17447173479691291 0.26099530504895496 0.1736558636415352 0.2773654888202618 0.16141795926881067 0.2948270128918933 0.1540752225709193 0.28937029157366073 0.14836419855506675 0.2839135702554282
1 0.09370155704831615 0.40056750805346997 0.11165048543689321 0.1202117226340554 0.15978624658677185 0.13221652538745435 0.18507791167324028 0.13876459691431614 0.30547443871359226 0.14531266844117796 0.312817145782767 0.15513478068562297 0.31444888809352245 0.164956892930068 0.31689648674529736 0.17696168577516233 0.31608060077556127 0.19333186954646916 0.2120013042561059 0.31734147505326704 0.20302684006181734 0.3304376379235998 0.19486823220854824 0.2457164615779728 0.189157223007054 0.2555385837307224 0.1809986151537849 0.248990502295556 0.16876071078106036 0.24244244067699877 0.15978624658677185 0.23916839995941558 0.15244349507452215 0.19987995098163555 0.14102146185717537 0.1682309237393466 0.12796768632907313 0.1573174711945769 0.11001876534767521 0.1474953589501319 0.09696499722675213 0.43003381506189126 0.09043811686988015 0.41148095068993507
1 0.14871503218863774 0.007803121170440278 0.14137228067638805 0.027447343801523184 0.13484540031951608 0.04490887035023083 0.1323978164820995 0.059096363612583705 0.1275026488072664 0.0798319333559507 0.1275026488072664 0.08747135509144176 0.3250550501554915 0.10384153886274858 0.3250550501554915 0.11802903212510146 0.32342333747345264 0.1300338348785004 0.3315819601410801 0.14640401864980723 0.3315819601410801 0.16386554272143872 0.32587093612522755 0.19660591026405236 0.223423352287811 0.32170685607117494 0.21444888809352244 0.3391683999594156 0.20302684006181734 0.35335590313007303 0.22260749594679158 0.3555385837307224 0.23321367282311894 0.35335590313007303 0.24871503218863775 0.35335590313007303 0.25279431389373486 0.34025974025974026 0.2552419125455097 0.3118847537350345 0.35279431389373483 0.1922405292461445 0.36095293656136224 0.15950016170353085 0.3674798169182342 0.13876459691431614 0.3780859789802033 0.12239441314300933 0.39195562566368325 0.12348575344333401 0.39848250602055524 0.13549055619673295 0.20093007504361346 0.14858670915876115 0.20419353003640778 0.15840882140320617 0.2050093863774272 0.17477900517451297 0.21072041039327974 0.1780530458920962 0.22295831476600425 0.1780530458920962 0.2294851951228762 0.17259630475725446 0.23356450645668994 0.16386554272143872 0.23356450645668994 0.14531266844117796 0.24988169253451153 0.11912037242542614 0.4702782195748635 0.09183673610934963 0.48251612394758797 0.07764924284699676 0.4906747169864988 0.07328385687493659 0.48496369297064623 0.04709156581333705 0.4817002676065686 0.032904070073908026 0.4678306209230886 0.02963003431047712 0.4572244292324029 0.02963003431047712 0.4474341235114533 0.03508676305993811 0.4360120754797482 0.05800501835810674 0.4058252427184466 0.04818291106781402 0.17563840995714503 0.042726179841276885 0.1634005055844205 0.03072137956495409 0.15850533790958737 0.023081960306539164 0.17645426629816444 0.014351194555109198 0.19603490736878035 0.00998581229866325 0.40990455405226034 0.005620430042217304 0.1976666496795358 0.004529084478105817 0.18134943397299758 0.005620430042217304 0.16829567325925365 0.006711775915963309 0.16013705059162622 0.006711775915963309
1 0.4245900274480431 0.005620430042217304 0.4360120754797482 0.024173305561016132 0.43519621913872875 0.04054348933232295 0.4254058837890625 0.04709156581333705 0.1976666496795358 0.03617810831441508 0.18134943397299758 0.033995415328384994 0.17482255361612561 0.02963003431047712 0.17890186494993932 0.023081960306539164 0.19277148200470268 0.017625231557078177 0.406641099059466 0.01216850404615526
1 0.43845964450280644 0.0034377386043598127 0.44824997985247267 0.01325984930063223 0.4555927165503641 0.01653388630260121 0.4719099322569023 0.01653388630260121 0.4792526689547937 0.01871657805009322 0.48904300430445996 0.017625231557078177 0.49883333965412624 0.01544254104812424 0.3224932624298392 0.005620430042217304
1 0.06549727060262439 0.31228855678013395 0.18752549551065686 0.27081742720170454 0.20302684006181734 0.3675434063007305 0.23729296934257432 0.3631780054662135 0.24545157719584346 0.37627412870332794 0.34871503218863775 0.30355779474431815 0.35768948156856795 0.3384808428875812 0.35687362522754856 0.3603077677937297 0.34218815183176576 0.37012987012987014 0.3332136728231189 0.3788606321656859 0.320159912109375 0.3886827345018263 0.3022109837207979 0.39304813533634336 0.09486823220854824 0.39304813533634336 0.08263032783582372 0.37995197246601053 0.07039242346309921 0.35812508719308034 0.06468139944724666 0.3373895025872565
1 0.2519784575527154 0.3664520263671875 0.26095293656136226 0.3337116588245739 0.2707432422823119 0.32170685607117494 0.28950802701190836 0.30970205331777595 0.2058252427184466 0.1911491889458198 0.23111690780491506 0.18787514822823662 0.24335481217763957 0.1976972703809862 0.3613037405662166 0.2053366722998681 0.38577954931166564 0.20970205331777597 0.40046505233616503 0.21734147505326704 0.413518813049909 0.22279821618810877 0.4224932624298392 0.2500818425958807 0.42494086108161405 0.2773654888202618 0.4273884301046723 0.2981010536094765 0.40862364537507584 0.13411548168628246 0.40128090867718447 0.16249044839437907 0.2947540283203125 0.2810433127663352 0.2817002676065686 0.2963221562373174 0.3409072431545813 0.5137836803089488 0.33274862048695386 0.5170577408431413 0.3262217401300819 0.5181490811434659 0.3099045540522603 0.5094183191076501 0.38869217067088896 0.39304813533634336 0.37237495496435075 0.37995197246601053 0.36421636192543994 0.3712212104301948 0.3625846492434011 0.35594236695921266 0.3625846492434011 0.3275674002511161 0.3560577688865291 0.30792317576222605 0.25279431389373486 0.3904616318739854 0.25279431389373486 0.3784568093039773
1 0.2989475287280036 0.4126923400086242 0.32260748113243326 0.3952308159369927 0.3438198645138046 0.3843173733005276 0.3544260562044903 0.37995197246601053 0.18706045798885013 0.40396157797280846 0.30419353003640776 0.5246971625786323 0.3254058837890625 0.5345192649147728 0.33274862048695386 0.5465240478515625 0.3360120754797482 0.5814471356280438 0.3254058837890625 0.596725979099026 0.11316797941633798 0.5196442046722809 0.39685079333851636 0.4523845722148945 0.3789018649499393 0.47421149712104305 0.36421636192543994 0.4753028374213677 0.3413722954907464 0.45893265365006086 0.3283185051482858 0.44474519011262176 0.31689648674529736 0.41200478293678977 0.10710613658127276 0.4869038371296672 0.1046585675582145 0.46835097275771104 0.2989475287280036 0.44434136725091317
1 0.4355470231435831 0.11228855678013393 0.46002283188903215 0.11774527809836648 0.4681814545566596 0.12756740025111607 0.46247043054080705 0.1483029452237216 0.4502325261680825 0.1668558492288961 0.4388104781363774 0.19959621677150974 0.4257567174226335 0.4225144423447646 0.40536019038228155 0.4225144423447646 0.399649166366429 0.5159664005428165 0.399649166366429 0.5006875570718344 0.40536019038228155 0.16794718952922078 0.4159663820729672 0.14175490342177355
1 0.4730766222314927 0.15157700575791397 0.4983682873179612 0.15485102665888797 0.42284409606341017 0.36903852982954544 0.42529166508646843 0.3886827345018263 0.7228440960634102 0.31705774084314126 0.7130537607137439 0.3541634695870536 0.7065269099855886 0.3803557953277192 0.49265726330210863 0.49454325886515826 0.4722607362617567 0.49454325886515826 0.4649179995638653 0.48362981622869317 0.4543118078731796 0.4519807889864042 0.4461532148342688 0.4246971625786323 0.4502325261680825 0.19632215623731736 0.4583911192069933 0.1668558492288961
1 0.3890430043044599 0.5345192649147728 0.42330911877085864 0.43342792461444807 0.4420739035004551 0.4312452440137987 0.4534959515321602 0.4639856115564123 0.4543118078731796 0.48472115652901787 0.46328628688182644 0.5054567411348417 0.4502325261680825 0.5120047829367897 0.4224932624298392 0.5120047829367897 0.41515052573194783 0.5098221023361404 0.406991932693037 0.5087307620358158 0.40046505233616503 0.5032740209009741 0.39720159734337074 0.5825384759283685 0.3947540283203125 0.5705336533583604 0.3923064296685376 0.5552548098873783
1 0.33764378816178703 0.5356106052150974 0.34580241082941443 0.5225144423447646 0.3531451475273058 0.5192404214437906 0.3613037405662166 0.5148750602424919 0.3727257885979217 0.5116009997082995 0.3890430043044599 0.5083269788073255 0.3939381719792931 0.5192404214437906 0.38577954931166564 0.529062523779931 0.3833319802886074 0.5377932858157467 0.3841478366296268 0.5530721292867289 0.38985886064547937 0.5748990541928775 0.3923064296685376 0.5869038371296672 0.1947540283203125 0.5 0.3800685252958131 0.5934519185648336 0.3727257885979217 0.5858124968293426 0.3637513392179915 0.5836298162286931 0.3523292911862864 0.5836298162286931 0.3449865248596784 0.5781730750938514 0.3400913868135619 0.5628942316228693 0.3409072431545813 0.5476154277851055
1 0.11072041039327973 0.5480192110135957 0.12132660208396541 0.5218269249061486 0.34253895583662014 0.5901778976638595 0.36048788422519723 0.595634599165483 0.1719099322569023 0.5010913403003247 0.18659540565268506 0.5141875031706574 0.19638574100235134 0.5240096055067979 0.1947540283203125 0.5403797892781047 0.19393817197929308 0.5611153738839286 0.19230642966853762 0.5840335994571835 0.18985886064547938 0.5938557414265422 0.2898588606454794 0.7014951235288149 0.28251612394758796 0.7025864638291396 0.16946233360512744 0.5927643614929992 0.15477686020934467 0.5829422591568587 0.1400913868135619 0.5720288165203937 0.1294851951228762 0.5687547559862013 0.12377417110702367 0.5643893947849026 0.1172472907501517 0.5600239939503856
1 0.38216529031401697 0.4796682382558847 0.39848250602055524 0.46329805448457795 0.10500938637742718 0.5611153738839286 0.11887900343219053 0.574211497121043 0.13927553047254249 0.5873076599913758 0.15559271655036408 0.5938557414265422 0.26783062092308857 0.7025864638291396 0.2555927165503641 0.7113172654981738 0.24743412351145327 0.7156826266994724 0.23274862048695388 0.7233220880681818 0.2213266020839654 0.7309614701704545 0.206641099059466 0.7386008522727273 0.4976666793082524 0.6353268710049715 0.4919556256636832 0.6320528104707792 0.48787631432986955 0.6134999460988231 0.38379700299605585 0.49931244292816557
1 0.4903238833529278 0.6462403136414366 0.206641099059466 0.748422994242086 0.21561557806811285 0.7571537959111201 0.21969485977320996 0.7647931780133929 0.22051071611422937 0.783346042385349 0.22377417110702366 0.7986248858563312 0.20745695540048545 0.9018989067573052 0.2952190510277609 0.6040816666243912 0.288692170670889 0.6018989067573052 0.4870604579888501 0.6789806811840503
1 0.21887900343219052 0.7440576330407873 0.2400913868135619 0.7309614701704545 0.26619890824104975 0.7178653865665584 0.2784368126137743 0.7113172654981738 0.2914905733275182 0.7200480671672078 0.2988333100254096 0.7418748731737013 0.3029126213592233 0.6593364765117695 0.2898588606454794 0.7658845183137175 0.27517335762098 0.7702498795150162 0.25640857289138347 0.7658845183137175 0.24253895583662013 0.7637018377130682 0.23356450645668994 0.7615191571124188 0.22377417110702366 0.7560624556107954
1 0.22622174013008192 0.7680671989143669 0.25396100386832526 0.7724326393821023 0.2702782195748635 0.7811633617846997 0.2645671955590109 0.7975335455560065 0.2572244292324029 0.9117210487266639 0.24988169253451153 0.9259085518973215 0.23764378816178702 0.9204518503956981 0.23111690780491506 0.9040816666243913 0.2294851951228762 0.7866200632863231
1 0.40780778903405646 0.5251009458071225 0.424124975111878 0.5207355846058238 0.43473116680256374 0.5218269249061486 0.4469690711752882 0.5207355846058238 0.4567594065249545 0.5174615240716315 0.4657338559048847 0.5196442046722809 0.4730766222314927 0.5458365304129464 0.4812352152704035 0.5720288165203937 0.4902096646503337 0.5862163196910511 0.3804193589293841 0.6069518646636567 0.3771559039365898 0.6233220484349635 0.37144487992073727 0.6364182113052963 0.35023252616808254 0.645148973341112 0.3306518850974666 0.6495143345424107 0.3143346693909284 0.6495143345424107 0.3029126213592233 0.6320528104707792 0.29720159734337076 0.7134999460988231 0.19883331002540958 0.5916730211926745 0.4029126213592233 0.566572075385552 0.4094395017160953 0.5480192110135957
1 0.4722607362617567 0.5087307620358158 0.48613038294523664 0.5021826806006493 0.5008158563410194 0.5109134426364651 0.5065269099855886 0.5294663466416396 0.5146854733957827 0.542562469878754 0.5187648143583131 0.5632980544845779 0.5212123833813713 0.5763941777216923 0.5179488987598604 0.5873076599913758 0.5106061916906857 0.5883990002917004 0.4967365450072057 0.5731201568207184 0.4885779519682949 0.5491105513139205 0.4763400475955704 0.5196442046722809
1 0.7595578091815838 0.38472115652901784 0.5505833301729369 0.5043654008345171 0.54160885116429 0.5152788434709822 0.5342661440951153 0.5436538101790788 0.5293709467915655 0.5632980544845779 0.5277392341095267 0.5883990002917004 0.6261075214274878 0.610225925197849 0.6358978567771542 0.61786534693334 0.6481357611498786 0.610225925197849 0.5742432825773665 0.5753028374213677 0.5962715222997573 0.5403797892781047 0.5987190913228155 0.5283749667080966 0.593823953276699 0.5032740209009741 0.7921922405946602 0.39236057826450893 0.7726115698953276 0.3879952170632102 0.7677164318492111 0.38472115652901784
1 0.6011666603458737 0.4814471356280438 0.6264583254323423 0.45743753012124594 0.6403280017445389 0.4596202107218953 0.6566451878223605 0.4770817347935268 0.6794892838857707 0.47926441539417614 0.6892796192354369 0.48035579532771916 0.6966223263046116 0.48799521706321025 0.7015175236081614 0.5054567411348417 0.7055968053132585 0.5251009458071225 0.6925430445995145 0.542562469878754 0.6762258585216929 0.5458365304129464 0.6574610441633798 0.5502018916142452 0.6427755707675971 0.5545672924487621 0.6231949000682646 0.53928844897778 0.6125887083775788 0.5240096055067979 0.6044301449673847 0.5098221023361404 0.6011666603458737 0.4934519185648336
1 0.6473199048088593 0.6265961089691559 0.5669005755081917 0.5938557414265422 0.5856653306090716 0.5698461359197443 0.5962715222997573 0.5534759521484375 0.6076935703314624 0.5458365304129464 0.6215631873862257 0.5523845722148945 0.6329852354179308 0.5600239939503856 0.6338010917589503 0.570937476220069 0.6305376663948725 0.5905816808923499 0.6289059537128338 0.7069518250304383 0.6297218100538532 0.7233220880681818 0.6036142886263652 0.7604278168120941 0.6970873786407767 0.6637018377130682 0.6815860489039746 0.6538797353769278 0.6709798572132888 0.648422994242086 0.6530308991959951 0.640783572506595
1 0.6444072834496359 0.5643893947849026 0.6656196668310073 0.5589326536500608 0.6794892838857707 0.5556586327490869 0.6827527092498483 0.5676634156858766 0.6778575712037318 0.5938557414265422 0.6745940865822209 0.7244134283685065 0.651750049776244 0.7265961089691558 0.6411438580855583 0.7244134283685065 0.6346169480999697 0.7058604847301136 0.6386962298050668 0.5905816808923499 0.6427755707675971 0.5796682382558848
1 0.6346169480999697 0.7386008522727273 0.6525659061172634 0.7364181716720779 0.6721465175591627 0.7364181716720779 0.686016134613926 0.7244134283685065 0.6925430445995145 0.745148973341112 0.6990698953276699 0.7746153199827516 0.700701667267142 0.6909855037540584 0.58030514022679 0.611721048726664 0.5615403258684769 0.6280912324979708 0.5427755707675971 0.6193605100953734 0.5280900973718143 0.6106297084263392 0.6134045647185983 0.7953508649553571 0.6044301449673847 0.7746153199827516 0.6166680493401092 0.7593364765117695 0.6231949000682646 0.7462403136414367
0 0.8630578494766383 0.7862163593242695 0.8712164721442658 0.7643893947849026 0.8761116101903823 0.7512932319145698 0.8826385201759709 0.741471089945211 0.8973239935717536 0.7338317078429383 0.9177204613546723 0.5272836264077719 0.935669419371966 0.5196442046722809 0.941380413759102 0.5381971086774554 0.9536183181318264 0.53928844897778 0.9707514198081008 0.53928844897778 0.9813576114987864 0.5098221023361404 0.6821734678398058 0.39236057826450893 0.6821734678398058 0.3716250332919034 0.6829893241808253 0.3541634695870536 0.6821734678398058 0.32797118347960635 0.6772782705362561 0.3083269788073255 0.8764624141952366 0.4777692918653612 0.8919638031894721 0.46903852982954547 0.8960430256371359 0.48540871360085225 0.6952271692961165 0.3214231020444399 0.6935955158715109 0.3770817347935268 0.993595515871511 0.5163701837713068 0.9911478875910195 0.5589326536500608 0.9941747572815534 0.6386008919059456 0.99033203125 0.6527883950766031 0.973198988831159 0.6626104974127435 0.9601452281174151 0.6560624159775771 0.9438280420395935 0.6353268710049715 0.9307742220684163 0.6200480275339895 0.9152728923316141 0.5960384220271916 0.9087460416034587 0.5818509188565341 0.890797083586165 0.7949470817268669 0.7842702328580097 0.8091345056310877 0.7826385201759709 0.8244134283685065 0.7769274665314017 0.8309614701704545 0.7655054184996966 0.8265961089691558 0.7606102804535801 0.8167739669997971 0.7606102804535801 0.8004037832284903
0 0.7231949000682646 0.9932881937398539 0.748486565154733 0.961639166497565 0.7623561822094964 0.9419949618252841 0.7852002782729065 0.9376296006239854 0.6447580874544903 0.8365382603236607 0.672497321564017 0.8376296006239854 0.6814718005726639 0.8409036215249595 0.6986049022489381 0.8518171037946428 0.8206330827138957 0.9692786278662744 0.836134471708131 0.976918009968547 0.8459248070577974 0.9943795340401785 0.630888470399727 0.8932881937398539 0.7941747572815534 0.9965622939072646 0.7781553398058253 0.9974025974025974 0.7395120861460862 0.9974025974025974
0 0.943012185698574 0.6506057144759537 0.9634086534814927 0.6680671989143668 0.9780941268772755 0.6702498795150162 0.9927796595304915 0.6626104974127435 0.9941747572815534 0.667074069729099 0.9911478875910195 0.6931681843547078 0.9821734678398059 0.7084470278256899 0.9821734678398059 0.7237258712966721 0.9878844622269417 0.7411873953683036 0.9878844622269417 0.7542835582386364 0.9854368932038835 0.7651969612418831 0.980541755157767 0.7924806272828734 0.9813576114987864 0.9077594707538555 0.9870686058859224 0.9153988528561282 0.9829893241808253 0.9339517964945211 0.9691197071260619 0.9339517964945211 0.9552500900712986 0.9503219802658279 0.9405645574180825 0.9492306399655033 0.9332218503489078 0.9339517964945211 0.9332218503489078 0.9088508110541802 0.9299583657273969 0.7641056209415584 0.9193522332941444 0.7291825727982955 0.9152728923316141 0.7160864099279627 0.9299583657273969 0.6931681843547078 0.935669419371966 0.6778893408837257 0.941380413759102 0.6626104974127435
1 0.26829567325925363 0.6139037293273133 0.28950802701190836 0.6106297084263392 0.21153626673429915 0.9117210487266639 0.22377417110702366 0.9139037293273133 0.23193276414593447 0.9259085518973215 0.23682793182076758 0.9324565936992695 0.22459002744804307 0.9466440968699269 0.21887900343219052 0.9673796418425324 0.2139838357573574 0.9848412451806007 0.21235212307531856 0.9935719675831981 0.3139838357573574 0.8143075125558036 0.3172472907501517 0.8274036754261364 0.30419353003640776 0.8404998382964691 0.1935873383457221 0.9470478800984172 0.17727012263918385 0.9394084979961445 0.1634005055844205 0.9241296545251624 0.1470833046922406 0.9241296545251624 0.1397405531799909 0.9044854498528815 0.23892469683897147 0.6946633078835227 0.24953088852965716 0.6772017838118912 0.2625846492434011 0.6455527565696023
1 0.12913437630366353 0.9055767901532061 0.1405564095210103 0.921946973924513 0.151162601211696 0.9328604561941964 0.1666639605772148 0.9404998382964691 0.18624460164783072 0.9546873414671266 0.17971772129095873 0.9819710075081168 0.17563840995714503 0.9974025974025974 0.36584807460747876 0.7125286151836445 0.3478991462189017 0.7212594168526786 0.3364770981871966 0.7212594168526786 0.1405564095210103 0.9974025974025974 0.13729296934257434 0.9645094041700487 0.12668679246624698 0.9426825188971185 0.120159912109375 0.9383171576958198 0.11771232827195843 0.9350431367948457 0.12342335228781098 0.9197642933238637
1 0.300114218702594 0.8557786817674513 0.3139838357573574 0.8426825188971185 0.33030105146389566 0.8361344770951704 0.34743412351145325 0.828495015726461 0.3596720278841778 0.8295863560267858 0.37027821957486345 0.8361344770951704 0.38170026760656856 0.8514133205661526 0.3914905733275182 0.8710575252384335 0.30943950171609524 0.9656008237368101 0.32412497511187804 0.9426825188971185 0.32738843010467233 0.9306776963271104 0.33881047813637744 0.9350431367948457 0.3526800951911408 0.9339517964945211 0.35186423885012136 0.9514133205661526 0.3494166698270631 0.9743315461394074 0.4469690711752882 0.8048892330813717 0.44778492751630766 0.8332642394226867 0.4551276938429157 0.8419949618252841 0.4657338559048847 0.8485430828936689 0.4698131672386984 0.8583651455965909 0.4649179995638653 0.8747353293678978 0.4616545741997876 0.8889228325385552 0.42820428644569175 0.8900141728388798 0.40536019038228155 0.8932881937398539 0.4768050999317354 0.9954709536069399 0.44172309949560074 0.9736439890675731 0.43519621913872875 0.9627305860643263 0.4278534824408374 0.9245334377536526 0.3139838357573574 0.8928844105113637 0.3050093863774272 0.8743315461394074
1 0.32412497511187804 0.6658845183137175 0.34778492751630763 0.6604278168120942 0.36818145455665957 0.6516970547762784 0.3844986406344812 0.6276874492694805 0.39020966465033374 0.6004037832284903 0.49755243097694174 0.5916730211926745 0.5114220480317051 0.5982211026278409 0.6195806706993325 0.6113172654981737 0.6261075214274878 0.6276874492694805 0.6187648143583131 0.6440576330407873 0.6065269099855886 0.6571537562779017 0.39428897598414747 0.6855287229859984 0.3877620956272755 0.6997162261566559 0.47144487992073725 0.7018989067573052 0.36002283188903217 0.6942595246550325 0.3339153104615443 0.6822547020850244
1 0.4967365450072057 0.7008075664569805 0.6081586226676274 0.6724326393821023 0.6244758087454491 0.6462403136414366 0.6310027187310376 0.6364182113052963 0.6505833301729369 0.6571537562779017 0.6775067079414442 0.6658845183137175 0.6970873786407767 0.6789806811840503 0.506877713990443 0.6051730069247159 0.5166680493401092 0.6171777502282874 0.5370645171230279 0.6324565936992694 0.5468548524726942 0.6379133744673295 0.5574610441633798 0.649918117770901 0.5680672358540655 0.6597402597402597 0.5770417148627124 0.6804758047128653 0.5786734275447513 0.68702392578125 0.6794892838857707 0.9350431367948457 0.6754099429232403 0.9525046608664772 0.6721465175591627 0.9830623478084416 0.6623561822094963 0.9939757508116883 0.6476707088137136 0.9928844105113637 0.6174839056811287 0.988519049310065 0.6003508040048544 0.9786969073407061 0.5766908516004248 0.8241296545251623 0.562005378204642 0.7695624017096185 0.5391612821412318 0.7575575791396104 0.5285550904505462 0.7586489194399351 0.5163171860778216 0.7597402597402597 0.5008158563410194 0.7390047147676542 0.49592068866618627 0.7248172115969967 0.49592068866618627 0.7160864099279627
1 0.5032634253640776 0.7608316000405844 0.5155013297368022 0.7662883015422078 0.5456881921268204 0.7772017838118912 0.5587419528405643 0.7946633078835227 0.5669005755081917 0.8274036754261364 0.5872970432911104 0.8732402058390828 0.5962715222997573 0.8852450284090909 0.6166680493401092 0.9974025974025974 0.7419597144265777 0.903797892781047 0.7541976187993021 0.9059805733816965 0.7574610441633799 0.9223507571530033 0.748486565154733 0.9343555797230113 0.7346169480999697 0.9539997843952922 0.724010756409284 0.9758266696682224 0.7117728520365595 0.9747353293678978 0.5946398096177185 0.967095947265625 0.5783225642824636 0.9550911246956169 0.5669005755081917 0.9310815588220374 0.5595578091815837 0.9081632539823458 0.5538467555370146 0.8972497717126623 0.5432406231037621 0.8786969073407062 0.5285550904505462 0.86560082373681 0.5122379043727245 0.8535960011668019 0.5016317126820389 0.8470478800984172 0.3967365450072057 0.9404998382964691 0.3959206886661863 0.9186729530235389 0.3959206886661863 0.9001200093851461 0.4967365450072057 0.7859325854809254
1 0.5713306612181432 0.6335479339995942 0.5884637628944175 0.618269090528612 0.5998857516686893 0.6073556875253653 0.7129395716398665 0.7160864099279627 0.7219139913910801 0.7313652533989448 0.725177476012591 0.7422787356686282 0.7227298477320995 0.755374898538961 0.7219139913910801 0.7706537420099432 0.7080443743363167 0.7750191032112419 0.5949906136225728 0.6848412451806006 0.586016134613926 0.6750191032112419 0.5778575712037318 0.6575575791396104
1 0.6974381826456311 0.9012114289519074 0.710491943359375 0.7881152660815747 0.725177476012591 0.7881152660815747 0.8398629494083738 0.8066681304535308 0.8659704708358616 0.8579613623681006 0.8741290935034891 0.8776055670403815 0.8912621359223301 0.8983411912794237 0.6920779922633495 0.8125286151836445 0.6790242315496056 0.823442097453328 0.6578118481682342 0.8267161183543019 0.6357836084458435 0.8256247780539773 0.7982540389866505 0.9278074586546267 0.7819368529088289 0.9278074586546267 0.7729623739001821 0.9212594168526785 0.7705148048771238 0.903797892781047 0.68030514022679 0.9808795879413555 0.6827527092498483 0.9525046608664772 0.6868319909549454 0.9339517964945211 0.6892796192354369 0.916490193156453
1 0.7374153803853155 0.7411873953683036 0.7529167101221177 0.7357306938666802 0.7879987105582524 0.7073556875253653 0.7035000402950546 0.883346042385349 0.711658662962682 0.8789806811840504 0.7361344717081311 0.8920768440543831 0.7606102804535801 0.8953508649553571 0.8785591792134405 0.5062643472250405 0.8940605089502427 0.5106297084263393 0.9128253233085558 0.7237258712966721 0.9160887486726335 0.7379133744673295 0.9209839459761833 0.7750191032112419 0.9234315149992415 0.9077594707538555 0.9242473713402609 0.9306776963271104 0.9136411796495753 0.9459565397980926 0.9030349879588896 0.96014404296875 0.8940605089502427 0.6743315461394075 0.8695847002047937 0.6797882476410309 0.8516358014449332 0.6874277090097403 0.8263441363584648 0.6961584314123377 0.8043158966360741 0.6994325315797484 0.8847352259367415 0.8797882476410308 0.8733132371624697 0.8590527026684254 0.8667863271768811 0.8437738591974432 0.8586277045092536 0.8241296545251623 0.84965328475804 0.8121248319551542 0.8431263747724514 0.8023027692522321 0.734967752104824 0.7848412451806006 0.7325201830817658 0.7739277629109172 0.7341518957638046 0.7608316000405844
1 0.7198172263728763 0.8276874492694806 0.7304234180635619 0.8145912863991477 0.7467406633988167 0.808043165330763 0.7532675141269721 0.813499946098823 0.7573467958320692 0.8265961089691558 0.7638737058176578 0.8320528104707792 0.7695847002047936 0.8353268313717532 0.7810067482364987 0.8353268313717532 0.7940605089502427 0.8233220880681819 0.7981398499127731 0.8058604847301136 0.9022191316178702 0.5971297623275162 0.9152728923316141 0.610225925197849 0.922615658658222 0.6222307081346388 0.9299583657273969 0.6320528104707792 0.9324059940078884 0.6396922322062703 0.9291425093863774 0.6571537562779017 0.9266949403633191 0.6724326393821023 0.9193522332941444 0.6953508649553571 0.9128253233085558 0.7062643472250406 0.9005874189358313 0.7095383681260146 0.7899812272451456 0.8975335455560065 0.7785591792134405 0.8942595246550324 0.7695847002047936 0.8877114828530844 0.7516358014449332 0.8844373826856737 0.7336868434276396 0.8844373826856737 0.7206330827138956 0.8757066602830763 0.7149220883267597 0.8680671989143669 0.7141062319857403 0.8473316539417614 0.7132903756447209 0.8364181716720779
1 0.9266949403633191 0.9448651994977678 0.941380413759102 0.9568700220677759 0.9528024617908071 0.9612353832690747 0.9634086534814927 0.96014404296875 0.973198988831159 0.9503219802658279 0.9813576114987864 0.9426825188971185 0.9941747572815534 0.9274036754261363 0.9941747572815534 0.93652367529931 0.9941747572815534 0.9808795879413555 0.9941747572815534 0.9972497717126624 0.9941747572815534 0.8136199554839691 0.9941747572815534 0.8354469200233361 0.9862527495449029 0.8463603230265828 0.9634086534814927 0.8343555797230113 0.9397487010770631 0.8288987989549513 0.9242473713402609 0.8212594168526786 0.9144570359905947 0.8070719136820211 0.9062984133229672 0.988519049310065 0.9062984133229672 0.9732402058390828 0.9152728923316141 0.9612353832690747 0.9201680896351638 0.9525046608664772
1 0.8108428066216626 0.9125286151836445 0.8345027590260923 0.9016152121803978 0.8532675141269721 0.6972497717126623 0.8720323284852852 0.6885190493100649 0.8859019455400485 0.6863363687094156 0.9062984133229672 0.8048892330813717 0.9111936106265169 0.8278074586546266 0.9120094669675364 0.8419949618252841 0.9136411796495753 0.8572738052962663 0.9144570359905947 0.8758266696682224 0.9046667006409284 0.8943795340401786 0.8911071184769418 0.9974025974025974 0.8679529875227548 0.9974025974025974 0.8557150831500303 0.9954709536069399 0.8434771787773059 0.9780093502688717 0.8296075617225425 0.9583651455965909 0.8100269502806432 0.9463603230265828 0.6937097049453883 0.83872094092431 0.687182854217233 0.8332642394226867 0.6945255612864077 0.8201680765523539
1 0.9258790840222998 0.8441776424259334 0.9348535630309466 0.8376296006239854 0.9503548927677488 0.8430863021256088 0.9642245098225122 0.8463603230265828 0.9723831324901395 0.8539997843952922 0.973198988831159 0.8638219263646509 0.973198988831159 0.8791007698356331 0.973198988831159 0.8900141728388798 0.9601452281174151 0.8932881937398539 0.9405645574180825 0.8932881937398539 0.9304583799491808 0.8974025974025974 0.9144570359905947 0.8974025974025974 0.9209839459761833 0.8834661310369318 0.9217998023172027 0.867095947265625 0.9209839459761833 0.8550911246956169
