1 0.09808298200368881 0.004332983245452245 0.18425026535987854 0.004332983245452245 0.21871717274188995 0.003238795635600885 0.2105107605457306 0.029499299824237823 0.22199973464012146 0.08092612028121948 0.23595063388347626 0.09405636787414551 0.2622111439704895 0.06998424232006073 0.27780330181121826 0.06889005502065022 0.2999606132507324 0.09186799327532451 0.32047662138938904 0.1290703813234965 0.33688944578170776 0.15204831957817078 0.3771008551120758 0.1870623230934143 0.4132090210914612 0.19909838835398355 0.4501378536224365 0.20566352208455405 0.4608061909675598 0.2166053851445516 0.4394695460796356 0.24505426486333212 0.411567747592926 0.28444502751032513 0.3836659789085388 0.3150822917620341 0.34509584307670593 0.33696603775024414 0.3188353478908539 0.34571953614552814 0.30078125 0.32821253935496014 0.29175418615341187 0.29757527510325116 0.2974987030029297 0.2581845323244731 0.2753413915634155 0.21441702047983804 0.26385241746902466 0.20785188674926758 0.2310267835855484 0.22645308574040732 0.21871717274188995 0.2472426493962606 0.19902178645133972 0.24286590019861856 0.1719406545162201 0.23301819960276285 0.15142463147640228 0.2319240172704061 0.12188156694173813 0.21004027128219604 0.10628938674926758 0.20456931988398233 0.09562106430530548 0.19909838835398355 0.09375 0.11302958925565083 0.09375 0.03278186172246933 0.09375 0.008709733684857687
0 0.23266807198524475 0.002144607870529095 0.22199973464012146 0.011992296824852625 0.21789653599262238 0.03278186172246933 0.22282037138938904 0.06232493122418722 0.22938551008701324 0.07654937108357747 0.23841255903244019 0.08202030758062999 0.24908088147640228 0.06998424232006073 0.26056987047195435 0.04591211676597595 0.2630317807197571 0.02074579770366351 0.26795560121536255 0.006521358465154965 0.2523634433746338 0.0013020833333333333 0.15861344537815125 0.0010504201680672047
1 0.3081670105457306 0.013086484124263128 0.3016018867492676 0.04262954990069071 0.307346373796463 0.06779586772123973 0.3180147111415863 0.10171568393707275 0.33688944578170776 0.1312587559223175 0.3574054539203644 0.15095412731170654 0.38284531235694885 0.17064950863520303 0.43864890933036804 0.1881565054257711 0.47311580181121826 0.19472163915634155 0.4928111732006073 0.14548319578170776 0.5034794807434082 0.107186625401179 0.509223997592926 0.09515056014060974 0.4714745283126831 0.09405636787414551 0.4468553066253662 0.06670168042182922 0.4197741448879242 0.037158613403638206 0.4082852005958557 0.019651610404253006 0.4025407135486603 0.003238795635600885 0.3254004716873169 0.0013020833333333333 0.23165047268907563 0.0010504201680672047 0.2241662289915968 0.0
1 0.4443933963775635 0.010898109525442123 0.45998555421829224 0.04810049136479696 0.4755777418613434 0.06451330582300822 0.5067620873451233 0.06889005502065022 0.5264574289321899 0.06779586772123973 0.516609787940979 0.10609243313471477 0.5026588439941406 0.14548319578170776 0.4928111732006073 0.17393207550048828 0.4862460494041443 0.18596814076105753 0.4796809256076813 0.20785188674926758 0.482963502407074 0.2319240172704061 0.48378413915634155 0.2647496461868286 0.4919905364513397 0.2866334120432536 0.5084033608436584 0.2833508451779683 0.5215336084365845 0.29101016124089557 0.5338432192802429 0.29319852590560913 0.5568211674690247 0.26256128152211505 0.567489504814148 0.23411240180333456 0.5625656843185425 0.21113445361455283 0.5707720518112183 0.18596814076105753 0.5904674530029297 0.12031687299410503 0.5789784789085388 0.07545518378416698 0.5921087265014648 0.02840511252482732 0.6052389740943909 0.006521358465154965 0.6118040680885315 0.002144607870529095 0.5852645635604858 0.0013020833333333333 0.46655067801475525 0.0013020833333333333 0.4501378536224365 0.0013020833333333333 0.3728006827731092 0.0010504201680672047 0.35638786764705876 0.0010504201680672047
1 0.6569393277168274 0.004332983245452245 0.6618632078170776 0.019651610404253006 0.6848410964012146 0.029499299824237823 0.6922268867492676 0.07983193298180898 0.6922268867492676 0.11922269066174825 0.6996126770973206 0.14438900351524353 0.7242318987846375 0.16736694176991782 0.7710084319114685 0.18596814076105753 0.7997308373451233 0.18049718936284384 0.8317357897758484 0.14657737811406454 0.8571757078170776 0.13782387971878052 0.8842568397521973 0.14657737811406454 0.8973870873451233 0.157519261042277 0.9154411554336548 0.17064950863520303 0.9425223469734192 0.17830882469813028 0.9113379716873169 0.1268820067246755 0.8834362030029297 0.08639706174532573 0.8686646819114685 0.06013655662536621 0.8555343747138977 0.03168767442305883 0.853072464466095 0.008709733684857687 0.8555343747138977 0.002144607870529095 0.7866005897521973 0.002144607870529095 0.7327173352241516 0.0013020833333333333 0.6749934554100037 0.0013020833333333333 0.5812434348739496 0.0010504201680672047
1 0.866202712059021 0.0013020833333333333 0.8637408018112183 0.018557423104842503 0.8727678656578064 0.041535365084807076 0.8916425704956055 0.07217261691888173 0.9121586084365845 0.109375 0.9310333728790283 0.14985994497934976 0.9466255307197571 0.1684611439704895 0.9745272994041443 0.1608018179734548 0.9958639740943909 0.15970763564109802 0.9308363970588236 0.18159138655462181 0.9505317752100841 0.20566351540616246 0.9644826680672269 0.22207633053221287 0.9767922794117647 0.24833683473389354 0.9792542016806722 0.29319852941176466 0.989922531512605 0.3128939075630252 0.9948463760504203 0.3161764705882353 0.9989495798319328 0.23958333333333334 0.9948463760504203 0.1454831932773109 0.9989495798319328 0.1137517507002801 0.9989495798319328 0.022934173669467765 0.9940257352941178 0.0032387955182072606 0.9755646008403364 0.0 0.885701155462185 0.0 0.8372833508403361 0.0 0.7970719537815126 0.0 0.7732733718487395 0.0
0 0.9267331932773109 0.007615546218487372 0.9152442226890756 0.029499299719887937 0.9177061449579833 0.06013655462184872 0.9291951155462186 0.08858543417366944 0.9382221638655461 0.11265756302521007 0.9570969012605042 0.1290703781512605 0.971047794117647 0.1268820028011204 0.9817161239495797 0.10937499999999999 0.9800748424369747 0.07436099439775908 0.9743303571428572 0.04591211484593835 0.9612001050420169 0.02840511204481791 0.9521730567226891 0.01527485994397757 0.9423253676470589 0.006521358543417346
1 0.09562106430530548 0.26365546385447186 0.11695772409439087 0.25927871465682983 0.14896270632743835 0.24833683172861734 0.16947872936725616 0.24505426486333212 0.20886948704719543 0.2614670793215434 0.23348870873451233 0.28444502751032513 0.23184742033481598 0.3260241548220317 0.23266807198524475 0.3588498036066691 0.24333639442920685 0.3916754325230916 0.2548253536224365 0.41246497631073 0.2564666271209717 0.44310224056243896 0.2581079304218292 0.48577555020650226 0.2663143277168274 0.508753498395284 0.2835477888584137 0.5426733096440634 0.31227022409439087 0.5645570755004883 0.33360689878463745 0.5831582546234131 0.3401719927787781 0.5995710690816244 0.3467371463775635 0.6247373819351196 0.3426339328289032 0.6685048739115397 0.33114495873451233 0.6903886795043945 0.32047662138938904 0.6991421381632487 0.29175418615341187 0.6772584120432535 0.26713496446609497 0.6663165092468262 0.23677127063274384 0.6586571931838989 0.2137933373451233 0.6564688285191854 0.20066307485103607 0.6542804638544718 0.18425026535987854 0.6083245674769083 0.17029936611652374 0.5678396224975586 0.16537553071975708 0.49562323093414307 0.16619616746902466 0.4441964228947957 0.15963104367256165 0.4266894261042277 0.13911502063274384 0.4102766116460164 0.1227022036910057 0.4069940646489461 0.11203387379646301 0.41246497631073 0.10464811325073242 0.43434874216715497 0.09890362620353699 0.4813988208770752 0.09375 0.47796305020650226 0.09375 0.47796305020650226 0.0948004201054573 0.3938637971878052 0.09375 0.3672531445821126 0.09562106430530548 0.2855392098426819 0.09375 0.2761839032173157
1 0.09397977590560913 0.6520920991897583 0.11203387379646301 0.6488095124562582 0.13829438388347626 0.6564688285191854 0.1891741156578064 0.6586571931838989 0.21297268569469452 0.667410691579183 0.25974923372268677 0.6772584120432535 0.2974987030029297 0.6871060530344645 0.31637340784072876 0.7035189469655355 0.32047662138938904 0.728685220082601 0.3155527710914612 0.7702643871307373 0.30570510029792786 0.8019958337148031 0.2794445753097534 0.8205970128377279 0.2564666271209717 0.8370098272959391 0.23923319578170776 0.8435749212900797 0.22117909789085388 0.8370098272959391 0.209690123796463 0.8173143863677979 0.20066307485103607 0.7801120281219482 0.18999475240707397 0.7516631285349528 0.1686580777168274 0.7516631285349528 0.13829438388347626 0.7713585694630941 0.10628938674926758 0.7932422955830892 0.0948004201054573 0.7998073895772299 0.09397977590560913 0.7615108489990234 0.09375 0.7483368714650472 0.0948004201054573 0.6838235060373942
1 0.09562106430530548 0.842480738957723 0.11367516219615936 0.8665529092152914 0.12434348464012146 0.9070378144582113 0.13172924518585205 0.9398634433746338 0.1399356573820114 0.9781599839528402 0.14568014442920685 0.9978554248809814 0.12609145045280457 0.9986979166666666 0.09890362620353699 0.9945727984110514 0.09562106430530548 0.982536792755127 0.09375 0.9580051104227701 0.09397977590560913 0.8928133646647135 0.0948004201054573 0.8687412738800049
1 0.1227022036910057 0.8184086481730143 0.14650079607963562 0.7954306602478027 0.17604385316371918 0.7855830192565918 0.1891741156578064 0.7899597485860189 0.20066307485103607 0.8107492923736572 0.209690123796463 0.8381040096282959 0.21953780949115753 0.8545168240865072 0.24087446928024292 0.8654586474100748 0.26056987047195435 0.9026610851287842 0.2654936909675598 0.9332983493804932 0.25318408012390137 0.965029795964559 0.2375919073820114 0.9847251574198405 0.22580237686634064 0.9986979166666666 0.1924566626548767 0.9978554248809814 0.16947872936725616 0.9978554248809814 0.1538865566253662 0.9967612425486246 0.14321821928024292 0.9628413518269857 0.13583245873451233 0.921262264251709 0.12762604653835297 0.8873424530029297 0.12024028599262238 0.8610819180806478 0.12024028599262238 0.8348214626312256
1 0.32293856143951416 0.35556721687316895 0.35412290692329407 0.34353117148081463 0.3910517394542694 0.32492997248967487 0.42141544818878174 0.2921043435732524 0.4394695460796356 0.2603728969891866 0.4575236439704895 0.2363007664680481 0.4722951650619507 0.22645308574040732 0.4747571051120758 0.25927871465682983 0.48706671595573425 0.29757527510325116 0.501838207244873 0.3085171580314636 0.5149685144424438 0.32164740562438965 0.537125825881958 0.3413428068161011 0.5633863210678101 0.38073352972666424 0.5847229957580566 0.4102766116460164 0.6101627945899963 0.45294992129007977 0.620010495185852 0.48686973253885907 0.6241136789321899 0.5273546775182089 0.6150866746902466 0.5470500787099203 0.6052389740943909 0.5579919417699178 0.5765165090560913 0.5448617140452067 0.5543592572212219 0.5284488598505656 0.5330225825309753 0.5021883646647135 0.5133272409439087 0.4660801887512207 0.4919905364513397 0.4277836084365845 0.46983325481414795 0.4102766116460164 0.45259979367256165 0.40918242931365967 0.4402901828289032 0.42450106143951416 0.4361869692802429 0.4627976020177205 0.4304424822330475 0.491246501604716 0.40418198704719543 0.49234068393707275 0.385307252407074 0.4879639546076457 0.3639705777168274 0.4540441036224365 0.3500196933746338 0.4168417453765869 0.33688944578170776 0.3938637971878052 0.3295036554336548 0.37526261806488037 0.32786238193511963 0.3665091196695964
1 0.546973466873169 0.5941001574198405 0.5715926885604858 0.5951943397521973 0.5945706367492676 0.6291141510009766 0.6183692216873169 0.6542804638544718 0.6429884433746338 0.6827293237050375 0.6594012379646301 0.698047955830892 0.6618632078170776 0.7210259437561035 0.6479122638702393 0.7669817606608073 0.6249343752861023 0.8019958337148031 0.5970325469970703 0.8096551100413004 0.560103714466095 0.8227853775024414 0.5239955186843872 0.8512342770894369 0.4706538915634155 0.8862482706705729 0.4378282427787781 0.8895308176676432 0.39023110270500183 0.890625 0.3705357015132904 0.8545168240865072 0.3738182783126831 0.8216911951700846 0.39351364970207214 0.7976190249125162 0.42880120873451233 0.7702643871307373 0.4550617039203644 0.7352503140767416 0.4813222289085388 0.7122724056243896 0.4993763267993927 0.6838235060373942 0.509223997592926 0.6422443787256876 0.5280987024307251 0.6203606526056925
1 0.6118040680885315 0.6203606526056925 0.6265756487846375 0.6520920991897583 0.6421678066253662 0.6641281445821127 0.6659663915634155 0.6892944971720377 0.6774553656578064 0.7133665879567465 0.6667870283126831 0.7483805815378824 0.6569393277168274 0.7724527517954508 0.6897649765014648 0.7385329405466715 0.704536497592926 0.7494747638702393 0.7209492921829224 0.7626050313313802 0.7332589030265808 0.7483805815378824 0.7488511204719543 0.7100840409596761 0.7611607313156128 0.6728816827138265 0.7611607313156128 0.6499036947886149 0.7324382662773132 0.6389618317286173 0.6930475234985352 0.6192664702733358 0.6544774174690247 0.6072303851445516 0.6306788325309753 0.6017594734827677 0.6208311319351196 0.605042020479838
1 0.9597557783126831 0.5886292060216268 0.9892988204956055 0.6017594734827677 0.9876575469970703 0.5601803064346313 0.9745272994041443 0.5722163915634155 0.9505317752100841 0.6280199579831933 0.983357405462185 0.6192664565826331 0.9964876575630253 0.6094187675070029 0.9990234375 0.5899777879901962 0.9956670168067228 0.5579919467787116 0.9874606092436975 0.5514268207282914 0.9636620273109244 0.5437675070028012 0.9431460084033614 0.5426733193277311 0.9136029411764706 0.5459558823529412 0.89390756302521 0.5601803221288516 0.8807773109243697 0.5722163865546218
1 0.8538931012153625 0.3872986634572347 0.8826155662536621 0.34571953614552814 0.9154411554336548 0.30742297569910687 0.9490874409675598 0.28444502751032513 0.9761685729026794 0.2833508451779683 0.997505247592926 0.49781163533528644 0.978630542755127 0.5251663128534952 0.958114504814148 0.5361081759134928 0.9392397403717041 0.5590861241022745 0.9269301295280457 0.5798757076263428 0.912979245185852 0.5951943397521973 0.8801535964012146 0.5919117530186971 0.8489692807197571 0.5886292060216268 0.8448660969734192 0.5831582546234131 0.8407628536224365 0.5218837658564249 0.8432247638702393 0.4595150550206502 0.8473280072212219 0.4201242923736572 0.8473280072212219 0.39605216185251874 0.8192292542016806 0.5951943277310925 0.7864036239495799 0.5919117647058824 0.755219275210084 0.5886292016806723 0.7511160714285714 0.5831582633053222 0.7470128676470589 0.5218837535014006 0.7494747899159664 0.459515056022409 0.753577993697479 0.42012429971988796 0.753577993697479 0.3960521708683474
1 0.7767528891563416 0.6630339622497559 0.8054752945899963 0.6345851023991903 0.8366596698760986 0.6094187498092651 0.8481486439704895 0.6028536558151245 0.8801535964012146 0.6061362028121948 0.9137998819351196 0.6094187498092651 0.912979245185852 0.6400560140609741 0.9154411554336548 0.6663165092468262 0.9310333728790283 0.6958595911661783 0.9384191036224365 0.705707311630249 0.9293920397758484 0.7593224843343099 0.9187237620353699 0.7910539309183756 0.9195443987846375 0.8195028305053711 0.9170824289321899 0.8348214626312256 0.8883600234985352 0.8381040096282959 0.8645614385604858 0.8402923742930094 0.8259913325309753 0.8512342770894369 0.7956276535987854 0.8545168240865072 0.7824973464012146 0.8446691036224365 0.7636226415634155 0.8216911951700846 0.755416214466095 0.7440038522084554 0.7652639150619507 0.702424685160319 0.7701877355575562 0.6783525943756104
1 0.30980831384658813 0.811843474706014 0.3574054539203644 0.8195028305053711 0.3606880307197571 0.8370098272959391 0.3697150647640228 0.8687412738800049 0.3844866156578064 0.8993785381317139 0.39269301295280457 0.9103203614552816 0.4058232605457306 0.9289215405782064 0.41813287138938904 0.9705007076263428 0.4271599352359772 0.9891018867492676 0.4231615960597992 0.9986979166666666 0.391872376203537 0.9986979166666666 0.3590467572212219 0.9978554248809814 0.32293856143951416 0.9945727984110514 0.27370011806488037 0.9934786160786947 0.25177913904190063 0.9986979166666666 0.2482602447271347 0.9880077044169108 0.2663143277168274 0.9442401727040609 0.2720588445663452 0.9201680819193522 0.2687762677669525 0.8939075469970703 0.2753413915634155 0.8665529092152914 0.280265212059021 0.8457632859547933 0.2901129126548767 0.8315388361612955 0.2999606132507324 0.8184086481730143
1 0.9220063090324402 0.6148897012074789 0.9458048939704895 0.5962885220845541 0.9515493512153625 0.5941001574198405 0.9696034789085388 0.605042020479838 0.9909401535987854 0.6116071542104086 0.978630542755127 0.8402923742930094 0.9499080777168274 0.8304446538289388 0.9285714030265808 0.8227853775024414 0.9310333728790283 0.7921481132507324 0.9433429837226868 0.7494747638702393 0.9499080777168274 0.7221201260884603 0.9490874409675598 0.6991421381632487 0.9302127361297607 0.67507004737854 0.9228269457817078 0.6575630108515421 0.9211856722831726 0.6400560140609741 0.9193474264705883 0.8370098039215685 0.8848805147058825 0.8402923669467787 0.8561580882352942 0.8304446778711485 0.8348214285714286 0.8227853641456582 0.8372833508403361 0.7921481092436974 0.8495929621848739 0.7494747899159663 0.8561580882352942 0.7221200980392157 0.8553374474789917 0.6991421568627451 0.8364627100840336 0.6750700280112044 0.8290769432773109 0.657563025210084 0.8274356617647058 0.6400560224089636
1 0.9759716386554622 0.3949579831932773 0.9948463760504203 0.41793592436974797 0.9973082983193278 0.47811624649859946 0.9981289390756303 0.5339198179271709 0.9874606092436975 0.539390756302521 0.9661239495798319 0.5262605042016807 0.9562762605042017 0.5043767507002802 0.9538143382352942 0.4551383053221289 0.9628413865546219 0.42231267507002807 0.971047794117647 0.4037114845938376
1 0.933495283126831 0.5831582546234131 0.9458048939704895 0.5579919417699178 0.9605764150619507 0.5470500787099203 0.9778098464012146 0.5328256289164225 0.9934020638465881 0.5164128144582113 0.9909401535987854 0.54376749197642 0.9737066626548767 0.5579919417699178 0.9630383253097534 0.5711222092310587 0.9531906247138977 0.5798757076263428 0.9417017102241516 0.5842524369557699 0.9374015231092436 0.5273546918767508 0.9201680672268908 0.5339198179271709 0.8971901260504203 0.5437675070028012 0.8799566701680672 0.5579919467787116 0.8692883403361344 0.5711221988795518 0.8594406512605042 0.5798757002801121 0.8479516806722689 0.5842524509803922
1 0.8005514740943909 0.8709296385447184 0.8194261789321899 0.8665529092152914 0.860458254814148 0.8556110064188639 0.8817949295043945 0.8523284594217936 0.8965664505958557 0.8479516506195068 0.907234787940979 0.8523284594217936 0.9277507662773132 0.859987735748291 0.9474461674690247 0.8654586474100748 0.963858962059021 0.8720238208770752 0.9745272994041443 0.8807772795359293 0.9892988204956055 0.8950017293294271 0.9802718162536621 0.9967612425486246 0.9425223469734192 0.9967612425486246 0.899848997592926 0.9956669807434082 0.877685546875 0.9986979166666666 0.8112198114395142 0.9986979166666666 0.7980895638465881 0.9978554248809814 0.7972689270973206 0.9628413518269857 0.7972689270973206 0.9322041670481364 0.7939863204956055 0.9103203614552816 0.7939863204956055 0.8982842763264974 0.7972689270973206 0.8829657236735026 0.7035189075630253 0.9628413865546218 0.7035189075630253 0.9322041316526611 0.7002363445378151 0.9103203781512605 0.7002363445378151 0.8982843137254902 0.7035189075630253 0.8829656862745098
0 0.6364232897758484 0.8085609277089437 0.644629716873169 0.7844887574513754 0.6626838445663452 0.7801120281219482 0.6717108488082886 0.7669817606608073 0.6831998229026794 0.7571341196695963 0.6946887969970703 0.7549457550048828 0.7069984078407288 0.7626050313313802 0.7160254716873169 0.7713585694630941 0.704536497592926 0.8107492923736572 0.697150707244873 0.8381040096282959 0.6889443397521973 0.8435749212900797 0.6700695753097534 0.8402923742930094 0.6552980542182922 0.8359156449635824 0.6438090801239014 0.8282562891642252
1 0.9488904936974789 0.9332983193277311 0.9800748424369747 0.9289215686274509 0.9964876575630253 0.9387692577030813 0.9948463760504203 0.9792542016806722 0.9956670168067228 0.9967612044817927 0.9822310760241598 0.9986979166666666 0.9349396008403361 0.9986979166666666 0.9250919117647058 0.9986979166666666 0.9300157563025211 0.9891018907563024 0.9406840861344539 0.9759716386554622 0.9415047268907564 0.9595588235294117 0.9431460084033614 0.9486169467787114
1 0.41402968764305115 0.9125087261199951 0.45177915692329407 0.9059436321258545 0.48378413915634155 0.8928133646647135 0.5239955186843872 0.8654586474100748 0.5535385608673096 0.8501400947570801 0.5789784789085388 0.8391981919606527 0.6003151535987854 0.8402923742930094 0.606880247592926 0.8457632859547933 0.620010495185852 0.8643644650777181 0.6314994692802429 0.8950017293294271 0.6421678066253662 0.9223564465840658 0.6536567807197571 0.938769261042277 0.6610425710678101 0.965029795964559 0.657759964466095 0.9869135220845541 0.6454503536224365 0.9945727984110514 0.6092085242271423 0.9986979166666666 0.5182510614395142 0.9986979166666666 0.4887079894542694 0.9986979166666666 0.4616268277168274 0.9986979166666666 0.4435727298259735 0.9986979166666666 0.4411108195781708 0.9803484280904134 0.42798057198524475 0.9573704401652018 0.42059481143951416 0.9431459903717041 0.4148503243923187 0.9289215405782064
1 0.6298581957817078 0.8402923742930094 0.6635044813156128 0.8610819180806478 0.6922268867492676 0.8665529092152914 0.7086396813392639 0.8742121855417887 0.7357208728790283 0.8960959116617838 0.7570574879646301 0.9289215405782064 0.7595194578170776 0.9715948899586996 0.7644432783126831 0.9891018867492676 0.7184873819351196 0.9912902514139811 0.6873030662536621 0.9945727984110514 0.6692489385604858 0.9956669807434082 0.6766347289085388 0.9748774369557699 0.657759964466095 0.9311099052429199 0.6438090801239014 0.8960959116617838 0.6372439861297607 0.8807772795359293 0.6314994692802429 0.8654586474100748
1 0.7365415096282959 0.7790178457895914 0.7496717572212219 0.811843474706014 0.7652639150619507 0.8446691036224365 0.7800354361534119 0.8665529092152914 0.7824973464012146 0.8971900939941406 0.7792147994041443 0.9332983493804932 0.7824973464012146 0.9683123429616293 0.783318042755127 0.9880077044169108 0.7693670988082886 0.9858193397521973 0.7644432783126831 0.9562762578328451 0.762802004814148 0.9157913525899252 0.7455685138702393 0.8928133646647135 0.7283350825309753 0.873118003209432 0.6979714035987854 0.8654586474100748 0.6725314855575562 0.8556110064188639 0.6922268867492676 0.8545168240865072 0.7078190445899963 0.8435749212900797 0.7168461084365845 0.8173143863677979 0.7201286554336548 0.798713207244873 0.7225906252861023 0.7910539309183756 0.7283350825309753 0.7866772015889486
1 0.8744091391563416 0.18596814076105753 0.9137998819351196 0.1761204401652018 0.9474461674690247 0.1881565054257711 0.9630383253097534 0.19472163915634155 0.9868369102478027 0.27787989377975464 0.958114504814148 0.2735031445821126 0.9367778301239014 0.2800682783126831 0.9121586084365845 0.29648109277089435 0.8900012969970703 0.31617647409439087 0.8817949295043945 0.30742297569910687 0.8900012969970703 0.2713147799173991 0.8957458138465881 0.25271358092625934 0.8949251770973206 0.23411240180333456 0.879332959651947 0.21113445361455283 0.8694853186607361 0.19691002368927002 0.7962513130252101 0.3161764705882353 0.7880449054621849 0.30742296918767503 0.7962513130252101 0.2713147759103641 0.8019957983193278 0.25271358543417366 0.8011751575630253 0.2341123949579832 0.7855829831932774 0.2111344537815126 0.7757352941176471 0.19691001400560224
1 0.6208311319351196 0.009803921605149904 0.6397058963775635 0.021839986244837444 0.657759964466095 0.04919467866420746 0.6725314855575562 0.09733893473943074 0.6889443397521973 0.14329482118288675 0.7299763560295105 0.17830882469813028 0.742285966873169 0.19472163915634155 0.7028952240943909 0.21222863594690958 0.6667870283126831 0.23301819960276285 0.6339613795280457 0.2461484670639038 0.606880247592926 0.2516193985939026 0.5822610259056091 0.2461484670639038 0.5830816626548767 0.2067577044169108 0.59375 0.14657737811406454 0.6044183373451233 0.09624475240707397 0.601135790348053 0.06341911852359772 0.6052389740943909 0.039346988002459206 0.6134454011917114 0.022934173544247944
1 0.5363051891326904 0.31289390722910565 0.5642069578170776 0.28444502751032513 0.5855436325073242 0.27240896224975586 0.6126247644424438 0.26803221305211383 0.6520155072212219 0.25052521626154584 0.697150707244873 0.23301819960276285 0.7545955777168274 0.20894606908162436 0.783318042755127 0.20128677288691202 0.835839033126831 0.18049718936284384 0.8563550710678101 0.1586134433746338 0.8817949295043945 0.16189601023991904 0.8637408018112183 0.19034488995869955 0.860458254814148 0.21879376967748007 0.8752297759056091 0.25052521626154584 0.8678439855575562 0.29101016124089557 0.8497899174690247 0.3413428068161011 0.8366596698760986 0.37526261806488037 0.8325564861297607 0.3938637971878052 0.8300945162773132 0.4463847875595093 0.8292738795280457 0.5065651337305704 0.8268119692802429 0.5536152124404907 0.8268119692802429 0.5886292060216268 0.8112198114395142 0.6192664702733358 0.781676709651947 0.6367734670639038 0.755416214466095 0.6313025156656901 0.704536497592926 0.6094187498092651 0.6552980542182922 0.5941001574198405 0.6257550120353699 0.58753502368927 0.6150866746902466 0.5754989385604858 0.6232930421829224 0.548144261042277 0.6331407427787781 0.5010941823323568 0.6282169222831726 0.46170341968536377 0.5740545988082886 0.3665091196695964 0.5510766506195068 0.3325892885526021
1 0.22528229653835297 0.2549019654591878 0.24333639442920685 0.23739494880040488 0.2622111439704895 0.22645308574040732 0.2794445753097534 0.23848915100097656 0.2827271521091461 0.26584382851918537 0.2868303656578064 0.3052345911661784 0.2794445753097534 0.31836483875910443 0.25072216987609863 0.3227415879567464 0.24251575767993927 0.33040090401967365 0.24415703117847443 0.30195202430089313 0.23841255903244019 0.2756915291150411
1 0.09808298200368881 0.49234068393707275 0.11039259284734726 0.469362735748291 0.11121323704719543 0.4376312891642253 0.12352284789085388 0.4168417453765869 0.1440388709306717 0.4277836084365845 0.1538865566253662 0.4562325080235799 0.15224526822566986 0.48577555020650226 0.1538865566253662 0.5164128144582113 0.15716911852359772 0.5536152124404907 0.16291360557079315 0.5765931208928426 0.1719406545162201 0.6137955188751221 0.18096768856048584 0.635679284731547 0.17932641506195068 0.6477153301239014 0.14568014442920685 0.6389618317286173 0.12352284789085388 0.635679284731547 0.10382746905088425 0.6323966979980469 0.09562106430530548 0.6269257863362631 0.09726234525442123 0.5798757076263428 0.09726234525442123 0.5350139935811361 0.09726234525442123 0.5054709513982137
1 0.23841255903244019 0.34681371847788495 0.25728729367256165 0.3380602200826009 0.27862393856048584 0.33149510622024536 0.29503676295280457 0.3380602200826009 0.3106289505958557 0.36103816827138263 0.31965598464012146 0.38620448112487793 0.3319655954837799 0.41574756304423016 0.3491990566253662 0.4573266903559367 0.32704174518585205 0.48249300320943195 0.3048844337463379 0.513130267461141 0.29175418615341187 0.530637264251709 0.280265212059021 0.5109418630599976 0.27123817801475525 0.48358718554178876 0.27370011806488037 0.4551382859547933 0.2663143277168274 0.41465338071187335 0.2564666271209717 0.3916754325230916 0.2449776828289032 0.373074213663737
1 0.30324316024780273 0.5361081759134928 0.3188353478908539 0.517506996790568 0.33688944578170776 0.4879639546076457 0.35412290692329407 0.4715511401494344 0.36479121446609497 0.4759278694788615 0.3779214918613434 0.49781163533528644 0.39023110270500183 0.5054709513982137 0.4091058373451233 0.5065651337305704 0.42469799518585205 0.5021883646647135 0.4443933963775635 0.478116234143575 0.4534204304218292 0.4452906052271525 0.4681919515132904 0.43653710683186847 0.48706671595573425 0.46498600641886395 0.5149685144424438 0.4934348662694295 0.5330225825309753 0.526260495185852 0.5592830777168274 0.548144261042277 0.5871849060058594 0.5601803064346313 0.6027770638465881 0.5733105738957723 0.6077008843421936 0.5930059353510538 0.6052389740943909 0.6061362028121948 0.5518972873687744 0.5776873429616293 0.5322019457817078 0.5962885220845541 0.5182510614395142 0.6203606526056925 0.5034794807434082 0.6378676493962606 0.4919905364513397 0.6597514152526855 0.48460477590560913 0.6794467767079672 0.4501378536224365 0.705707311630249 0.4304424822330475 0.7308735847473145 0.4025407135486603 0.7636992136637369 0.38284531235694885 0.781206210454305 0.36807379126548767 0.8030900160471598 0.3491990566253662 0.8019958337148031 0.32786238193511963 0.7932422955830892 0.3319655954837799 0.7615108489990234 0.33442753553390503 0.723214308420817 0.34427520632743835 0.6827293237050375 0.35822609066963196 0.6499036947886149 0.3557641804218292 0.6116071542104086 0.34755778312683105 0.5853466192881266 0.33442753553390503 0.5634628931681315 0.321297287940979 0.5525209903717041
1 0.9613970518112183 0.8501400947570801 0.9925814270973206 0.8490458329518636 0.9934020638465881 0.8829657236735026 0.9810924530029297 0.8632702827453613 0.9704241156578064 0.8610819180806478 0.986639968487395 0.8074667366946778 0.9989495798319328 0.8009016106442576 0.9940257352941178 0.8391981792717087 0.9964876575630253 0.8742121848739496 0.9989495798319328 0.9048494397759104 0.9981289390756303 0.9234506302521007 0.971047794117647 0.9146971288515405 0.9488904936974789 0.9157913165266106 0.9234506302521008 0.9059436274509803 0.8996520483193278 0.8829656862745098 0.88734243697479 0.8632703081232492 0.8766741071428572 0.8610819327731093
