1 0.0036026127636432648 0.18377975622812906 0.008526455610990524 0.004332983245452245 0.007705815136432648 0.111563374598821 0.013450302183628082 0.13235293825467428 0.01673286408185959 0.16736694176991782 0.015912223607301712 0.19253325462341309 0.026490283613445353 0.03825280112044816 0.026490283613445353 0.06779586834733892 0.03797925420168066 0.11156337535014003 0.0437237394957983 0.13235294117647056 0.047006302521008375 0.16736694677871147 0.04618566176470587 0.19253326330532214
0 0.02083607017993927 0.005427171165744464 0.006885174661874771 0.04810049136479696 0.008526455610990524 0.08092612028121948 0.018374145030975342 0.11484594146410625 0.022477351129055023 0.14329482118288675 0.02575991302728653 0.17940300703048706 0.03971080482006073 0.19362745682398477 0.06022682785987854 0.20347513755162558 0.10043822228908539 0.21551120281219482 0.13080193102359772 0.22645308574040732 0.14967666566371918 0.23082983493804932 0.1660894900560379 0.2319240172704061 0.1660894900560379 0.20019257068634033 0.14721474051475525 0.14001225431760153 0.14064961671829224 0.0853028694788615 0.15870371460914612 0.07764355838298798 0.17429588735103607 0.08858543634414673 0.17839910089969635 0.12250524759292603 0.18660549819469452 0.1542366941769918 0.19891510903835297 0.20347513755162558 0.22763752937316895 0.23411240180333456 0.24733293056488037 0.2549019654591878 0.2637457251548767 0.2702205975850423 0.28262045979499817 0.28116246064503986 0.30395713448524475 0.2800682783126831 0.3154461085796356 0.2669380307197571 0.3055984079837799 0.22426470120747885 0.29328879714012146 0.17393207550048828 0.2883649468421936 0.12031687299410503 0.2735934257507324 0.09405636787414551 0.24158844351768494 0.052477240562438965 0.21696920692920685 0.009803921605149904 0.21696920692920685 0.003238795635600885 0.22477350315126063 0.0 0.15122767857142855 0.0 0.06259847689075629 0.0
0 0.012629661709070206 0.3851102987925212 0.02575991302728653 0.39933474858601886 0.049558497965335846 0.4190301100413005 0.07417771965265274 0.4354429244995117 0.08812861144542694 0.46170341968536377 0.0963350236415863 0.4967174530029297 0.09387309849262238 0.5284488598505656 0.07992220669984818 0.5470500787099203 0.06186810880899429 0.5547093947728475 0.0232979916036129 0.556897759437561 0.1101956407563025 0.5470500700280113 0.09214154411764702 0.5547093837535014 0.05357142857142855 0.5568977591036415 0.026490283613445353 0.5426733193277311 0.0043329831932772955 0.5251663165266106 0.0018710609243697274 0.4245010504201681 0.0010504201680671954 0.37635679271708683
0 0.017553504556417465 0.5678396224975586 0.04463464766740799 0.5678396224975586 0.07335707545280457 0.561274528503418 0.08320476859807968 0.5590861241022745 0.09551437199115753 0.5733105738957723 0.09797629714012146 0.5864408413569132 0.0930524542927742 0.6083245674769083 0.09059053659439087 0.6400560140609741 0.06925387680530548 0.7068014939626058 0.04135208576917648 0.7374387582143148 0.022477351129055023 0.7494747638702393 0.0009765625 0.7516631285349528 0.052750787815126016 0.7494747899159663 0.030593487394957958 0.7516631652661064 0.009256827731092404 0.7658876050420168 0.0 0.7710302871148459 0.0 0.6728816526610645 0.0002297794117646912 0.6105129551820728 2.710505431213761e-20 0.5951943277310937
0 0.0009765625 0.7669817606608073 0.018374145030975342 0.7680759429931641 0.042993366718292236 0.7516631285349528 0.07089515775442123 0.7254026730855306 0.08812861144542694 0.67507004737854 0.10125885903835297 0.6258315642674764 0.1037207841873169 0.6028536558151245 0.11438912153244019 0.5634628931681315 0.13736705482006073 0.5240721305211385 0.15706244111061096 0.4715511401494344 0.17921973764896393 0.4234068791071574 0.20219767093658447 0.38948702812194824 0.22763752937316895 0.373074213663737 0.2752346992492676 0.3500963052113851 0.3023158609867096 0.3479079008102417 0.3097016215324402 0.38073352972666424 0.32201123237609863 0.4102766116460164 0.3302176296710968 0.4540441036224365 0.3400653302669525 0.48686973253885907 0.3269350826740265 0.5295430819193522 0.2949300706386566 0.5601803064346313 0.2571806013584137 0.6116071542104086 0.23830586671829224 0.6302083333333334 0.21204537153244019 0.644432783126831 0.18824678659439087 0.6630339622497559 0.16855140030384064 0.6914828618367513 0.16198627650737762 0.7254026730855306 0.15460051596164703 0.7615108489990234 0.13736705482006073 0.7877713839213053 0.11767168343067169 0.8140318393707275 0.10290014743804932 0.8315388361612955 0.08566668629646301 0.8402923742930094 0.06268874555826187 0.8435749212900797 0.031504400074481964 0.8457632859547933 0.011809021234512329 0.8249737421671549 0.04208245798319327 0.8249737394957983 0.020745798319327713 0.8337272408963585 0.0 0.8419231118373275 0.0043329831932772955 0.8030899859943977
0 0.015912223607301712 0.9125087261199951 0.04381401091814041 0.9420518080393473 0.054482340812683105 0.9683123429616293 0.06186810880899429 0.9934786160786947 0.03894057869911194 0.9986979166666666 0.09214154411764702 0.9934786414565826 0.069214013730492 0.9986979166666666 0.020745798319327713 0.9986979166666666 0.0018710609243697274 0.9967612044817927 0.0 0.9857843137254902 0.0 0.9223564425770308
0 0.002781972289085388 0.8370098272959391 0.024118632078170776 0.8479516506195068 0.04791721701622009 0.8567051887512207 0.0758190006017685 0.8545168240865072 0.1037207841873169 0.8413865566253662 0.13080193102359772 0.8129376570383707 0.15870371460914612 0.781206210454305 0.170192688703537 0.7418154875437418 0.1767578125 0.705707311630249 0.20383895933628082 0.6630339622497559 0.24897420406341553 0.6411501963933309 0.2850823998451233 0.6411501963933309 0.2957507073879242 0.6685048739115397 0.2990332841873169 0.6969537734985352 0.3154461085796356 0.7254026730855306 0.3343208432197571 0.7560399373372396 0.3236525058746338 0.7801120281219482 0.30149519443511963 0.816220204035441 0.2842617630958557 0.8588935534159342 0.29739201068878174 0.877494732538859 0.32775571942329407 0.8895308176676432 0.29328879714012146 0.8873424530029297 0.2538980543613434 0.8709296385447184 0.2292788326740265 0.8556110064188639 0.18496422469615936 0.8676470915476481 0.1242368072271347 0.8960959116617838 0.09469373524188995 0.903755267461141 0.07171579450368881 0.921262264251709 0.055302977561950684 0.93439253171285 0.040531449019908905 0.9103203614552816 0.02083607017993927 0.8884366353352865 0.05110950630252098 0.88843662464986 0.029772846638655426 0.8742121848739496
0 0.07007451355457306 0.9475227197011312 0.09223181754350662 0.9245448112487793 0.10782398283481598 0.9179797172546387 0.1488560289144516 0.9103203614552816 0.19563254714012146 0.9015669027964274 0.22435498237609863 0.8873424530029297 0.24815356731414795 0.8785889148712158 0.261283814907074 0.8862482706705729 0.2916475236415863 0.8960959116617838 0.3154461085796356 0.9048494497934977 0.3433478772640228 0.9114145437876383 0.3687877357006073 0.9146970907847086 0.3860211968421936 0.921262264251709 0.3860211968421936 0.9497111638387045 0.36386391520500183 0.9923844337463379 0.35044780373573303 0.9986979166666666 0.2744140625 0.9986979166666666 0.17101332545280457 0.9978554248809814 0.10454142093658447 0.9967612425486246 0.08402540534734726 0.9934786160786947 0.07253643870353699 0.9661239782969157
1 0.2580012381076813 0.6291141510009766 0.2883649468421936 0.6192664702733358 0.31052225828170776 0.6028536558151245 0.3335002064704895 0.58753502368927 0.3581194281578064 0.5765931208928426 0.3728909492492676 0.5470500787099203 0.3720703125 0.5186011791229248 0.3728909492492676 0.5054709513982137 0.3572987914085388 0.4846813678741455 0.34498918056488037 0.4726453224817912 0.34252724051475525 0.5054709513982137 0.33514147996902466 0.5251663128534952 0.3154461085796356 0.5525209903717041 0.30149519443511963 0.5733105738957723 0.27933791279792786 0.6006652514139811 0.2645663619041443 0.6203606526056925
0 0.3367827534675598 0.3391544024149577 0.3433478772640228 0.3293067216873169 0.36304327845573425 0.3358718554178874 0.38766250014305115 0.3325892885526021 0.4180262088775635 0.3052345911661784 0.4656233489513397 0.2702205975850423 0.4976283311843872 0.2516193985939026 0.5222475528717041 0.24943101406097412 0.533736526966095 0.2581845323244731 0.5419429540634155 0.2986694773038228 0.5345571637153625 0.3697916666666667 0.5271714329719543 0.39495797952016193 0.5091173052787781 0.4277836084365845 0.4836774468421936 0.46389182408650714 0.4492105543613434 0.49781163533528644 0.41966748237609863 0.5010941823323568 0.3827386498451233 0.4934348662694295 0.3581194281578064 0.469362735748291 0.3408859670162201 0.43434874216715497 0.3376033902168274 0.39824052651723224 0.33514147996902466 0.3665091196695964
0 0.3228318691253662 0.18159139156341553 0.33924469351768494 0.15204831957817078 0.36632582545280457 0.13782387971878052 0.3893037736415863 0.1290703813234965 0.40489593148231506 0.13454131285349527 0.4073578715324402 0.16955532630284628 0.41638490557670593 0.19034488995869955 0.43279772996902466 0.20894606908162436 0.4590582251548767 0.2220763365427653 0.48203617334365845 0.23958333333333334 0.4762917160987854 0.24943101406097412 0.4549550414085388 0.2669380307197571 0.4410041272640228 0.27240896224975586 0.4131023585796356 0.26803221305211383 0.3753528892993927 0.25709033012390137 0.3507336676120758 0.24396008253097534 0.3302176296710968 0.21988795200983682
0 0.4139229953289032 0.12578781445821127 0.4352596402168274 0.11375174919764201 0.463161438703537 0.10390405853589375 0.48121553659439087 0.09843312700589497 0.5099379420280457 0.07983193298180898 0.5361984372138977 0.04591211676597595 0.5476874113082886 0.018557423104842503 0.5698447227478027 0.015274859964847565 0.5911813974380493 0.010898109525442123 0.6075941920280457 0.0013020833333333333 0.6404198408126831 0.0076155463854471845 0.638778567314148 0.03168767442305883 0.6256483197212219 0.052477240562438965 0.6108767986297607 0.06998424232006073 0.5764098763465881 0.10499825080235799 0.5526112914085388 0.1312587559223175 0.5394810438156128 0.16408438483874002 0.5197856426239014 0.2067577044169108 0.5082966685295105 0.22973565260569254 0.4935251474380493 0.23739494880040488 0.4738297462463379 0.21988795200983682 0.4410041272640228 0.20128677288691202 0.42623260617256165 0.18377975622812906 0.4139229953289032 0.15642506877581278 0.4441964285714286 0.15642507002801118
1 0.3901244103908539 0.5196953614552816 0.4311564564704895 0.5164128144582113 0.47465038299560547 0.49781163533528644 0.49598705768585205 0.4759278694788615 0.5197856426239014 0.4627976020177205 0.5444048643112183 0.460609237353007 0.5624589920043945 0.48358718554178876 0.5846162438392639 0.5043767690658569 0.6051322817802429 0.5251663128534952 0.6199038028717041 0.5404849449793497 0.631392776966095 0.556897759437561 0.6494469046592712 0.578781525293986 0.6584739089012146 0.5941001574198405 0.6863757371902466 0.6269257863362631 0.6847344636917114 0.6477153301239014 0.6748867630958557 0.6816351413726807 0.6617565155029297 0.705707311630249 0.651908814907074 0.7210259437561035 0.631392776966095 0.7472863992055258 0.6149799823760986 0.7582283020019531 0.5903607606887817 0.7615108489990234 0.5641002655029297 0.7647933959960938 0.5238888263702393 0.7615108489990234 0.5058347582817078 0.7505689462025961 0.4803948998451233 0.7341561317443848 0.46069952845573425 0.7177433172861735 0.4492105543613434 0.702424685160319 0.4286945164203644 0.6794467767079672 0.4278738796710968 0.6389618317286173 0.40817850828170776 0.6137955188751221 0.39094504714012146 0.5962885220845541 0.38355928659439087 0.5754989385604858 0.3860211968421936 0.5503326257069906 0.39094504714012146 0.5317314465840658
0 0.3023158609867096 0.6345851023991903 0.3162667453289032 0.6192664702733358 0.33596211671829224 0.605042020479838 0.3482717275619507 0.6017594734827677 0.37042903900146484 0.6105129718780518 0.39176568388938904 0.6225490172704061 0.3999721109867096 0.6422443787256876 0.3999721109867096 0.6663165092468262 0.40899914503097534 0.684917688369751 0.4147436320781708 0.702424685160319 0.4344390034675598 0.723214308420817 0.4483899176120758 0.7374387582143148 0.45003119111061096 0.7516631285349528 0.42623260617256165 0.7571341196695963 0.4040752947330475 0.7636992136637369 0.38109734654426575 0.7680759429931641 0.3679670989513397 0.7724527517954508 0.3581194281578064 0.7757352987925211 0.34498918056488037 0.7669817606608073 0.3269350826740265 0.7264968554178873 0.31790801882743835 0.7078956762949625 0.30806034803390503 0.688200314839681 0.3031364977359772 0.667410691579183 0.3031364977359772 0.6531862815221151 0.3031364977359772 0.6455269654591879
0 0.3507336676120758 0.7888655662536621 0.3687877357006073 0.7855830192565918 0.3679670989513397 0.8173143863677979 0.3720703125 0.842480738957723 0.3819180130958557 0.8534226417541504 0.4032546579837799 0.873118003209432 0.42541196942329407 0.8873424530029297 0.4410041272640228 0.9059436321258545 0.4598788619041443 0.9234506289164225 0.4656233489513397 0.9442401727040609 0.45823758840560913 0.9726890722910563 0.44198206067085266 0.9986979166666666 0.3925863206386566 0.9978554248809814 0.3805803656578064 0.9986979166666666 0.3868418335914612 0.9781599839528402 0.3958688974380493 0.9442401727040609 0.39176568388938904 0.9157913525899252 0.3687877357006073 0.9059436321258545 0.3441685140132904 0.9004727204640707 0.3367827534675598 0.8884366353352865 0.31134289503097534 0.8764005502065023 0.2982126474380493 0.8665529092152914 0.2949300706386566 0.8523284594217936 0.31134289503097534 0.8205970128377279 0.3326795697212219 0.7965248425801595
0 0.3804326355457306 0.7855830192565918 0.3984867334365845 0.7735469341278076 0.44362199306488037 0.7615108489990234 0.4600347876548767 0.7527573903401693 0.4748063087463379 0.7527573903401693 0.5084525942802429 0.7669817606608073 0.547843337059021 0.7790178457895914 0.5798483490943909 0.7801120281219482 0.5937992334365845 0.7844887574513754 0.5921579599380493 0.7976190249125162 0.5806689858436584 0.8096551100413004 0.5568704009056091 0.8337272802988688 0.5379956960678101 0.8523284594217936 0.5232241153717041 0.8643644650777181 0.4887571930885315 0.8632702827453613 0.46824121475219727 0.8621761004130045 0.4428013265132904 0.8632702827453613 0.4296710789203644 0.8643644650777181 0.4083344340324402 0.8643644650777181 0.3943835198879242 0.8567051887512207 0.37797072529792786 0.8359156449635824 0.3738675117492676 0.8184086481730143
0 0.6077501177787781 0.7932422955830892 0.6463202238082886 0.7527573903401693 0.6701188087463379 0.7199317614237467 0.7086889147758484 0.6827293237050375 0.7267430424690247 0.6739758650461832 0.7398732900619507 0.6761642297108968 0.7283843159675598 0.6969537734985352 0.730025589466095 0.7341561317443848 0.7275636792182922 0.7680759429931641 0.7070476412773132 0.8030900160471598 0.6824284195899963 0.8304446538289388 0.6471408605575562 0.8534226417541504 0.6233423352241516 0.8523284594217936 0.5970817804336548 0.8523284594217936 0.5700006484985352 0.8556110064188639 0.5511259436607361 0.8818714618682861 0.5544084906578064 0.9015669027964274 0.5544084906578064 0.9190738995869955 0.5396369695663452 0.951899528503418 0.5133764147758484 0.9880077044169108 0.5035287737846375 0.9967612425486246 0.4772682785987854 0.9978554248809814 0.4526490271091461 0.9956669807434082 0.46824121475219727 0.9661239782969157 0.4772682785987854 0.93439253171285 0.4813714623451233 0.9059436321258545 0.48957788944244385 0.8917191823323568 0.5076319575309753 0.8807772795359293 0.5281479954719543 0.873118003209432 0.547843337059021 0.8610819180806478 0.5634355545043945 0.8391981919606527 0.5831308960914612 0.8195028305053711 0.6003643870353699 0.8030900160471598
0 0.8365529775619507 0.08092612028121948 0.8816882371902466 0.04481792946656545 0.9235408902168274 0.04700630406538645 0.9498013854026794 0.06013655662536621 0.9695706367492676 0.06296072900295258 0.9695706367492676 0.1542366941769918 0.963752269744873 0.31289390722910565 0.9695706367492676 0.4215029875437419 0.9695706367492676 0.5251663128534952 0.9694967865943909 0.5951943397521973 0.9383124113082886 0.5842524369557699 0.9186170697212219 0.5765931208928426 0.9013835787773132 0.5547093947728475 0.8825088739395142 0.5186011791229248 0.8636341094970703 0.4879639546076457 0.8455800414085388 0.46389182408650714 0.813575029373169 0.44857319196065265 0.796341598033905 0.43325455983479816 0.7856732606887817 0.37745098272959393 0.7848526239395142 0.3227415879567464 0.7881351709365845 0.2756915291150411 0.7922383546829224 0.23520658413569132 0.7840319871902466 0.21441702047983804 0.7823907136917114 0.19909838835398355 0.8012654185295105 0.14985994497934976 0.8242433667182922 0.11046919226646423 0.8258846402168274 0.09296218554178874
0 0.750541627407074 0.6772584120432535 0.7858291864395142 0.6608455975850424 0.8252199292182922 0.6520920991897583 0.8605074882507324 0.6531862815221151 0.8884092569351196 0.6509979168574015 0.9212349057197571 0.6411501963933309 0.9548811912536621 0.6378676493962606 0.9655495285987854 0.6389618317286173 0.9697265625 0.6654165585835775 0.9697265625 0.7275910377502441 0.953239917755127 0.7418154875437418 0.9236968159675598 0.7560399373372396 0.9048221111297607 0.7691702047983805 0.8859473466873169 0.7866772015889486 0.8678932785987854 0.7899597485860189 0.8301437497138977 0.7965248425801595 0.8153722286224365 0.7998073895772299 0.7956768870353699 0.8041841983795166 0.7759814858436584 0.8063725630442301 0.7513622641563416 0.8096551100413004 0.7275636792182922 0.8151260217030843 0.7136127948760986 0.8249737421671549 0.7086889147758484 0.8260679244995117 0.7037650942802429 0.8216911951700846 0.7177159786224365 0.7965248425801595 0.7349494695663452 0.7680759429931641 0.7382320165634155 0.733061949412028 0.737411379814148 0.705707311630249 0.7464384436607361 0.6871060530344645
0 0.9645729660987854 0.7494747638702393 0.9218996167182922 0.7658875783284506 0.9079487323760986 0.7768294811248779 0.8890739679336548 0.8063725630442301 0.8841501474380493 0.8413865566253662 0.8792263269424438 0.8687412738800049 0.9079487323760986 0.9015669027964274 0.9194377064704895 0.9256389935811361 0.9202583432197571 0.9715948899586996 0.9186170697212219 0.9967612425486246 0.9407743811607361 0.9978554248809814 0.9555459022521973 0.9978554248809814 0.9612329602241516 0.9986979166666666 0.9678555130958557 0.9836309750874838 0.96875 0.9650253454844157 0.96875 0.8326330184936523 0.96875 0.7855830192565918 0.9686761498451233 0.7604166666666666
0 0.5641002655029297 0.9267331759134928 0.6002084612846375 0.9332983493804932 0.6330340504646301 0.9420518080393473 0.6732454895973206 0.9606529871622721 0.7109949588775635 0.9781599839528402 0.7356141805648804 0.9912902514139811 0.7387006878852844 0.9986979166666666 0.6962234377861023 0.9986979166666666 0.6617565155029297 0.9986979166666666 0.6231864094734192 0.9986979166666666 0.5796924233436584 0.9978554248809814 0.5476874113082886 0.9978554248809814 0.516503095626831 0.9956669807434082 0.5345571637153625 0.9715948899586996 0.5493287444114685 0.9464285373687744
0 0.6084148287773132 0.0874912440776825 0.6354960203170776 0.10828080773353577 0.6601152420043945 0.153142511844635 0.6847344636917114 0.18377975622812906 0.7241252064704895 0.19253325462341309 0.7487444281578064 0.21222863594690958 0.7618746757507324 0.23958333333333334 0.7610540390014648 0.2833508451779683 0.7512063384056091 0.37088584899902344 0.7413586378097534 0.41355915864308673 0.736434817314148 0.4452906052271525 0.7192013263702393 0.48030463854471844 0.6995059847831726 0.5076593160629272 0.6773486733436584 0.5120360453923544 0.6420611143112183 0.5010941823323568 0.6133387088775635 0.478116234143575 0.5723066329956055 0.43872547149658203 0.5509700179100037 0.41355915864308673 0.5361984372138977 0.39824052651723224 0.5460461378097534 0.3676033020019531 0.5485080480575562 0.3325892885526021 0.5476874113082886 0.28225664297739667 0.5460461378097534 0.2516193985939026 0.5444048643112183 0.22535890340805054 0.5386604070663452 0.21113445361455283 0.5288127064704895 0.20566352208455405 0.5386604070663452 0.18596814076105753 0.554252564907074 0.14548319578170776 0.5698447227478027 0.12359943985939026 0.593643307685852 0.10171568393707275
1 0.7454618811607361 0.48905813694000244 0.7725430130958557 0.47045691808064777 0.7947003245353699 0.47702205181121826 0.8152163028717041 0.5021883646647135 0.8431181311607361 0.5218837658564249 0.8775849938392639 0.5547093947728475 0.8964597582817078 0.5754989385604858 0.9104106426239014 0.605042020479838 0.9153345227241516 0.6302083333333334 0.8669167160987854 0.6345851023991903 0.8316291570663452 0.6411501963933309 0.8102924823760986 0.6422443787256876 0.7791081070899963 0.6422443787256876 0.7659778594970703 0.6323966979980469 0.7528476119041443 0.5864408413569132 0.7585921287536621 0.5547093947728475 0.7512063384056091 0.5295430819193522 0.7413586378097534 0.5109418630599976
0 0.711815595626831 0.002144607870529095 0.7011472582817078 0.016369047264258068 0.7134568691253662 0.06013655662536621 0.7397173643112183 0.05904236932595571 0.7733636498451233 0.04481792946656545 0.796341598033905 0.03278186172246933 0.8184989094734192 0.051383053263028465 0.8201401829719543 0.08420868714650472 0.8152163028717041 0.107186625401179 0.8004447817802429 0.13782387971878052 0.7750049233436584 0.19034488995869955 0.7676191329956055 0.2176995873451233 0.7610540390014648 0.22864145040512085 0.7454618811607361 0.1980042060216268 0.7315109372138977 0.1881565054257711 0.7093536853790283 0.1826855738957723 0.6954027414321899 0.1728378931681315 0.678169310092926 0.16627275943756104 0.6666803359985352 0.14767157038052878 0.6478056311607361 0.11922269066174825 0.6297515034675598 0.0896796186765035 0.6125180721282959 0.08311449488004048 0.6272895932197571 0.06451330582300822 0.6412404775619507 0.039346988002459206 0.644523024559021 0.010898109525442123 0.6489813327789307 0.0013020833333333333 0.678169310092926 0.0013020833333333333 0.7036091685295105 0.002144607870529095
1 0.7429999113082886 0.8271621068318685 0.7930589914321899 0.816220204035441 0.8595309257507324 0.8107492923736572 0.866096019744873 0.8315388361612955 0.873481810092926 0.8764005502065023 0.8857914209365845 0.890625 0.9054868221282959 0.9278273582458496 0.9022042155265808 0.9617471694946289 0.8718405365943909 0.9781599839528402 0.8628134727478027 0.9956669807434082 0.8469012379646301 0.9986979166666666 0.8201401829719543 0.9978554248809814 0.8012654185295105 0.9934786160786947 0.7938796877861023 0.9770658016204834 0.7741842865943909 0.9486169815063477 0.7659778594970703 0.9332983493804932 0.7487444281578064 0.9004727204640707 0.7315109372138977 0.8742121855417887 0.7208426594734192 0.8610819180806478 0.729049026966095 0.8413865566253662
1 0.3441685140132904 0.004332983245452245 0.32119059562683105 0.037158613403638206 0.3269350826740265 0.06232493122418722 0.35237494111061096 0.10280987620353699 0.3687877357006073 0.11484594146410625 0.39094504714012146 0.11594012379646301 0.4311564564704895 0.11265756686528523 0.4730091094970703 0.08858543634414673 0.49188387393951416 0.07436099648475647 0.5099379420280457 0.04700630406538645 0.5304539799690247 0.019651610404253006 0.5452255010604858 0.002144607870529095 0.4869599938392639 0.003238795635600885 0.36960840225219727 0.0013020833333333333 0.3540162146091461 0.002144607870529095 0.3998818277310924 0.0010504201680672047 0.3842896533613446 0.002144607843137233
0 0.24569162726402283 0.002144607870529095 0.23830586671829224 0.015274859964847565 0.2465122640132904 0.030593487123648327 0.2645663619041443 0.05466561516125997 0.2744140625 0.06123074392477671 0.29410943388938904 0.038252800703048706 0.30477777123451233 0.019651610404253006 0.31790801882743835 0.003238795635600885 0.28262045979499817 0.004332983245452245 0.26292508840560913 0.003238795635600885 0.28493960084033615 0.0
1 0.06186810880899429 0.22645308574040732 0.13654641807079315 0.25380776325861615 0.1693720519542694 0.24943101406097412 0.17593717575073242 0.2209821343421936 0.170192688703537 0.17502625783284506 0.15870371460914612 0.13344713052113852 0.1554211527109146 0.09515056014060974 0.1693720519542694 0.09296218554178874 0.17511652410030365 0.1356355051199595 0.1874261349439621 0.1980042060216268 0.20383895933628082 0.22973565260569254 0.23338201642036438 0.2669380307197571 0.25882187485694885 0.28225664297739667 0.29657137393951416 0.29648109277089435 0.31052225828170776 0.30632877349853516 0.3055984079837799 0.32821253935496014 0.28015854954719543 0.3413428068161011 0.23502331972122192 0.3533788522084554 0.19317062199115753 0.381827712059021 0.17183396220207214 0.41355915864308673 0.15377986431121826 0.4660801887512207 0.13900834321975708 0.4967174530029297 0.13080193102359772 0.5120360453923544 0.11931295692920685 0.5295430819193522 0.10782398283481598 0.5514268080393473 0.0963350236415863 0.5525209903717041 0.10864463448524475 0.5284488598505656 0.11603039503097534 0.4967174530029297 0.10864463448524475 0.46826855341593426 0.09223181754350662 0.43325455983479816 0.0651506707072258 0.4026172955830892 0.04135208576917648 0.3829219341278076 0.0093470998108387 0.3577556212743123 0.0396205357142857 0.35775560224089636 0.02895220588235292 0.3522846638655463 0.018283876050420145 0.3468137254901961 0.010077468487394936 0.343531162464986 0.007615546218487368 0.3358718487394958 0.005974264705882332 0.30304621848739494 0.005974264705882332 0.2581845238095238 0.005974264705882332 0.23630077030812324
