1 0.3955235779285431 0.2772177457809448 0.41048702597618103 0.2845682104428609 0.41521233320236206 0.29296875 0.4183625280857086 0.3171202937761943 0.4183625280857086 0.3412718375523885 0.41284966468811035 0.34862232208251953 0.39079827070236206 0.34757224718729657 0.3789850175380707 0.3412718375523885 0.3734721541404724 0.3339213530222575 0.37819746136665344 0.3129200339317322 0.39079827070236206 0.28771841526031494
1 0.5294071435928345 0.32447075843811035 0.549095869064331 0.33497142791748047 0.5672095417976379 0.34757224718729657 0.5711473226547241 0.3580729166666667 0.5672095417976379 0.3717237710952759 0.5601215958595276 0.38222448031107586 0.5396453142166138 0.39587533473968506 0.5175938606262207 0.39797548453013104 0.49002963304519653 0.40007559458414715 0.47900390625 0.40742607911427814 0.46719062328338623 0.41162633895874023 0.45537739992141724 0.4032258192698161 0.44513922929763794 0.3790742556254069 0.44120147824287415 0.3643733263015747 0.4703408479690552 0.34652217229207355 0.5057806372642517 0.33287129799524945
1 0.008836314082145691 0.17011088132858276 0.028525076806545258 0.194262425104777 0.019074469804763794 0.21211357911427817 0.06645350302419353 0.17011088709677422 0.08614226310483872 0.1942624327956989 0.07669165826612903 0.21211357526881722 0.05621534778225806 0.2289146505376344 0.03731413810483872 0.2299647177419355 0.01998802923387097 0.2299647177419355 0.011324974798387094 0.22261424731182797 0.006599672379032251 0.21106350806451613
1 0.008836314082145691 0.1270581285158793 0.012774065136909485 0.15120968222618103 0.012774065136909485 0.15856014688809714 0.06645350302419353 0.1270581317204301 0.07039125504032256 0.15120967741935484 0.07039125504032256 0.15856014784946237 0.05070249495967741 0.15856014784946237 0.029438634072580627 0.15751008064516128 0.02392578125 0.1480594758064516 0.02392578125 0.13335853494623656
1 0.1553206890821457 0.5449848969777426 0.17107169330120087 0.5502352317174276 0.18918535113334656 0.5617859363555908 0.20178616046905518 0.5796370903650919 0.2206873595714569 0.590137759844462 0.2206873595714569 0.6079889138539633 0.21989983320236206 0.6300403277079264 0.21044921875 0.6625924110412598 0.20572391152381897 0.6888441244761149 0.19548577070236206 0.7171959082285563 0.18918535113334656 0.7297967274983724 0.15689578652381897 0.7245463530222574 0.1230311244726181 0.7161458333333334 0.10491746664047241 0.7066952387491862 0.09704196453094482 0.6814936002095541 0.09625440835952759 0.6552419265111288 0.09940461814403534 0.6457913319269816 0.1293315291404724 0.6289902528127035 0.14587008953094482 0.6258400678634644 0.1450825333595276 0.6090389887491862 0.14271987974643707 0.593287984530131 0.14665763080120087 0.5659862359364828
1 0.28684160113334656 0.33917168776194256 0.3199187219142914 0.3580729166666667 0.3403950333595276 0.37277384599049884 0.3340946435928345 0.396925409634908 0.34354522824287415 0.4273773431777954 0.3490580916404724 0.45677924156188965 0.3482705354690552 0.47148017088572186 0.30338016152381897 0.46727991104125977 0.28290385007858276 0.4756804307301839 0.28369140625 0.49563173453013104 0.2750283479690552 0.5134828488032023 0.24982672929763794 0.5460349321365356 0.23486328125 0.5428847471872965 0.22620022296905518 0.5113827387491862 0.2143869698047638 0.481980840365092 0.21753716468811035 0.43472782770792645 0.22305002808570862 0.4137264887491862 0.2451014220714569 0.3874748150507609 0.2616399824619293 0.3759240706761678 0.2773910164833069 0.35912299156188965
1 0.872779130935669 0.2520161271095276 0.8948305249214172 0.2604166666666667 0.9097939729690552 0.26986728111902875 0.9200321435928345 0.30241936445236206 0.9247574210166931 0.3150201638539632 0.915306806564331 0.3412718375523885 0.9050686955451965 0.36332325140635174 0.8798670768737793 0.38327451546986896 0.8601782917976379 0.4095262289047241 0.8404895663261414 0.41162633895874023 0.817650556564331 0.3937751849492391 0.8129252791404724 0.3717237710952759 0.8097750544548035 0.35072243213653564 0.8192256689071655 0.3307711680730184 0.8397020101547241 0.3076696991920471 0.8546654582023621 0.2814180056254069 0.8656911253929138 0.26356687148412067
1 0.7806357145309448 0.5544354915618896 0.7892987728118896 0.581737240155538 0.8011119961738586 0.5964381694793701 0.8263136148452759 0.6069388389587402 0.8491526246070862 0.6174395084381104 0.8688413500785828 0.6132392485936483 0.8798670768737793 0.6079889138539633 0.8822296857833862 0.584887425104777 0.8775044083595276 0.5628360112508138 0.8625409603118896 0.5460349321365356 0.8491526246070862 0.5281838178634644 0.8318265080451965 0.5229334831237793 0.8113501667976379 0.5292338530222574 0.7900863289833069 0.5418346722920736
1 0.6341513395309448 0.08400537570317586 0.6459645628929138 0.08505544066429138 0.6514774560928345 0.10500672459602356 0.6546276211738586 0.13440860311190286 0.6546276211738586 0.15330981214841208 0.6428143978118896 0.1638104816277822 0.62548828125 0.1764112909634908 0.6152501106262207 0.1764112909634908 0.6065870523452759 0.1575100819269816 0.6057994961738586 0.14490927259127298 0.6207630038261414 0.11130712429682414
1 0.4585276246070862 0.4840809901555379 0.47821635007858276 0.47988073031107586 0.4931797981262207 0.48093076546986896 0.5136561393737793 0.5082325140635172 0.5333448648452759 0.5250335931777954 0.5380702018737793 0.5481350819269816 0.5191689729690552 0.5638860861460367 0.5018428564071655 0.586987574895223 0.47585368156433105 0.6226898431777954 0.45537739992141724 0.6300403277079264 0.4262380301952362 0.6226898431777954 0.41678741574287415 0.6132392485936483 0.41127458214759827 0.584887425104777 0.4183625280857086 0.5418346722920736 0.4341135323047638 0.5239835182825724 0.4388388395309448 0.5071824789047241 0.45143961906433105 0.4924815098444621
1 0.4238753914833069 0.6342405875523885 0.45537739992141724 0.6384408473968506 0.4868794083595276 0.6310904026031494 0.5089308023452759 0.5995883544286092 0.5215316414833069 0.5743867556254069 0.5443705916404724 0.5607359011967977 0.5774477124214172 0.5502352317174276 0.6176127791404724 0.5407845973968506 0.653052568435669 0.5449848969777426 0.6766790747642517 0.573336680730184 0.6829794645309448 0.5880376497904459 0.6680160164833069 0.6132392485936483 0.6506898999214172 0.6331905126571655 0.62548828125 0.6615423361460367 0.6176127791404724 0.6625924110412598 0.5900484919548035 0.6531418164571127 0.5561838746070862 0.6604922612508138 0.5168063044548035 0.682543675104777 0.5010553002357483 0.7014448642730713 0.4750661253929138 0.7077453136444092 0.4419890344142914 0.7098454634348551 0.4223002791404724 0.7035450140635172 0.4120621085166931 0.68359375 0.41127458214759827 0.6594421863555908
1 0.6814043521881104 0.0063004034260908766 0.6837670207023621 0.033602150777975716 0.7003055810928345 0.05565356214841207 0.7081810832023621 0.0693044364452362 0.7294449210166931 0.0787550409634908 0.750708818435669 0.07245463629563649 0.7593718767166138 0.05460349222024282 0.7648847103118896 0.011550739407539368 0.8240769909274193 0.0
1 0.012774065136909485 0.768649180730184 0.026162423193454742 0.8064516385396322 0.02222467213869095 0.8379536469777426 0.01434917002916336 0.8642052809397379 0.07984185987903225 0.837953629032258 0.07196635584677419 0.864205309139785 0.039676789314516125 0.8663054435483871 0.014475176411290314 0.8547547043010754 0.0018743699596774077 0.8106518817204301 0.005812121975806439 0.7791498655913979
1 0.30259260535240173 0.7507980664571127 0.33960747718811035 0.7423975467681885 0.3687468469142914 0.7465977668762207 0.38449785113334656 0.7791498502095541 0.3852854073047638 0.793850819269816 0.4041866064071655 0.8106518586476644 0.41284966468811035 0.8379536469777426 0.43017578125 0.8705057303110758 0.43568864464759827 0.8904569943745931 0.3104681074619293 0.891507069269816 0.28920426964759827 0.8558047612508138 0.2750283479690552 0.8316531976064047 0.27030304074287415 0.8138020833333334 0.28369140625 0.7717994054158529
1 0.5160187482833862 0.7581485112508138 0.5506709814071655 0.7371471722920736 0.5695722103118896 0.7276965777079264 0.5861107707023621 0.7371471722920736 0.6034368872642517 0.7865003744761149 0.597923994064331 0.8043514887491862 0.5845356583595276 0.8232526779174805 0.5695722103118896 0.8285030523935953 0.5467332601547241 0.8127520084381104 0.5325573086738586 0.8054015636444092 0.5152312517166138 0.7696992556254069
1 0.35693359375 0.09765625 0.4073368310928345 0.09765625 0.42308783531188965 0.09975637992223103 0.4364761710166931 0.13440860311190286 0.44750189781188965 0.15856014688809714 0.44277656078338623 0.17221103111902872 0.41915008425712585 0.19111224015553793 0.3970986604690552 0.21001344919204712 0.3529958426952362 0.20476311445236206 0.32936933636665344 0.18901209036509195 0.33724483847618103 0.1690608263015747 0.3443327844142914 0.14175906777381897 0.3411825895309448 0.11970766385396321
1 0.7003055810928345 0.31817036867141724 0.7255071997642517 0.3339213530222575 0.7436208128929138 0.34757224718729657 0.7294449210166931 0.3664734363555908 0.7136939167976379 0.4053259293238322 0.7034557461738586 0.43682793776194256 0.6932176351547241 0.4399781624476115 0.67431640625 0.4284274180730184 0.6601405143737793 0.42632726828257245 0.653052568435669 0.40742607911427814 0.6664409041404724 0.3769741455713908 0.6751039624214172 0.3528225819269816 0.6908549666404724 0.32867103815078735
1 0.8523027896881104 0.0031502017130454383 0.9231823086738586 0.0013020833333333333 0.9318453669548035 0.0063004034260908766 0.9223948121070862 0.0346522182226181 0.9050686955451965 0.04095262040694555 0.8814421892166138 0.04305275777975718 0.8680537939071655 0.03780242055654526 0.8601782917976379 0.02730174611012141
1 0.7388955354690552 0.09345598022143047 0.7530714273452759 0.07560484111309052 0.7711851000785828 0.06720430155595143 0.7806357145309448 0.0819052408138911 0.7782730460166931 0.09975637992223103 0.7640971541404724 0.10920698444048564 0.7554340958595276 0.11235718925793965 0.7396830916404724 0.10605678955713908
1 0.4522271752357483 0.04200268785158793 0.43568864464759827 0.08085517585277557 0.43096333742141724 0.09765625 0.44356411695480347 0.13230846325556436 0.4522271752357483 0.13965893785158792 0.4601026773452759 0.1354586680730184 0.46955329179763794 0.1071068545182546 0.4805790185928345 0.05460349222024282 0.4750661253929138 0.04200268785158793 0.46561557054519653 0.0346522182226181
1 0.32585182785987854 0.0853028694788615 0.3222813904285431 0.08085517585277557 0.32936933636665344 0.06405410170555115 0.3403950333595276 0.05670362710952759 0.34748297929763794 0.07560484111309052 0.3490580916404724 0.09345598022143047 0.3466954529285431 0.10395664970080058 0.3364572823047638 0.1071068545182546 0.3285817801952362 0.09975637992223103
1 0.01434917002916336 0.290868620077769 0.03167527914047241 0.30661962429682416 0.024587325751781464 0.3307711680730184 0.01671181619167328 0.3381216526031494 0.0033234618604183197 0.3276209632555644 0.060940650201612906 0.3276209677419355 0.05227759576612903 0.306619623655914
1 0.19863596558570862 0.1837617556254069 0.1781596541404724 0.21841396888097128 0.15610824525356293 0.24256553252538046 0.1513829380273819 0.2509660522143046 0.16083353757858276 0.28351813554763794 0.17028415203094482 0.33602150281270343 0.1757970005273819 0.3675235112508138 0.18839780986309052 0.384324590365092 0.20808658003807068 0.3717237710952759 0.22856289148330688 0.3454720973968506 0.24037614464759827 0.3087197542190552 0.24431389570236206 0.26356687148412067 0.23958858847618103 0.22996471325556436 0.22147491574287415 0.198462704817454 0.2065114676952362 0.18586188554763794
1 0.7798481583595276 0.6352906624476115 0.7955991625785828 0.6184895833333334 0.8215883374214172 0.6310904026031494 0.8562405705451965 0.6384408473968506 0.8436397314071655 0.6667927106221517 0.8444272875785828 0.679393450419108 0.8381268978118896 0.6909441947937012 0.8066248893737793 0.684643824895223 0.7869361042976379 0.6573420763015747
1 0.719994306564331 0.12390793363253276 0.7176316976547241 0.16066028674443564 0.726294755935669 0.194262425104777 0.7239320874214172 0.23836525281270346 0.7121188044548035 0.26776713132858276 0.7058184146881104 0.295068879922231 0.7066059708595276 0.3076696991920471 0.7255071997642517 0.31817036867141724 0.7562216520309448 0.34442206223805744 0.7680348753929138 0.3528225819269816 0.7916614413261414 0.3496723969777425 0.8034746646881104 0.34757224718729657 0.8578156232833862 0.25726646184921265 0.8601782917976379 0.24046538273493448 0.8641160726547241 0.21316363414128622 0.86962890625 0.18691196044286093 0.8523027896881104 0.15120968222618103 0.8263136148452759 0.12180779377619426 0.8137128353118896 0.09450604518254598 0.7955991625785828 0.09765625 0.775122880935669 0.11760752399762471 0.7491337060928345 0.12075772881507874 0.7349578142166138 0.11025705933570862
1 0.5483083128929138 0.1564600169658661 0.5585464835166931 0.14070900281270346 0.57666015625 0.14175906777381897 0.5931987166404724 0.14910954236984253 0.6050119996070862 0.17221103111902872 0.6160376667976379 0.1879620353380839 0.6120999455451965 0.2026629646619161 0.5963489413261414 0.2142137090365092 0.573509931564331 0.2142137090365092 0.5648468732833862 0.2068632443745931 0.5530336499214172 0.196362574895223 0.5475208163261414 0.192162295182546 0.5443705916404724 0.17221103111902872
1 0.653052568435669 0.8904569943745931 0.6546276211738586 0.8505544662475586 0.6562027335166931 0.8222026030222574 0.6664409041404724 0.8222026030222574 0.6947926878929138 0.8484543164571127 0.7089686393737793 0.8684055805206299 0.7113312482833862 0.8936072190602621 0.6609280705451965 0.8936072190602621
1 0.3529958426952362 0.3643733263015747 0.3695344030857086 0.35492273171742755 0.3837102949619293 0.3559727668762207 0.41521233320236206 0.3538726568222046 0.4262380301952362 0.35912299156188965 0.43490108847618103 0.3801243305206299 0.4459267854690552 0.4095262289047241 0.4530147314071655 0.43262767791748047 0.44277656078338623 0.44627857208251953 0.42702558636665344 0.4578293164571126 0.3789850175380707 0.4735803206761678 0.3632339835166931 0.47148017088572186 0.35772114992141724 0.44627857208251953 0.3490580916404724 0.4210769335428874 0.3443327844142914 0.3937751849492391
1 0.08522871136665344 0.8127520084381104 0.13011907041072845 0.8274529774983724 0.13641947507858276 0.8526545365651449 0.13011907041072845 0.8883568445841471 0.0986170619726181 0.891507069269816 0.08286605775356293 0.877856175104777 0.07971584796905518 0.8400537967681885
1 0.03325037658214569 0.20581316947937012 0.05923954397439957 0.21001344919204712 0.08601625263690948 0.2247143785158793 0.07735319435596466 0.23941532770792642 0.0679025948047638 0.24781586726506552 0.054514236748218536 0.24361558755238852 0.04427608102560043 0.23836525281270346 0.030100174248218536 0.21736391385396323
1 0.16746816039085388 0.07107842961947124 0.1945492923259735 0.04591211676597595 0.2224510908126831 0.03168767442305883 0.2191685140132904 0.07326680918534596 0.2191685140132904 0.1268820067246755 0.21998918056488037 0.17721464236577353 0.18634289503097534 0.16627275943756104 0.16746816039085388 0.14438900351524353 0.15844111144542694 0.107186625401179
1 0.617179274559021 0.6761642297108968 0.6007664799690247 0.7046131292978922 0.5917394161224365 0.723214308420817 0.6007664799690247 0.7582283020019531 0.6155380010604858 0.781206210454305 0.643439769744873 0.7954306602478027 0.6647764444351196 0.7976190249125162 0.6893956661224365 0.7790178457895914 0.7214006781578064 0.7691702047983805 0.7739216685295105 0.7647933959960938 0.8083885908126831 0.7440038522084554 0.8362903594970703 0.7166491349538168 0.8289046287536621 0.7068014939626058 0.8141330480575562 0.7035189469655355 0.8026441335678101 0.688200314839681 0.7731010317802429 0.6520920991897583 0.7583295106887817 0.6488095124562582 0.7583295106887817 0.6695990562438965 0.7402753829956055 0.698047955830892 0.7205800414085388 0.692577044169108 0.7131942510604858 0.6783525943756104 0.6976020932197571 0.6794467767079672 0.6746241450309753 0.6772584120432535 0.6516461968421936 0.6663165092468262 0.6442604660987854 0.6597514152526855 0.6262063384056091 0.6717875003814697
1 0.39560627937316895 0.7735469341278076 0.4317144751548767 0.7636992136637369 0.4711052179336548 0.7472863992055258 0.4957244396209717 0.7319677670796713 0.5039308667182922 0.7297794024149576 0.5096753835678101 0.7483805815378824 0.5113166570663452 0.7746411164601644 0.5203436613082886 0.8009015719095866 0.5301913619041443 0.8184086481730143 0.5425009727478027 0.8315388361612955 0.5654789209365845 0.8490458329518636 0.5794298052787781 0.8709296385447184 0.5818917155265808 0.8884366353352865 0.5851743221282959 0.8993785381317139 0.547424852848053 0.8982842763264974 0.513778567314148 0.8993785381317139 0.47602909803390503 0.8993785381317139 0.44812726974487305 0.9004727204640707 0.43335577845573425 0.8632702827453613 0.41940486431121826 0.8238795598347982 0.40545397996902466 0.798713207244873 0.39806821942329407 0.7921481132507324 0.39560627937316895 0.7855830192565918
1 0.014828979969024658 0.4879639546076457 0.027959227561950684 0.49781163533528644 0.052578456699848175 0.48905813694000244 0.07309447228908539 0.4726453224817912 0.08868664503097534 0.46498600641886395 0.11166459321975708 0.4759278694788615 0.1247948408126831 0.49781163533528644 0.12561547756195068 0.517506996790568 0.10920266807079315 0.5415791273117065 0.09443113207817078 0.5558035771052042 0.06734998524188995 0.5711222092310587 0.032062433660030365 0.5886292060216268 0.008263848721981049 0.5941001574198405 0.12496717436974786 0.5711221988795518 0.08967962184873945 0.5886292016806723 0.06588103991596636 0.5941001400560225 0.030593487394957958 0.5908175770308124 0.0035123424369747636 0.5820640756302521 0.0002297794117646912 0.536108193277311 0.0035123424369747636 0.5 0.0010504201680671954 0.46608018207282914
1 0.019752822816371918 0.009803921605149904 0.025497309863567352 0.07436099648475647 0.018932178616523743 0.109375 0.010725773870944977 0.11375174919764201 0.006622567772865295 0.0013020833333333333 0.020745798319327713 0.08858543417366944 0.0084361869747899 0.07545518207282911 0.0018710609243697274 0.06013655462184872 0.006794905462184836 0.017463235294117623 0.004339137998949568 2.3129646346357427e-18 0.04290309873949577 0.0032387955182072606 0.06423975840336132 0.0010504201680672047
1 0.029600508511066437 0.017463235805432003 0.0517578125 0.002144607870529095 0.07555639743804932 0.010898109525442123 0.09525176882743835 0.02074579770366351 0.15351726114749908 0.02512254814306895 0.16500623524188995 0.04700630406538645 0.15433791279792786 0.08420868714650472 0.15762047469615936 0.13782387971878052 0.1526966243982315 0.16189601023991904 0.13710445165634155 0.18377975622812906 0.09935498237609863 0.21113445361455283 0.09032793343067169 0.21113445361455283 0.0657087042927742 0.1980042060216268 0.03944820165634155 0.19253325462341309 0.02631794661283493 0.17174369096755981 0.020573467016220093 0.15204831957817078 0.020573467016220093 0.12578781445821127 0.02631794661283493 0.107186625401179 0.030421152710914612 0.07545518378416698 0.029600508511066437 0.04700630406538645
1 0.2298368513584137 0.5864408413569132 0.24214646220207214 0.5765931208928426 0.2634831368923187 0.5919117530186971 0.2930262088775635 0.6105129718780518 0.30779772996902466 0.6225490172704061 0.29056426882743835 0.7068014939626058 0.28728172183036804 0.7374387582143148 0.27661338448524475 0.7615108489990234 0.2569180130958557 0.7735469341278076 0.2331194281578064 0.7779236634572347 0.19208738207817078 0.7844887574513754 0.1879841834306717 0.753851572672526 0.19208738207817078 0.7396271228790283 0.20767956972122192 0.7100840409596761 0.21998918056488037 0.6586571931838989 0.22737494111061096 0.644432783126831 0.2298368513584137 0.6094187498092651
1 0.30041196942329407 0.48686973253885907 0.3135422170162201 0.478116234143575 0.33652016520500183 0.48249300320943195 0.3553948998451233 0.48358718554178876 0.3693457841873169 0.5054709513982137 0.3841173052787781 0.5207895835240682 0.39560627937316895 0.5361081759134928 0.3832966685295105 0.5514268080393473 0.3726283609867096 0.5590861241022745 0.3447265625 0.5536152124404907 0.3201073408126831 0.539390762646993 0.30779772996902466 0.5240721305211385 0.3020532429218292 0.5065651337305704
1 0.36688387393951416 0.48249300320943195 0.40217140316963196 0.4759278694788615 0.43745896220207214 0.46498600641886395 0.44484472274780273 0.4759278694788615 0.4423828125 0.49234068393707275 0.4259699881076813 0.5076593160629272 0.41283974051475525 0.5350139935811361 0.39478564262390137 0.5186011791229248 0.3800141215324402 0.5043767690658569
1 0.29384684562683105 0.4879639546076457 0.30861836671829224 0.5470500787099203 0.36442193388938904 0.570028026898702 0.36442193388938904 0.5919117530186971 0.35703617334365845 0.6061362028121948 0.33569952845573425 0.6137955188751221 0.3135422170162201 0.6105129718780518 0.2716895341873169 0.5842524369557699 0.2511735260486603 0.5678396224975586 0.24953222274780273 0.561274528503418 0.2675863206386566 0.5350139935811361 0.28399914503097534 0.5109418630599976 0.29056426882743835 0.5010941823323568
1 0.5646582841873169 0.5109418630599976 0.5983045697212219 0.4627976020177205 0.6212825179100037 0.4507615566253662 0.6442604660987854 0.46389182408650714 0.6655970811843872 0.4715511401494344 0.7074497938156128 0.47373950481414795 0.7287864089012146 0.4792104164759318 0.7493024468421936 0.4945290486017863 0.7493024468421936 0.5142244497934977 0.7394547462463379 0.5470500787099203 0.7345309257507324 0.574404756228129 0.7164767980575562 0.5820640722910563 0.7074497938156128 0.5864408413569132 0.6934989094734192 0.5897233883539835 0.6746241450309753 0.548144261042277 0.6565700769424438 0.5372023979822794 0.630309522151947 0.5328256289164225 0.5835330486297607 0.5415791273117065 0.5679408311843872 0.5415791273117065 0.5646582841873169 0.5295430819193522
1 0.3201073408126831 0.6302083333333334 0.3488297760486603 0.6192664702733358 0.37755218148231506 0.6105129718780518 0.39888885617256165 0.6127013365427653 0.4111984670162201 0.6192664702733358 0.4103778302669525 0.635679284731547 0.4038127064704895 0.6531862815221151 0.3972475826740265 0.6783525943756104 0.3824760317802429 0.6969537734985352 0.37098705768585205 0.7133665879567465 0.3619600236415863 0.7319677670796713 0.3447265625 0.7319677670796713 0.31190094351768494 0.7341561317443848 0.2995913326740265 0.736344575881958 0.29466748237609863 0.7243084907531738 0.2954881191253662 0.705707311630249 0.3061564564704895 0.67507004737854 0.30861836671829224 0.6477153301239014 0.31190094351768494 0.635679284731547
1 0.3972475826740265 0.6947654088338217 0.38822051882743835 0.7078956762949625 0.38083475828170776 0.7188374996185303 0.3759109079837799 0.7254026730855306 0.3734489977359772 0.7352503140767416 0.3841173052787781 0.7516631285349528 0.3906824588775635 0.7593224843343099 0.4029920697212219 0.7396271228790283 0.4144810140132904 0.7221201260884603 0.4177635908126831 0.7078956762949625 0.4079158902168274 0.6914828618367513
1 0.611434817314148 0.7976190249125162 0.6270269751548767 0.8096551100413004 0.6426191329956055 0.8216911951700846 0.6467223763465881 0.8370098272959391 0.6426191329956055 0.8764005502065023 0.6426191329956055 0.8993785381317139 0.6065109372138977 0.8982842763264974 0.5950220227241516 0.9004727204640707 0.5884568691253662 0.8643644650777181 0.5876362323760986 0.84685746828715 0.5892775058746338 0.8304446538289388 0.5974839329719543 0.8173143863677979 0.604049026966095 0.8052783807118734
1 0.08212152123451233 0.6542804638544718 0.05914358049631119 0.6695990562438965 0.03288307785987854 0.6947654088338217 0.020573467016220093 0.71555495262146 0.014828979969024658 0.7429096698760986 0.019752822816371918 0.753851572672526 0.030421152710914612 0.7779236634572347 0.03288307785987854 0.7899597485860189 0.03534499555826187 0.7998073895772299 0.07391510903835297 0.8052783807118734 0.0968930572271347 0.8074667453765869 0.12233291566371918 0.816220204035441 0.13464252650737762 0.8238795598347982 0.14859342575073242 0.8282562891642252 0.15926174819469452 0.8074667453765869 0.17321264743804932 0.7932422955830892 0.17813648283481598 0.7658875783284506 0.17649520933628082 0.7385329405466715 0.15515854954719543 0.7374387582143148 0.1280774027109146 0.7308735847473145 0.1075613796710968 0.7264968554178873 0.08950728178024292 0.7089898586273193 0.08786600828170776 0.6641281445821127
1 0.1773158460855484 0.8019958337148031 0.16500623524188995 0.8216911951700846 0.15105535089969635 0.8402923742930094 0.14366957545280457 0.8567051887512207 0.1354631632566452 0.8917191823323568 0.17977777123451233 0.8960959116617838 0.20767956972122192 0.8950017293294271 0.23476070165634155 0.8960959116617838 0.253635436296463 0.8960959116617838 0.24296709895133972 0.8687412738800049 0.2331194281578064 0.8534226417541504 0.22163045406341553 0.8381040096282959 0.1986525058746338 0.8227853775024414 0.18634289503097534 0.8085609277089437
1 0.25855928659439087 0.8260679244995117 0.2511735260486603 0.8435749212900797 0.2503528892993927 0.859987735748291 0.25527670979499817 0.8796830972035726 0.26266250014305115 0.8939075469970703 0.2823578715324402 0.9004727204640707 0.2963087558746338 0.8993785381317139 0.3061564564704895 0.8993785381317139 0.2856404185295105 0.8676470915476481 0.27415144443511963 0.8446691036224365 0.26922762393951416 0.8282562891642252
1 0.18552225828170776 0.7943364779154459 0.20685890316963196 0.8085609277089437 0.22080981731414795 0.8216911951700846 0.2396845519542694 0.8391981919606527 0.2544560730457306 0.8238795598347982 0.26594504714012146 0.8041841983795166 0.2675863206386566 0.7833945751190186 0.2577386498451233 0.781206210454305 0.24542903900146484 0.7801120281219482 0.2298368513584137 0.7877713839213053 0.2224510908126831 0.7899597485860189 0.21096211671829224 0.7910539309183756 0.19701123237609863 0.7932422955830892
1 0.010725773870944977 0.3533788522084554 0.013187699019908905 0.36103816827138263 0.010725773870944977 0.3938637971878052 0.0033400095999240875 0.41793592770894367 0.0683429621848739 0.35337885154061627 0.07080488445378147 0.3610381652661065 0.0683429621848739 0.3938637955182073 0.060957195378151224 0.41793592436974797 0.056033350840336116 0.42997198879551823 0.0437237394957983 0.42997198879551823 0.026490283613445353 0.4354429271708684 0.0018710609243697274 0.4420080532212885 0.0018710609243697274 0.3905812324929972 0.0035123424369747636 0.344625350140056 0.007615546218487368 0.3117997198879552 0.0051536239495798 0.26693802521008403
1 0.13135996460914612 0.5798757076263428 0.10263754427433014 0.5809698899586996 0.08294215798377991 0.5853466192881266 0.06734998524188995 0.5919117530186971 0.032062433660030365 0.6148897012074789 0.01729089766740799 0.6269257863362631 0.006622567772865295 0.7352503140767416 0.02877987176179886 0.688200314839681 0.05914358049631119 0.6586571931838989 0.06734998524188995 0.6509979168574015 0.09114857017993927 0.6334908803304037 0.1075613796710968 0.6203606526056925 0.1321806013584137 0.6159838835398356 0.13464252650737762 0.5941001574198405 0.052750787815126016 0.7407212885154061 0.06423975840336132 0.7352503501400559 0.08639705882352938 0.6882002801120448 0.11676076680672265 0.6586572128851541 0.12496717436974786 0.6509978991596639 0.14876575630252098 0.6334908963585434 0.1651785714285714 0.6203606442577031 0.18979779411764702 0.615983893557423 0.1922597163865546 0.5941001400560225
1 0.0025193654000759125 0.6028536558151245 0.018932178616523743 0.605042020479838 0.004981286823749542 0.6170780658721924 0.07654936974789917 0.6050420168067228 0.06259847689075629 0.6170780812324931 0.05357142857142855 0.6258315826330533 0.04946822478991594 0.6302083333333334 0.029772846638655426 0.6499037114845939 0.019104516806722677 0.6630339635854342 0.011718749999999972 0.6728816526610645 0.005974264705882332 0.6827293417366946 0.0026917016806722316 0.6903886554621849 4.336808689942018e-19 0.6873978758169934 0.0 0.6873978758169934 0.0018710609243697274 0.6269257703081234
1 0.03288307785987854 0.811843474706014 0.014828979969024658 0.8939075469970703 0.08212152123451233 0.8950017293294271 0.07473576068878174 0.8567051887512207 0.07555639743804932 0.8271621068318685 0.0763770341873169 0.8184086481730143
1 0.3652425706386566 0.010898109525442123 0.3488297760486603 0.0360644261042277 0.34965041279792786 0.04700630406538645 0.36031875014305115 0.08639706174532573 0.40217140316963196 0.08420868714650472 0.42350807785987854 0.08311449488004048 0.43745896220207214 0.053571427861849465 0.44730663299560547 0.03278186172246933 0.44484472274780273 0.006521358465154965 0.4210461676120758 0.004332983245452245 0.4029920697212219 0.005427171165744464 0.3832966685295105 0.005427171165744464 0.3734489977359772 0.006521358465154965
1 0.27743402123451233 0.010898109525442123 0.29384684562683105 0.04372373720010122 0.32174861431121826 0.10280987620353699 0.3307756781578064 0.13891807198524475 0.32913437485694885 0.157519261042277 0.31518349051475525 0.18377975622812906 0.2922055423259735 0.1980042060216268 0.26676568388938904 0.2067577044169108 0.24871158599853516 0.2209821343421936 0.23147812485694885 0.18377975622812906 0.22737494111061096 0.10390405853589375 0.23394006490707397 0.02512254814306895 0.2372226119041443 0.003238795635600885 0.2684069573879242 0.006521358465154965
1 0.8559857606887817 0.04591211676597595 0.8855288028717041 0.06451330582300822 0.8961971402168274 0.07983193298180898 0.904403567314148 0.11594012379646301 0.9109686613082886 0.13454131285349527 0.8904526829719543 0.14657737811406454 0.8699366450309753 0.14329482118288675 0.8576270341873169 0.12250524759292603 0.838752269744873 0.09405636787414551 0.8313665390014648 0.0896796186765035 0.8346490859985352 0.07545518378416698
1 0.3201073408126831 0.20019257068634033 0.35375359654426575 0.22426470120747885 0.37837284803390503 0.2319240172704061 0.3865792453289032 0.2603728969891866 0.3865792453289032 0.2713147799173991 0.3685251474380493 0.3139880895614624 0.36442193388938904 0.33040090401967365 0.34308528900146484 0.3194590409596761 0.32585182785987854 0.2942927082379659 0.3102596402168274 0.2516193985939026 0.3102596402168274 0.2319240172704061 0.3209279775619507 0.2133228381474813
1 0.3997094929218292 0.22535890340805054 0.429252564907074 0.20128677288691202 0.43992090225219727 0.19581582148869833 0.45140987634658813 0.2023809552192688 0.4563336968421936 0.21879376967748007 0.449768602848053 0.24286590019861856 0.43417641520500183 0.28116246064503986 0.41612231731414795 0.2767857114473979 0.3972475826740265 0.2559961477915446 0.39560627937316895 0.2363007664680481
1 0.16172367334365845 0.1629901925722758 0.1838809698820114 0.1870623230934143 0.15187598764896393 0.2319240172704061 0.14531086385250092 0.24396008253097534 0.15023469924926758 0.2669380307197571 0.15351726114749908 0.29101016124089557 0.15515854954719543 0.3052345911661784 0.15926174819469452 0.3347776730855306 0.16582687199115753 0.3686974843343099 0.16582687199115753 0.37745098272959393 0.15351726114749908 0.3938637971878052 0.1288980394601822 0.40918242931365967 0.11822971701622009 0.41246497631073 0.09771369397640228 0.4255952437718709 0.08294215798377991 0.4420080582300822 0.07145318388938904 0.4562325080235799 0.059964217245578766 0.46826855341593426 0.036986276507377625 0.48030463854471844 0.015649616718292236 0.48249300320943195 0.0009765625 0.4420080582300822 0.015649616718292236 0.40480566024780273 0.02631794661283493 0.3676033020019531 0.036165639758110046 0.3293067216873169 0.0378069207072258 0.3107055226961772 0.0517578125 0.3008578419685364 0.06652934849262238 0.2855392098426819 0.07719767093658447 0.2669380307197571 0.08294215798377991 0.25052521626154584 0.09607242047786713 0.2319240172704061 0.11576779186725616 0.2176995873451233 0.13464252650737762 0.2023809552192688 0.14777277410030365 0.18596814076105753 0.1567998230457306 0.1728378931681315 0.21441701680672265 0.17283788515406162
1 0.15351726114749908 0.4058998425801595 0.17567457258701324 0.4201242923736572 0.20111441612243652 0.4376312891642253 0.2052176296710968 0.4441964228947957 0.2052176296710968 0.4748336871465047 0.21096211671829224 0.5076593160629272 0.2224510908126831 0.5350139935811361 0.2298368513584137 0.5558035771052042 0.23065748810768127 0.5678396224975586 0.18223969638347626 0.5448617140452067 0.16500623524188995 0.5350139935811361 0.1461315006017685 0.5207895835240682 0.13382188975811005 0.5 0.11248522996902466 0.46170341968536377 0.10674074292182922 0.4562325080235799 0.1075613796710968 0.44857319196065265 0.10838203132152557 0.4288777907689412 0.12561547756195068 0.421218474706014
1 0.7435579895973206 0.3632265329360962 0.7985408902168274 0.36432071526845294 0.8305459022521973 0.421218474706014 0.8650128245353699 0.43872547149658203 0.8953765034675598 0.46826855341593426 0.9199957251548767 0.4879639546076457 0.9068654775619507 0.5021883646647135 0.8765017986297607 0.526260495185852 0.8723985552787781 0.5284488598505656 0.8428555130958557 0.5153186321258545 0.8083885908126831 0.513130267461141 0.7845900058746338 0.5317314465840658 0.7665359377861023 0.5470500787099203 0.7566882371902466 0.5470500787099203 0.755867600440979 0.5021883646647135 0.7509437203407288 0.46498600641886395 0.7230419516563416 0.4551382859547933 0.7107323408126831 0.44857319196065265 0.7214006781578064 0.41246497631073 0.727965772151947 0.3829219341278076
1 0.9339466094970703 0.31617647409439087 0.9405117630958557 0.3227415879567464 0.94140625 0.33347558975219727 0.9413323998451233 0.36432071526845294 0.9405117630958557 0.3872986634572347 0.938049852848053 0.41574756304423016 0.9388704895973206 0.48905813694000244 0.9298434257507324 0.48577555020650226 0.9158925414085388 0.47045691808064777 0.8822462558746338 0.4376312891642253 0.8715779185295105 0.4234068791071574 0.866654098033905 0.41793592770894367 0.8814256191253662 0.39933474858601886 0.9011210203170776 0.381827712059021 0.9158925414085388 0.3599439859390259 0.9273815155029297 0.3325892885526021
1 0.806747317314148 0.8271621068318685 0.8756811022758484 0.8216911951700846 0.9282021522521973 0.8304446538289388 0.94140625 0.8357263406117758 0.9396911263465881 0.8654586474100748 0.924919605255127 0.8818714618682861 0.9126099944114685 0.8971900939941406 0.8765017986297607 0.8993785381317139 0.8428555130958557 0.9004727204640707 0.8289046287536621 0.8993785381317139 0.8182362914085388 0.8709296385447184
1 0.5630170106887817 0.22535890340805054 0.6081522703170776 0.2209821343421936 0.6196412444114685 0.2166053851445516 0.6311301589012146 0.23520658413569132 0.6344127655029297 0.2603728969891866 0.6270269751548767 0.2745973467826843 0.617179274559021 0.3008578419685364 0.6048696637153625 0.3260241548220317 0.5933806896209717 0.3380602200826009 0.5876362323760986 0.3380602200826009 0.5613757371902466 0.3347776730855306 0.5367565155029297 0.31179972489674884 0.5236262679100037 0.3008578419685364 0.5293707251548767 0.28225664297739667 0.5482454895973206 0.26584382851918537 0.5613757371902466 0.2516193985939026 0.5671201944351196 0.23739494880040488
1 0.6565700769424438 0.16736694176991782 0.6852924823760986 0.18377975622812906 0.7131942510604858 0.19253325462341309 0.7164767980575562 0.2023809552192688 0.709091067314148 0.22645308574040732 0.701705276966095 0.25380776325861615 0.6951401829719543 0.26256128152211505 0.6803686022758484 0.26912639538447064 0.663955807685852 0.26584382851918537 0.6524668335914612 0.2549019654591878 0.6442604660987854 0.2472426493962606 0.6270269751548767 0.21551120281219482 0.6229237914085388 0.19909838835398355 0.6311301589012146 0.1826855738957723 0.6483636498451233 0.17393207550048828
1 0.4883387088775635 0.04481792946656545 0.5113166570663452 0.04262954990069071 0.545783519744873 0.018557423104842503 0.5589138269424438 0.011992296824852625 0.5679408311843872 0.0076155463854471845 0.6081522703170776 0.0076155463854471845 0.6221031546592712 0.026216737926006317 0.6294888854026794 0.051383053263028465 0.6344127655029297 0.06889005502065022 0.6237444281578064 0.07764355838298798 0.611434817314148 0.09733893473943074 0.6024077534675598 0.11703431606292725 0.5983045697212219 0.1356355051199595 0.5761472582817078 0.13235293825467428 0.5539899468421936 0.13454131285349527 0.5490661263465881 0.13782387971878052 0.5359358787536621 0.14767157038052878 0.5236262679100037 0.14110644658406576 0.5121372938156128 0.13672968745231628 0.49654507637023926 0.13782387971878052 0.4801322817802429 0.13782387971878052 0.47192585468292236 0.13344713052113852 0.47602909803390503 0.109375 0.48259419202804565 0.0853028694788615 0.4875180721282959 0.05685398976008097
1 0.4604368805885315 0.16955532630284628 0.4711052179336548 0.16955532630284628 0.48259419202804565 0.16189601023991904 0.4940831661224365 0.15095412731170654 0.5080340504646301 0.15095412731170654 0.5170611143112183 0.15533088644345602 0.5359358787536621 0.157519261042277 0.5359358787536621 0.1651785671710968 0.5367565155029297 0.1761204401652018 0.5359358787536621 0.18925070762634277 0.5301913619041443 0.19691002368927002 0.513778567314148 0.20347513755162558 0.49244189262390137 0.2133228381474813 0.47931164503097534 0.21988795200983682 0.4702845811843872 0.2209821343421936 0.4596162438392639 0.20347513755162558 0.4530511498451233 0.1870623230934143
1 0.4678226709365845 0.23411240180333456 0.5022895932197571 0.22535890340805054 0.5260881781578064 0.21441702047983804 0.5498867630958557 0.21441702047983804 0.5539899468421936 0.22426470120747885 0.545783519744873 0.23848915100097656 0.534294605255127 0.2559961477915446 0.519523024559021 0.2745973467826843 0.5145992040634155 0.2855392098426819 0.5129579305648804 0.30632877349853516 0.5031102299690247 0.3194590409596761 0.4776703715324402 0.32492997248967487 0.4456653594970703 0.33696603775024414 0.4382795989513397 0.33696603775024414 0.4317144751548767 0.3325892885526021 0.4259699881076813 0.3172706564267476 0.4349970519542694 0.29319852590560913 0.45140987634658813 0.2735031445821126 0.4596162438392639 0.26256128152211505
1 0.44771695137023926 0.4507615566253662 0.4665917158126831 0.4255952437718709 0.49367284774780273 0.41465338071187335 0.5273191332817078 0.40918242931365967 0.537987470626831 0.41574756304423016 0.5191127061843872 0.43653710683186847 0.5051618218421936 0.4540441036224365 0.4903903007507324 0.4660801887512207 0.47233617305755615 0.469362735748291 0.4567440152168274 0.469362735748291
1 0.5490661263465881 0.4069940646489461 0.5753266215324402 0.381827712059021 0.5810710787773132 0.35228466987609863 0.5966632962226868 0.3446253538131714 0.6368746757507324 0.2899159590403239 0.6376953125 0.27897409598032635 0.6467223763465881 0.2713147799173991 0.6647764444351196 0.2756915291150411 0.6779066920280457 0.28116246064503986 0.6861131191253662 0.2921043435732524 0.6934989094734192 0.31179972489674884 0.6852924823760986 0.3227415879567464 0.6697003245353699 0.35228466987609863 0.6549287438392639 0.37745098272959393 0.650825560092926 0.40480566024780273 0.6516461968421936 0.4277836084365845 0.6623145341873169 0.4573266903559367 0.6401572227478027 0.4507615566253662 0.6204618811607361 0.44857319196065265 0.590918779373169 0.4573266903559367 0.5728647112846375 0.4846813678741455 0.5572724938392639 0.5120360453923544 0.5564518570899963 0.5317314465840658 0.5523486733436584 0.548144261042277 0.547424852848053 0.5339198112487793 0.5400390625 0.5109418630599976 0.519523024559021 0.4945290486017863 0.5080340504646301 0.48030463854471844 0.5170611143112183 0.4551382859547933 0.5285500884056091 0.4409138758977254 0.5408596992492676 0.421218474706014
1 0.7517643570899963 0.5853466192881266 0.7739216685295105 0.5776873429616293 0.7895138263702393 0.5973827044169108 0.7919757962226868 0.6083245674769083 0.7780248522758484 0.6214548349380493 0.7624326944351196 0.6302083333333334 0.7476611733436584 0.6313025156656901 0.7419167160987854 0.6247373819351196 0.742737352848053 0.6028536558151245
1 0.9142512679100037 0.5153186321258545 0.9019416570663452 0.5525209903717041 0.8929145932197571 0.5776873429616293 0.8912733197212219 0.6061362028121948 0.9109686613082886 0.6236431996027628 0.9372292160987854 0.6477153301239014 0.94140625 0.6219567855199178 0.9396911263465881 0.54376749197642 0.9396911263465881 0.517506996790568 0.938049852848053 0.5120360453923544
1 0.8789637088775635 0.6269257863362631 0.9011210203170776 0.6334908803304037 0.9134306311607361 0.6389618317286173 0.9306640625 0.6542804638544718 0.9339466094970703 0.6783525943756104 0.9199957251548767 0.702424685160319 0.9003003835678101 0.7078956762949625 0.8789637088775635 0.692577044169108 0.8699366450309753 0.6805409590403239 0.8625508546829224 0.6641281445821127 0.8633714914321899 0.6466211477915446
1 0.7156561613082886 0.8534226417541504 0.7542263269424438 0.8337272802988688 0.7886931896209717 0.8337272802988688 0.7968996167182922 0.8391981919606527 0.8034647703170776 0.8567051887512207 0.8092092275619507 0.8753063678741455 0.8108505010604858 0.8895308176676432 0.8059266805648804 0.8950017293294271 0.7698184847831726 0.8960959116617838 0.7386341094970703 0.8960959116617838 0.7255038619041443 0.8928133646647135 0.7172974944114685 0.8884366353352865
1 0.671341598033905 0.8030900160471598 0.7304277420043945 0.7833945751190186 0.7681772112846375 0.781206210454305 0.8215188384056091 0.7593224843343099 0.846138060092926 0.7319677670796713 0.8510618805885315 0.6914828618367513 0.866654098033905 0.7002363204956055 0.8904526829719543 0.7177433172861735 0.9199957251548767 0.7144607702891032 0.9372292160987854 0.7035189469655355 0.9372292160987854 0.7352503140767416 0.938049852848053 0.7888655662536621 0.9355878829956055 0.816220204035441 0.9199957251548767 0.8173143863677979 0.8633714914321899 0.8140318393707275 0.8157743811607361 0.8151260217030843 0.7903345227241516 0.8195028305053711 0.755867600440979 0.8260679244995117 0.7238625884056091 0.8348214626312256 0.7107323408126831 0.8391981919606527 0.6902163028717041 0.8238795598347982
1 0.5072134137153625 0.7089898586273193 0.5351152420043945 0.6892944971720377 0.5564518570899963 0.6816351413726807 0.5991252064704895 0.6663165092468262 0.604049026966095 0.6739758650461832 0.5933806896209717 0.6969537734985352 0.5851743221282959 0.71555495262146 0.5679408311843872 0.7177433172861735 0.5285500884056091 0.736344575881958 0.5203436613082886 0.7396271228790283
1 0.018111541867256165 0.22535890340805054 0.032062433660030365 0.2319240172704061 0.036165639758110046 0.24505426486333212 0.025497309863567352 0.25709033012390137 0.014828979969024658 0.26803221305211383 0.08311449579831931 0.25709033613445376 0.07244616596638653 0.26803221288515405 0.056033350840336116 0.2789740896358543 0.04208245798319327 0.2800682773109244 0.029772846638655426 0.27240896358543415 0.020745798319327713 0.25709033613445376
1 0.24953222274780273 0.23082983493804932 0.3036945164203644 0.21222863594690958 0.3020532429218292 0.2603728969891866 0.30123260617256165 0.2866334120432536 0.2815372347831726 0.3085171580314636 0.25937992334365845 0.3194590409596761 0.24624967575073242 0.3238357901573181 0.24789094924926758 0.2942927082379659 0.253635436296463 0.2581845323244731
1 0.2889229953289032 0.31289390722910565 0.3036945164203644 0.2953869104385376 0.3135422170162201 0.29101016124089557 0.3266724646091461 0.31836483875910443 0.35621553659439087 0.34681371847788495 0.34636783599853516 0.35556721687316895 0.32503119111061096 0.35228466987609863 0.2987706661224365 0.3293067216873169
1 0.17485392093658447 0.37963934739430744 0.19619059562683105 0.38948702812194824 0.23804327845573425 0.3511904875437419 0.2437877357006073 0.3697916666666667 0.23065748810768127 0.3927696148554484 0.2191685140132904 0.4102766116460164 0.20767956972122192 0.42450106143951416 0.18306033313274384 0.41137079397837323 0.16418559849262238 0.40042893091837567 0.16418559849262238 0.3916754325230916
1 0.24460840225219727 0.34353117148081463 0.25527670979499817 0.33149510622024536 0.27004826068878174 0.32492997248967487 0.2823578715324402 0.3205532232920329 0.28317850828170776 0.32821253935496014 0.2716895341873169 0.34900208314259845 0.260200560092926 0.36432071526845294 0.24789094924926758 0.3632265329360962
1 0.6828305721282959 0.6006652514139811 0.7074497938156128 0.5962885220845541 0.727965772151947 0.5853466192881266 0.7378134727478027 0.58753502368927 0.7304277420043945 0.6148897012074789 0.7337102890014648 0.6323966979980469 0.7476611733436584 0.6455269654591879 0.7451992630958557 0.667410691579183 0.7361721992492676 0.6794467767079672 0.714835524559021 0.6663165092468262 0.6959608197212219 0.6641281445821127 0.6606732606887817 0.6597514152526855 0.6459017395973206 0.6542804638544718 0.6655970811843872 0.635679284731547 0.6770860552787781 0.6127013365427653
1 0.6212825179100037 0.006521358465154965 0.6368746757507324 0.04372373720010122 0.6491842865943909 0.07217261691888173 0.6549287438392639 0.107186625401179 0.6631351709365845 0.14985994497934976 0.6672383546829224 0.16408438483874002 0.6893956661224365 0.17502625783284506 0.7140148878097534 0.1826855738957723 0.7115529775619507 0.15533088644345602 0.7140148878097534 0.11594012379646301 0.7008846402168274 0.07764355838298798 0.6803686022758484 0.039346988002459206 0.6697003245353699 0.006521358465154965 0.6385159492492676 0.0013020833333333333
1 0.45058923959732056 0.0013020833333333333 0.45879560708999634 0.02074579770366351 0.4809529185295105 0.02731092522541682 0.49900704622268677 0.02840511252482732 0.532653272151947 0.016369047264258068 0.5441422462463379 0.0076155463854471845 0.4973657727241516 0.006521358465154965 0.4735671877861023 0.004332983245452245 0.46454012393951416 0.002144607870529095 0.45879560708999634 0.0013020833333333333
1 0.1526966243982315 0.002144607870529095 0.15844111144542694 0.018557423104842503 0.1707507222890854 0.04591211676597595 0.19536995887756348 0.037158613403638206 0.21178275346755981 0.026216737926006317 0.22327172756195068 0.015274859964847565 0.22737494111061096 0.0076155463854471845 0.22163045406341553 0.004332983245452245 0.20111441612243652 0.002144607870529095 0.17239201068878174 0.003238795635600885
1 0.7731010317802429 0.005427171165744464 0.7714597582817078 0.021839986244837444 0.7731010317802429 0.04262954990069071 0.7804868221282959 0.06341911852359772 0.7903345227241516 0.08420868714650472 0.806747317314148 0.09186799327532451 0.8223394751548767 0.0874912440776825 0.8338284492492676 0.05685398976008097 0.846138060092926 0.04262954990069071 0.853523850440979 0.0349702388048172 0.8444967865943909 0.013086484124263128 0.8412142395973206 0.004332983245452245 0.8092092275619507 0.005427171165744464 0.7878725528717041 0.004332983245452245
1 0.8740398287773132 0.153142511844635 0.8748604655265808 0.17721464236577353 0.8765017986297607 0.19691002368927002 0.8682953715324402 0.22535890340805054 0.8699366450309753 0.2417717178662618 0.8888114094734192 0.24943101406097412 0.9011210203170776 0.25380776325861615 0.9183544516563416 0.2516193985939026 0.9158925414085388 0.22754726807276407 0.8978384137153625 0.20456931988398233 0.897017776966095 0.1870623230934143 0.8953765034675598 0.1629901925722758 0.8896320462226868 0.1586134433746338
