1 0.5869879126548767 0.03125 0.5730370283126831 0.04481792822480202 0.5746783018112183 0.07654937356710434 0.5787814855575562 0.10280987620353699 0.5927324295043945 0.11156337708234787 0.6124277710914612 0.10280987620353699 0.6427915096282959 0.056853991001844406 0.6706932783126831 0.03125 0.6788997054100037 0.03125 0.6304818987846375 0.03125 0.6158580780029297 0.03125 0.5960149765014648 0.03125 0.5886291861534119 0.03125
1 0.3227415978908539 0.6914828419685364 0.3572085201740265 0.6838235259056091 0.389213502407074 0.6772584319114685 0.4031643867492676 0.6947653889656067 0.40234375 0.7100840210914612 0.40480566024780273 0.7374387383460999 0.4056263267993927 0.7626050114631653 0.3982405364513397 0.7812061905860901 0.3810071051120758 0.7855830192565918 0.36541491746902466 0.7691702246665955 0.33505120873451233 0.746192216873169 0.32438287138938904 0.7297794222831726 0.3227415978908539 0.7100840210914612
1 0.25791096687316895 0.5809698700904846 0.27514442801475525 0.5645570755004883 0.2882746756076813 0.561274528503418 0.29976364970207214 0.5787815451622009 0.3087907135486603 0.6072303652763367 0.3079700767993927 0.6247373819351196 0.29566046595573425 0.6597514152526855 0.28909531235694885 0.6739758849143982 0.27104121446609497 0.667410671710968 0.2636554539203644 0.6564688086509705 0.26119354367256165 0.6236432194709778 0.26119354367256165 0.6072303652763367
1 0.23657432198524475 0.5908175706863403 0.2209821492433548 0.6061362028121948 0.1996454894542694 0.6378676295280457 0.17995010316371918 0.667410671710968 0.17995010316371918 0.6892945170402527 0.18405330181121826 0.7111782431602478 0.1856945902109146 0.746192216873169 0.1856945902109146 0.7812061905860901 0.19390100240707397 0.7965248227119446 0.2103138118982315 0.8009015917778015 0.23575367033481598 0.7921481132507324 0.2488839328289032 0.7812061905860901 0.2628348171710968 0.7560399174690247 0.26447609066963196 0.7100840210914612 0.2636554539203644 0.6805409789085388 0.2620141804218292 0.6695990562438965 0.2529871463775635 0.6203606724739075 0.25134584307670593 0.5995710492134094 0.2488839328289032 0.5864408612251282
1 0.09788602590560913 0.698047935962677 0.1200433298945427 0.6783525943756104 0.13891807198524475 0.6706932187080383 0.1577928066253662 0.6706932187080383 0.16928178071975708 0.67507004737854 0.17666754126548767 0.7166491150856018 0.17420561611652374 0.7429096698760986 0.1791294664144516 0.7877714037895203 0.18323266506195068 0.8009015917778015 0.1684611290693283 0.8184086680412292 0.15040703117847443 0.8315388560295105 0.1339942216873169 0.8446691036224365 0.11840204894542694 0.8512342572212219 0.09788602590560913 0.8643644452095032 0.08803834021091461 0.8588935732841492 0.08393513411283493 0.8446691036224365 0.07901129126548767 0.8282563090324402 0.08065257221460342 0.7921481132507324 0.07901129126548767 0.746192216873169 0.08721769601106644 0.7199317812919617
1 0.42860424518585205 0.6170780658721924 0.41055014729499817 0.6597514152526855 0.41137078404426575 0.6892945170402527 0.41383272409439087 0.7418155074119568 0.4203978478908539 0.7658875584602356 0.43270745873451233 0.7855830192565918 0.45322346687316895 0.8107492923736572 0.46307116746902466 0.8348214626312256 0.47291886806488037 0.8435749411582947 0.5139508843421936 0.8271620869636536 0.5361081957817078 0.7801120281219482 0.5434939861297607 0.7374387383460999 0.5254398584365845 0.7035189270973206 0.507385790348053 0.6652223467826843 0.4926142394542694 0.6345850825309753 0.46307116746902466 0.6236432194709778
1 0.38264837861061096 0.2855392098426819 0.37526261806488037 0.31289389729499817 0.37198004126548767 0.3457195460796356 0.36541491746902466 0.3676033020019531 0.36213234066963196 0.381827712059021 0.3711594045162201 0.4004289209842682 0.3982405364513397 0.4157475531101227 0.4277836084365845 0.4201242923736572 0.4368106722831726 0.4201242923736572 0.4482996463775635 0.4015231132507324 0.44994091987609863 0.35884979367256165 0.4376313090324402 0.33040091395378113 0.4261423349380493 0.3139880895614624 0.40726760029792786 0.29101017117500305 0.39331671595573425 0.2855392098426819
1 0.42532169818878174 0.29101017117500305 0.4376313090324402 0.2822566330432892 0.4515821933746338 0.29101017117500305 0.4647124409675598 0.30961135029792786 0.46635371446609497 0.32492998242378235 0.4540441036224365 0.3391543924808502 0.44994091987609863 0.3424369990825653 0.4417344927787781 0.3205532133579254 0.43516936898231506 0.3107055127620697 0.4277836084365845 0.3019520342350006
1 0.590270459651947 0.684917688369751 0.577140212059021 0.71555495262146 0.5804228186607361 0.7385329604148865 0.5869879126548767 0.7527573704719543 0.6083245873451233 0.7615108489990234 0.623916745185852 0.7669817805290222 0.6345850825309753 0.7801120281219482 0.6559217572212219 0.7746410965919495 0.6723345518112183 0.7571341395378113 0.6862854361534119 0.7264968752861023 0.6756170988082886 0.6958596110343933 0.6567423939704895 0.684917688369751 0.6304818987846375 0.6805409789085388 0.6124277710914612 0.6761642098426819
1 0.59765625 0.2702206075191498 0.6288406252861023 0.26256129145622253 0.6534598469734192 0.25709033012390137 0.6788997054100037 0.2581845223903656 0.702698290348053 0.2647496461868286 0.7059808373451233 0.2735031545162201 0.7314206957817078 0.2647496461868286 0.7675288915634155 0.2461484670639038 0.7823004126548767 0.2428659051656723 0.7995339035987854 0.26584383845329285 0.8143054246902466 0.28991594910621643 0.8184086084365845 0.31289389729499817 0.8102021813392639 0.33368349075317383 0.8052783608436584 0.34353116154670715 0.8011751770973206 0.38073351979255676 0.7921481132507324 0.3971463441848755 0.7757353186607361 0.40480566024780273 0.7486541271209717 0.4069940745830536 0.7141872644424438 0.40261730551719666 0.6944918632507324 0.40589985251426697 0.6657694578170776 0.4004289209842682 0.6427915096282959 0.38401612639427185 0.6189929246902466 0.3665091097354889 0.605042040348053 0.3457195460796356 0.6009387969970703 0.3117997348308563 0.5968356132507324 0.28772759437561035
1 0.6649488210678101 0.4168417453765869 0.6772584319114685 0.4168417453765869 0.6813616156578064 0.4255952537059784 0.6764377355575562 0.4474790096282959 0.6797203421592712 0.46717438101768494 0.6862854361534119 0.47921040654182434 0.6854647994041443 0.4978116452693939 0.6805409789085388 0.526260495185852 0.674796462059021 0.5339198112487793 0.6534598469734192 0.5393907427787781 0.644432783126831 0.526260495185852 0.6493566036224365 0.5010941624641418 0.6551011204719543 0.47702205181121826 0.661666214466095 0.43872547149658203
1 0.7962512969970703 0.8326330184936523 0.8069196343421936 0.7976190447807312 0.8241531252861023 0.7823004126548767 0.8389246463775635 0.7833945751190186 0.864364504814148 0.7932422757148743 0.8758534789085388 0.8041841983795166 0.884880542755127 0.8184086680412292 0.8881630897521973 0.8348214626312256 0.8807772994041443 0.8643644452095032 0.8627232313156128 0.8753063678741455 0.8356420397758484 0.8785889148712158 0.8110228180885315 0.867647111415863
1 0.7043395638465881 0.7177433371543884 0.7100840210914612 0.7450980544090271 0.7117252945899963 0.7702643871307373 0.7059808373451233 0.7921481132507324 0.7035189270973206 0.7998073697090149 0.715828537940979 0.8282563090324402 0.7306000590324402 0.8359156250953674 0.7568605542182922 0.8501400947570801 0.7609637379646301 0.8534226417541504 0.779838502407074 0.859987735748291 0.7847623229026794 0.8556110262870789 0.7864035964012146 0.8457632660865784 0.7913274765014648 0.8195028305053711 0.7962512969970703 0.7976190447807312 0.8102021813392639 0.7801120281219482 0.826615035533905 0.7768294811248779 0.8422071933746338 0.7768294811248779 0.8405659198760986 0.7472863793373108 0.8315388560295105 0.7199317812919617 0.8241531252861023 0.7144607901573181 0.813484787940979 0.7188374996185303 0.8011751770973206 0.728685200214386 0.7954306602478027 0.7341561317443848 0.7823004126548767 0.7352502942085266 0.7740939855575562 0.7308735847473145 0.7527573704719543 0.7100840210914612 0.7437303066253662 0.7013304829597473 0.7306000590324402 0.698047935962677 0.7240349054336548 0.7002363204956055
1 0.8167673349380493 0.3544730246067047 0.8274356722831726 0.37198004126548767 0.8323594927787781 0.39058125019073486 0.8331801295280457 0.4015231132507324 0.8331801295280457 0.41465339064598083 0.8331801295280457 0.4288778007030487 0.826615035533905 0.44310224056243896 0.8175879716873169 0.45842087268829346 0.813484787940979 0.4748336970806122 0.8077402710914612 0.48249301314353943 0.7978925704956055 0.4835871756076813 0.7913274765014648 0.47592785954475403 0.785582959651947 0.46498599648475647 0.7888655662536621 0.449667364358902 0.7888655662536621 0.4288778007030487 0.7896862030029297 0.4157475531101227 0.7954306602478027 0.40589985251426697 0.8044577240943909 0.38948702812194824 0.8093815445899963 0.3676033020019531
1 0.47784268856048584 0.33040091395378113 0.4991793632507324 0.33149510622024536 0.5147715210914612 0.33477768301963806 0.5188747644424438 0.3358718454837799 0.5352875590324402 0.35228466987609863 0.546776533126831 0.3632265329360962 0.5525209903717041 0.37416842579841614 0.5533416271209717 0.38620448112487793 0.5484178066253662 0.40480566024780273 0.5484178066253662 0.4157475531101227 0.5311843752861023 0.4277836084365845 0.5139508843421936 0.42668941617012024 0.4958967864513397 0.42450106143951416 0.4655330777168274 0.4277836084365845 0.45568540692329407 0.4223126471042633 0.45322346687316895 0.40808823704719543 0.4581473171710968 0.3632265329360962 0.45978859066963196 0.3457195460796356 0.4688156545162201 0.33368349075317383
1 0.7338826060295105 0.5689337849617004 0.7535780072212219 0.5623686909675598 0.7699908018112183 0.5623686909675598 0.7896862030029297 0.5776873230934143 0.7839416861534119 0.600665271282196 0.7658876180648804 0.605042040348053 0.7388064861297607 0.6028536558151245 0.7281381487846375 0.5930059552192688 0.7273175120353699 0.5798757076263428
1 0.8815979361534119 0.10171568393707275 0.9127823114395142 0.0754551813006401 0.9439666271209717 0.06998424232006073 0.9767922759056091 0.0721726194024086 0.9915637969970703 0.07983193546533585 0.9907431602478027 0.11375174671411514 0.98828125 0.12907038629055023 0.9726890921592712 0.14110644161701202 0.9456079602241516 0.15423668920993805 0.937401533126831 0.1586134433746338 0.9341189861297607 0.18268556892871857 0.9226300120353699 0.2056635171175003 0.9086790680885315 0.21441702544689178 0.9004727005958557 0.2209821343421936 0.903755247592926 0.25599613785743713 0.903755247592926 0.2767857015132904 0.8971901535987854 0.27787989377975464 0.8898043632507324 0.26584383845329285 0.8881630897521973 0.22535890340805054 0.8857011795043945 0.2056635171175003 0.8766741156578064 0.17393207550048828 0.8717502355575562 0.15533088147640228 0.8725709319114685 0.12907038629055023
1 0.03551733121275902 0.5076593160629272 0.0535714291036129 0.5032825469970703 0.07654936611652374 0.5076593160629272 0.09296218305826187 0.5186011791229248 0.09296218305826187 0.5350139737129211 0.0921415463089943 0.5503326058387756 0.07572872936725616 0.5590861439704895 0.06259847432374954 0.5667454600334167 0.05028886720538139 0.5678396224975586 0.04208245873451233 0.561274528503418 0.03551733121275902 0.5361081957817078
1 0.3744419515132904 0.42121848464012146 0.4097295105457306 0.43325456976890564 0.42121848464012146 0.43981969356536865 0.4203978478908539 0.4595150649547577 0.4056263267993927 0.47373950481414795 0.38675156235694885 0.4901523292064667 0.36541491746902466 0.4813988208770752 0.35228466987609863 0.46498599648475647 0.35474658012390137 0.4507615566253662 0.3678768277168274 0.4354429244995117
1 0.7248555421829224 0.6159839034080505 0.7486541271209717 0.6116071343421936 0.7757353186607361 0.6127013564109802 0.7847623229026794 0.6247373819351196 0.785582959651947 0.6455269455909729 0.7913936376571655 0.6669607162475586 0.7978925704956055 0.6892945170402527 0.7773765921592712 0.6958596110343933 0.746192216873169 0.6816351413726807 0.7314206957817078 0.6685048937797546 0.7273175120353699 0.6509979367256165 0.7281381487846375 0.6389618515968323 0.7264968752861023 0.6269257664680481
1 0.5869879126548767 0.7658875584602356 0.6157103180885315 0.7735469341278076 0.6296612620353699 0.7823004126548767 0.6222754716873169 0.816220223903656 0.618172287940979 0.8567051887512207 0.6042214035987854 0.8709296584129333 0.5754989385604858 0.8753063678741455 0.5549829602241516 0.8632702827453613 0.5517003536224365 0.8151260018348694 0.5541622638702393 0.8019958138465881 0.564009964466095 0.7877714037895203 0.5779608488082886 0.7735469341278076
1 0.8446691036224365 0.4201242923736572 0.8651851415634155 0.4168417453765869 0.8930869102478027 0.4004289209842682 0.9062171578407288 0.3938637971878052 0.9341189861297607 0.40808823704719543 0.9562762379646301 0.42450106143951416 0.9817160964012146 0.4562325179576874 0.9866399765014648 0.4813988208770752 0.9817160964012146 0.5010941624641418 0.9628413915634155 0.5229779481887817 0.9488905072212219 0.543767511844635 0.9398634433746338 0.5579919219017029 0.8988314270973206 0.5722163915634155 0.8692883253097534 0.5733105540275574 0.8495929837226868 0.5547093749046326 0.8364627361297607 0.517507016658783 0.8257943987846375 0.4901523292064667 0.8208705186843872 0.469362735748291 0.8372833728790283 0.43872547149658203
1 0.8504136204719543 0.08967962116003036 0.8602613210678101 0.09515056014060974 0.8684676885604858 0.10280987620353699 0.8627232313156128 0.13235293328762054 0.8586199879646301 0.20456932485103607 0.8553374409675598 0.22864145040512085 0.8471310138702393 0.2680322229862213 0.8454897403717041 0.29429271817207336 0.8348214030265808 0.3008578419685364 0.8282563090324402 0.29648110270500183 0.8069196343421936 0.2614670693874359 0.7978925704956055 0.24396008253097534 0.787224292755127 0.2242646962404251 0.7864035964012146 0.20019257068634033 0.787224292755127 0.1870623230934143 0.7978925704956055 0.16408438980579376 0.8077402710914612 0.14438900351524353 0.8307182192802429 0.12250524759292603 0.8381040096282959 0.11046919226646423
1 0.8257943987846375 0.34024858474731445 0.8512342572212219 0.2986694872379303 0.8725709319114685 0.2953869104385376 0.8815979361534119 0.29101017117500305 0.9086790680885315 0.28116247057914734 0.9218093752861023 0.2745973467826843 0.9324776530265808 0.28116247057914734 0.9365808963775635 0.2855392098426819 0.9447872638702393 0.2921043336391449 0.9521730542182922 0.30632877349853516 0.9554556012153625 0.32821252942085266 0.9587382078170776 0.3446253538131714 0.9554556012153625 0.37526261806488037 0.9349396228790283 0.39276960492134094 0.9078584313392639 0.381827712059021 0.8824185729026794 0.3949579894542694 0.8635438680648804 0.40480566024780273 0.8446691036224365 0.40480566024780273 0.839745283126831 0.3829219341278076 0.8323594927787781 0.3544730246067047
1 0.1856945902109146 0.15533088147640228 0.1930803507566452 0.17064951360225677 0.20703125 0.1936274617910385 0.213596373796463 0.2209821343421936 0.22672662138938904 0.27240896224975586 0.23000919818878174 0.29319852590560913 0.22918854653835297 0.30304622650146484 0.2103138118982315 0.3052345812320709 0.19554227590560913 0.3085171580314636 0.16435793042182922 0.3085171580314636 0.12168461084365845 0.2975752651691437 0.11840204894542694 0.2702206075191498 0.1233258917927742 0.25052520632743835 0.1405593454837799 0.23082983493804932 0.15286895632743835 0.20785188674926758 0.16681985557079315 0.18925070762634277 0.17995010316371918 0.16955532133579254
1 0.015625 0.2735031545162201 0.026490284129977226 0.24724264442920685 0.04946822300553322 0.2330182045698166 0.0642397552728653 0.23192401230335236 0.07737001031637192 0.2275472730398178 0.09296218305826187 0.2428659051656723 0.10527179390192032 0.27569153904914856 0.109375 0.3052345812320709 0.08721769601106644 0.31617647409439087 0.059315912425518036 0.34681370854377747 0.04864758253097534 0.36869749426841736 0.03551733121275902 0.39933475852012634 0.024028360843658447 0.4201242923736572 0.015625 0.4441964328289032
1 0.2554490566253662 0.15095412731170654 0.2800682783126831 0.1400122493505478 0.2973017394542694 0.15423668920993805 0.3120732605457306 0.16736693680286407 0.31699711084365845 0.17064951360225677 0.3145352005958557 0.2023809552192688 0.30632877349853516 0.2242646962404251 0.28170955181121826 0.2395833283662796 0.2702205777168274 0.24067752063274384 0.2620141804218292 0.23411239683628082 0.25791096687316895 0.20128677785396576 0.2554490566253662 0.17940300703048706 0.2554490566253662 0.16299019753932953
1 0.25462841987609863 0.7877714037895203 0.26775866746902466 0.8009015917778015 0.27842700481414795 0.8151260018348694 0.2800682783126831 0.837009847164154 0.2693999409675598 0.8698354363441467 0.2620141804218292 0.8818714618682861 0.23657432198524475 0.8720238208770752 0.22918854653835297 0.846857488155365 0.2283679097890854 0.8216912150382996 0.22672662138938904 0.8019958138465881
1 0.8454897403717041 0.6094187498092651 0.8717502355575562 0.5919117331504822 0.898010790348053 0.5864408612251282 0.9291951060295105 0.5831582546234131 0.9398634433746338 0.5897234082221985 0.9529936909675598 0.6061362028121948 0.967765212059021 0.6323966979980469 0.9735097289085388 0.6542804837226868 0.975151002407074 0.6728816628456116 0.967765212059021 0.6892945170402527 0.9447872638702393 0.7078956961631775 0.9209886789321899 0.7166491150856018 0.8857011795043945 0.7210259437561035 0.8536961674690247 0.7046131491661072 0.839745283126831 0.6947653889656067 0.8405659198760986 0.6739758849143982 0.8422071933746338 0.6488094925880432
1 0.6862854361534119 0.03125 0.7552192807197571 0.03125 0.7683495283126831 0.08311449736356735 0.7716320753097534 0.10499825328588486 0.7790178656578064 0.14548319578170776 0.7831210494041443 0.16627275943756104 0.7831210494041443 0.18596814572811127 0.7790178656578064 0.21004027128219604 0.7749146819114685 0.22645308077335358 0.7634257078170776 0.23848915100097656 0.7355238795280457 0.24943101406097412 0.7133665680885315 0.25709033012390137 0.6977744102478027 0.24833683669567108 0.6830028891563416 0.22645308077335358 0.6657694578170776 0.19253325462341309 0.623916745185852 0.12031687051057816 0.6230961084365845 0.10718662291765213 0.6271992921829224 0.10062149912118912 0.6592043042182922 0.04591211676597595 0.674796462059021 0.03125
1 0.5213366746902466 0.12031687051057816 0.5393907427787781 0.11484593898057938 0.5664718747138977 0.1126575693488121 0.5861672759056091 0.11703431606292725 0.5853466391563416 0.134541317820549 0.5746783018112183 0.16627275943756104 0.5722163915634155 0.20019257068634033 0.5681132078170776 0.21222864091396332 0.5517003536224365 0.17612044513225555 0.5402113795280457 0.15423668920993805 0.5328256487846375 0.14548319578170776 0.526260495185852 0.14548319578170776 0.5188747644424438 0.134541317820549
1 0.5853466391563416 0.27897408604621887 0.5631893277168274 0.28991594910621643 0.5377494692802429 0.3041404187679291 0.5311843752861023 0.32164740562438965 0.546776533126831 0.34353116154670715 0.5558035969734192 0.35556721687316895 0.5754989385604858 0.35009631514549255 0.5894498229026794 0.34353116154670715 0.5960149765014648 0.32821252942085266 0.5910910964012146 0.30632877349853516 0.591911792755127 0.28991594910621643
1 0.09706538915634155 0.5109418630599976 0.12086397409439087 0.5 0.1684611290693283 0.5021883845329285 0.23739495873451233 0.49562323093414307 0.2800682783126831 0.4835871756076813 0.3260241448879242 0.46717438101768494 0.33176863193511963 0.47373950481414795 0.3153558373451233 0.493434876203537 0.30714941024780273 0.5 0.2735031545162201 0.5229779481887817 0.23657432198524475 0.5579919219017029 0.22344405949115753 0.5700280070304871 0.19718356430530548 0.5831582546234131 0.17338497936725616 0.6017594933509827 0.15368960797786713 0.605042040348053 0.12742909789085388 0.6017594933509827 0.11347820609807968 0.5930059552192688 0.10445115715265274 0.5776873230934143 0.09952731430530548 0.5623686909675598 0.10198923200368881 0.5470500588417053 0.10280987620353699 0.530637264251709
1 0.015625 0.6520920991897583 0.031414128839969635 0.631302535533905 0.04618566110730171 0.6028536558151245 0.05521271005272865 0.58753502368927 0.06916360557079315 0.5831582546234131 0.10198923200368881 0.5941001772880554 0.11922268569469452 0.6170780658721924 0.1307116597890854 0.6400560140609741 0.12168461084365845 0.6542804837226868 0.09296218305826187 0.6783525943756104 0.07737001031637192 0.7089898586273193 0.07737001031637192 0.7330619692802429 0.07326680421829224 0.7527573704719543 0.06998424232006073 0.7823004126548767 0.0708048865199089 0.8195028305053711 0.07244616746902466 0.8391981720924377 0.06013655290007591 0.8588935732841492 0.04126181825995445 0.8457632660865784 0.028952205553650856 0.8260679244995117 0.022387079894542694 0.7888655662536621 0.015625 0.7527573704719543 0.015625 0.7407212853431702 0.015625 0.698047935962677 0.015625 0.6652223467826843
1 0.31617647409439087 0.6247373819351196 0.36951813101768494 0.5919117331504822 0.3916754126548767 0.574404776096344 0.4097295105457306 0.5667454600334167 0.41465336084365845 0.5722163915634155 0.4171152710914612 0.5973827242851257 0.4121914505958557 0.6389618515968323 0.40398502349853516 0.6542804837226868 0.3916754126548767 0.6641281247138977 0.3613117039203644 0.6695990562438965 0.3358718454837799 0.6805409789085388 0.31289389729499817 0.6936712265014648 0.3005842864513397 0.705707311630249 0.28499212861061096 0.705707311630249 0.28499212861061096 0.6969537734985352 0.3087907135486603 0.6553746461868286
1 0.4720982015132904 0.4376312792301178 0.5016412734985352 0.43872547149658203 0.5213366746902466 0.4463847875595093 0.5295430421829224 0.469362735748291 0.5295430421829224 0.5109418630599976 0.5254398584365845 0.5514268279075623 0.5246192216873169 0.5623686909675598 0.5172334313392639 0.5787815451622009 0.4958967864513397 0.5919117331504822 0.4835871756076813 0.6039478182792664 0.4688156545162201 0.6094187498092651 0.4515821933746338 0.6061362028121948 0.4409138560295105 0.600665271282196 0.4343487322330475 0.5864408612251282 0.4277836084365845 0.5656512379646301 0.4277836084365845 0.5448617339134216 0.4302455484867096 0.5229779481887817 0.44255515933036804 0.493434876203537 0.45240283012390137 0.48030462861061096 0.4581473171710968 0.469362735748291 0.4622505307197571 0.4573266804218292
1 0.298122376203537 0.5372024178504944 0.33423057198524475 0.5361081957817078 0.3629530072212219 0.5120360255241394 0.38264837861061096 0.4967174530029297 0.4171152710914612 0.4781162440776825 0.42450106143951416 0.47921040654182434 0.42942488193511963 0.493434876203537 0.42532169818878174 0.5109418630599976 0.4162946343421936 0.5361081957817078 0.40398502349853516 0.5558035969734192 0.3883928656578064 0.5689337849617004 0.37280067801475525 0.5765931010246277 0.35884979367256165 0.5842524170875549 0.3399750590324402 0.5951943397521973 0.32684481143951416 0.6017594933509827 0.3194590210914612 0.5984768867492676 0.31371453404426575 0.5809698700904846 0.3046875 0.5634629130363464 0.29894301295280457 0.5514268279075623
1 0.2636554539203644 0.3479079008102417 0.2759650647640228 0.3085171580314636 0.2866334021091461 0.2745973467826843 0.3005842864513397 0.25709033012390137 0.3120732605457306 0.24177171289920807 0.33751311898231506 0.2461484670639038 0.36623555421829224 0.2516193985939026 0.3703387677669525 0.25709033012390137 0.3711594045162201 0.27897408604621887 0.36623555421829224 0.31289389729499817 0.3637736439704895 0.33696603775024414 0.3572085201740265 0.37416842579841614 0.3473608195781708 0.37745097279548645 0.3301273584365845 0.3785451650619507 0.3038668632507324 0.37526261806488037 0.2882746756076813 0.37088584899902344 0.27104121446609497 0.3566614091396332
1 0.13481485843658447 0.4846813678741455 0.16681985557079315 0.4682685434818268 0.20703125 0.4562325179576874 0.22016149759292603 0.44529059529304504 0.23575367033481598 0.4288778007030487 0.24724264442920685 0.4015231132507324 0.2636554539203644 0.37745097279548645 0.2735031545162201 0.37526261806488037 0.29319852590560913 0.3796393573284149 0.31289389729499817 0.38401612639427185 0.34079569578170776 0.38948702812194824 0.35228466987609863 0.38948702812194824 0.35802915692329407 0.3971463441848755 0.35884979367256165 0.4234068691730499 0.3539259433746338 0.4321603775024414 0.3457195460796356 0.44529059529304504 0.3284860849380493 0.4562325179576874 0.31371453404426575 0.46170341968536377 0.2907366156578064 0.46717438101768494 0.27760636806488037 0.47045692801475525 0.24642200767993927 0.48249301314353943 0.23000919818878174 0.48577556014060974 0.2176995724439621 0.48905813694000244 0.20128676295280457 0.4912464916706085 0.17502626776695251 0.4912464916706085 0.15533088147640228 0.4912464916706085
1 0.7642463445663452 0.03125 0.8454897403717041 0.03125 0.8512342572212219 0.03125 0.8463103771209717 0.0535714291036129 0.8356420397758484 0.08092612028121948 0.8110228180885315 0.12907038629055023 0.7921481132507324 0.14876575767993927 0.7847623229026794 0.12578780949115753 0.7814797759056091 0.10062149912118912 0.7765559554100037 0.0688900575041771 0.772452712059021 0.03715861216187477 0.766708254814148 0.03125
1 0.8627232313156128 0.03125 0.8800141215324402 0.03125 0.9316570162773132 0.03125 0.9521730542182922 0.03125 0.9743303656578064 0.03125 0.9948464035987854 0.03125 0.9964876770973206 0.03125 0.9989495873451233 0.04591211676597595 0.9973083138465881 0.061230745166540146 0.9989495873451233 0.06998424232006073 0.9858193397521973 0.06451330333948135 0.9636620283126831 0.06451330333948135 0.9226300120353699 0.06560749560594559 0.9136029481887817 0.0688900575041771 0.8988314270973206 0.07436099648475647 0.8939075469970703 0.07764355838298798 0.8824185729026794 0.08311449736356735 0.8742122054100037 0.08858543634414673 0.8627232313156128 0.08092612028121948 0.8495929837226868 0.07654937356710434 0.8512342572212219 0.05575980246067047 0.8545168042182922 0.04044117406010628 0.8561580777168274 0.03125 0.8594406247138977 0.03125
1 0.9144235849380493 0.2614670693874359 0.9144235849380493 0.22645308077335358 0.9398634433746338 0.2056635171175003 0.9579175710678101 0.17174369096755981 0.975151002407074 0.15751926600933075 0.9915637969970703 0.15095412731170654 0.9973083138465881 0.1586134433746338 0.9990234375 0.17538368701934814 0.9989495873451233 0.20785188674926758 0.9964876770973206 0.24724264442920685 0.9923844337463379 0.2669380307197571 0.9817160964012146 0.28444501757621765 0.9685858488082886 0.2953869104385376 0.9595588445663452 0.29101017117500305 0.9456079602241516 0.2735031545162201 0.924271285533905 0.26256129145622253
1 0.962020754814148 0.31289389729499817 0.9858193397521973 0.2953869104385376 0.995667040348053 0.2866334021091461 0.9990234375 0.33944109082221985 0.9989495873451233 0.38620448112487793 0.994025707244873 0.4321603775024414 0.9923844337463379 0.44529059529304504 0.9776129126548767 0.4310661852359772 0.9612001180648804 0.41465339064598083 0.9472492337226868 0.4015231132507324 0.9554556012153625 0.381827712059021 0.9653033018112183 0.3697916567325592 0.967765212059021 0.35556721687316895 0.9669445753097534 0.33696603775024414
1 0.9480698704719543 0.7166491150856018 0.975151002407074 0.6947653889656067 0.9841780662536621 0.6685048937797546 0.98828125 0.6499037146568298 0.9973083138465881 0.641150176525116 0.9981289505958557 0.6608455777168274 0.9973083138465881 0.6958596110343933 0.9989495873451233 0.7319677472114563 0.9948464035987854 0.7724527716636658 0.994025707244873 0.8085609078407288 0.9948464035987854 0.8315388560295105 0.982536792755127 0.8195028305053711 0.9521730542182922 0.798713207244873 0.9423253536224365 0.7724527716636658 0.9456079602241516 0.7483806014060974
1 0.9004727005958557 0.8238795399665833 0.9094997644424438 0.8096551299095154 0.9226300120353699 0.8009015917778015 0.9406840801239014 0.8085609078407288 0.9628413915634155 0.8227853775024414 0.9833574295043945 0.8435749411582947 0.9915637969970703 0.8577993512153625 0.9989495873451233 0.8960959315299988 0.9612001180648804 0.8993785381317139 0.9300157427787781 0.8960959315299988 0.9053965210914612 0.8939075469970703 0.9021139740943909 0.8764005303382874 0.896369457244873 0.8643644452095032 0.8996520638465881 0.8424807190895081
1 0.8430278301239014 0.7133665680885315 0.8561580777168274 0.7210259437561035 0.8873424530029297 0.7275910377502441 0.9094997644424438 0.7308735847473145 0.9365808963775635 0.7308735847473145 0.937401533126831 0.736344575881958 0.9332982897758484 0.789959728717804 0.9177061319351196 0.798713207244873 0.898010790348053 0.8019958138465881 0.8758534789085388 0.7921481132507324 0.8610819578170776 0.7790178656578064 0.8536961674690247 0.7724527716636658 0.8487723469734192 0.7450980544090271 0.8454897403717041 0.7254026532173157
1 0.06588103622198105 0.1465773731470108 0.08311449736356735 0.12469363212585449 0.10773371905088425 0.11484593898057938 0.12578780949115753 0.12359943985939026 0.14712446928024292 0.13235293328762054 0.1684611290693283 0.14767156541347504 0.17092305421829224 0.15533088147640228 0.15204831957817078 0.18268556892871857 0.1372767835855484 0.20785188674926758 0.11594012379646301 0.24067752063274384 0.10198923200368881 0.2363007664680481 0.08885898441076279 0.21988795697689056 0.07408744841814041 0.19691002368927002 0.0708048865199089 0.17612044513225555
1 0.1266084611415863 0.07764355838298798 0.1545102447271347 0.04919467866420746 0.16599921882152557 0.03125 0.16928178071975708 0.03125 0.17995010316371918 0.03125 0.22918854653835297 0.03125 0.25380778312683105 0.03125 0.2735031545162201 0.03125 0.26857930421829224 0.03125 0.26037290692329407 0.038252800703048706 0.26037290692329407 0.054665613919496536 0.2587316036224365 0.0688900575041771 0.24642200767993927 0.08967962116003036 0.2275472730398178 0.11046919226646423 0.2103138118982315 0.12688200175762177 0.19472163915634155 0.13672968745231628 0.18323266506195068 0.14548319578170776 0.17338497936725616 0.13782387971878052 0.1577928066253662 0.127976194024086 0.13317358493804932 0.11703431606292725 0.11758140474557877 0.10280987620353699
1 0.07162552326917648 0.35337886214256287 0.11019564419984818 0.3260241448879242 0.12824973464012146 0.3107055127620697 0.1586134433746338 0.31508228182792664 0.2176995724439621 0.3205532133579254 0.2316504716873169 0.31836482882499695 0.24478071928024292 0.3391543924808502 0.2529871463775635 0.3643207252025604 0.23903623223304749 0.3851102888584137 0.2316504716873169 0.40808823704719543 0.22180278599262238 0.42450106143951416 0.1963629275560379 0.4409138858318329 0.17338497936725616 0.4507615566253662 0.14220063388347626 0.46717438101768494 0.12414653599262238 0.47592785954475403 0.11183692514896393 0.4835871756076813 0.10034795105457306 0.48905813694000244 0.08639705926179886 0.4912464916706085 0.06834296137094498 0.48577556014060974 0.06259847432374954 0.4813988208770752 0.05767463147640228 0.4682685434818268 0.05849527195096016 0.4376312792301178 0.0642397552728653 0.40480566024780273 0.06916360557079315 0.36541488766670227
1 0.37526261806488037 0.8009015917778015 0.4031643867492676 0.789959728717804 0.41055014729499817 0.7823004126548767 0.42203912138938904 0.7877714037895203 0.43599003553390503 0.8041841983795166 0.4450170695781708 0.8216912150382996 0.44583770632743835 0.8304446339607239 0.4376313090324402 0.8446691036224365 0.4343487322330475 0.8577993512153625 0.41793593764305115 0.8643644452095032 0.40808823704719543 0.8654586672782898 0.39413735270500183 0.8654586672782898 0.3769038915634155 0.8764005303382874 0.37280067801475525 0.8840599060058594 0.36541491746902466 0.8950017094612122 0.34079569578170776 0.8982842564582825 0.3194590210914612 0.8939075469970703 0.3145352005958557 0.8917191624641418 0.311252623796463 0.867647111415863 0.30714941024780273 0.8588935732841492 0.31043198704719543 0.8490458130836487 0.32684481143951416 0.837009847164154 0.3572085201740265 0.8184086680412292 0.36541491746902466 0.8096551299095154
1 0.5746783018112183 0.3632265329360962 0.5951943397521973 0.35556721687316895 0.6132484078407288 0.3763568103313446 0.6427915096282959 0.3938637971878052 0.6559217572212219 0.41137078404426575 0.6468946933746338 0.45185574889183044 0.6370469927787781 0.5470500588417053 0.6624868512153625 0.5514268279075623 0.6780790686607361 0.5492384433746338 0.6944918632507324 0.5547093749046326 0.7076221108436584 0.561274528503418 0.7199317216873169 0.5711222290992737 0.7223936319351196 0.5897234082221985 0.7182904481887817 0.6083245873451233 0.7174698114395142 0.6225489974021912 0.7166491746902466 0.6389618515968323 0.7051602005958557 0.644432783126831 0.6920299530029297 0.6499037146568298 0.6723345518112183 0.6542804837226868 0.6559217572212219 0.6477153301239014 0.6378676295280457 0.631302535533905 0.6222754716873169 0.6170780658721924 0.6025800704956055 0.5941001772880554 0.5837053656578064 0.5722163915634155 0.5574448704719543 0.5590861439704895 0.546776533126831 0.5547093749046326 0.5418526530265808 0.5361081957817078 0.5451352596282959 0.5032825469970703 0.5393907427787781 0.469362735748291 0.5377494692802429 0.45842087268829346 0.5410320162773132 0.4474790096282959 0.5574448704719543 0.42668941617012024 0.5623686909675598 0.3971463441848755 0.5656512379646301 0.38073351979255676 0.5681132078170776 0.37416842579841614
1 0.6887473464012146 0.5273546576499939 0.701056957244873 0.5054709315299988 0.7117252945899963 0.4912464916706085 0.728958785533905 0.4879639446735382 0.7478334903717041 0.4813988208770752 0.7609637379646301 0.47592785954475403 0.7699908018112183 0.4748336970806122 0.779838502407074 0.48249301314353943 0.7995339035987854 0.49562323093414307 0.813484787940979 0.5010941624641418 0.8216911554336548 0.5164127945899963 0.8348214030265808 0.5503326058387756 0.8430278301239014 0.5590861439704895 0.8512342572212219 0.5809698700904846 0.8536961674690247 0.5864408612251282 0.839745283126831 0.5995710492134094 0.8323594927787781 0.6039478182792664 0.8175879716873169 0.5962885022163391 0.8069196343421936 0.5908175706863403 0.7954306602478027 0.5733105540275574 0.7708114385604858 0.5579919219017029 0.7478334903717041 0.5536152124404907 0.7347032427787781 0.5525209903717041 0.7232142686843872 0.5579919219017029 0.7092633843421936 0.5536152124404907 0.6887473464012146 0.5426732897758484
1 0.5024619102478027 0.12031687051057816 0.4819459021091461 0.15095412731170654 0.44912028312683105 0.1651785671710968 0.4269629716873169 0.1837797611951828 0.408908873796463 0.2023809552192688 0.39988183975219727 0.23192401230335236 0.40480566024780273 0.27240896224975586 0.41137078404426575 0.2822566330432892 0.4228597581386566 0.27569153904914856 0.43845194578170776 0.2767857015132904 0.4548647701740265 0.2833508551120758 0.46389180421829224 0.29101017117500305 0.4745601415634155 0.3008578419685364 0.47784268856048584 0.3172706663608551 0.49835872650146484 0.32164740562438965 0.5229779481887817 0.32164740562438965 0.5352875590324402 0.2921043336391449 0.5615480542182922 0.26912638545036316 0.5837053656578064 0.26584383845329285 0.5730370283126831 0.23192401230335236 0.5590861439704895 0.21332283318042755 0.5369288325309753 0.16955532133579254 0.5270811319351196 0.15751926600933075 0.513130247592926 0.1400122493505478
1 0.6001181602478027 0.12031687051057816 0.6116071343421936 0.11703431606292725 0.623916745185852 0.13782387971878052 0.6329438090324402 0.153142511844635 0.6477153301239014 0.17940300703048706 0.6534598469734192 0.20894606411457062 0.6559217572212219 0.2209821343421936 0.6493566036224365 0.23082983493804932 0.6395089030265808 0.23848915100097656 0.6288406252861023 0.24943101406097412 0.6099658608436584 0.25927871465682983 0.591911792755127 0.25927871465682983 0.5804228186607361 0.22864145040512085 0.5804228186607361 0.21332283318042755 0.5869879126548767 0.17283789813518524 0.5927324295043945 0.15095412731170654
1 0.0814732164144516 0.8895308375358582 0.10445115715265274 0.8742122054100037 0.17830882966518402 0.8195028305053711 0.1897977888584137 0.8085609078407288 0.21113444864749908 0.8140318393707275 0.21852022409439087 0.8151260018348694 0.22344405949115753 0.8348214626312256 0.2242647111415863 0.8567051887512207 0.22918854653835297 0.867647111415863 0.23000919818878174 0.8796830773353577 0.22262342274188995 0.8895308375358582 0.21605829894542694 0.8950017094612122 0.18733587861061096 0.8960959315299988 0.1651785671710968 0.9026610851287842 0.1372767835855484 0.9004727005958557 0.11183692514896393 0.8993785381317139 0.08803834021091461 0.8982842564582825
1 0.33751311898231506 0.03125 0.33176863193511963 0.04919467866420746 0.3399750590324402 0.07983193546533585 0.34079569578170776 0.09515056014060974 0.3473608195781708 0.10718662291765213 0.36951813101768494 0.11375174671411514 0.39331671595573425 0.12141106277704239 0.40234375 0.13235293328762054 0.38018643856048584 0.153142511844635 0.3465401828289032 0.15970763564109802 0.33833378553390503 0.16736693680286407 0.3284860849380493 0.1870623230934143 0.32027968764305115 0.20456932485103607 0.3194590210914612 0.2242646962404251 0.32438287138938904 0.23411239683628082 0.3457195460796356 0.2395833283662796 0.36623555421829224 0.23739494383335114 0.39331671595573425 0.21660538017749786 0.41383272409439087 0.17612044513225555 0.4302455484867096 0.16408438980579376 0.45978859066963196 0.14220063388347626 0.486869752407074 0.12578780949115753 0.49507614970207214 0.08967962116003036 0.5082064270973206 0.06670168042182922 0.5229779481887817 0.04481792822480202 0.5434939861297607 0.03715861216187477 0.5574448704719543 0.03125 0.5631893277168274 0.03125 0.5344669222831726 0.03125 0.47784268856048584 0.03125 0.4343487322330475 0.03125 0.3777245283126831 0.03125 0.3629530072212219 0.03125 0.3465401828289032 0.03125
1 0.6912093162536621 0.4157475531101227 0.721572995185852 0.41793593764305115 0.7388064861297607 0.41793593764305115 0.7585018277168274 0.41793593764305115 0.7732733488082886 0.4255952537059784 0.7765559554100037 0.44310224056243896 0.7757353186607361 0.4562325179576874 0.759322464466095 0.4660801887512207 0.7355238795280457 0.47373950481414795 0.7150079011917114 0.4781162440776825 0.6985950469970703 0.48905813694000244 0.6928505897521973 0.4638918340206146 0.689568042755127 0.4354429244995117
1 0.5196954011917114 0.5864408612251282 0.5311843752861023 0.5765931010246277 0.5459558963775635 0.5765931010246277 0.5697544813156128 0.58753502368927 0.5828847289085388 0.5962885022163391 0.6058626770973206 0.6072303652763367 0.623916745185852 0.6280199885368347 0.6280199289321899 0.635679304599762 0.6386882662773132 0.641150176525116 0.6518185138702393 0.6564688086509705 0.6518185138702393 0.6630339622497559 0.6206341981887817 0.6695990562438965 0.5935530662536621 0.6695990562438965 0.5681132078170776 0.6663165092468262 0.5492384433746338 0.6520920991897583 0.5295430421829224 0.6291141510009766 0.5213366746902466 0.6061362028121948
1 0.5697544813156128 0.03125 0.5615480542182922 0.031687673181295395 0.5492384433746338 0.043723735958337784 0.5287224054336548 0.0535714291036129 0.5196954011917114 0.06451330333948135 0.5123096108436584 0.08639705926179886 0.5106683373451233 0.10062149912118912 0.5155921578407288 0.10718662291765213 0.5279017686843872 0.109375 0.5451352596282959 0.10499825328588486 0.5599067807197571 0.10062149912118912 0.5631893277168274 0.09405636787414551 0.5664718747138977 0.0754551813006401 0.564009964466095 0.06013655662536621 0.5672925710678101 0.033876050263643265
1 0.8047820329666138 0.6900621056556702 0.7992691397666931 0.6606602668762207 0.7953314185142517 0.6260080933570862 0.7945438623428345 0.5987063050270081 0.7992691397666931 0.5924059152603149 0.820533037185669 0.610257089138031 0.8339213728904724 0.6197076439857483 0.8362840414047241 0.6428091526031494 0.8339213728904724 0.6816616058349609 0.8339213728904724 0.6932123303413391 0.8268334269523621 0.698462724685669 0.8126575350761414 0.6974126696586609
1 0.6283707022666931 0.8612231612205505 0.6283707022666931 0.8318212032318115 0.6456968188285828 0.8034694194793701 0.6685357689857483 0.7940188050270081 0.6905872225761414 0.8013692498207092 0.7000377774238586 0.8223705887794495 0.7181514501571655 0.8402218222618103 0.7480784058570862 0.8570228219032288 0.7567414045333862 0.8738239407539368 0.7543787956237793 0.8979754447937012 0.7276020646095276 0.9011256694793701 0.7000377774238586 0.9021757245063782 0.6866494417190552 0.8895749449729919 0.6795614957809448 0.878024160861969 0.6622353792190552 0.8759240508079529 0.6417590975761414 0.8748739361763 0.6362462043762207 0.8706737160682678
