0 0.0642397552728653 0.03125 0.07572872936725616 0.033876050263643265 0.09132090210914612 0.059042368084192276 0.08967962116003036 0.08202030509710312 0.0708048865199089 0.10390406101942062 0.06341911852359772 0.11922269314527512 0.04946822300553322 0.10062149912118912 0.042903099209070206 0.0907738134264946 0.027310924604535103 0.08967962116003036 0.015625 0.09733893722295761 0.015625 0.11046919226646423 0.015625 0.13672968745231628 0.015625 0.13539165258407593 0.015625 0.0907738134264946 0.015625 0.036064427345991135 0.015625 0.03125 0.015625 0.03125 0.015625 0.03125 0.03223476931452751 0.03125
0 0.19882483780384064 0.04044117406010628 0.20867253839969635 0.03125 0.2176995724439621 0.03125 0.2316504716873169 0.033876050263643265 0.24478071928024292 0.036064427345991135 0.2554490566253662 0.031687673181295395 0.26775866746902466 0.03125 0.27190983295440674 0.03125 0.30632877349853516 0.03125 0.3211003243923187 0.03125 0.3153558373451233 0.03125 0.3005842864513397 0.03278186172246933 0.2907366156578064 0.04481792822480202 0.2899159789085388 0.061230745166540146 0.29976364970207214 0.06779586523771286 0.30632877349853516 0.07326681166887283 0.31043198704719543 0.08967962116003036 0.3145352005958557 0.10280987620353699 0.31043198704719543 0.127976194024086 0.2899159789085388 0.12469363212585449 0.2595522701740265 0.12469363212585449 0.23739495873451233 0.11812850087881088 0.2209821492433548 0.10280987620353699 0.20621061325073242 0.08967962116003036 0.1963629275560379 0.07436099648475647 0.19882483780384064 0.061230745166540146
0 0.34161633253097534 0.03125 0.3293067216873169 0.03125 0.3145352005958557 0.03934698924422264 0.3153558373451233 0.06232492998242378 0.3219209611415863 0.07873774319887161 0.3325892984867096 0.07326681166887283 0.35146403312683105 0.04919467866420746 0.3703387677669525 0.03125 0.37936580181121826 0.03125 0.36541491746902466 0.03125
0 0.3883928656578064 0.03125 0.37608325481414795 0.03125 0.35556721687316895 0.05575980246067047 0.35802915692329407 0.07326681166887283 0.36623555421829224 0.09186799079179764 0.38264837861061096 0.12359943985939026 0.39413735270500183 0.1498599499464035 0.3990611732006073 0.17064951360225677 0.4097295105457306 0.18159139156341553 0.4310661852359772 0.1870623230934143 0.44583770632743835 0.18487395346164703 0.4515821933746338 0.17612044513225555 0.4474789798259735 0.13891807198524475 0.4441964328289032 0.10171568393707275 0.4474789798259735 0.06779586523771286 0.4548647701740265 0.031687673181295395 0.4622505307197571 0.03125 0.44583770632743835 0.03125 0.42532169818878174 0.03125 0.40234375 0.03125
0 0.4926142394542694 0.03125 0.4852284789085388 0.03125 0.47784268856048584 0.038252800703048706 0.48030462861061096 0.06013655662536621 0.4893316626548767 0.06560749560594559 0.505744457244873 0.06232492998242378 0.5188747644424438 0.054665613919496536 0.5377494692802429 0.059042368084192276 0.5672925710678101 0.06560749560594559 0.5787814855575562 0.05794817581772804 0.5853466391563416 0.04153536632657051 0.5796021819114685 0.03125 0.5705751180648804 0.03125 0.5664718747138977 0.03125 0.5574448704719543 0.03125 0.5377494692802429 0.03125 0.5123096108436584 0.03125
0 0.6124277710914612 0.03125 0.618172287940979 0.03125 0.6354057192802429 0.03125 0.6493566036224365 0.036064427345991135 0.6600249409675598 0.03125 0.6682313680648804 0.03125 0.6780298352241516 0.03125 0.6780298352241516 0.03125 0.6378676295280457 0.03125
0 0.507385790348053 0.08311449736356735 0.5237985849380493 0.0721726194024086 0.5434939861297607 0.07764355838298798 0.5623686909675598 0.08202030509710312 0.5697544813156128 0.08639705926179886 0.5631893277168274 0.12359943985939026 0.5631893277168274 0.14548319578170776 0.5672925710678101 0.1618960052728653 0.584526002407074 0.1618960052728653 0.5886291861534119 0.1618960052728653 0.5861672759056091 0.18487395346164703 0.5812434554100037 0.1990983933210373 0.5705751180648804 0.20894606411457062 0.5664718747138977 0.22535890340805054 0.546776533126831 0.23082983493804932 0.5287224054336548 0.23411239683628082 0.5139508843421936 0.23739494383335114 0.49425551295280457 0.23848915100097656 0.4860491156578064 0.23082983493804932 0.4786633551120758 0.21113444864749908 0.4712775647640228 0.1903448849916458 0.4647124409675598 0.1772146373987198 0.46717438101768494 0.15751926600933075 0.48769038915634155 0.13344712555408478 0.4967174232006073 0.10390406101942062
0 0.6058626770973206 0.061230745166540146 0.5951943397521973 0.07873774319887161 0.5886291861534119 0.10390406101942062 0.591911792755127 0.14110644161701202 0.5968356132507324 0.1586134433746338 0.6148896813392639 0.1586134433746338 0.6345850825309753 0.14876575767993927 0.6493566036224365 0.1465773731470108 0.6641281247138977 0.1465773731470108 0.6526392102241516 0.127976194024086 0.6460740566253662 0.10499825328588486 0.644432783126831 0.08858543634414673 0.631302535533905 0.06998424232006073 0.6189929246902466 0.06341911852359772
0 0.5968356132507324 0.17064951360225677 0.6173516511917114 0.16408438980579376 0.6395089030265808 0.15423668920993805 0.6600249409675598 0.15423668920993805 0.6731551885604858 0.15642507374286652 0.6780790686607361 0.17283789813518524 0.6813616156578064 0.18487395346164703 0.6830028891563416 0.1936274617910385 0.669052004814148 0.20456932485103607 0.6542804837226868 0.2176995873451233 0.644432783126831 0.2395833283662796 0.6370469927787781 0.2669380307197571 0.6230961084365845 0.2702206075191498 0.6116071343421936 0.2581845223903656 0.6075039505958557 0.23520658910274506 0.6025800704956055 0.21332283318042755 0.5886291861534119 0.20347513258457184 0.591911792755127 0.19143907725811005
0 0.721572995185852 0.03125 0.7018776535987854 0.04700630530714989 0.6912093162536621 0.06670168042182922 0.6969537734985352 0.0874912440776825 0.6985950469970703 0.11922269314527512 0.6936712265014648 0.1432948261499405 0.6871060729026794 0.15533088147640228 0.6903886795043945 0.18268556892871857 0.6936712265014648 0.20456932485103607 0.701056957244873 0.21988795697689056 0.702698290348053 0.2363007664680481 0.7100840210914612 0.25709033012390137 0.7191110849380493 0.2822566330432892 0.7256761789321899 0.2986694872379303 0.7297794222831726 0.3205532133579254 0.7396271228790283 0.33477768301963806 0.7486541271209717 0.33477768301963806 0.7691701650619507 0.33149510622024536 0.787224292755127 0.31289389729499817 0.8069196343421936 0.29429271817207336 0.8143054246902466 0.2866334021091461 0.8143054246902466 0.2614670693874359 0.8069196343421936 0.23739494383335114 0.8011751770973206 0.21879376471042633 0.7896862030029297 0.2023809552192688 0.779838502407074 0.1772146373987198 0.7732733488082886 0.16627275943756104 0.7634257078170776 0.14548319578170776 0.759322464466095 0.12907038629055023 0.759322464466095 0.1060924306511879 0.7691701650619507 0.09186799079179764 0.7683495283126831 0.07436099648475647 0.7617843747138977 0.056853991001844406 0.7429096698760986 0.04700630530714989 0.7314206957817078 0.036064427345991135
0 0.7494747638702393 0.036064427345991135 0.7617843747138977 0.03125 0.7749146819114685 0.03125 0.7847623229026794 0.03125 0.7823004126548767 0.036064427345991135 0.7691701650619507 0.043723735958337784 0.7576811909675598 0.04700630530714989
0 0.7691701650619507 0.052477240562438965 0.7831210494041443 0.04591211676597595 0.7937893867492676 0.043723735958337784 0.8044577240943909 0.06341911852359772 0.8102021813392639 0.07873774319887161 0.813484787940979 0.09405636787414551 0.8184086084365845 0.09733893722295761 0.8331801295280457 0.09296218305826187 0.8422071933746338 0.08420868963003159 0.8577993512153625 0.08202030509710312 0.864364504814148 0.08530286699533463 0.8766741156578064 0.09952730685472488 0.883239209651947 0.1126575693488121 0.8955488204956055 0.12578780949115753 0.9012933373451233 0.1312587559223175 0.9029346108436584 0.14438900351524353 0.9029346108436584 0.17064951360225677 0.9078584313392639 0.19691002368927002 0.9160648584365845 0.21660538017749786 0.9160648584365845 0.22535890340805054 0.9193474054336548 0.24396008253097534 0.9201680421829224 0.2636554539203644 0.9201680421829224 0.2735031545162201 0.9012933373451233 0.2800682783126831 0.8873424530029297 0.28116247057914734 0.8758534789085388 0.28991594910621643 0.8676470518112183 0.29976364970207214 0.8619025945663452 0.3074229657649994 0.856978714466095 0.31289389729499817 0.8356420397758484 0.30304622650146484 0.8282563090324402 0.29429271817207336 0.843848466873169 0.24396008253097534 0.843848466873169 0.21879376471042633 0.8340007662773132 0.21551120281219482 0.8167673349380493 0.21660538017749786 0.8093815445899963 0.21441702544689178 0.7913274765014648 0.18487395346164703 0.7831210494041443 0.16627275943756104 0.7749146819114685 0.1465773731470108 0.7658876180648804 0.127976194024086 0.7650669813156128 0.11046919226646423 0.7683495283126831 0.10171568393707275 0.7749146819114685 0.09296218305826187 0.7749146819114685 0.07764355838298798 0.7732733488082886 0.06341911852359772
0 0.8167673349380493 0.03125 0.8233324289321899 0.03125 0.826615035533905 0.033876050263643265 0.8208705186843872 0.04153536632657051 0.8290769457817078 0.0535714291036129 0.8446691036224365 0.06670168042182922 0.8594406247138977 0.07654937356710434 0.8807772994041443 0.06998424232006073 0.8914456367492676 0.059042368084192276 0.903755247592926 0.061230745166540146 0.9152442216873169 0.05575980246067047 0.9218093752861023 0.04153536632657051 0.9283744692802429 0.03125 0.9316439032554626 0.03125 0.9316439032554626 0.03125 0.8471310138702393 0.03125 0.8348214030265808 0.03125 0.819229245185852 0.03125
0 0.8594406247138977 0.3260241448879242 0.8668264150619507 0.34353116154670715 0.8758534789085388 0.35556721687316895 0.890625 0.36213234066963196 0.8988314270973206 0.3610381782054901 0.9012933373451233 0.35556721687316895 0.9070377945899963 0.34024858474731445 0.9127823114395142 0.3205532133579254 0.9136029481887817 0.2986694872379303 0.9094997644424438 0.2888217866420746 0.9029346108436584 0.28772759437561035 0.8930869102478027 0.2953869104385376 0.8824185729026794 0.29976364970207214 0.8725709319114685 0.3074229657649994
0 0.6813616156578064 0.20785188674926758 0.6715139150619507 0.23411239683628082 0.6706932783126831 0.25709033012390137 0.6682313680648804 0.2833508551120758 0.6624868512153625 0.3085171580314636 0.6567423939704895 0.3358718454837799 0.6583836674690247 0.3544730246067047 0.6649488210678101 0.3577556312084198 0.6731551885604858 0.35337886214256287 0.6805409789085388 0.33368349075317383 0.689568042755127 0.2953869104385376 0.6928505897521973 0.27569153904914856 0.6928505897521973 0.24724264442920685 0.6944918632507324 0.2330182045698166 0.6928505897521973 0.2209821343421936
0 0.5139508843421936 0.25052520632743835 0.49753808975219727 0.26912638545036316 0.49179360270500183 0.29101017117500305 0.4991793632507324 0.31617647409439087 0.5090270638465881 0.33696603775024414 0.5188747644424438 0.3566614091396332 0.5295430421829224 0.37088584899902344 0.5434939861297607 0.3676033020019531 0.5533416271209717 0.35228466987609863 0.5566242337226868 0.32821252942085266 0.5533416271209717 0.3041404187679291 0.5533416271209717 0.2767857015132904 0.5492384433746338 0.25599613785743713 0.5385701060295105 0.2428659051656723 0.5270811319351196 0.2428659051656723
0 0.015625 0.17283789813518524 0.03223476931452751 0.1870623230934143 0.045365020632743835 0.20019257068634033 0.05110950767993927 0.20894606411457062 0.0396205373108387 0.2209821343421936 0.022387079894542694 0.20675770938396454 0.015625 0.19691002368927002 0.015625 0.1903448849916458
0 0.015625 0.20456932485103607 0.015625 0.21332283318042755 0.026490284129977226 0.22317051887512207 0.03305540978908539 0.22973565757274628 0.03223476931452751 0.25052520632743835 0.04126181825995445 0.2680322229862213 0.03715861216187477 0.2767857015132904 0.024028360843658447 0.2713147699832916 0.015625 0.25709033012390137 0.015625 0.25052520632743835 0.015625 0.2461484670639038 0.015625 0.23192401230335236
0 0.0675223246216774 0.20019257068634033 0.08803834021091461 0.19253325462341309 0.09624474495649338 0.22317051887512207 0.10527179390192032 0.2461484670639038 0.11347820609807968 0.2767857015132904 0.12496717274188995 0.30304622650146484 0.13153229653835297 0.3238357901573181 0.13317358493804932 0.3424369990825653 0.12824973464012146 0.3676033020019531 0.12742909789085388 0.38620448112487793 0.12414653599262238 0.41465339064598083 0.1200433298945427 0.4310661852359772 0.11511948704719543 0.4463847875595093 0.10034795105457306 0.43325456976890564 0.07983193546533585 0.40918242931365967 0.0642397552728653 0.3971463441848755 0.05767463147640228 0.3851102888584137 0.05603335052728653 0.35228466987609863 0.04946822300553322 0.3205532133579254 0.04454438015818596 0.30304622650146484 0.04126181825995445 0.2855392098426819 0.04618566110730171 0.2800682783126831 0.05193014815449715 0.2636554539203644 0.04126181825995445 0.2527135908603668 0.04208245873451233 0.24067752063274384 0.045365020632743835 0.23192401230335236 0.04946822300553322 0.2209821343421936 0.05767463147640228 0.21441702544689178
0 0.15040703117847443 0.12031687051057816 0.17010241746902466 0.10499825328588486 0.1865152269601822 0.109375 0.20128676295280457 0.12141106277704239 0.23000919818878174 0.13016456365585327 0.2414981573820114 0.1312587559223175 0.25462841987609863 0.13782387971878052 0.2595522701740265 0.14876575767993927 0.2595522701740265 0.16299019753932953 0.26037290692329407 0.17502625286579132 0.2628348171710968 0.18815650045871735 0.2595522701740265 0.19472163915634155 0.25462841987609863 0.1990983933210373 0.24642200767993927 0.2056635171175003 0.23247110843658447 0.2056635171175003 0.2242647111415863 0.20894606411457062 0.213596373796463 0.21113444864749908 0.20621061325073242 0.18159139156341553 0.19718356430530548 0.1618960052728653 0.18897715210914612 0.1498599499464035 0.17830882966518402 0.14220063388347626 0.16599921882152557 0.13563551008701324 0.15697216987609863 0.12907038629055023
0 0.26775866746902466 0.14767156541347504 0.28170955181121826 0.1400122493505478 0.2973017394542694 0.14438900351524353 0.31289389729499817 0.14876575767993927 0.32438287138938904 0.16299019753932953 0.33423057198524475 0.18815650045871735 0.3366924822330475 0.20456932485103607 0.3252035081386566 0.21004027128219604 0.3211003243923187 0.22645308077335358 0.3334099352359772 0.24067752063274384 0.33505120873451233 0.25709033012390137 0.32684481143951416 0.2822566330432892 0.31371453404426575 0.2636554539203644 0.29894301295280457 0.24396008253097534 0.28581276535987854 0.2330182045698166 0.27842700481414795 0.21660538017749786 0.2726825177669525 0.2023809552192688 0.26857930421829224 0.1804971843957901 0.2661173939704895 0.16736693680286407
0 0.3440782427787781 0.20894606411457062 0.35884979367256165 0.21113444864749908 0.3818277418613434 0.22535890340805054 0.38675156235694885 0.2330182045698166 0.3851102888584137 0.2428659051656723 0.37198004126548767 0.2428659051656723 0.3604910671710968 0.2395833283662796 0.34900209307670593 0.23739494383335114 0.34161633253097534 0.23739494383335114 0.3325892984867096 0.2275472730398178 0.33176863193511963 0.21879376471042633
0 0.41383272409439087 0.22317051887512207 0.4195772111415863 0.21332283318042755 0.4335280954837799 0.20894606411457062 0.4507615566253662 0.21113444864749908 0.4655330777168274 0.23082983493804932 0.47373950481414795 0.24505425989627838 0.4926142394542694 0.2527135908603668 0.4901522994041443 0.26256129145622253 0.4860491156578064 0.2822566330432892 0.4893316626548767 0.3019520342350006 0.4967174232006073 0.33040091395378113 0.5065651535987854 0.34681370854377747 0.5172334313392639 0.37416842579841614 0.5221573114395142 0.38620448112487793 0.505744457244873 0.39058125019073486 0.49425551295280457 0.381827712059021 0.48440781235694885 0.36541488766670227 0.4688156545162201 0.34900209307670593 0.45650604367256165 0.3380602300167084 0.44665834307670593 0.3293067216873169 0.43927258253097534 0.3107055127620697 0.42942488193511963 0.2735031545162201 0.41793593764305115 0.2614670693874359 0.41137078404426575 0.24177171289920807
0 0.21523766219615936 0.2209821343421936 0.2382155954837799 0.21660538017749786 0.24970456957817078 0.21441702544689178 0.25709033012390137 0.23192401230335236 0.2669380307197571 0.23739494383335114 0.2767857015132904 0.23192401230335236 0.2874540388584137 0.2461484670639038 0.30222558975219727 0.2636554539203644 0.3120732605457306 0.27569153904914856 0.3211003243923187 0.2888217866420746 0.3211003243923187 0.3041404187679291 0.3211003243923187 0.31945905089378357 0.3055081367492676 0.3358718454837799 0.28253018856048584 0.34353116154670715 0.26857930421829224 0.35337886214256287 0.25134584307670593 0.3599439859390259 0.2456013709306717 0.3511904776096344 0.23575367033481598 0.3544730246067047 0.23739495873451233 0.37198004126548767 0.23000919818878174 0.3763568103313446 0.22180278599262238 0.36541488766670227 0.2144170105457306 0.3577556312084198 0.19554227590560913 0.3566614091396332 0.1856945902109146 0.3632265329360962 0.16353729367256165 0.38073351979255676 0.15286895632743835 0.39058125019073486 0.1479451209306717 0.36541488766670227 0.1512276828289032 0.3446253538131714 0.1618960052728653 0.3380602300167084 0.17174369096755981 0.33368349075317383 0.18487395346164703 0.32492998242378235 0.20210739970207214 0.29976364970207214 0.21113444864749908 0.2647496461868286 0.2103138118982315 0.24724264442920685
0 0.14302127063274384 0.40808823704719543 0.15615151822566986 0.3982405364513397 0.1824120283126831 0.381827712059021 0.1963629275560379 0.3730742037296295 0.21195510029792786 0.3697916567325592 0.22672662138938904 0.3851102888584137 0.24396008253097534 0.3829219341278076 0.2529871463775635 0.37416842579841614 0.2693999409675598 0.381827712059021 0.2735031545162201 0.3938637971878052 0.2735031545162201 0.41793593764305115 0.2735031545162201 0.4376312792301178 0.2661173939704895 0.449667364358902 0.2628348171710968 0.4595150649547577 0.2620141804218292 0.48577556014060974 0.26037290692329407 0.4978116452693939 0.24806328117847443 0.5054709315299988 0.23903623223304749 0.5054709315299988 0.23082983493804932 0.49562323093414307 0.21852022409439087 0.49452903866767883 0.20703125 0.5032825469970703 0.19554227590560913 0.513130247592926 0.19061844050884247 0.5186011791229248 0.17748817801475525 0.5251663327217102 0.17338497936725616 0.5273546576499939 0.16764049232006073 0.5295431017875671 0.15368960797786713 0.5372024178504944 0.1438419073820114 0.5514268279075623 0.12414653599262238 0.5361081957817078 0.10773371905088425 0.5207895636558533 0.10445115715265274 0.5142244696617126 0.11347820609807968 0.4967174530029297 0.12824973464012146 0.4638918340206146 0.13563551008701324 0.4409138858318329 0.13973870873451233 0.4255952537059784
0 0.015625 0.4441964328289032 0.01910451613366604 0.44529059529304504 0.03551733121275902 0.45513829588890076 0.047826942056417465 0.45842087268829346 0.061777837574481964 0.47155115008354187 0.06506039947271347 0.4813988208770752 0.061777837574481964 0.5 0.04454438015818596 0.5153186321258545 0.029772846028208733 0.5372024178504944 0.015625 0.5492384433746338 0.015625 0.5558035969734192 0.015625 0.5251663327217102 0.015625 0.49234068393707275 0.015625 0.47045692801475525
0 0.015625 0.6816351413726807 0.015625 0.684917688369751 0.02074579894542694 0.692577064037323 0.03469669073820114 0.7013304829597473 0.0396205373108387 0.7122724056243896 0.031414128839969635 0.7221201062202454 0.022387079894542694 0.7254026532173157 0.015625 0.7330619692802429 0.015625 0.746192216873169 0.015625 0.7450980544090271 0.015625 0.7236894965171814
0 0.05193014815449715 0.6499037146568298 0.05521271005272865 0.641150176525116 0.0642397552728653 0.6389618515968323 0.07737001031637192 0.6455269455909729 0.09460346400737762 0.6531862616539001 0.10363051295280457 0.6630339622497559 0.109375 0.67507004737854 0.109375 0.6871060729026794 0.08967962116003036 0.698047935962677 0.07490808516740799 0.7166491150856018 0.0708048865199089 0.7254026532173157 0.06834296137094498 0.7385329604148865 0.07326680421829224 0.7658875584602356 0.08393513411283493 0.7844887375831604 0.0921415463089943 0.7965248227119446 0.11511948704719543 0.789959728717804 0.1298910230398178 0.7910539507865906 0.14137998223304749 0.8096551299095154 0.14302127063274384 0.8304446339607239 0.14137998223304749 0.8457632660865784 0.1307116597890854 0.8479516506195068 0.11676076799631119 0.8556110262870789 0.11019564419984818 0.8545168042182922 0.09788602590560913 0.846857488155365 0.08639705926179886 0.8326330184936523 0.08311449736356735 0.8107492923736572 0.07654936611652374 0.7910539507865906 0.06998424232006073 0.7823004126548767 0.06095719709992409 0.7833945751190186 0.047826942056417465 0.7833945751190186 0.03469669073820114 0.7801120281219482 0.024028360843658447 0.7691702246665955 0.017463235184550285 0.7582283020019531 0.01664259470999241 0.7429096698760986 0.022387079894542694 0.7341561317443848 0.033876050263643265 0.728685200214386 0.04126181825995445 0.7243084907531738 0.04946822300553322 0.71555495262146 0.04946822300553322 0.7089898586273193 0.056853991001844406 0.6947653889656067 0.0535714291036129 0.6761642098426819
0 0.1438419073820114 0.5754989385604858 0.16025473177433014 0.5623686909675598 0.18077073991298676 0.5492384433746338 0.19143907725811005 0.5503326058387756 0.20949317514896393 0.5536152124404907 0.2275472730398178 0.5459558963775635 0.24231880903244019 0.5415791273117065 0.24724264442920685 0.556897759437561 0.23575367033481598 0.5831582546234131 0.2144170105457306 0.600665271282196 0.18405330181121826 0.618172287940979 0.1586134433746338 0.6389618515968323 0.1438419073820114 0.6553746461868286 0.12168461084365845 0.67507004737854 0.11594012379646301 0.6805409789085388 0.11511948704719543 0.6717875003814697 0.1266084611415863 0.6597514152526855 0.13809742033481598 0.6433386206626892 0.14630383253097534 0.6214548349380493 0.1479451209306717 0.6017594933509827 0.14712446928024292 0.5908175706863403
0 0.25052520632743835 0.5831582546234131 0.26119354367256165 0.5667454600334167 0.27842700481414795 0.5689337849617004 0.2940191626548767 0.5711222290992737 0.29648110270500183 0.5798757076263428 0.28499212861061096 0.5919117331504822 0.27760636806488037 0.600665271282196 0.26119354367256165 0.5984768867492676 0.25709033012390137 0.5941001772880554
0 0.33505120873451233 0.4879639446735382 0.3604910671710968 0.5043767690658569 0.37526261806488037 0.5186011791229248 0.3859309256076813 0.5339198112487793 0.40480566024780273 0.5372024178504944 0.4162946343421936 0.5492384433746338 0.4162946343421936 0.5689337849617004 0.4064469635486603 0.5897234082221985 0.3982405364513397 0.605042040348053 0.3859309256076813 0.6280199885368347 0.37198004126548767 0.6433386206626892 0.3572085201740265 0.6564688086509705 0.34489890933036804 0.6630339622497559 0.3284860849380493 0.6663165092468262 0.31289389729499817 0.6695990562438965 0.29894301295280457 0.661939799785614 0.29566046595573425 0.6488094925880432 0.29894301295280457 0.6367734670639038 0.31371453404426575 0.631302535533905 0.3325892984867096 0.6323966979980469 0.34079569578170776 0.6203606724739075 0.33423057198524475 0.6137955188751221 0.3153558373451233 0.6225489974021912 0.2973017394542694 0.6247373819351196 0.2940191626548767 0.6127013564109802 0.29319852590560913 0.6039478182792664 0.291557252407074 0.5951943397521973 0.3038668632507324 0.58753502368927 0.3038668632507324 0.5733105540275574 0.30222558975219727 0.5470500588417053 0.31043198704719543 0.5218837857246399 0.3194590210914612 0.5021883845329285 0.3260241448879242 0.49452903866767883
0 0.40070247650146484 0.3829219341278076 0.41383272409439087 0.3479079008102417 0.4302455484867096 0.3446253538131714 0.4507615566253662 0.34681370854377747 0.4655330777168274 0.3599439859390259 0.48030462861061096 0.37198004126548767 0.4860491156578064 0.38948702812194824 0.49753808975219727 0.40808823704719543 0.5106683373451233 0.40918242931365967 0.5361081957817078 0.3971463441848755 0.5533416271209717 0.39276960492134094 0.5631893277168274 0.3982405364513397 0.5820640921592712 0.4004289209842682 0.5984768867492676 0.4037114679813385 0.6017594337463379 0.4223126471042633 0.6001181602478027 0.4321603775024414 0.5984768867492676 0.44200804829597473 0.5960149765014648 0.45185574889183044 0.591911792755127 0.47702205181121826 0.590270459651947 0.49562323093414307 0.5804228186607361 0.517507016658783 0.5590861439704895 0.530637264251709 0.5426732897758484 0.5229779481887817 0.5270811319351196 0.513130247592926 0.5147715210914612 0.5109418630599976 0.5098477005958557 0.5207895636558533 0.4967174232006073 0.530637264251709 0.48030462861061096 0.5339198112487793 0.4589679539203644 0.5328256487846375 0.4515821933746338 0.5328256487846375 0.44994091987609863 0.5021883845329285 0.4474789798259735 0.4846813678741455 0.4376313090324402 0.46170341968536377 0.43188682198524475 0.4409138858318329 0.4187565743923187 0.4310661852359772 0.40808823704719543 0.4102766215801239 0.40234375 0.3938637971878052
0 0.4335280954837799 0.5536152124404907 0.4507615566253662 0.5459558963775635 0.46963629126548767 0.5426732897758484 0.49835872650146484 0.5404849648475647 0.5123096108436584 0.5415791273117065 0.526260495185852 0.5503326058387756 0.5237985849380493 0.5678396224975586 0.5155921578407288 0.5930059552192688 0.5016412734985352 0.6028536558151245 0.4786633551120758 0.6159839034080505 0.45978859066963196 0.6334908604621887 0.4376313090324402 0.6433386206626892 0.415473997592926 0.6422443985939026 0.40234375 0.6334908604621887 0.3990611732006073 0.6247373819351196 0.40726760029792786 0.5962885022163391 0.42203912138938904 0.574404776096344
0 0.584526002407074 0.3457195460796356 0.5927324295043945 0.3358718454837799 0.605042040348053 0.3380602300167084 0.6214548349380493 0.3380602300167084 0.6386882662773132 0.33696603775024414 0.6509978771209717 0.3446253538131714 0.6551011204719543 0.35884979367256165 0.6633074879646301 0.3676033020019531 0.6772584319114685 0.3697916567325592 0.687926709651947 0.3796393573284149 0.6969537734985352 0.3916754424571991 0.6871060729026794 0.40589985251426697 0.6764377355575562 0.42121848464012146 0.6641281247138977 0.419030100107193 0.6534598469734192 0.4255952537059784 0.6452534198760986 0.44310224056243896 0.6403295397758484 0.45513829588890076 0.6321231722831726 0.4638918340206146 0.6222754716873169 0.462797611951828 0.6157103180885315 0.4540441036224365 0.605042040348053 0.43981969356536865 0.6099658608436584 0.4255952537059784 0.6083245873451233 0.41246497631073 0.6017594337463379 0.3938637971878052 0.59765625 0.3785451650619507 0.5935530662536621 0.36869749426841736 0.5886291861534119 0.3566614091396332
0 0.7978925704956055 0.34681370854377747 0.806098997592926 0.33040091395378113 0.8159466981887817 0.3205532133579254 0.8364627361297607 0.3205532133579254 0.8495929837226868 0.32821252942085266 0.8627232313156128 0.3479079008102417 0.8717502355575562 0.36213234066963196 0.8865218162536621 0.37088584899902344 0.9062171578407288 0.36869749426841736 0.9119616746902466 0.35556721687316895 0.9275538325309753 0.35556721687316895 0.9431459903717041 0.37088584899902344 0.9497111439704895 0.37745097279548645 0.9439666271209717 0.3938637971878052 0.9349396228790283 0.4069940745830536 0.9365808963775635 0.42668941617012024 0.9488905072212219 0.43872547149658203 0.9554556012153625 0.45185574889183044 0.9595588445663452 0.4781162440776825 0.9603794813156128 0.5065651535987854 0.9595588445663452 0.5273546576499939 0.9267331957817078 0.526260495185852 0.9119616746902466 0.5218837857246399 0.903755247592926 0.526260495185852 0.8889837265014648 0.5393907427787781 0.8758534789085388 0.5448617339134216 0.8594406247138977 0.5372024178504944 0.8257943987846375 0.5120360255241394 0.8290769457817078 0.5010941624641418 0.8430278301239014 0.493434876203537 0.8405659198760986 0.4682685434818268 0.8331801295280457 0.4507615566253662 0.8249737620353699 0.43872547149658203 0.8159466981887817 0.4234068691730499 0.8085609078407288 0.40918242931365967 0.8036370873451233 0.39058125019073486 0.798713207244873 0.37416842579841614 0.7962512969970703 0.3610381782054901
0 0.543083667755127 0.5514268279075623 0.5627790093421936 0.5470500588417053 0.5783711671829224 0.5503326058387756 0.599707841873169 0.5372024178504944 0.6038110852241516 0.49562323093414307 0.6054523587226868 0.4638918340206146 0.6111968159675598 0.46717438101768494 0.6194032430648804 0.4879639446735382 0.6317128539085388 0.5186011791229248 0.6399192214012146 0.5382965803146362 0.6497669219970703 0.556897759437561 0.6440224647521973 0.5820640921592712 0.6349954009056091 0.6072303652763367 0.6210445165634155 0.6334908604621887 0.6095555424690247 0.6597514152526855 0.5988872051239014 0.6695990562438965 0.5915014147758484 0.667410671710968 0.5832950472831726 0.6509979367256165 0.5718060731887817 0.6400560140609741 0.5594964623451233 0.6345850825309753 0.5439043045043945 0.6334908604621887 0.5291327238082886 0.6367734670639038 0.5192850828170776 0.6323966979980469 0.5192850828170776 0.6148896813392639 0.5258501768112183 0.5984768867492676 0.5332359671592712 0.5754989385604858 0.5324153304100037 0.561274528503418
0 0.9082687497138977 0.06560749560594559 0.9197577238082886 0.06341911852359772 0.9255022406578064 0.0535714291036129 0.9378118515014648 0.05794817581772804 0.9493008255958557 0.06560749560594559 0.9665342569351196 0.06998424232006073 0.9796645045280457 0.07107842713594437 0.9911534786224365 0.07873774319887161 0.9944360852241516 0.09186799079179764 0.9911534786224365 0.12031687051057816 0.9804851412773132 0.1400122493505478 0.9681755304336548 0.15970763564109802 0.9575071930885315 0.16736693680286407 0.9443769454956055 0.14767156541347504 0.9378118515014648 0.13235293328762054 0.9230403304100037 0.10390406101942062 0.9197577238082886 0.08858543634414673 0.9115513563156128 0.07654937356710434
0 0.9878709316253662 0.03125 0.9821264147758484 0.03125 0.9952567219734192 0.03125 0.9990234375 0.03125 0.9990234375 0.03125
0 0.905806839466095 0.11922269314527512 0.9172958135604858 0.11156337708234787 0.9271435141563416 0.12469363212585449 0.933708667755127 0.1432948261499405 0.9427356719970703 0.15423668920993805 0.9517627358436584 0.16955532133579254 0.939453125 0.1870623230934143 0.9271435141563416 0.1958158165216446 0.918937087059021 0.1958158165216446 0.9115513563156128 0.18268556892871857 0.9115513563156128 0.15642507374286652 0.9090894460678101 0.134541317820549
0 0.9164751768112183 0.28444501757621765 0.9312466979026794 0.27897408604621887 0.9484801888465881 0.28116247057914734 0.9648929834365845 0.28116247057914734 0.9747406840324402 0.2767857015132904 0.986229658126831 0.27240896224975586 0.9960773587226868 0.2713147699832916 0.9985392689704895 0.2833508551120758 0.9985392689704895 0.33040091395378113 0.9977186322212219 0.3676033020019531 0.973099410533905 0.35337886214256287 0.9402737617492676 0.34900209307670593 0.9213990569114685 0.34353116154670715 0.9148339033126831 0.34024858474731445 0.9230403304100037 0.3139880895614624 0.9222196936607361 0.29648110270500183
0 0.23116469383239746 0.8860153555870056 0.24575699865818024 0.8755388259887695 0.26147180795669556 0.8725454807281494 0.2766253650188446 0.8628172874450684 0.2929013967514038 0.8426125645637512 0.3063712418079376 0.8254010677337646 0.3164736032485962 0.8066930174827576 0.3333108723163605 0.8051963448524475 0.3400458097457886 0.8186662197113037 0.33106592297554016 0.8373742699623108 0.3305046558380127 0.8560823798179626 0.3355558514595032 0.8770354390144348 0.34341326355934143 0.8934985995292664 0.34790319204330444 0.9032267928123474 0.3333108723163605 0.9151999354362488 0.3181573152542114 0.9294180870056152 0.30805495381355286 0.936152994632721 0.2906564176082611 0.946629524230957 0.28223779797554016 0.9256765246391296 0.2654004991054535 0.9189415574073792 0.24968570470809937 0.9099617004394531 0.24070581793785095 0.906968355178833 0.23453214764595032 0.9032267928123474 0.23116469383239746 0.8957435488700867
0 0.3327496349811554 0.7498204112052917 0.34734195470809937 0.7438337802886963 0.3585668206214905 0.7385955452919006 0.3720366358757019 0.7243773937225342 0.3821389973163605 0.7101592421531677 0.3911188840866089 0.7094109058380127 0.39841505885124207 0.7266223430633545 0.40571120381355286 0.7311123013496399 0.41974228620529175 0.7213841080665588 0.43657955527305603 0.701927661895752 0.4607129991054535 0.6892061829566956 0.47586655616760254 0.6832196116447449 0.48540768027305603 0.6854645609855652 0.4865301847457886 0.704172670841217 0.48316270112991333 0.7341055870056152 0.47586655616760254 0.7677801251411438 0.47586655616760254 0.7879849076271057 0.4696928858757019 0.8007063865661621 0.455661803483963 0.7999580502510071 0.4354570806026459 0.7984614372253418 0.41918104887008667 0.8096862435340881 0.4073949456214905 0.8343810439109802 0.3972925543785095 0.8523407578468323 0.38719019293785095 0.866558849811554 0.38045528531074524 0.8725454807281494 0.3737203776836395 0.8830220699310303 0.3630567491054535 0.8942468762397766 0.3563218414783478 0.9032267928123474 0.349025696516037 0.8942468762397766 0.33667832612991333 0.8643139004707336 0.33892330527305603 0.8336326479911804 0.35463809967041016 0.8066930174827576 0.3372395932674408 0.7782567143440247 0.3305046558380127 0.7610452771186829
0 0.5005612373352051 0.6704980731010437 0.5078573822975159 0.6502933502197266 0.5151535272598267 0.6420617699623108 0.5246946811676025 0.6420617699623108 0.5336745977401733 0.6405650973320007 0.5460219383239746 0.6383201479911804 0.557807981967926 0.6398168206214905 0.559491753578186 0.6487966775894165 0.548828125 0.663014829158783 0.5336745977401733 0.6772329807281494 0.5213271975517273 0.6869611740112305 0.5072961449623108 0.6981860995292664 0.5 0.6996827125549316 0.5005612373352051 0.6892061829566956 0.5016837120056152 0.6794779300689697
0 0.5667878985404968 0.6480483412742615 0.5774515271186829 0.6555315852165222 0.5830639600753784 0.6682531237602234 0.5796964764595032 0.6794779300689697 0.5729615688323975 0.6734914183616638 0.5690328478813171 0.6675047874450684 0.5673491358757019 0.6585249304771423
0 0.44555944204330444 0.8837704062461853 0.46127423644065857 0.8703005313873291 0.4747440814971924 0.8643139004707336 0.4904588758945465 0.8673072457313538 0.5044899582862854 0.8747904300689697 0.5157148241996765 0.8882603049278259 0.5252559185028076 0.9002335071563721 0.5376032590866089 0.9159483313560486 0.5477056503295898 0.9226831793785095 0.5527568459510803 0.9346563816070557 0.5471444129943848 0.9488745331764221 0.5510730743408203 0.967582643032074 0.558930516242981 0.9810524582862854 0.5611754655838013 0.9915289878845215 0.5516343116760254 0.9960188865661621 0.5123473405838013 0.9960188865661621 0.49382632970809937 0.9975156188011169 0.48540768027305603 0.9982638955116272 0.47586655616760254 0.9975156188011169 0.4652253985404968 0.9986979365348816 0.4399470090866089 0.9982638955116272 0.42872217297554016 0.9975156188011169 0.41693606972694397 0.9937739372253418 0.4158135652542114 0.9818007946014404 0.42928341031074524 0.9720725417137146 0.4421919882297516 0.9608476758003235 0.4506106376647949 0.937649667263031 0.446681946516037 0.9099617004394531 0.44555944204330444 0.8957435488700867
0 0.5005612373352051 0.7079142928123474 0.5123473405838013 0.7011793255805969 0.5258171558380127 0.6899545192718506 0.5370420217514038 0.6809746623039246 0.5460219383239746 0.6742396950721741 0.5538793206214905 0.6675047874450684 0.5611754655838013 0.6570282578468323 0.5651041865348816 0.6727430820465088 0.5667878985404968 0.6847162246704102 0.5566855072975159 0.6966894268989563 0.5471444129943848 0.7146492004394531 0.5364807844161987 0.7288673520088196 0.5286234021186829 0.7483237385749817 0.5173985362052917 0.7632902264595032 0.5072961449623108 0.7730184197425842 0.49438756704330444 0.7760117053985596 0.48765265941619873 0.7700251936912537 0.4887751340866089 0.7460787892341614 0.4932650923728943 0.7273706793785095 0.4983162581920624 0.7161458134651184
0 0.6520968079566956 0.5941690802574158 0.6616379022598267 0.5836924910545349 0.6751077771186829 0.5799509286880493 0.6897000670433044 0.586685836315155 0.7087823152542114 0.5836924910545349 0.7177622318267822 0.5732160210609436 0.734038233757019 0.5597462058067322 0.7458243370056152 0.5500179529190063 0.752559244632721 0.5560045838356018 0.7463855743408203 0.5784542560577393 0.7452630996704102 0.594917356967926 0.7435793876647949 0.6121287941932678 0.7368444800376892 0.626347005367279 0.7273033261299133 0.6383201479911804 0.7132722735404968 0.6420617699623108 0.7003636956214905 0.6413134932518005 0.6891388297080994 0.6420617699623108 0.6739853024482727 0.6473000645637512 0.6661278605461121 0.6473000645637512 0.654902994632721 0.6360751986503601 0.6537805199623108 0.6083872318267822
0 0.7671515941619873 0.5500179529190063 0.7766926884651184 0.5402897596359253 0.7879175543785095 0.5515146255493164 0.8086835741996765 0.5836924910545349 0.8193471431732178 0.6001556515693665 0.8305720090866089 0.6031489372253418 0.8373069167137146 0.5994073152542114 0.850776731967926 0.6053939461708069 0.8636853694915771 0.6128771901130676 0.8698590397834778 0.6203603744506836 0.8749101758003235 0.6315852403640747 0.8810838460922241 0.6390684843063354 0.8878188133239746 0.6420617699623108 0.9001661539077759 0.6510416865348816 0.9085847735404968 0.6570282578468323 0.9063398241996765 0.6764846444129944 0.899604856967926 0.6914511322975159 0.8900637626647949 0.7071659564971924 0.8726652264595032 0.7183907628059387 0.8541442155838013 0.7273706793785095 0.8339394927024841 0.7356022000312805 0.8159797191619873 0.7281189560890198 0.8008261322975159 0.7348539233207703 0.7896012663841248 0.7490720748901367 0.784550130367279 0.7228807806968689 0.7710802555084229 0.7183907628059387 0.7576104402542114 0.7281189560890198 0.7430181503295898 0.7348539233207703 0.734038233757019 0.7393438816070557 0.725058376789093 0.742337167263031 0.7194459438323975 0.741588830947876 0.7121497988700867 0.7288673520088196 0.6975574493408203 0.7296156883239746 0.6857713460922241 0.7236290574073792 0.6812814474105835 0.6974377632141113 0.6897000670433044 0.6794779300689697 0.7166396975517273 0.663763165473938 0.7368444800376892 0.654783308506012 0.754804253578186 0.6450551152229309 0.7716415524482727 0.6480483412742615 0.7778152227401733 0.6473000645637512 0.7884787917137146 0.63457852602005 0.7778152227401733 0.6173670887947083 0.7660291194915771 0.6091355681419373 0.7598554491996765 0.5926724076271057 0.7604166865348816 0.5806992650032043 0.7626616358757019 0.5679777264595032
0 0.8743489384651184 0.5537595748901367 0.8917474746704102 0.5440313816070557 0.900727391242981 0.5350514650344849 0.9147584438323975 0.5328065156936646 0.9248608350753784 0.5335548520088196 0.9432896375656128 0.5412946343421936 0.9558454155921936 0.5496651530265808 0.9753766655921936 0.5515252947807312 0.9830496907234192 0.5552455186843872 0.9900251030921936 0.570126473903656 0.9990234375 0.5798746943473816 0.9963030219078064 0.621279776096344 0.9990234375 0.6444940567016602 0.9970005750656128 0.6622024178504944 0.9725865125656128 0.6622024178504944 0.9579380750656128 0.6696428656578064 0.9509626030921936 0.6789434552192688 0.9446846842765808 0.6938243508338928 0.93701171875 0.7003347873687744 0.9307337999343872 0.7087053656578064 0.9300362467765808 0.7207961082458496 0.9356166124343872 0.7356770634651184 0.9342215657234192 0.7524181008338928 0.9328264594078064 0.7607886791229248 0.9432896375656128 0.777529776096344 0.9404994249343872 0.7914806008338928 0.9237583875656128 0.7952008843421936 0.9112025499343872 0.7886905074119568 0.9000418782234192 0.7672991156578064 0.8951590657234192 0.7440476417541504 0.8986467719078064 0.7217261791229248 0.9153878092765808 0.687313973903656 0.9202706217765808 0.6705729365348816 0.9160853624343872 0.6529017686843872 0.9000418782234192 0.6398809552192688 0.8867884874343872 0.6259300708770752 0.8819056749343872 0.5887276530265808 0.8770228624343872 0.5738467574119568
0 0.9411969780921936 0.3562128245830536 0.96142578125 0.3599330186843872 0.9816545844078064 0.369233638048172 0.9976981282234192 0.3757440745830536 0.9990234375 0.392973393201828 0.9990234375 0.4947916567325592 0.9990234375 0.5515252947807312 0.9990234375 0.5673363208770752 0.9886299967765808 0.550595223903656 0.9816545844078064 0.5347842574119568 0.9802594780921936 0.4920015037059784 0.9774693250656128 0.4622395932674408 0.9684012532234192 0.4482886791229248 0.9572405219078064 0.4371279776096344 0.9446846842765808 0.4194568395614624 0.9453822374343872 0.3999255895614624 0.9551478624343872 0.3803943395614624 0.9509626030921936 0.369233638048172
0 0.9411969780921936 0.7124256491661072 0.9544503092765808 0.691964328289032 0.9690987467765808 0.6928943991661072 0.9670061469078064 0.72265625 0.9670061469078064 0.7607886791229248 0.96630859375 0.7747395634651184 0.9509626030921936 0.7747395634651184 0.9425920844078064 0.765438973903656 0.9411969780921936 0.7449777126312256 0.9411969780921936 0.7300967574119568
0 0.8993443250656128 0.9626116156578064 0.9049246907234192 0.941220223903656 0.9209681749343872 0.929129421710968 0.93701171875 0.9226190447807312 0.9523577094078064 0.9272693991661072 0.9607282280921936 0.933779776096344 0.9670061469078064 0.9375 0.9690987467765808 0.9505208134651184 0.9523577094078064 0.9616815447807312 0.95166015625 0.972842276096344 0.9600306749343872 0.987723171710968 0.96630859375 0.9970238208770752 0.9153878092765808 0.9979538917541504 0.9000418782234192 0.9979538917541504 0.8972516655921936 0.9905133843421936 0.8986467719078064 0.9737722873687744
0 0.5401087999343872 0.7682291865348816 0.5568498969078064 0.7477678656578064 0.57568359375 0.7245163917541504 0.5917271375656128 0.7077752947807312 0.6091657280921936 0.7012648582458496 0.6321846842765808 0.706845223903656 0.6545061469078064 0.7152157425880432 0.6552037000656128 0.7300967574119568 0.6496233344078064 0.745907723903656 0.6405552625656128 0.7691592574119568 0.6307896375656128 0.789620578289032 0.6126534342765808 0.7952008843421936 0.5945172905921936 0.8017113208770752 0.5770787000656128 0.8035714626312256 0.5631278157234192 0.8054315447807312 0.5470842719078064 0.8100818991661072 0.5408063530921936 0.8100818991661072 0.5387137532234192 0.7979910373687744 0.5401087999343872 0.78125
0 0.015625 0.7570684552192688 0.015625 0.7589285373687744 0.01834542490541935 0.78125 0.03857421875 0.7942708134651184 0.05322265625 0.7961309552192688 0.0657784566283226 0.7961309552192688 0.0713588148355484 0.8026413917541504 0.0755440816283226 0.8147321343421936 0.0811244398355484 0.8370535373687744 0.0860072523355484 0.851004421710968 0.0929827019572258 0.8603050708770752 0.08251953125 0.8770461082458496 0.0706612691283226 0.887276828289032 0.0518275685608387 0.8909969925880432 0.02253069169819355 0.9012277126312256 0.015625 0.9086681008338928 0.015625 0.9101097583770752 0.015625 0.8389136791229248 0.015625 0.8160342574119568
0 0.015625 0.9449405074119568 0.0211356021463871 0.9328497052192688 0.03369140625 0.9375 0.0511300228536129 0.941220223903656 0.0615931935608387 0.9319196343421936 0.0699637308716774 0.9319196343421936 0.0783342644572258 0.9579613208770752 0.0860072523355484 0.9784226417541504 0.09716796875 0.99609375 0.0650809183716774 0.9979538917541504 0.02532087080180645 0.99609375 0.02741350419819355 0.9784226417541504 0.02532087080180645 0.9561011791229248
0 0.0762416273355484 0.8975074291229248 0.0901925191283226 0.8742559552192688 0.1006556898355484 0.863095223903656 0.1125139519572258 0.8640252947807312 0.1243722066283226 0.8668155074119568 0.1334402859210968 0.8723958134651184 0.1397181898355484 0.8816964626312256 0.1522739976644516 0.890066921710968 0.1634347140789032 0.8937872052192688 0.1808733195066452 0.9012277126312256 0.1878487765789032 0.9086681008338928 0.1822684109210968 0.9309895634651184 0.1836635023355484 0.9505208134651184 0.1892438679933548 0.9691219925880432 0.1976144015789032 0.9821428656578064 0.2066824734210968 0.9942336082458496 0.2073800265789032 0.9970238208770752 0.1662248820066452 0.9942336082458496 0.1383230984210968 0.99609375 0.1055385023355484 0.99609375 0.09716796875 0.9765625 0.0880998894572258 0.9551711082458496 0.08251953125 0.9365699291229248 0.0783342644572258 0.9254092574119568 0.0762416273355484 0.909598171710968
0 0.5240653157234192 0.8342633843421936 0.5408063530921936 0.8221726417541504 0.5575474500656128 0.816592276096344 0.5798688530921936 0.816592276096344 0.6084681749343872 0.811941921710968 0.6286969780921936 0.8035714626312256 0.6579938530921936 0.7961309552192688 0.6719447374343872 0.7877604365348816 0.6796177625656128 0.7710193991661072 0.6824079155921936 0.745907723903656 0.6921735405921936 0.7393972873687744 0.7019391655921936 0.7393972873687744 0.7096121907234192 0.7412574291229248 0.72216796875 0.7607886791229248 0.7298409342765808 0.7905506491661072 0.7340262532234192 0.8128719925880432 0.7340262532234192 0.8305431008338928 0.7228655219078064 0.8472842574119568 0.7158900499343872 0.855654776096344 0.69775390625 0.8454241156578064 0.68310546875 0.8463541865348816 0.6705496907234192 0.8612351417541504 0.65869140625 0.8798363208770752 0.6503208875656128 0.8956472873687744 0.6370674967765808 0.8975074291229248 0.6210240125656128 0.8975074291229248 0.6063755750656128 0.8937872052192688 0.5896344780921936 0.8891368508338928 0.5763811469078064 0.890066921710968 0.5631278157234192 0.9002976417541504 0.5603376030921936 0.9077381491661072 0.5526646375656128 0.909598171710968 0.5352259874343872 0.8993675708770752 0.5282505750656128 0.8844866156578064 0.5233677625656128 0.8612351417541504
0 0.5617327094078064 0.9226190447807312 0.57080078125 0.906808078289032 0.5868443250656128 0.902157723903656 0.6063755750656128 0.906808078289032 0.6273018717765808 0.9077381491661072 0.6447405219078064 0.909598171710968 0.6559012532234192 0.9040178656578064 0.6670619249343872 0.9244791865348816 0.6768275499343872 0.9300594925880432 0.6761299967765808 0.945870578289032 0.6740373969078064 0.9579613208770752 0.6740373969078064 0.9737722873687744 0.6761299967765808 0.9942336082458496 0.6628766655921936 0.9979538917541504 0.6426478624343872 0.9951636791229248 0.6286969780921936 0.9942336082458496 0.61962890625 0.980282723903656 0.6105608344078064 0.9719122052192688 0.6028878092765808 0.9505208134651184 0.5959123969078064 0.9393601417541504 0.5833565592765808 0.9328497052192688 0.57080078125 0.929129421710968
0 0.5966099500656128 0.9951636791229248 0.5994001030921936 0.980282723903656 0.6091657280921936 0.9784226417541504 0.6203264594078064 0.9905133843421936 0.6231166124343872 0.9979538917541504 0.6063755750656128 0.9979538917541504
0 0.6593889594078064 0.8965773582458496 0.6663643717765808 0.8779761791229248 0.6810128092765808 0.855654776096344 0.6984514594078064 0.8537946343421936 0.7137974500656128 0.8686756491661072 0.7200753092765808 0.8854166865348816 0.7186802625656128 0.9049479365348816 0.7110072374343872 0.9198288917541504 0.6949637532234192 0.9254092574119568 0.67333984375 0.9198288917541504 0.6656668782234192 0.9151785373687744
0 0.6984514594078064 0.9365699291229248 0.7082170844078064 0.9505208134651184 0.7005440592765808 0.9635416865348816 0.7005440592765808 0.9821428656578064 0.70263671875 0.992373526096344 0.7165876030921936 0.9784226417541504 0.7263532280921936 0.9663318991661072 0.7333287000656128 0.9523809552192688 0.73193359375 0.9421502947807312 0.7235630750656128 0.9393601417541504 0.7110072374343872 0.9393601417541504
0 0.7298409342765808 0.87890625 0.7479771375656128 0.8603050708770752 0.76123046875 0.8584449291229248 0.78076171875 0.8658854365348816 0.7898297905921936 0.8770461082458496 0.79052734375 0.894717276096344 0.7933174967765808 0.9170386791229248 0.7961077094078064 0.9365699291229248 0.7988978624343872 0.9449405074119568 0.7891322374343872 0.95703125 0.7835518717765808 0.9709821343421936 0.7814592719078064 0.9858631491661072 0.7800641655921936 0.9942336082458496 0.7654157280921936 0.9905133843421936 0.7521623969078064 0.9830729365348816 0.7451869249343872 0.9691219925880432 0.7403041124343872 0.948660671710968 0.7333287000656128 0.9235491156578064 0.7298409342765808 0.9105282425880432 0.7291434407234192 0.8882068991661072
0 0.73193359375 0.7496280074119568 0.7500697374343872 0.7431175708770752 0.76611328125 0.7366071343421936 0.7765764594078064 0.7375372052192688 0.7779715657234192 0.750558078289032 0.77587890625 0.7663690447807312 0.7689034342765808 0.7868303656578064 0.7619280219078064 0.7952008843421936 0.7521623969078064 0.7952008843421936 0.7396065592765808 0.784970223903656 0.7326311469078064 0.7719493508338928
0 0.7591378092765808 0.8147321343421936 0.7737862467765808 0.7942708134651184 0.7814592719078064 0.7765997052192688 0.7919224500656128 0.7570684552192688 0.7982003092765808 0.750558078289032 0.8121512532234192 0.7431175708770752 0.8226143717765808 0.753348171710968 0.8254045844078064 0.7682291865348816 0.8330775499343872 0.7765997052192688 0.8400530219078064 0.78125 0.8609793782234192 0.7821800708770752 0.8798130750656128 0.7840402126312256 0.8860909342765808 0.7979910373687744 0.8839983344078064 0.8110118508338928 0.8798130750656128 0.8138020634651184 0.8672572374343872 0.7998511791229248 0.8574916124343872 0.7998511791229248 0.84423828125 0.8026413917541504 0.8365653157234192 0.8128719925880432 0.8309849500656128 0.8231027126312256 0.8274971842765808 0.8379836082458496 0.8205217719078064 0.8528645634651184 0.8121512532234192 0.8603050708770752 0.7982003092765808 0.8640252947807312 0.7877371907234192 0.8547247052192688 0.77587890625 0.8407738208770752 0.7668108344078064 0.8324032425880432
0 0.80029296875 0.8742559552192688 0.81005859375 0.8696056008338928 0.81982421875 0.8649553656578064 0.8309849500656128 0.8621652126312256 0.8407505750656128 0.867745578289032 0.8519112467765808 0.867745578289032 0.85888671875 0.8658854365348816 0.8658621907234192 0.8668155074119568 0.8644670844078064 0.8909969925880432 0.8630719780921936 0.9058780074119568 0.8623744249343872 0.9244791865348816 0.86376953125 0.9375 0.8595842719078064 0.948660671710968 0.8477259874343872 0.9523809552192688 0.83447265625 0.9495907425880432 0.8233119249343872 0.9449405074119568 0.8058733344078064 0.941220223903656 0.8030831217765808 0.9235491156578064 0.8016880750656128 0.9049479365348816 0.8016880750656128 0.8937872052192688
0 0.6963587999343872 0.349702388048172 0.7089146375656128 0.3311012089252472 0.7179827094078064 0.3199404776096344 0.72705078125 0.3264508843421936 0.7305384874343872 0.337611585855484 0.7193778157234192 0.3515625 0.7110072374343872 0.3701636791229248 0.7040318250656128 0.3785342276096344 0.7005440592765808 0.369233638048172 0.7005440592765808 0.3590029776096344
0 0.9970005750656128 0.9598214626312256 0.9900251030921936 0.9691219925880432 0.9886299967765808 0.984933078289032 0.9949079155921936 0.9979538917541504 0.9990234375 0.9979538917541504 0.9990234375 0.9812127947807312
0 0.1955217570066452 0.914248526096344 0.2178431898355484 0.9151785373687744 0.2366769015789032 0.921688973903656 0.2562081515789032 0.9300594925880432 0.2736467719078064 0.9402902126312256 0.2841099202632904 0.95703125 0.2820172905921936 0.9765625 0.2764369547367096 0.9905133843421936 0.2652762234210968 0.9933035373687744 0.25341796875 0.9970238208770752 0.2359793484210968 0.9970238208770752 0.21923828125 0.9970238208770752 0.2129603773355484 0.9886532425880432 0.19482421875 0.9635416865348816 0.1885463148355484 0.9402902126312256 0.1927315890789032 0.9235491156578064
0 0.015625 0.2976190447807312 0.015625 0.291108638048172 0.02462332509458065 0.3013392984867096 0.01764787919819355 0.3218005895614624 0.015625 0.3385416567325592 0.015625 0.3180803656578064
1 0.0162527896463871 0.1590401828289032 0.0371791310608387 0.1720610111951828 0.0553152896463871 0.1804315447807312 0.0762416273355484 0.178571417927742 0.0908900648355484 0.178571417927742 0.0936802476644516 0.1646205335855484 0.0992606058716774 0.155319944024086 0.0797293558716774 0.1525297611951828 0.0608956478536129 0.1543898731470108 0.02532087080180645 0.1525297611951828
1 0.3531668484210968 0.2566964328289032 0.3789760172367096 0.2734375 0.4033900797367096 0.294828861951828 0.4152483344078064 0.3069196343421936 0.41943359375 0.3245907723903656 0.4061802327632904 0.3413318395614624 0.4012974202632904 0.3599330186843872 0.3810686469078064 0.3599330186843872 0.3440987765789032 0.3292410671710968 0.3301478922367096 0.314360111951828 0.3322405219078064 0.2901785671710968 0.3385184109210968 0.275297611951828 0.3434012234210968 0.2650669515132904
1 0.5694056749343872 0.237165167927742 0.58544921875 0.2436755895614624 0.5966099500656128 0.2594866156578064 0.6175362467765808 0.2762276828289032 0.6328822374343872 0.2883184552192688 0.6356724500656128 0.3050595223903656 0.63427734375 0.3162202537059784 0.6307896375656128 0.3292410671710968 0.6091657280921936 0.3264508843421936 0.5889369249343872 0.3264508843421936 0.5749860405921936 0.3283109962940216 0.5666155219078064 0.3255208432674408 0.5603376030921936 0.3059895932674408 0.5589424967765808 0.2808779776096344 0.5589424967765808 0.2594866156578064 0.5631278157234192 0.2483258843421936
1 0.55126953125 0.3738839328289032 0.5673130750656128 0.3748140037059784 0.58056640625 0.376674085855484 0.58544921875 0.376674085855484 0.5819615125656128 0.3617931604385376 0.5770787000656128 0.3487723171710968 0.5735909342765808 0.3394717276096344 0.5680106282234192 0.3422619104385376 0.5617327094078064 0.3562128245830536
1 0.6377650499343872 0.4836309254169464 0.6461356282234192 0.4613095223903656 0.6565987467765808 0.4380580186843872 0.6663643717765808 0.427827388048172 0.6761299967765808 0.4268973171710968 0.6851981282234192 0.4259672462940216 0.6949637532234192 0.4213169813156128 0.7151924967765808 0.4343378245830536 0.7312360405921936 0.443638414144516 0.7479771375656128 0.454799085855484 0.7626255750656128 0.4640996754169464 0.7723912000656128 0.4724702537059784 0.7821568250656128 0.486421138048172 0.7835518717765808 0.5013020634651184 0.7751813530921936 0.5152530074119568 0.7654157280921936 0.531063973903656 0.7528599500656128 0.5375744104385376 0.7382115125656128 0.5412946343421936 0.72216796875 0.5552455186843872 0.7165876030921936 0.5608258843421936 0.7103096842765808 0.5673363208770752 0.7005440592765808 0.570126473903656 0.6921735405921936 0.5710565447807312 0.6789202094078064 0.5598958134651184 0.6677594780921936 0.5450149178504944 0.6579938530921936 0.5366443395614624 0.64892578125 0.523623526096344 0.6412528157234192 0.5031622052192688
1 0.7298409342765808 0.3543526828289032 0.7437918782234192 0.3506324291229248 0.7549525499343872 0.3469121754169464 0.7689034342765808 0.3394717276096344 0.7800641655921936 0.333891361951828 0.7835518717765808 0.3441220223903656 0.7793666124343872 0.365513414144516 0.7793666124343872 0.3813244104385376 0.7821568250656128 0.3943452537059784 0.7877371907234192 0.408296138048172 0.7968052625656128 0.4166666567325592 0.7968052625656128 0.4250371754169464 0.7821568250656128 0.431547611951828 0.7751813530921936 0.4343378245830536 0.7675083875656128 0.4417782723903656 0.7654157280921936 0.4501488208770752 0.7577427625656128 0.4482886791229248 0.74169921875 0.4380580186843872 0.72705078125 0.4287574291229248 0.7068219780921936 0.4185267686843872 0.6991490125656128 0.4138765037059784 0.7117047905921936 0.3841145932674408 0.7193778157234192 0.369233638048172
1 0.7696009874343872 0.454799085855484 0.7814592719078064 0.4408482313156128 0.78564453125 0.4371279776096344 0.7988978624343872 0.4343378245830536 0.8079659342765808 0.4380580186843872 0.8205217719078064 0.4445684254169464 0.8267996907234192 0.4538690745830536 0.8323799967765808 0.470610111951828 0.8358677625656128 0.4808407723903656 0.8191266655921936 0.4975818395614624 0.80517578125 0.5003719925880432 0.7919224500656128 0.4920015037059784 0.7828543782234192 0.474330335855484
1 0.7814592719078064 0.5254836678504944 0.7912248969078064 0.5357142686843872 0.8016880750656128 0.5478050708770752 0.81005859375 0.562686026096344 0.8142438530921936 0.570126473903656 0.8212193250656128 0.5850074291229248 0.8281947374343872 0.5905877947807312 0.8372628092765808 0.5905877947807312 0.8505162000656128 0.5915178656578064 0.8630719780921936 0.5989583134651184 0.8700474500656128 0.6036086678504944 0.8714424967765808 0.589657723903656 0.86865234375 0.5719866156578064 0.8651646375656128 0.5561755895614624 0.8609793782234192 0.5450149178504944 0.8470284342765808 0.5385044813156128 0.8351702094078064 0.5301339030265808 0.8233119249343872 0.5226934552192688 0.81494140625 0.5106026530265808 0.8044782280921936 0.5106026530265808 0.7988978624343872 0.5087425708770752 0.7877371907234192 0.5078125
1 0.9949079155921936 0.6770833134651184 0.9865373969078064 0.6891741156578064 0.9823521375656128 0.703125 0.9816545844078064 0.7207961082458496 0.9795619249343872 0.7300967574119568 0.9774693250656128 0.7440476417541504 0.9781668782234192 0.7645089626312256 0.98095703125 0.7756696343421936 0.99072265625 0.7979910373687744 0.9970005750656128 0.804501473903656 0.9976981282234192 0.7607886791229248 0.9990234375 0.7348710894584656 0.9990234375 0.6938243508338928
1 0.8407505750656128 0.7496280074119568 0.8567940592765808 0.7440476417541504 0.87353515625 0.738467276096344 0.8819056749343872 0.7468377947807312 0.8839983344078064 0.757998526096344 0.8846958875656128 0.7719493508338928 0.87353515625 0.7756696343421936 0.8616768717765808 0.7738094925880432 0.8526087999343872 0.770089328289032 0.84423828125 0.7645089626312256
1 0.015625 0.5933780074119568 0.0357840396463871 0.5784969925880432 0.0427594855427742 0.5682663321495056 0.0553152896463871 0.5571056604385376 0.0713588148355484 0.5478050708770752 0.0846121683716774 0.5478050708770752 0.1027483269572258 0.5598958134651184 0.1201869398355484 0.5747767686843872 0.1201869398355484 0.5831473469734192 0.1153041273355484 0.6063988208770752 0.1104213148355484 0.6156994104385376 0.1041434183716774 0.6231399178504944 0.0915876105427742 0.6296502947807312 0.0818219855427742 0.628720223903656 0.0608956478536129 0.625 0.0504324771463871 0.625 0.0371791310608387 0.6231399178504944 0.0260184146463871 0.6147693395614624
1 0.2234235554933548 0.6184895634651184 0.2122628390789032 0.6417410969734192 0.2059849351644516 0.6566219925880432 0.2066824734210968 0.68359375 0.2122628390789032 0.7040550708770752 0.2164480984210968 0.7273065447807312 0.2199358195066452 0.7403273582458496 0.2276088148355484 0.7449777126312256 0.2464425265789032 0.745907723903656 0.2666713297367096 0.7431175708770752 0.2820172905921936 0.714285671710968 0.2931780219078064 0.6863839626312256 0.2806222140789032 0.6715030074119568 0.2687639594078064 0.6501116156578064 0.2596958577632904 0.6417410969734192 0.2492326945066452 0.6305803656578064 0.2401646226644516 0.621279776096344 0.2310965359210968 0.6166294813156128
1 0.2694614827632904 0.4771205186843872 0.2882952094078064 0.486421138048172 0.3015485405921936 0.4994419813156128 0.3050362765789032 0.511532723903656 0.2938755452632904 0.5375744104385376 0.2938755452632904 0.5561755895614624 0.2917829155921936 0.5617559552192688 0.2750418484210968 0.5608258843421936 0.2638811469078064 0.5598958134651184 0.2555105984210968 0.5589657425880432 0.2576032280921936 0.5422247052192688 0.26318359375 0.5292038321495056 0.2666713297367096 0.5199032425880432 0.2715541422367096 0.5059524178504944 0.2715541422367096 0.4920015037059784
1 0.1738978773355484 0.5422247052192688 0.1857561320066452 0.5422247052192688 0.1955217570066452 0.5403645634651184 0.2136579304933548 0.5385044813156128 0.2262137234210968 0.5338541865348816 0.2324916273355484 0.531063973903656 0.2359793484210968 0.5226934552192688 0.2331891804933548 0.5124627947807312 0.2283063679933548 0.5068824291229248 0.2234235554933548 0.504092276096344 0.2129603773355484 0.5106026530265808 0.2017996609210968 0.5199032425880432 0.1920340359210968 0.5254836678504944 0.1815708726644516 0.5301339030265808
1 0.13134765625 0.731026828289032 0.14599609375 0.7049851417541504 0.1676199734210968 0.68359375 0.1766880601644516 0.6863839626312256 0.2004045695066452 0.7012648582458496 0.2059849351644516 0.72265625 0.2017996609210968 0.7524181008338928 0.1920340359210968 0.7756696343421936 0.18017578125 0.7989211082458496 0.1711076945066452 0.8035714626312256 0.1543666273355484 0.7914806008338928 0.14599609375 0.7859002947807312 0.1348353773355484 0.777529776096344 0.13134765625 0.7663690447807312 0.1320451945066452 0.7514881491661072
1 0.1550641804933548 0.8100818991661072 0.1697126179933548 0.8128719925880432 0.1759905070066452 0.8203125 0.1759905070066452 0.8324032425880432 0.1718052476644516 0.8463541865348816 0.1641322523355484 0.8668155074119568 0.1613420695066452 0.8798363208770752 0.1543666273355484 0.8816964626312256 0.1452985554933548 0.8686756491661072 0.1404157429933548 0.8640252947807312 0.1494838148355484 0.8389136791229248 0.1543666273355484 0.8193824291229248
1 0.1808733195066452 0.843563973903656 0.2004045695066452 0.8426339626312256 0.2150530070066452 0.8575148582458496 0.2276088148355484 0.8733258843421936 0.2206333726644516 0.887276828289032 0.2220284640789032 0.9049479365348816 0.2080775648355484 0.902157723903656 0.1934291273355484 0.8956472873687744 0.1815708726644516 0.890066921710968 0.1718052476644516 0.8835565447807312 0.1697126179933548 0.8761160373687744 0.1732003390789032 0.8621652126312256
1 0.1864536851644516 0.8110118508338928 0.1962193101644516 0.7859002947807312 0.2052873820066452 0.7719493508338928 0.2150530070066452 0.76171875 0.2248186320066452 0.7524181008338928 0.2324916273355484 0.7524181008338928 0.2450474351644516 0.7561383843421936 0.2624860405921936 0.753348171710968 0.2715541422367096 0.753348171710968 0.2855050265789032 0.7552083134651184 0.2945730984210968 0.7710193991661072 0.3001534640789032 0.7905506491661072 0.3008510172367096 0.809151828289032 0.2966657280921936 0.8193824291229248 0.2889927327632904 0.8305431008338928 0.2799246609210968 0.8444940447807312 0.2701590359210968 0.8537946343421936 0.2569057047367096 0.8612351417541504 0.2450474351644516 0.8640252947807312 0.2345842570066452 0.8649553656578064 0.2276088148355484 0.859375 0.2150530070066452 0.8463541865348816 0.2059849351644516 0.836123526096344 0.1983119398355484 0.831473171710968 0.1934291273355484 0.8268229365348816
1 0.4612862765789032 0.809151828289032 0.46826171875 0.8082217574119568 0.4773297905921936 0.804501473903656 0.4836077094078064 0.789620578289032 0.48779296875 0.7840402126312256 0.4961635172367096 0.7859002947807312 0.52197265625 0.770089328289032 0.5303431749343872 0.757998526096344 0.5422014594078064 0.7347469925880432 0.5470842719078064 0.7300967574119568 0.5498744249343872 0.7421875 0.5449916124343872 0.7524181008338928 0.5352259874343872 0.7626488208770752 0.5345284342765808 0.770089328289032 0.5338309407234192 0.7914806008338928 0.5303431749343872 0.809151828289032 0.5261579155921936 0.8193824291229248 0.5163922905921936 0.83984375 0.5163922905921936 0.8565847873687744 0.5191825032234192 0.867745578289032 0.5177873969078064 0.87890625 0.5045340657234192 0.867745578289032 0.4919782280921936 0.8547247052192688 0.4794224202632904 0.8565847873687744 0.4675641655921936 0.8575148582458496 0.4661690890789032 0.8389136791229248 0.4647739827632904 0.828683078289032 0.4647739827632904 0.8184523582458496
1 0.8749302625656128 0.8528645634651184 0.8860909342765808 0.8221726417541504 0.8993443250656128 0.809151828289032 0.9146903157234192 0.809151828289032 0.93212890625 0.8258928656578064 0.9411969780921936 0.8324032425880432 0.9628208875656128 0.843563973903656 0.9823521375656128 0.8528645634651184 0.9935128092765808 0.8761160373687744 0.9935128092765808 0.894717276096344 0.9900251030921936 0.909598171710968 0.9795619249343872 0.9188988208770752 0.9607282280921936 0.9170386791229248 0.9377092719078064 0.9161086082458496 0.9146903157234192 0.9226190447807312 0.9063197374343872 0.9300594925880432 0.9000418782234192 0.9375 0.8895787000656128 0.9421502947807312 0.8839983344078064 0.933779776096344 0.8770228624343872 0.9235491156578064 0.8777204155921936 0.8993675708770752 0.87841796875 0.8919270634651184 0.8770228624343872 0.875186026096344
1 0.2701590359210968 0.3664434254169464 0.29248046875 0.3599330186843872 0.3106166422367096 0.3441220223903656 0.3231724202632904 0.333891361951828 0.3343331515789032 0.337611585855484 0.3468889594078064 0.3487723171710968 0.3629324734210968 0.3562128245830536 0.37548828125 0.3683035671710968 0.3880440890789032 0.3878348171710968 0.3936244547367096 0.3999255895614624 0.4005998969078064 0.415736585855484 0.3992047905921936 0.4389880895614624 0.39501953125 0.4529390037059784 0.3873465359210968 0.4734003245830536 0.3775809109210968 0.490141361951828 0.3726980984210968 0.4985119104385376 0.3664202094078064 0.4994419813156128 0.3524692952632904 0.4873511791229248 0.3378208577632904 0.4799107313156128 0.33154296875 0.4799107313156128 0.3182896077632904 0.4817708432674408 0.3134067952632904 0.4817708432674408 0.2966657280921936 0.470610111951828 0.2834123969078064 0.463169664144516 0.2743442952632904 0.4566592276096344 0.2834123969078064 0.4334077537059784 0.2799246609210968 0.4092261791229248 0.2792271077632904 0.3915550708770752 0.2757394015789032 0.3776041567325592
1 0.4054827094078064 0.4250371754169464 0.4222237765789032 0.4380580186843872 0.4319894015789032 0.4585193395614624 0.43896484375 0.4808407723903656 0.4431501030921936 0.5078125 0.4452427327632904 0.52734375 0.4431501030921936 0.5385044813156128 0.4333844780921936 0.543154776096344 0.4222237765789032 0.546875 0.4152483344078064 0.5338541865348816 0.4019949734210968 0.5282738208770752 0.3908342719078064 0.5264136791229248 0.38037109375 0.5152530074119568 0.3761858344078064 0.5096725821495056 0.3817661702632904 0.4994419813156128 0.3922293484210968 0.4789806604385376 0.3992047905921936 0.4538690745830536 0.4040876030921936 0.435267835855484
1 0.0574079230427742 0.451078861951828 0.0713588148355484 0.4399181604385376 0.0797293558716774 0.4334077537059784 0.0880998894572258 0.4380580186843872 0.09716796875 0.4557291567325592 0.1104213148355484 0.4659598171710968 0.10205078125 0.48828125 0.0978655144572258 0.5068824291229248 0.1027483269572258 0.5319940447807312 0.1146065816283226 0.5412946343421936 0.13134765625 0.5524553656578064 0.1466936320066452 0.5571056604385376 0.1376255601644516 0.5682663321495056 0.1222795769572258 0.562686026096344 0.1062360480427742 0.5533854365348816 0.0936802476644516 0.543154776096344 0.0804268941283226 0.5394344925880432 0.0664760023355484 0.5394344925880432 0.0539202019572258 0.5394344925880432 0.0441545769572258 0.5347842574119568 0.0567103810608387 0.5208333134651184 0.0706612691283226 0.5087425708770752 0.0720563605427742 0.4873511791229248 0.06787109375 0.470610111951828
1 0.3943219780921936 0.6417410969734192 0.4061802327632904 0.6510416865348816 0.4298967719078064 0.6538318395614624 0.44873046875 0.6510416865348816 0.4661690890789032 0.6389508843421936 0.4843052327632904 0.6259300708770752 0.4989536702632904 0.6184895634651184 0.5059291124343872 0.621279776096344 0.5017438530921936 0.6389508843421936 0.4947684109210968 0.6566219925880432 0.4905831515789032 0.672433078289032 0.46826171875 0.6789434552192688 0.4459402859210968 0.6901041865348816 0.4257114827632904 0.7012648582458496 0.4152483344078064 0.7133556008338928 0.4026925265789032 0.7133556008338928 0.3943219780921936 0.7012648582458496 0.3824637234210968 0.6975446343421936 0.3747907280921936 0.6854538917541504 0.37548828125 0.6687127947807312 0.38525390625 0.6547619104385376
1 0.2966657280921936 0.6956844925880432 0.3113141655921936 0.6891741156578064 0.3301478922367096 0.6863839626312256 0.3392159640789032 0.6854538917541504 0.3615373969078064 0.687313973903656 0.37060546875 0.6966145634651184 0.3726980984210968 0.7059152126312256 0.3629324734210968 0.718936026096344 0.3524692952632904 0.7282366156578064 0.34130859375 0.733816921710968 0.3259626030921936 0.7421875 0.3134067952632904 0.7449777126312256 0.3001534640789032 0.7477678656578064 0.2917829155921936 0.7496280074119568 0.2764369547367096 0.7412574291229248 0.28271484375 0.7235863208770752 0.2889927327632904 0.711495578289032
1 0.2994559109210968 0.7598586082458496 0.3148019015789032 0.7552083134651184 0.3231724202632904 0.753348171710968 0.3252650797367096 0.7719493508338928 0.33642578125 0.7868303656578064 0.3427036702632904 0.7952008843421936 0.3238699734210968 0.7961309552192688 0.3099190890789032 0.7961309552192688 0.3036411702632904 0.784970223903656 0.3008510172367096 0.772879421710968
1 0.7891322374343872 0.9821428656578064 0.7995954155921936 0.9626116156578064 0.8086634874343872 0.9551711082458496 0.82470703125 0.9616815447807312 0.8372628092765808 0.9691219925880432 0.8463309407234192 0.9774925708770752 0.8519112467765808 0.9933035373687744 0.8351702094078064 0.9970238208770752 0.8156389594078064 0.9970238208770752 0.7919224500656128 0.9970238208770752 0.7877371907234192 0.9951636791229248
1 0.2945730984210968 0.9542410373687744 0.3134067952632904 0.9449405074119568 0.33642578125 0.9421502947807312 0.3482840359210968 0.9505208134651184 0.35595703125 0.9579613208770752 0.3643275797367096 0.9747023582458496 0.3566545844078064 0.9895833134651184 0.3434012234210968 0.9979538917541504 0.3231724202632904 0.9970238208770752 0.3001534640789032 0.9979538917541504 0.2882952094078064 0.9951636791229248 0.2806222140789032 0.9942336082458496 0.2882952094078064 0.9821428656578064 0.2917829155921936 0.9700520634651184
1 0.3517717719078064 0.921688973903656 0.3622349202632904 0.906808078289032 0.3789760172367096 0.8909969925880432 0.3929269015789032 0.870535671710968 0.4117605984210968 0.8472842574119568 0.42431640625 0.8231027126312256 0.4354771077632904 0.8138020634651184 0.4445452094078064 0.811941921710968 0.4564034640789032 0.8203125 0.4571010172367096 0.843563973903656 0.45361328125 0.8575148582458496 0.4417550265789032 0.8761160373687744 0.4361746609210968 0.9012277126312256 0.4361746609210968 0.9188988208770752 0.4375697672367096 0.9402902126312256 0.42431640625 0.953311026096344 0.4131557047367096 0.9635416865348816 0.4054827094078064 0.9765625 0.38525390625 0.9765625 0.3768833577632904 0.9709821343421936 0.3629324734210968 0.9588913917541504 0.3566545844078064 0.948660671710968 0.3517717719078064 0.941220223903656
1 0.9544503092765808 0.1795014888048172 0.97119140625 0.1971726268529892 0.9830496907234192 0.2074032872915268 0.9865373969078064 0.2250744104385376 0.9767717719078064 0.2260044664144516 0.9649134874343872 0.2167038768529892 0.9530552625656128 0.2055431604385376 0.94677734375 0.1971726268529892 0.9488700032234192 0.1897321343421936
1 0.9774693250656128 0.1515997052192688 0.9753766655921936 0.1618303507566452 0.9677037000656128 0.1720610111951828 0.9642159342765808 0.1739211231470108 0.9753766655921936 0.1888020783662796 0.9886299967765808 0.198102667927742 0.9990234375 0.2004123330116272 0.9970005750656128 0.17578125 0.9963030219078064 0.1534598171710968
1 0.9286412000656128 0.2083333283662796 0.9411969780921936 0.2083333283662796 0.9530552625656128 0.215773805975914 0.97119140625 0.231584832072258 0.9872349500656128 0.2408854216337204 0.9976981282234192 0.2492559552192688 0.9983956217765808 0.2604166567325592 0.9886299967765808 0.2641369104385376 0.9732840657234192 0.2641369104385376 0.9551478624343872 0.2687872052192688 0.9411969780921936 0.2697172462940216 0.9328264594078064 0.2641369104385376 0.9328264594078064 0.2511160671710968 0.9293387532234192 0.237165167927742 0.9293387532234192 0.2241443395614624
1 0.015625 0.3467806875705719 0.023083917796611786 0.3232085108757019 0.034028150141239166 0.3041262626647949 0.044972386211156845 0.36137303709983826 0.05086543783545494 0.38943517208099365 0.06180967018008232 0.4096399247646332 0.07527949661016464 0.4208647906780243 0.058442212641239166 0.43657955527305603 0.047497980296611786 0.44106951355934143 0.027293238788843155 0.4343346059322357 0.015625 0.43321213126182556 0.015625 0.3905576467514038
1 0.015625 0.1492232382297516 0.015625 0.12003860622644424 0.01719086803495884 0.10656878352165222 0.03907933831214905 0.10320132970809937 0.058442212641239166 0.12901850044727325 0.08285627514123917 0.11442618817090988 0.09800983220338821 0.09646641463041306 0.10811220109462738 0.10544630140066147 0.1156889796257019 0.12901850044727325 0.10053542256355286 0.14248833060264587 0.06349340081214905 0.14136584103107452 0.03571188077330589 0.14248833060264587
1 0.07443763315677643 0.03125 0.09464237838983536 0.050444502383470535 0.11905644088983536 0.044832076877355576 0.13757744431495667 0.03125 0.14431236684322357 0.03125 0.1342099905014038 0.03125 0.11737270653247833 0.03125 0.09043305367231369 0.03125
1 0.10558661073446274 0.06391433626413345 0.13673558831214905 0.044832076877355576 0.1468379646539688 0.03125 0.1577821969985962 0.03125 0.1821962594985962 0.03125 0.21502895653247833 0.03125 0.24786166846752167 0.03125 0.2621733546257019 0.03125 0.25291284918785095 0.03125 0.23523369431495667 0.03125 0.22260573506355286 0.03125 0.20324286818504333 0.03125 0.19145676493644714 0.043709591031074524 0.1880893111228943 0.07177173346281052 0.19229862093925476 0.08524155616760254 0.1763032078742981 0.09646641463041306 0.16199150681495667 0.10544630140066147 0.14936354756355286 0.12116110324859619 0.14094491302967072 0.12677352130413055 0.12579135596752167 0.1256510466337204 0.1156889796257019 0.10207884758710861 0.1097959354519844 0.08524155616760254
1 0.09716796875 0.19187770783901215 0.10558661073446274 0.2345321625471115 0.11989830434322357 0.2715741693973541 0.13505186140537262 0.3041262626647949 0.14852169156074524 0.3187185823917389 0.17041015625 0.3164736032485962 0.18977303802967072 0.3074937164783478 0.19819167256355286 0.2760641276836395 0.20492659509181976 0.23565463721752167 0.20324286818504333 0.20759248733520508 0.1889311671257019 0.17167295515537262 0.17882880568504333 0.15483567118644714 0.16704270243644714 0.14248833060264587 0.15104727447032928 0.13687589764595032 0.13168440759181976 0.1346309334039688 0.11821457743644714 0.14136584103107452 0.10558661073446274 0.15259069204330444
1 0.015625 0.5645429491996765 0.029818831011652946 0.5443381667137146 0.034028150141239166 0.5589304566383362 0.023083917796611786 0.5757678151130676 0.015625 0.5847476720809937 0.015625 0.5881151556968689
1 0.015625 0.6049523949623108 0.020558323711156845 0.6128098368644714 0.04413052275776863 0.6419944167137146 0.04665611684322357 0.6711790561676025 0.04581424966454506 0.6913838386535645 0.020558323711156845 0.6767914891242981 0.015625 0.6700565814971924 0.015625 0.6240346431732178
1 0.3177363872528076 0.1323859542608261 0.3236294388771057 0.09197647124528885 0.34130859375 0.07513918727636337 0.3598296046257019 0.10432381182909012 0.37329941987991333 0.13575340807437897 0.3834018111228943 0.1559581607580185 0.39013671875 0.1840202957391739 0.4027646780014038 0.19749011099338531 0.3859274089336395 0.20983745157718658 0.35562029480934143 0.19187770783901215 0.3429923355579376 0.1862652748823166 0.32699689269065857 0.14810074865818024
1 0.5921841263771057 0.03125 0.6123888492584229 0.03125 0.6393285393714905 0.03585219010710716 0.648589015007019 0.05493444576859474 0.6460634469985962 0.06615930050611496 0.6140726208686829 0.04932202026247978 0.5972353219985962 0.05493444576859474
1 0.6561658382415771 0.04819953441619873 0.6856310367584229 0.03125 0.7125707268714905 0.03125 0.7167800664901733 0.03125 0.7016264796257019 0.036974675953388214 0.68310546875 0.06615930050611496 0.6864729523658752 0.11218121647834778 0.6755287051200867 0.1256510466337204 0.6603751182556152 0.12116110324859619 0.6578495502471924 0.09197647124528885 0.6570076942443848 0.060546875
