0 0.0043329835420678016 0.002144607923013701 0.005153623830612532 0.036064425818354104 0.015821953694990933 0.05466561351748679 0.03797925210353012 0.053571430041635636 0.04454437955992746 0.050288865892149565 0.03962053718515414 0.02621673851562061 0.03715861342374773 0.007615546528383982 0.031414129795172274 0.0017985611510791368 0.012506564779963732 0.0017985611510791368 0.007615546305009067 0.0017985611510791368
0 0.04372374088014507 0.013086483632917884 0.06588103671466451 0.015274859160828077 0.08557641650983679 0.025122548178803147 0.0970653889150272 0.05138305279848387 0.09870666627459197 0.07983193294607478 0.1028098802656619 0.09077381573135046 0.12496717610018135 0.10171568479469355 0.145483194575136 0.11375174762533723 0.15451024064490027 0.11812849525067447 0.13809741556885755 0.15204831679090322 0.12332588844453758 0.18049719007752782 0.11019564897586138 0.19581582048814072 0.09214154654025387 0.2155111985240909 0.0724461667450816 0.22426469377476535 0.055212708137295986 0.22207634740596194 0.040441178438956275 0.2176995860586921 0.029772847287568002 0.2056635163670821 0.021566439897586137 0.17393208236145458 0.024028361084972798 0.14767156916556598 0.03797925210353012 0.12797619112961583 0.05603335196511787 0.11812849525067447 0.06752232437030828 0.11375174762533723 0.08147321796288536 0.10499825237466277 0.07080488423747733 0.0951505633566877 0.05849527315250453 0.07873774603974047 0.05767462932468265 0.06341911562912755 0.05110950959034455 0.05685399076063856 0.047826944575136005 0.03934698996784018 0.04454437955992746 0.02949930094986511
0 0.001349527665317139 0.09405636958938708 0.01171875 0.09624475026302201 0.013360032507604272 0.11922269587894138 0.010898110033207738 0.13891807391489153 0.010898110033207738 0.15533087750990615 0.013360032507604272 0.1794030031711935 0.010077468135900665 0.20019256811347796 0.0018710609067950333 0.22535890812496487 0.001349527665317139 0.20889354952805333 0.001349527665317139 0.14220063463389446
0 0.1282497308193109 0.0032387954725635994 0.1036305086493653 0.02949930094986511 0.09788602759480959 0.038252799631022724 0.10445115762522668 0.05685399076063856 0.1028098802656619 0.06998424392809971 0.11840204606976426 0.07983193294607478 0.1339942221699456 0.08311450052604401 0.1389180748407979 0.07545517845977125 0.145483194575136 0.036064425818354104 0.15615151800446503 0.016369046067162385 0.16681985172987307 0.011992296726583578 0.170923055424864 0.0032387954725635994 0.14876575959034455 0.004332983236518696
0 0.16681985172987307 0.02183998574455865 0.1832326665098368 0.020745797122982766 0.19061843522003627 0.0349702389120198 0.19061843522003627 0.05466561351748679 0.18569458254918395 0.07107842397346771 0.1758468977996373 0.08420868743237832 0.16353729701074352 0.09733893716935631 0.15368961226119687 0.09186798891575217 0.14794512091056217 0.07983193294607478 0.1463038332549184 0.06013655491012464 0.14958639827012693 0.04044117344369134 0.15697216698032643 0.02949930094986511
0 0.16107537067531735 0.10499825237466277 0.1758468977996373 0.0951505633566877 0.1897977965402539 0.08530286747774632 0.1881565191806891 0.109375 0.17174369410464638 0.13891807391489153 0.16025473199553497 0.16846114782978305 0.15451024064490027 0.2023809556480792 0.1463038332549184 0.22207634740596194 0.1339942221699456 0.22864145512203518 0.12414653742039895 0.22864145512203518 0.12578780448388474 0.20785189017975073 0.13235294481038082 0.1794030031711935 0.14466255589535362 0.15642507813817305 0.15533087932468265 0.12907039175788276
0 0.19472164921110618 0.004332983236518696 0.1955422672987306 0.020745797122982766 0.20621061132021762 0.0349702389120198 0.2201614894686762 0.042629550686843105 0.22672661949909328 0.042629550686843105 0.22836791745081605 0.016369046067162385 0.22754727877103365 0.002144607923013701 0.20785188867978238 0.0032387954725635994
0 0.010898110033207738 0.2603729028495953 0.028952206033765866 0.2658438373812669 0.013360032507604272 0.30851715417217007 0.001349527665317139 0.3500963115006042 0.001349527665317139 0.3216473970481818 0.001349527665317139 0.3121498437236539 0.001349527665317139 0.28225664097628145
0 0.09788602759480959 0.42668942238787094 0.12086397240519041 0.39933474972951327 0.1389180748407979 0.38620447940963637 0.1512276859257707 0.38620447940963637 0.1651785640742293 0.39495800210417603 0.170923055424864 0.4058998437236539 0.16107537067531735 0.42559526292540184 0.16107537067531735 0.45185574867742523 0.1692817780652992 0.47483370115431095 0.1701024167450816 0.49015231784299124 0.1577928056601088 0.5 0.1520483246055531 0.4967174392809971 0.145483194575136 0.46608020590363647 0.13235294481038082 0.4496673748647566 0.11265756501520854 0.4431022534267508 0.09870666627459197 0.4409138796140822
0 0.20456933396065283 0.08420868743237832 0.2365743248407979 0.05247723970481818 0.2554490556601088 0.050288865892149565 0.2702205724883498 0.06560749630276248 0.2849921305009067 0.07983193294607478 0.2866334078604715 0.0951505633566877 0.2702205724883498 0.11703432206627276 0.2644760811377151 0.14767156916556598 0.2497045643094741 0.1673669334795835 0.2185202327012694 0.18159139070579475 0.19882484261001812 0.1914390728628035 0.17995011179070725 0.21004027771435196 0.1774881751592021 0.22864145512203518 0.1643579253944469 0.23739495037270963 0.15533087932468265 0.2319240158410381 0.1651785640742293 0.18268556389019644 0.17502625911985492 0.15204831679090322 0.18733588050090672 0.15533087750990615 0.20703125 0.14767156916556598 0.21769957342932902 0.1367296863802903 0.2185202327012694 0.12688200422328152 0.21195510267085232 0.11265756757996923 0.20703125 0.10062149788835924
0 0.28335085314134195 0.0032387954725635994 0.2800682778300544 0.01746323468873827 0.2808889165098368 0.0349702389120198 0.2890953033076607 0.04372373759317741 0.29730173128980053 0.03168767476253372 0.3112526300304171 0.01746323468873827 0.3268448061305984 0.006521358764428886 0.3309479995295104 0.002144607923013701 0.3169971007888938 0.0017985611510791368 0.30058428600893006 0.0017985611510791368
0 0.4729188823828652 0.07107842397346771 0.4885110172987306 0.06232492872279325 0.5032825547191295 0.06232492872279325 0.5229779654025388 0.06013655491012464 0.5451352509409793 0.053571430041635636 0.5590861496815959 0.05247723970481818 0.5623687044007254 0.06560749630276248 0.5599067883613782 0.08311450052604401 0.5549829562826839 0.09843313093665693 0.5369288229588394 0.09952730412105862 0.5279017562969172 0.10062149788835924 0.5131302600608342 0.10718662618733138 0.5016412773595648 0.11703432206627276 0.4942555292415233 0.11812849525067447 0.49589680660108804 0.10609243242003077 0.4917936132021761 0.09405636958938708 0.4819459078604715 0.08967962196404985
0 0.2717432184257971 0.17369477525889446 0.2846856162293881 0.20585466288834167 0.29703971667167467 0.2521335135260932 0.30645237149175525 0.28115586754229427 0.3099821144752657 0.2968436316620532 0.3229245328710147 0.28429344232133824 0.3299840188380356 0.263114956643084 0.3441029701799195 0.2482116205229176 0.36292825922792255 0.24585841885573573 0.3717526578710147 0.22311120067568993 0.36704627898057945 0.19095129932431007 0.36292825922792255 0.17291038842509976 0.3770472311619644 0.15330070385830008 0.38998964955771337 0.13055347195632167 0.39469598726383265 0.109375 0.41469785044228663 0.10623744580385497 0.44234751754122387 0.10545306583102658 0.4564664894752657 0.0999623511334975 0.46058450922792255 0.07643072553675809 0.45352502326090166 0.0544678701771249 0.438229456604251 0.044270831046344564 0.4241104846702092 0.021523595713882994 0.40940323596702094 0.010542168891687187 0.40528521621436403 0.0017985611510791368 0.3921545443103703 0.0017985611510791368 0.3717526578710147 0.0017985611510791368 0.3646931307196778 0.012895331108312813 0.36586972544228663 0.023876756215267043 0.36881119165665066 0.03564256901363674 0.36116338773616735 0.03642695927791458 0.3493976052473431 0.030151857746590814 0.3376317815742029 0.028583080648518295 0.3346903359519969 0.028583080648518295 0.32174793814840585 0.046623994978211764 0.31468845218138497 0.05838980777658147 0.30704066885305964 0.07015561714446802 0.29468654781861503 0.08741214807084996 0.29115682542726257 0.10702183949861595 0.2846856162293881 0.1282003114549376 0.27821442762367155 0.13682855290474652 0.27644955613191635 0.14859438285553198 0.27291981314840585 0.16506652008715295
0 0.31704160044228663 0.3054719005557273 0.32645425526236715 0.3195908635640316 0.3346903359519969 0.32665035879011634 0.34586786226383265 0.3242971845667997 0.35586877326090166 0.30311872633241066 0.3693994684257971 0.2850778154332003 0.3917545210494686 0.26233055608735667 0.41234470218138497 0.2474272199671903 0.4323465653598389 0.22938628162411476 0.44234751754122387 0.22389560123141722 0.43940605132685984 0.20193272871936827 0.4346997548050565 0.186244978321542 0.4405826460494686 0.16977285481185364 0.4576430430135585 0.15094754335691604 0.4670557184257971 0.1431036750189692 0.47411520439281796 0.1336910192915004 0.47411520439281796 0.10859061316620532 0.4747034811619644 0.0952560232697631 0.4676439951949435 0.08898092173843933 0.45999623245877613 0.10231551849584786 0.4576430430135585 0.11800325517174151 0.4552898947526569 0.12976907140059438 0.4458772605247343 0.14702559546601002 0.43411143685159415 0.1431036750189692 0.4258753561619644 0.1336910192915004 0.4205807828710147 0.1282003114549376 0.41116810745877613 0.12584715095355356 0.40822668242872806 0.1274159108992103 0.40057887850824475 0.13604417979288444 0.39057792632685984 0.1517319164687781 0.38175356886808365 0.16271334586383626 0.3752823596702092 0.16898845425612635 0.3717526578710147 0.1721260015913051 0.37587067762367155 0.19095129932431007 0.37645895439281796 0.21056099761304237 0.3752823596702092 0.22938628162411476 0.3617517056896297 0.2537023146375478 0.34763269257127194 0.26468375775453856 0.34116152455771337 0.2701744518691687 0.3288074035232688 0.28821536276837906
0 0.4241104846702092 0.4639181782015794 0.44234751754122387 0.47646836754229427 0.4523484697226088 0.47882156920947616 0.47176205613191635 0.48352786276837906 0.4917639193103703 0.4905873579944638 0.5135306539805794 0.5054906941146302 0.525884795607182 0.5156877366758936 0.5423569158021255 0.5282379260166086 0.5447101052473431 0.5486320111391355 0.5547110574287281 0.5352974761304238 0.5670651166866987 0.5282379260166086 0.5776543456372301 0.5290223265723358 0.5882436157720774 0.5298067271280632 0.5911850408021255 0.5141189904521695 0.5870670210494686 0.5015688011114546 0.5758894741454749 0.4984311988885454 0.5582407592279226 0.49450930588536984 0.5500047197226088 0.4890185568830092 0.5429451925712719 0.475683966986567 0.5429451925712719 0.4615650314221279 0.5400037675412238 0.4560742549759021 0.5317676868515941 0.44038654574387365 0.5276496259146213 0.4160705401743059 0.5211784990853787 0.3980296018312303 0.510000952181385 0.39175450716087284 0.4917639193103703 0.38391066626679127 0.4782332653297908 0.3744979968173898 0.4676439951949435 0.3697916483707565 0.4594079556896297 0.3697916483707565 0.44764213201648956 0.3768511710407065 0.4447007069864415 0.3886169598256941 0.45470161798351044 0.40273595027786363 0.46058450922792255 0.41057979117194526 0.45999623245877613 0.4199924880652119 0.44881872673909834 0.4278363289592935 0.4323465653598389 0.43097387629447226 0.4270519508845732 0.4458772947462343 0.42528707939281796 0.45450553619604317
0 0.5288262206372301 0.2952748579944638 0.530002815359839 0.2858622159889276 0.5376505780960062 0.28115586754229427 0.5500047197226088 0.27409639976007477 0.5605939486731402 0.27095885242489604 0.5653002863792594 0.27644951909566096 0.5688300293627699 0.29605923110632587 0.5623587789805794 0.30704067422331666 0.5552993341978745 0.3125313683379468 0.5429451925712719 0.30860944789090605 0.5370623013268598 0.3054719005557273
0 0.44117092281861503 0.17918549681738985 0.45058355704653763 0.16585090692094762 0.45999623245877613 0.15800702486106818 0.4694089078710147 0.15408509069209475 0.48764589955771337 0.14624122235414794 0.5 0.13918171340613056 0.5052946144752657 0.13604417979288444 0.5123540592579706 0.12976907140059438 0.5123540592579706 0.15094754335691604 0.5070595271513368 0.16820406742233165 0.49941168204653763 0.17840110998359515 0.48293956185159415 0.19016689876858278 0.4747034811619644 0.19722640771660016 0.46352597544228663 0.20742345027786366 0.4499952802773912 0.21997363961857858 0.4470538552473431 0.22075804017430586 0.4464655372938807 0.21291415811442643 0.44528894257127194 0.20350150238695763 0.44234751754122387 0.19252008671383206
0 0.5200019043627699 0.12663152406541564 0.5223550114393556 0.11565009467035746 0.525884795607182 0.10780622633241063 0.5364740657420294 0.11172816050138405 0.5447101052473431 0.11721886833794683 0.5529461447526569 0.12114081622885285 0.561770502211433 0.12114081622885285 0.5664768399175523 0.12270958989644222 0.5653002863792594 0.1329066324577057 0.584713872788567 0.15565386435968412 0.5970679320465376 0.17291038842509976 0.6011859929835105 0.186244978321542 0.5970679320465376 0.19016689876858278 0.5923616355247343 0.19252008671383206 0.5794192583133013 0.19095129932431007 0.571771454392818 0.18938253937865332 0.5552993341978745 0.19801080827232745 0.5482398070465376 0.20820783711165833 0.5417685978486632 0.21448291806008318 0.5335325583433493 0.21605169172767255 0.5276496259146213 0.18232304415256856 0.5211784990853787 0.16898845425612635 0.5152955666566507 0.16114457219624692 0.5158838434257971 0.1423192744632419 0.5164721613792594 0.13525979295908977
0 0.038780119737632845 0.4976468532205486 0.04760447719640899 0.48509666387983363 0.05231080460644927 0.4772527680980216 0.05878200350824477 0.47019327287193685 0.06995952982008055 0.4686245266482127 0.08231362511432766 0.47254641965138827 0.09407944363942834 0.4780371686537489 0.08937311622938808 0.4866654101035578 0.0858433783939171 0.4992155994442727 0.0852550861806522 0.5117657887849877 0.0846667888193478 0.5305911276837905 0.07819559506559179 0.5384349685778721 0.0664297765404911 0.5376505680221448 0.05878200350824477 0.5141189904521695 0.04466302642616344 0.5062750946703575
0 0.0034826808934591397 0.5203940851225269 0.024072853016306354 0.516472137231621 0.03701524824587762 0.516472137231621 0.04760447719640899 0.5203940851225269 0.055252255376694814 0.5313754733517874 0.056428839803224634 0.5407881153573235 0.049957646049468625 0.5478476105834083 0.03819183009838768 0.5596134542561263 0.02995575970483695 0.5721636435968412 0.02642601672132649 0.5792231388229261 0.022307981524551122 0.5941265298308228 0.022307981524551122 0.6137362143976225 0.01818994761478563 0.636483446299601 0.01348362149175523 0.6513867824197673 0.001349527665317139 0.659297147243143 0.001349527665317139 0.6294238961857858 0.001349527665317139 0.5800074844909229 0.001349527665317139 0.5431413170245054
0 0.03760353788512277 0.6168737617328013 0.03936840937687801 0.5956953309422774 0.04642789791791867 0.5800074844909229 0.055252255376694814 0.5721636435968412 0.06348832577024555 0.5674572951502079 0.07407755986881642 0.565104203258487 0.08290191732759257 0.5627510015913051 0.08113704583583733 0.5745168452640231 0.07701901578710146 0.5996171690577226 0.06172345427849032 0.6113830127304406 0.05289909681971417 0.6223644558474314 0.04760447719640899 0.6325614984086949
0 0.2493881658021255 0.6819779101035578 0.24174040306595818 0.6686433202071156 0.24115210570465376 0.6568775314221279 0.24585842281861506 0.6474648894165917 0.2564476723613044 0.6498179813083127 0.2617422868365701 0.6576619319778552 0.2623305636057165 0.6780560171003822
0 0.291745102196409 0.5760856463754778 0.3082172635756684 0.5698104968173898 0.32174793814840585 0.5635354021470323 0.32645425526236715 0.5611822004798505 0.33704348421289854 0.5690260962616626 0.34469126754122387 0.5854982883810139 0.3482210105247343 0.6168737617328013 0.34763269257127194 0.6513867824197673 0.34645613903297906 0.6757028154332003 0.34351467281861503 0.6835467112150123 0.3229245328710147 0.6741340143217457 0.3082172635756684 0.6662901734276642 0.31233528332832533 0.6466804888608645 0.3088055197526569 0.6286394956300585 0.30233433114694036 0.6160893611770739 0.2952748451799195 0.6035391718363591 0.2905685280659582 0.5925577287193683
0 0.1770284346401611 0.479605914877473 0.18467619737632845 0.46313377764585206 0.19291227806595818 0.45450553619604317 0.20938441885305964 0.4599962303106733 0.21997364780359102 0.4639181782015794 0.22703313377061193 0.4639181782015794 0.23644578859069248 0.4529367350845886 0.24997646316342992 0.4513679614169992 0.2611539894752657 0.4560742549759021 0.2676251780809822 0.4623494319778552 0.28821535921289854 0.4466616129703659 0.29115682542726257 0.43254267740592683 0.2870387644902897 0.4192080875094846 0.28762706185159415 0.3980296018312303 0.28939193334334934 0.3697916483707565 0.2888036565742029 0.34547564280118875 0.2858622109519969 0.3188064630083043 0.2799792785232688 0.3093938210027681 0.2623305636057165 0.30154995266482126 0.25880084121436403 0.3180220898964422 0.2435052745577134 0.3235127840110724 0.22467998550971027 0.3227284383430755 0.2135024591978745 0.31566891567312555 0.20408978378563597 0.32194403778734826 0.1952654469190178 0.33606300079565254 0.1946771495577134 0.3486132450240979 0.20585467586954917 0.3588102052537657 0.20997271621436403 0.3635165811442643 0.21114929034481486 0.3752823699292519 0.21056099298351047 0.3862638130462427 0.20703125 0.3933233082723275 0.1999717640329791 0.400382776054547 0.18761766359069248 0.40352035083359095 0.17585186050971027 0.40195154972213637 0.17114551250751203 0.41685494073003315 0.16761576952400156 0.42626758273556936 0.16702749275485515 0.4388177720762843 0.16702749275485515 0.4521523619727265 0.17114551250751203 0.46470257875730664
0 0.19055910921289854 0.518040883455345 0.19408885219640898 0.5054906941146302 0.19820689254122384 0.5 0.2076195473613044 0.49294050477391527 0.22173851929534624 0.48352786276837906 0.22820972849322074 0.4772527680980216 0.23409261973763285 0.4678401260924854 0.23938723421289854 0.45921185719881125 0.255859375 0.45921185719881125 0.25821254385305964 0.47254641965138827 0.25350620614694036 0.4866654101035578 0.24468184868816423 0.5 0.23468089650677926 0.5156877366758936 0.2258565596401611 0.5251004335691603 0.21467903332832533 0.5321598739075146 0.20526637850824478 0.5329442744632419 0.19585372368816423 0.5321598739075146
0 0.0840784966060829 0.5400037696893266 0.08701995767240743 0.5525539590300416 0.09584431513118358 0.5415725159130508 0.10702184144301936 0.5258848341248876 0.11408132741004028 0.5109814431169908 0.12584714078710146 0.5054906941146302 0.13467149824587762 0.4811747159889276 0.13290662675412238 0.47019327287193685 0.12408226929534624 0.4615650314221279 0.11878765482008055 0.4599962303106733 0.10996328706522542 0.4686245266482127 0.1034920984595089 0.47646836754229427 0.09937405811469403 0.48744981065928505 0.09584431513118358 0.4952936515533667 0.0917262850824477 0.5054906941146302 0.0911379877211433 0.5149033910078968 0.0911379877211433 0.5266691797928844
0 0.42881682237632845 0.001913905572548187 0.4470538552473431 0.001913905572548187 0.46470252898057945 0.0017985611510791368 0.475833043395749 0.0017985611510791368 0.49823512850824475 0.0017985611510791368 0.48470443334334934 0.011326555725481871 0.4705854614093075 0.014464105633522966 0.45058355704653763 0.017601656399184852 0.4447007069864415 0.016817269565390168 0.43764122101942055 0.010542168891687187
0 0.5841255960194206 0.14467243496462595 0.5929499122938807 0.15643825119347882 0.6017742697526569 0.16741966686660437 0.6129518166566507 0.17369477525889446 0.6211878561619644 0.16741966686660437 0.623541045607182 0.15408509069209475 0.6223644508845733 0.1329066324577057 0.6188347490853787 0.10702183949861595 0.6117752219340419 0.08192143337332088 0.6047157771513368 0.052114709675740854 0.59765625 0.040348893446887996 0.5853021907420294 0.04740838181200645 0.578830940359839 0.05368348677381337 0.574712920607182 0.06074297513893182 0.5723597311619644 0.07329317134061306 0.5753012385606444 0.08819654176561095 0.5817724065742029 0.10545306583102658 0.5829490012968117 0.11721886833794683
0 0.6188347490853787 0.07486195186916873 0.6317771262968117 0.07407755817440774 0.6488375644452176 0.07407755817440774 0.6776637850824477 0.07250879136778468 0.6959007767691464 0.06858685033784497 0.7076665592579706 0.06309613564031587 0.7176675114393556 0.06858685033784497 0.7270801868515941 0.07799949234338116 0.7447289017691464 0.08505898756946591 0.7606127863792594 0.08584337440326059 0.7794380548351046 0.08427460073567122 0.8017930662744602 0.08192143337332088 0.8064994451648954 0.08662776123705528 0.7953219394452176 0.09917796429970281 0.7841444337255398 0.11015938683379468 0.780026413972883 0.12114081622885285 0.7723785688680836 0.13604417979288444 0.757082961027117 0.14075050079565254 0.7223738079611589 0.14075050079565254 0.7059017289505314 0.1431036750189692 0.6917827570164895 0.15330070385830008 0.6794286565742029 0.15879141169486286 0.6706042991154267 0.16114457219624692 0.659426752211433 0.15251631702450538 0.646484375 0.13918171340613056 0.6406014425712719 0.1336910192915004 0.6341303157420294 0.12192520306264754 0.6241293635606444 0.09839356374397552 0.6200112614393556 0.08741214807084996
0 0.7747317583133013 0.001913905572548187 0.7982634056595816 0.004267068217984207 0.8270896262968117 0.0026982932639636583 0.8476798074287281 0.0026982932639636583 0.8641518864393556 0.0017985611510791368 0.8818006837255398 0.0017985611510791368 0.8988610395053138 0.0017985611510791368 0.9053322487031883 0.003482680740973932 0.8918016359069247 0.023092369381472362 0.8859187034781967 0.03093624801086865 0.8717997315441549 0.034858182179842066 0.8635636920388411 0.017601656399184852 0.8523861039505314 0.013679719657349073 0.8453266179835105 0.017601656399184852 0.8447383412143641 0.021523595713882994 0.8506211912744602 0.033289405081769544 0.851797827181385 0.04270206080923835 0.8500329145053138 0.0544678701771249 0.8435617876760712 0.07172439767302369 0.8253247136207406 0.06544929614169992 0.815912038208502 0.05838980777658147 0.8100291881484059 0.0450552213106224 0.8023814254122386 0.03407379534604738 0.7906155605547824 0.03093624801086865 0.7788497780659581 0.020739207164846736 0.7747317583133013 0.009757781200271716
0 0.9218044100824477 0.0017985611510791368 0.9170981135606444 0.005835843600815149 0.9076854381484059 0.03093624801086865 0.9053322487031883 0.045839608144417086 0.9012142289505314 0.061527361972726506 0.9029790592579706 0.07407755817440774 0.9106269043627699 0.08662776123705528 0.9194512206372301 0.0999623511334975 0.929452172818615 0.11015938683379468 0.9406297609069247 0.1140813210027681 0.9488658004122386 0.10702183949861595 0.9600433061319164 0.08898092173843933 0.972397365389887 0.070940010839229 0.9853397837856359 0.055252257010919584 0.98828125 0.04740838181200645 0.9865163373239288 0.027798695529965188 0.9818100408021255 0.007404618126025303 0.980295446398448 0.0017985611510791368 0.9535720969340419 0.001913905572548187 0.9323936390329791 0.0017985611510791368
0 0.7853209872638327 0.1274159108992103 0.7900272837856359 0.11251255419614503 0.8012047895053138 0.10309990532964254 0.8153237614393556 0.09211846907361806 0.8294428157420294 0.08819654176561095 0.8341491122638327 0.09211846907361806 0.828854538972883 0.10545306583102658 0.818853586791498 0.12114081622885285 0.815912038208502 0.1329066324577057 0.8094409113792594 0.13839734029426848 0.7976750465218033 0.1376129534604738
0 0.8206200644715755 0.1312874169658414 0.8329725587255398 0.11721886833794683 0.8400319623239288 0.10702183949861595 0.8553275701648954 0.1274159108992103 0.864740163208502 0.13918171340613056 0.874741115389887 0.15330070385830008 0.8841537908021255 0.16271334586383626 0.8876835337856359 0.17683233631600578 0.880624047818615 0.19016689876858278 0.8665050758845733 0.19801080827232745 0.8623870561319164 0.20742345027786366 0.8717997315441549 0.23487700318261015 0.8765060280659581 0.24428964518814636 0.8735645618515941 0.2552710883051371 0.8670933526537197 0.263114956643084 0.8559158469340419 0.26939007875730664 0.8482680841978745 0.27331199920434746 0.8365022193404184 0.27801832020711553 0.8241481600824477 0.27880272076284285 0.8123823775936235 0.27488077287193685 0.8053228092579706 0.2670368770901248 0.79296875 0.25056476730236904 0.7753200350824477 0.2333082295150208 0.7594361504723347 0.21526731861581047 0.7459055376760712 0.20271712927509555 0.7470820912143641 0.19095129932431007 0.7547298539505314 0.16977285481185364 0.7629658934558451 0.15565386435968412 0.767083913208502 0.1478099960217373 0.7823795210494686 0.1329066324577057 0.7976750465218033 0.14153487390751462 0.809829279478745 0.1399200082682877
2 0.8119874200035847 0.14711384121462595 0.8181920843085779 0.14063938058537545 0.8200805499325237 0.14711384121462595 0.8163037010532642 0.1539479674195214 0.8133362887198465 0.1503510646682849
2 0.4182584816627657 0.9160227604049573 0.4212096673756959 0.9074376058235443 0.42738023106707573 0.9092261774076832 0.43006310096153844 0.916380463744239 0.4257705008935349 0.9228193982899617 0.4220144912781503 0.9253233765526642 0.41879507211538464 0.9213885849328349
0 0.2920792923282515 0.389353470836612 0.30170738230510924 0.3832404321903805 0.31775417147699475 0.3899647829343947 0.33609340322805964 0.39485525227279117 0.34434601942054655 0.40280222721237074 0.36818696097967274 0.41441704729478135 0.39477880892322453 0.43764671490346785 0.4053238471027328 0.4510954712792266 0.405782352092295 0.4620989792638545 0.39798822029721237 0.4743251114440479 0.3846922757332785 0.4731024872484825 0.3718548361589069 0.46271026391777204 0.3576419228001645 0.45537460107597516 0.34251210242308744 0.45415197688040976 0.3209635416666667 0.4480389382341783 0.30170738230510924 0.4425371567979991 0.296205610720574 0.43703540280568515 0.2925377767256558 0.4235866464299264 0.29116234412560094 0.4131944505430812 0.2920792923282515 0.3997456941673224
0 0.2297260114538525 0.5342331481494492 0.2393540808385522 0.5183391982702901 0.25494242679734946 0.49510955810546875 0.2622781153793438 0.48166080172971 0.2755740187589617 0.4804381775341446 0.2856605725410657 0.4682120453539512 0.29666409511797825 0.4578198220232408 0.301248897907705 0.44620502938469536 0.3150033062768851 0.4510954712792266 0.3328840124462298 0.45537460107597516 0.3461799158258477 0.46332160345942 0.353515625 0.46698942115838576 0.3470968846206562 0.4859399589703237 0.3461799158258477 0.49755475160886914 0.3475553896102185 0.5201731071197729 0.35489105760005485 0.5434028021723246 0.35489105760005485 0.5537949706153046 0.3466384208154099 0.5617420004426147 0.33609340322805964 0.5580741827436488 0.32142200547191296 0.556851503660353 0.30675064890008225 0.5611307157886972 0.2907038597281967 0.5684663511866288 0.2797003371512842 0.57335679308116 0.27328159677194036 0.5800811438251743 0.2622781153793438 0.5855829252613535 0.25540089060259574 0.5825263922163051 0.24577280062573803 0.575190701930643 0.2361447312410383 0.5660211576832285 0.2311014440539073 0.5586854673975663 0.22880906325120193 0.54462542636789
0 0.0637562348935929 0.8502787857604541 0.07659367446796453 0.8288829995573853 0.08988959843974043 0.816656867377192 0.10822879930256832 0.8105438561748257 0.12610952606407094 0.7946498514079362 0.14261479963336074 0.7726427805509498 0.15545224950381137 0.7567488306717907 0.16370488628845628 0.7573601702134386 0.16874817347558727 0.7750880289420807 0.16278792778972673 0.8001515779563849 0.15086744671408464 0.8233812181212061 0.14353176842816928 0.8356073503013995 0.12702648456280047 0.8447770592120054 0.10731184080383878 0.8490561615648887 0.08530479565001371 0.8563918518505508 0.07430127822114067 0.8588370453539512 0.06604863628845627 0.8588370453539512
0 0.17883471696161227 0.8093212319792603 0.18204408715128417 0.7812011499199079 0.18937977573327852 0.7689749628519841 0.2026756791128964 0.758582794409004 0.21643010807423457 0.7530810129728248 0.22468272426672148 0.751247104123342 0.2329353610513664 0.7573601702134386 0.23339384544877068 0.7622506121079698 0.2260581774589343 0.7860915918144391 0.21872248887693996 0.8007629174980329 0.20542656490516406 0.8093212319792603 0.18708737433841516 0.8123777650243087
0 0.19717392812051915 0.7170139010861624 0.22330729166666666 0.7066216228677215 0.23476929864098348 0.7017311809731902 0.25035762400762274 0.6901163883346448 0.2636535479793986 0.6840033771322785 0.2705307315718307 0.684614661786196 0.26502898057945345 0.7084555866049348 0.25998569339232247 0.723126967176259 0.25723480760005485 0.7347417598148044 0.26640441317950825 0.7433000194083015 0.27603250315636596 0.7384095775137702 0.2829096867487981 0.7267947848752249 0.2838266555436066 0.7096781559127698 0.2838266555436066 0.6931729213796931 0.2957471263231697 0.6876711948312444 0.30629218509483597 0.6888938190268098 0.31546179067428937 0.6943955455752585 0.3287576940539073 0.6974520786203069 0.3397612372229778 0.7066216228677215 0.34526296762319714 0.7194590945895627 0.33930275282557354 0.7322965114236736 0.3365518670333059 0.742688734754384 0.33746883582811443 0.7567488306717907 0.34434601942054655 0.7622506121079698 0.3571834589949182 0.7640845209574528 0.36268523057945345 0.7671410540025011 0.36451916816907054 0.7775332773332115 0.3553495214053011 0.7958724756035016 0.34297058682049175 0.815434298069357 0.3319670642435792 0.8301056237529507 0.3250898806511471 0.8429431503625224 0.3136278736768303 0.8398865075420132 0.29391320932571063 0.8325508172563512 0.2737400811693446 0.8288829995573853 0.25494242679734946 0.8264377511662545 0.25356697360513664 0.816656867377192 0.26319506358199435 0.8044307351969987 0.26502898057945345 0.789759409513405 0.25448394239994515 0.7750880289420807 0.2489821708154099 0.7720314958970323 0.23476929864098348 0.7561375460178732 0.21963945767174847 0.7390208621676877 0.21001136769489076 0.733519135619239
0 0.39569577771803305 0.6057560323811263 0.403948414502678 0.5935299550886635 0.42091219306153005 0.5892507429603192 0.43879289923087467 0.5855829252613535 0.45346427639486336 0.5794698591712567 0.46079994438469973 0.5703002600361118 0.4676771485692898 0.5482932440668559 0.46125844937426197 0.5244522643603867 0.4442946708154099 0.5110035628723584 0.4319156950462846 0.49266436460206836 0.4254969958512567 0.47799298403074414 0.42733089225655785 0.471879863052917 0.4424607332257928 0.48166080172971 0.4640093145743716 0.4889964920153721 0.4823485257332785 0.49510955810546875 0.5020631694922402 0.5024452483911308 0.5153591140561741 0.5134487563757588 0.5263626160409286 0.5232296401648213 0.5304889138410931 0.5299539909088354 0.5291134812410383 0.546459335217373 0.5213193494459556 0.5660211576832285 0.51856844306153 0.5874168341108363 0.5226947820460105 0.6075899961183397 0.5355321804360661 0.6234839459974989 0.5346152116412576 0.6436571080050022 0.5254456472461201 0.6619963062752923 0.5153591140561741 0.676667631958886 0.5052724984975961 0.6748337231094031 0.491518090128416 0.6668867481698235 0.48509939093338816 0.6583284885763264 0.4708865187589617 0.6558832401851956 0.46034148057945345 0.6619963062752923 0.4493379785946989 0.6711659054104373 0.43879289923087467 0.6821694133950652 0.42733089225655785 0.6870598552895965 0.41220109247163883 0.6852259464401136 0.4048653832974865 0.6729998142599202 0.4044069194922402 0.6540492764479823 0.400739085497322 0.6350987386360443 0.39752971530765013 0.6216500371480159
0 0.5268210798461749 0.6742223835677552 0.5364491492308746 0.6540492764479823 0.5414924570101636 0.638766666110471 0.5433263945997807 0.6332648297865614 0.5543298554002193 0.6350987386360443 0.5616656057586876 0.6418231991555193 0.5722106027538799 0.6497701192073685 0.5809217033437711 0.6540492764479823 0.5877989487126771 0.6632189304708577 0.5960515854973221 0.6729998142599202 0.6084305200821314 0.6785015408083689 0.6130153640561741 0.6809468440872302 0.6148492604614753 0.6962294544247415 0.6231018972461201 0.704176429364321 0.6304375652359565 0.7102894954544177 0.6304375652359565 0.721293058326776 0.6189755994459556 0.7414661105588186 0.6084305200821314 0.743911304062219 0.5946761528972672 0.740854825904901 0.5832141047386344 0.7384095775137702 0.5722106027538799 0.7390208621676877 0.5644164709587972 0.7371869533182048 0.54195092081541 0.7170139010861624 0.5364491492308746 0.6992859874697898 0.5304889138410931 0.6785015408083689
0 0.6171416618563386 0.6797242198916648 0.6308960290412028 0.6595510578841615 0.6418995722102733 0.6522153675984993 0.6506106728001645 0.6509927434029339 0.6643651223536606 0.6601623974258094 0.671700790343497 0.6742223835677552 0.6762855519489077 0.6882824794851619 0.6758270881436614 0.6986747028158723 0.6684914201538251 0.7072329624093694 0.6616142571535509 0.7072329624093694 0.6529030741950278 0.704176429364321 0.6400656758049722 0.7005086116653552 0.6331884304360661 0.6974520786203069 0.6231018972461201 0.6870598552895965
0 0.5263626160409286 0.5819151075623876 0.5277380486409835 0.5678550665327113 0.5359906442413124 0.5611307157886972 0.5442433222102733 0.556851503660353 0.565791903558852 0.5458479956757251 0.5891743813127319 0.5427914626306767 0.6102644988560645 0.5501271529163388 0.6208094958512568 0.5531836859613871 0.6286036276463394 0.5452367110218076 0.6308960290412028 0.5434028021723246 0.6391487070101636 0.5470706198712905 0.6538200429898364 0.5592968069392142 0.6657405549537154 0.5678550665327113 0.6758270881436614 0.5715228842316772 0.681787323533443 0.5721342237733251 0.7001265346923499 0.573968132622808 0.7074622026821862 0.5788585745173392 0.7079207488560645 0.5886394583064017 0.7005849984975961 0.5996429662910296 0.6946248042921306 0.610646529163388 0.6914153929181427 0.619816128298533 0.6914153929181427 0.6369326474855272 0.6914153929181427 0.6461023015084026 0.6868306313127319 0.6522153675984993 0.6799533859438259 0.6601623974258094 0.6744516555436066 0.666275463515906 0.6639066173640984 0.6509927434029339 0.6538200429898364 0.6454910168544852 0.6441919736051367 0.6442683926589198 0.6382317382153551 0.647324925703968 0.6327299666308198 0.6540492764479823 0.6258527624462298 0.6607736820797269 0.6185170944563934 0.6668867481698235 0.6125568590666118 0.6705545658687894 0.6084305200821314 0.6681093723653889 0.6020117797027876 0.6558832401851956 0.5955930805077598 0.6522153675984993 0.5882574125179234 0.6516040829445818 0.5767954055436066 0.6454910168544852 0.5621240695639339 0.6363213628316097 0.5479111562051915 0.6253178548469818 0.5373661592099992 0.6118691533589534 0.5281965124462298 0.5965864881337117
0 0.6941663404868843 0.6283743878920302 0.7028773998924596 0.6088126203139052 0.7102131502509278 0.6057560323811263 0.7193826734617493 0.612480438012871 0.7317616080465587 0.6216500371480159 0.7427651512156292 0.6253178548469818 0.7505593653793438 0.6314309209370784 0.7574365695639339 0.6375439870271752 0.7597289709587972 0.647324925703968 0.7624798361589069 0.6601623974258094 0.7624798361589069 0.6699432812148719 0.7537686943846997 0.6803355045455823 0.7427651512156292 0.6833920375906306 0.7280938152359565 0.6827807529367131 0.718924209656503 0.6791129352377473 0.7074622026821862 0.6723884747182722 0.7015019261080887 0.6607736820797269 0.6969172056869939 0.6497701192073685
0 0.7436821611947537 0.6051447477272088 0.7505593653793438 0.5904734220436151 0.7592705071535509 0.5868055494569189 0.7702739679539895 0.5880281187647538 0.7812775111230601 0.5941412397425809 0.7890716429181427 0.5971977727876293 0.806493926466557 0.6063674268105047 0.8156635320460105 0.6118691533589534 0.8225407362306005 0.619816128298533 0.824833055256832 0.630208296741513 0.8211652624462298 0.6430457684633543 0.8147465220668859 0.6497701192073685 0.8083278640561741 0.6534379917940647 0.7968658570818573 0.6564945797268436 0.7867793238919113 0.657105864380761 0.7771511721385796 0.6467136410500506 0.7679815665591262 0.6363213628316097 0.7574365695639339 0.6338761693282093 0.749183891594973 0.6228726613435814 0.745974562589617 0.6155369710579193
0 0.7725663693488529 0.5654098181415805 0.7688985765382507 0.5501271529163388 0.769357040343497 0.5403462142395459 0.7753172345489625 0.5299539909088354 0.7840283763231697 0.5238409797064691 0.7945734556869939 0.5281200820593526 0.8032845150925692 0.5317879546460488 0.8097032554719129 0.5397348746978979 0.816580459656503 0.5482932440668559 0.8280424666308198 0.5562402190064355 0.8326272694205465 0.5617420004426147 0.8358366807945344 0.5678550665327113 0.8381290821893977 0.575802041472291 0.8440892763948633 0.584360301065788 0.8509664805794535 0.5953638639381463 0.8560097471744265 0.6045334081855609 0.8482156153793438 0.611257868705036 0.8353781346206562 0.6192048436446156 0.8275840028255735 0.6167595952534847 0.8124542030406545 0.602699499336078 0.7996167222819669 0.5984203969831947 0.7881547153076501 0.5923073308930981 0.7799020373386892 0.5855829252613535 0.7766927083333334 0.5794698591712567
0 0.634563904220437 0.5048904418945312 0.6354808730152455 0.49388693390990335 0.6400656758049722 0.4834947105791929 0.6441919736051367 0.46148769460993705 0.6501522089949182 0.44498240518912996 0.6602387833691802 0.4309223641594537 0.671700790343497 0.4235866464299264 0.6868306313127319 0.42114142548266076 0.6950832680973769 0.42053011338487806 0.7047113374820766 0.4229753343321437 0.7134224792562838 0.4352014939562022 0.7147979530406545 0.45231806803092683 0.718924209656503 0.46271026391777204 0.7216750748566126 0.4706572388573516 0.7193826734617493 0.47982689288022706 0.7125055516457912 0.4889964920153721 0.7056282650925692 0.49510955810546875 0.6941663404868843 0.5067243507440141 0.67674405693847 0.5232296401648213 0.6661990187589617 0.5281200820593526 0.6593218557586876 0.5268975127515175 0.651527641594973 0.5232296401648213 0.6418995722102733 0.5183391982702901
0 0.6602387833691802 0.5354557723450146 0.6744516555436066 0.5311766151044008 0.6827042511439355 0.5256748885559521 0.6937077943130061 0.5177279136163725 0.7065451927030617 0.49938871534608253 0.7175488182407642 0.4889964920153721 0.7262598776463394 0.48166080172971 0.7331371641995614 0.4828834259252754 0.7436821611947537 0.5055017265484487 0.7482669639844804 0.5201731071197729 0.7478084178106023 0.5281200820593526 0.739097358405027 0.5440140868262421 0.7326786180256832 0.556851503660353 0.7230505486409835 0.5629646246381801 0.7106716140561741 0.5623533399842626 0.6996680708871036 0.5617420004426147 0.6923324028972672 0.5617420004426147 0.6808703547386344 0.5623533399842626 0.6703253577434422 0.5599080915931317 0.6639066173640984 0.5525723464197392 0.6602387833691802 0.5427914626306767
0 0.7248844862306005 0.43886933909903325 0.7285522790412028 0.4321449609111539 0.7349710194205465 0.4223640222343609 0.7386388945997807 0.4095265779563849 0.7432236973895074 0.4015796304606705 0.7496423554002193 0.3936326280772257 0.7537686943846997 0.3905760950321774 0.7588120433483047 0.3911874071299601 0.7666061751433874 0.3917986917838776 0.7876962515024039 0.3911874071299601 0.7931979819026231 0.3899647829343947 0.8019091236768303 0.38813087408491176 0.8097032554719129 0.38446302894208073 0.8156635320460105 0.3814065233408976 0.8234576638410931 0.3777386233103361 0.8330858155944247 0.3765160265586359 0.8445477402001097 0.3801838991453322 0.8560097471744265 0.3917986917838776 0.858760694743168 0.4070813570091193 0.8495910067950827 0.42480924318162655 0.8340027432049173 0.42847714321218805 0.8138295944563934 0.42725451901662265 0.8092447916666666 0.433978897204502 0.8142880582616396 0.44498240518912996 0.8188728610513664 0.46148769460993705 0.8188728610513664 0.47249114770683454 0.8138295944563934 0.48410605012084085 0.806493926466557 0.49266436460206836 0.7982412484975961 0.5006112846539175 0.7904471167025134 0.5030565330450484 0.7771511721385796 0.5042791572406138 0.7670646389486336 0.5024452483911308 0.7643137737485239 0.4828834259252754 0.761104444743168 0.4688233300078687 0.7583534971744265 0.4645442276549854 0.747349954005356 0.4620989792638545 0.7386388945997807 0.4578198220232408 0.7294692066516953 0.45170675593314413 0.7258014138410931 0.4480389382341783
0 0.8931466332974866 0.4645442276549854 0.8945221070818573 0.45598591317375786 0.9018576927030617 0.45170675593314413 0.9124027720668859 0.4498728470836612 0.9197384400567223 0.45598591317375786 0.9238647790412028 0.4651555123089029 0.9192799762514761 0.4731024872484825 0.9124027720668859 0.47860426868466166 0.9064425778614204 0.47982689288022706 0.8972729722819669 0.47799298403074414 0.8945221070818573 0.47371377190239994
0 0.9284496641995614 0.38813087408491176 0.9357853321893977 0.3814065233408976 0.9408285987843708 0.37468209026528776 0.9518321419534413 0.3673464274234909 0.9587092637693995 0.3600107371378288 0.9637525303643725 0.3551202952432975 0.9655864679539895 0.3636786097245251 0.9619186751433874 0.3734594935135876 0.9582507999641532 0.3807952112431149 0.9518321419534413 0.38690824988934636 0.9440379277897267 0.3936326280772257 0.9357853321893977 0.3997456941673224 0.9307420655944247 0.3997456941673224 0.9302835194205465 0.39424396761887365
0 0.39752971530765013 0.7536923525144728 0.410825659871584 0.7310739421158385 0.43512506523595645 0.7096781559127698 0.4598830167742072 0.7005086116653552 0.4887672249283063 0.6919502971841277 0.5071064360872132 0.6913390125302102 0.5080233636977058 0.7047877140182386 0.5052724984975961 0.7280174090707903 0.4974783667025135 0.7353530444687219 0.4809730519489077 0.7433000194083015 0.4640093145743716 0.7481905710782936 0.451171875 0.7610279879124044 0.44154380561530027 0.7775332773332115 0.4374174666308198 0.7836463434233082 0.4314572312410383 0.7805898103782599 0.42091219306153005 0.7701975870475495 0.4112841236768303 0.7646958056113703 0.4085332584767207 0.7628618967618873
0 0.39248640752836117 0.806875928700399 0.3920279437231149 0.7909820337089704 0.39019404731781376 0.7769219926792941 0.3879016459229504 0.7622506121079698 0.38927707852300525 0.7591940790629216 0.398905147907705 0.7646958056113703 0.40669927970278763 0.770808871701467 0.4213706980510923 0.7799785257243425 0.4282478610513664 0.787925500663922 0.42733089225655785 0.7983176691069019 0.42366309944595565 0.8050420198509162 0.41724435906661184 0.8123777650243087 0.40990869107677547 0.81726820691884 0.3998221167025135 0.8209360246178058 0.39477880892322453 0.8123777650243087
0 0.0033665707236842104 0.8460800390449359 0.025210731907894735 0.8512198358988591 0.04705489309210526 0.8726356561235387 0.04320004111842105 0.8914816328089872 0.03934518914473684 0.9128975079213972 0.03870271638980922 0.9283168435954362 0.03806023591282236 0.939453125 0.03227796052631579 0.9497327187078463 0.027138157894736843 0.9625822657303844 0.022640830592105265 0.9685786405055643 0.01878597733141118 0.9805714998313849 0.010433799342105263 0.9985608437078463 0.001349527665317139 0.9961058253006969 0.001349527665317139 0.9488760310111286 0.001349527665317139 0.904331124943795 0.001349527665317139 0.876918875056205
0 0.05219469572368421 0.9899945156179744 0.046412417763157895 0.9737184373594874 0.046412417763157895 0.9642954215728979 0.04576994243421053 0.9317433748313849 0.048982319078947366 0.9094709766854485 0.058619449013157895 0.8949081640449359 0.06761409847038156 0.8871984687640513 0.07146895559210527 0.8760621873594874 0.07660875307564471 0.8726356561235387 0.09138569078947369 0.8666391715728979 0.10423519736842106 0.8649260157303844 0.1254368832236842 0.8623561173034229 0.13314658717105263 0.8657827034271021 0.13828640009871057 0.8777755078651922 0.14406867805923687 0.8940515312359487 0.15049343134871057 0.9060444454494998 0.15691816404602627 0.9266035779774617 0.16527035361842105 0.9454496095506407 0.17041015625 0.9617256878091277 0.17041015625 0.9805714998313849 0.16912519529602627 0.990851203314692 0.1667711718684105 0.998697953258487 0.11194490131578948 0.9942777345506407 0.07403885690789473 0.9925644689326664
0 0.14535361842105263 0.8777755078651922 0.14663856907894737 0.8537897343258206 0.15049343134871057 0.8409402421910128 0.16141550164473684 0.8383703437640513 0.17554995888157895 0.8349437576403721 0.19289679276315788 0.8315172812921537 0.20703125 0.8246641639325258 0.22630550986842105 0.8006785001686151 0.23658511513157895 0.7784059373594874 0.2475071957236842 0.7784059373594874 0.25521689967105265 0.79296875 0.2577868009868421 0.7981086017416535 0.25200454361847374 0.8118147266854485 0.24879214638157895 0.8220942655055643 0.25264701894742114 0.8400836093820256 0.2609991776315789 0.8477933595506407 0.2635690789473684 0.8623561173034229 0.2622841282894737 0.8949081640449359 0.2609991776315789 0.9266035779774617 0.25650185032894735 0.939453125 0.2500770970394737 0.9480194530898719 0.2397974917763158 0.96086900011241 0.23016036184210525 0.9711485938202563 0.21731085526315788 0.9754317029774617 0.18711451480263158 0.9754317029774617 0.18004728618421054 0.9702919061235387 0.17811986019736842 0.9385964373032823 0.17490748355263158 0.9248903123594874 0.1665553042763158 0.9128975079213972 0.15627570930923687 0.9034744921348078 0.15113589638157895 0.8957648517416535
0 0.21345600328947367 0.9959910001686151 0.22694798519736842 0.98828125 0.23851254111842105 0.9797149219101281 0.24429481907894737 0.96686537488759 0.2507195723684211 0.9574424688764613 0.2629266036184211 0.9480194530898719 0.27063632815794747 0.9471628751686151 0.27706108144742114 0.9548725155617693 0.27706108144742114 0.9702919061235387 0.2738486842105263 0.9839980310673336 0.26935135690789475 0.9942777345506407 0.24686472039473684 0.9985608437078463 0.23273026315789475 0.9977041560111286 0.21988075657894737 0.9977041560111286
0 0.27898848684210525 0.9925644689326664 0.29119551809210525 0.972005171741513 0.3001901726973684 0.9642954215728979 0.32781661184210525 0.9711485938202563 0.3458059210526316 0.972005171741513 0.353515625 0.9728618594382307 0.36636513157894735 0.9754317029774617 0.3708624588815789 0.9831414531460769 0.37471731085526316 0.990851203314692 0.37728721217105265 0.9977041560111286 0.3653628700657895 0.998697953258487 0.3213918585526316 0.998697953258487 0.29633530013152626 0.998697953258487 0.2854132401315789 0.9959910001686151
0 0.5910578224501307 0.2378237607667772 0.5958086804018008 0.2181165681468497 0.59739234090334 0.20544762920132645 0.6026710170483299 0.19418636843454923 0.6137563522688934 0.18644426194883937 0.6306482641963984 0.1737753367252487 0.6401498977311066 0.1681447063418601 0.6406777982930584 0.19207489233222796 0.649123713072495 0.21741272905747666 0.65651390909666 0.23360080856213467 0.6628484275498693 0.25330800118206215 0.663376286927505 0.2687922415973471 0.6623204858036016 0.2821649510225804 0.6533467116465291 0.28005350236412435 0.6375105184742957 0.2652730873162798 0.6211465482930584 0.25049267226843525 0.6063661562447284 0.23571228466445593
0 0.560969178975835 0.26386543658139894 0.5614970383534709 0.2469735179873679 0.5662478963051408 0.2406390622365389 0.5794447102205634 0.23923141150165805 0.5900021036948592 0.2469735179873679 0.5984480184742957 0.24838119616611398 0.6095333536948592 0.25330800118206215 0.6185072102205634 0.26175393303521244 0.6317039829516701 0.2716075430671088 0.6427892358036016 0.2786458516292435 0.6517630923293058 0.2842764545687669 0.6591532883534709 0.2920185610544767 0.6596811477311066 0.30609515073488086 0.6591532883534709 0.3138372572205907 0.6417335170483299 0.3159487607667772 0.6311761235740343 0.31665258613421765 0.6227301264259657 0.3173564389455233 0.6163957315257043 0.3215793911501658 0.6095333536948592 0.33002535044718134 0.604782536927505 0.34269426194883934 0.600031678975835 0.35747464955281866 0.59739234090334 0.3687359103195959 0.5931693423293058 0.37225509204452845 0.5773332315257043 0.36803208495215545 0.570998713072495 0.3602899510225804 0.5646642358036016 0.34128655632622806 0.5646642358036016 0.32791384690099484 0.5641363764259657 0.31172580856213467 0.5699429943172234 0.30187219853023833 0.5725823735740343 0.28357265664519166 0.5678315156223642 0.27512669734817613
0 0.6385663195981992 0.3243946926199275 0.6580975695981992 0.3250985454312331 0.6697107641963984 0.33002535044718134 0.6771009602205634 0.34269426194883934 0.6792123977311066 0.35958615309900516 0.6718222017069416 0.37577424632559575 0.6596811477311066 0.39055463392957507 0.646484375 0.4011120418850467 0.6348711804018008 0.3947775586903524 0.6332876022688934 0.3828125 0.6317039829516701 0.36521675603852854 0.6338154616465291 0.34199043658139894 0.6338154616465291 0.3321368265495026
0 0.6834353963051408 0.33847128230033163 0.6982157471691549 0.32932149763587565 0.7108847017069416 0.3272100489774196 0.7177469971691549 0.34199043658139894 0.721970036927505 0.35817850236412435 0.73463890909666 0.3645129581149533 0.741501286927505 0.38633165428106736 0.7430849062447284 0.39266611003189633 0.7288323323897183 0.41518863156545077 0.7267208948791751 0.42644989233222796 0.7209142358036016 0.43630350236412435 0.7108847017069416 0.42293073805116066 0.7013829858036016 0.41237330265182387 0.6871304943172234 0.4102618265495026 0.6818517358036016 0.4088541483707565 0.6771009602205634 0.38633165428106736 0.678156678975835 0.37577424632559575 0.6844911562447284 0.36521675603852854 0.6850190156223642 0.3469172415973471
0 0.8724134602205634 0.20263232773156475 0.8877217528308451 0.19629787198073573 0.9019742443172234 0.19137106696478753 0.9141152982930584 0.19137106696478753 0.919921875 0.19770552271561656 0.9156989176102817 0.2040399784664456 0.9046135823897183 0.20896678348239378 0.8940561477311066 0.21600507832259583 0.883498713072495 0.2209318696166114 0.8761085170483299 0.22445101017574612 0.868718321024165 0.2181165681468497 0.8676626022688934 0.21318976313090152
0 0.9969911562447284 0.15758727094252334 0.9932960170483299 0.16744088097441967 0.9911844971691549 0.17870212801926427 0.9917123977311066 0.19207489233222796 0.990656678975835 0.2012246632747513 0.990656678975835 0.21459740014384976 0.9938239176102817 0.2181165681468497 0.9969911562447284 0.21459740014384976 0.9990234375 0.20646818421727461 0.9990234375 0.17307149763587568 0.9990234375 0.16110642522359067
0 0.9120037784138832 0.2821649510225804 0.92942359090334 0.2652730873162798 0.9389253068066802 0.25893863156545077 0.9526498977311066 0.24134291504784453 0.9568728551208249 0.2321931303833886 0.961623713072495 0.22585867463255957 0.9727090482930584 0.22304337316279788 0.9774599062447284 0.22233952035149224 0.9890730596586117 0.22445101017574612 0.9964632556827766 0.22445101017574612 0.9990234375 0.22396336013464618 0.9990234375 0.25330800118206215 0.9990234375 0.2906109377634611 0.9964632556827766 0.30539135281130564 0.9869615397794366 0.3152449353993368 0.9737647670483299 0.3307291483707565 0.9621516136344467 0.34199043658139894 0.9510662784138832 0.35114022124585487 0.9436760823897183 0.35325169734817613 0.9352301676102817 0.33002535044718134 0.9310072102205634 0.3187640622365389 0.9236170141963984 0.3025759964538135 0.9193940568066802 0.29131476313090154
0 0.001349527665317139 0.7354307106072954 0.006703969438066367 0.7361345908624662 0.010399070667673541 0.7523226840890569 0.016733531205438572 0.7727336746325596 0.020428631791540808 0.7959600215335544 0.023595861416918384 0.812148114760145 0.025179475586102236 0.834670581405969 0.020428631791540808 0.838893588498342 0.007231841042295963 0.8311515094564973 0.001349527665317139 0.8135681701221055 0.001349527665317139 0.8135681701221055 0.001349527665317139 0.7523226840890569
0 0.3857157883534708 0.7959600215335544 0.39152236506041244 0.8177787725873988 0.4004961804018008 0.8304476840890569 0.41316513493958756 0.8234093206391918 0.4258340482930584 0.812851885239855 0.43691934232930585 0.8001829737381969 0.44378167897583504 0.8001829737381969 0.44958825568277666 0.8311515094564973 0.44589315767069415 0.8550816268372021 0.4411423409033401 0.8754926173807048 0.4353357230120825 0.8846424020451608 0.43058486506041244 0.8944960120770571 0.4321684843776358 0.9071649784664456 0.4348078636344467 0.921241485815254 0.4374472017069416 0.9332065719494717 0.43797506108457745 0.9409487058790468 0.43691934232930585 0.9599521554631295 0.43375210369485917 0.9712133613421763 0.42688976704833 0.9768439642816996 0.41474871307249495 0.9824746769966839 0.4041913195981992 0.990216810926259 0.3968010823897183 0.9845862079867356 0.3920502656223642 0.9719172415973472 0.39152236506041244 0.9578407342485387 0.39468960369485917 0.9416525861342177 0.39468960369485917 0.9296875 0.38782726704833 0.9191300646006633 0.3788534517069416 0.9064611530990052 0.3735747343776358 0.8973113684345493 0.36671243891542255 0.8811233300956891 0.3646009190362475 0.8529701507348808 0.3688239176102817 0.8360782321408499 0.37779773295167 0.8191863684345493
0 0.4553948323897183 0.8403012941209532 0.4664801676102817 0.8410050646006633 0.4765097017069416 0.8515625 0.47598184232930585 0.8712697200637927 0.4712309843776358 0.8853462274126012 0.4664801676102817 0.9057573826192952 0.46859164630514083 0.917018588498342 0.46859164630514083 0.9261684280505283 0.4622571690362475 0.9332065719494717 0.45011611506041244 0.938133514184746 0.4432538195981992 0.9367257536744042 0.4395586804018008 0.9092765094564973 0.43903082102416496 0.8987190191694301 0.4421980596586117 0.8867539879229429 0.451171875 0.8712697200637927 0.45275549431722334 0.8614161100318963 0.451171875 0.8480433731627979
0 0.4786211804018008 0.9177224138657823 0.48548351704833 0.9268721985302383 0.49287371307249495 0.9360219831946942 0.4997360909033401 0.9451717678591501 0.5065984275498693 0.9578407342485387 0.5150443423293058 0.9550253230033161 0.5229623977311066 0.9451717678591501 0.5314083536948592 0.9233530168053058 0.5372149304018008 0.9071649784664456 0.5446051264259657 0.8930884162299066 0.5504117443172234 0.8846424020451608 0.55832984090334 0.8853462274126012 0.5636085170483299 0.8888654091375338 0.5789167684742957 0.8860501625555025 0.5847234275498693 0.8797156793608082 0.5868349062447284 0.8600084592970155 0.5847234275498693 0.8459318421727462 0.5831397670483299 0.8149634162299066 0.5794447102205634 0.7980715525236061 0.5699429943172234 0.7868102368690985 0.560969178975835 0.7839949353993367 0.5483002656223642 0.7938484905435027 0.5340477329516701 0.8029983300956891 0.5134607641963984 0.8072212274126012 0.5092377656223642 0.8079251625555025 0.5007917684742957 0.8114442893927046 0.49234585369485917 0.8205940191694301 0.4865392769879175 0.8353744067734094 0.4860114176102817 0.8529701507348808 0.4833720383534708 0.8726773159109431 0.4812605596586117 0.8804195047282487 0.4775654616465292 0.8930884162299066 0.47281460369485917 0.9092765094564973 0.47228674431722334 0.9198338899681037
0 0.5739130388226426 0.937710000456666 0.5715504181690705 0.911458296741513 0.5802134978465545 0.8936072150580316 0.5920267246673625 0.8757560235990894 0.6006897631605306 0.848454317600607 0.6117155046759025 0.8274529546284847 0.6345544318277665 0.8043515322019728 0.6566058324898786 0.7875503979140906 0.6581809678380145 0.7570984106269671 0.6534556853465545 0.7224461946556037 0.6566058324898786 0.716145796741513 0.6699942358431384 0.7182459659713636 0.6762946124984185 0.7098455086028833 0.6849576921759025 0.6909442050851506 0.6944082571588225 0.6741431256849989 0.7101592811656545 0.6898941479140906 0.7196099285172065 0.6982947150580316 0.7164596578209346 0.7266464782275742 0.7219725079864625 0.7549982413971167 0.7329982906861505 0.7928007386571212 0.7314231553380145 0.812751989570453 0.7227601168448465 0.8379536361145459 0.7188223196588225 0.848454317600607 0.7054339574898786 0.8379536361145459 0.7014962426724866 0.812751989570453 0.6944082571588225 0.8064515916563624 0.6652689121673625 0.8075017586028833 0.6503054558345985 0.8285030666872751 0.6361295671759025 0.8568548298568177 0.6266789610086665 0.8852066479140906 0.6243162579864625 0.909358182399393 0.6290416228465545 0.9293094333127249 0.6408548496673625 0.939810114798786 0.6447926056690705 0.9545111347445481 0.6416423761571145 0.9608114777709083 0.6266789610086665 0.9734122735990894 0.6132905988397225 0.9797127264009106 0.5999021954864625 0.9723622713157599 0.5936018188311826 0.9597614754875787 0.5802134978465545 0.946110567600607
0 0.50157509416382 0.9986138652554519 0.53071443915528 0.9944136365712117 0.55355340749146 0.9965137509133318 0.5527659221860239 0.9902134078869717 0.5448903278139761 0.9755124977166704 0.5372314453125 0.973225874866513 0.529296875 0.966715531383487 0.52283896833618 0.9776125022833296 0.511813268005124 0.9860130694272707
0 0.68962247490722 0.2213279120356059 0.688834907233152 0.2097771733784847 0.698285513400388 0.19927650561435617 0.713248928548836 0.19927650561435617 0.727424899576164 0.21187730144253739 0.736875464559084 0.23182859352166704 0.749476217869644 0.26228055336492523 0.755776676893556 0.3011329980205289 0.7652272418764761 0.3273847017356818 0.779403212903804 0.32108430382159114 0.7896413043764761 0.31163367950659004 0.8053924107519399 0.31163367950659004 0.827443811414052 0.3011329980205289 0.847920076728028 0.2885322296362129 0.862096047755356 0.2801316624922718 0.877846989393556 0.2738312645781812 0.877059462903804 0.2948326275503035 0.869183950900388 0.32213438843651643 0.858945777059084 0.3431357239647735 0.847920076728028 0.3609868605359853 0.840044564724612 0.36728725845007587 0.8305939173730601 0.3662372012790158 0.813267922755356 0.37568779815015174 0.7951542369106359 0.37883796966333183 0.779403212903804 0.38408831040636243 0.76286466240722 0.37988805427825706 0.749476217869644 0.377787939936137 0.742388314724612 0.3714875145781812 0.73845059990722 0.35783663413507477 0.740025735255356 0.3441858085796987 0.740025735255356 0.3252845599496965 0.727424899576164 0.3158339630785606 0.705373498914052 0.32003424665053115 0.6919850543764761 0.3179341048645459 0.684897110047128 0.30638333876355944 0.686472245395264 0.28748214502128766 0.6959228515625 0.2727812348509864 0.698285513400388 0.2559801280069694 0.6943477162143641 0.23917904860681768
0 0.930790086506832 0.4609794891137871 0.948903772351552 0.4767305113428788 0.9638671875 0.46622982985681766 0.973317834851552 0.44837869328560587 0.996156762003416 0.4420783228153805 0.9990234375 0.45641173218651643 0.9990234375 0.5082325558010623 0.9990234375 0.5386844882004552 0.998519423841304 0.554435510429547 0.98198087334472 0.554435510429547 0.974105361341304 0.5523353411996965 0.955204149006832 0.5628359677980272 0.938665598510248 0.5775369877437894 0.9276398158105601 0.58488744282894 0.9166141978481359 0.58488744282894 0.906376024006832 0.5701864777709083 0.9024383091894399 0.5512852840286364 0.9032257533105601 0.5323840902863647 0.914251536010248 0.5229334659713636 0.922127048013664 0.5050823294001517 0.92133943915528 0.4935315907430306 0.92133943915528 0.4819808520859094 0.928427424668944 0.47253022777090825
0 0.7282728846417426 0.6919942622562106 0.7471741793448465 0.6930443743150011 0.7605625415137904 0.6856939192298505 0.7692254976383266 0.6699428421130283 0.7700131064967105 0.6541918747716671 0.7802512803380145 0.6615423298568177 0.7920645071588225 0.6636424441989377 0.8125408548414305 0.6636424441989377 0.8267167435001265 0.6541918747716671 0.8290794053380145 0.6657425585410578 0.8204163668448465 0.6741431256849989 0.8070280046759025 0.6804435235990894 0.7983649661827344 0.6909442050851506 0.7999400191622386 0.7066952822019728 0.8101781930035425 0.721396192372274 0.8117532459830465 0.7413474981733363 0.8133283813311826 0.7570984106269671 0.8054528693277665 0.7707493185139388 0.7897018453209346 0.7749496020859094 0.7786761449898786 0.78230005717106 0.7668629181690705 0.8001511937422718 0.7542620824898786 0.8169522731424236 0.7463865704864625 0.8295531238583352 0.7314231553380145 0.8327032953715153 0.7361484790137904 0.819052442372274 0.7385110584830465 0.8012013058010623 0.7377235319932945 0.7791498307701495 0.7282728846417426 0.7549982413971167 0.7235476433345985 0.7350470453715153 0.7259103051724866 0.7108954559984825
0 0.812657571192856 0.7780997735990894 0.82053300082764 0.7623488062577282 0.822895662665528 0.7528982368304575 0.822108053807144 0.7455477268575764 0.833133836506832 0.7539482940015175 0.841796875 0.7633988634287883 0.850459913493168 0.78230005717106 0.851247522351552 0.8043515322019728 0.852822575331056 0.819052442372274 0.855972763658696 0.8379536361145459 0.86936112582764 0.842153864798786 0.882749487996584 0.8568548298568177 0.891412526489752 0.8694556256849989 0.891412526489752 0.8831065335719706 0.879599299668944 0.8967573865712117 0.8662109375 0.9177586946556037 0.852035048841304 0.9230090902863647 0.834708889486336 0.9209089759442446 0.82053300082764 0.915658635201214 0.812657571192856 0.9020077822019728 0.8189579478481359 0.8831065335719706 0.8189579478481359 0.8705057377437894 0.809507300496584 0.8600050562577282 0.800844262003416 0.8400538053443963 0.801631788493168 0.8253528402863647 0.810294826986336 0.811701932399393 0.812657571192856 0.7991011365712117
0 0.72602693915528 0.9954636388545414 0.730752262831056 0.9807627286842401 0.73784024834472 0.9587113634287883 0.744140625 0.9324596597136353 0.748865866307144 0.9125084088003035 0.757528987168944 0.9009576701431823 0.775642673013664 0.8967573865712117 0.782730576158696 0.9062079559984825 0.78981856167236 0.9198588638854541 0.79611893832764 0.9387600027399955 0.790606088162112 0.9681620426315198 0.785880764486336 0.9891632958281812 0.754378798841304 0.9986138652554519 0.73784024834472 0.9965137509133318
0 0.917401724337888 0.9891632958281812 0.9150390625 0.9660618185139388 0.9111012653139761 0.944010453258487 0.907163550496584 0.9219589782275742 0.91188887417236 0.9125084088003035 0.925277236341304 0.9009576701431823 0.9520538783105601 0.8936072150580316 0.9599293903139761 0.8894069314860612 0.9756804966894399 0.8904569886571212 0.981193264486336 0.9020077822019728 0.974105361341304 0.9272094287460656 0.968592428807144 0.9408602268575764 0.963079661010248 0.9482106819427271 0.952841487168944 0.9513609083436376 0.948903772351552 0.9629115921130283 0.9512664341894399 0.9776125022833296 0.949691298841304 0.9849629573684802 0.944178366307144 0.9902134078869717 0.934727883692856 0.9923135222290917
0 0.989068776489752 0.8925571578869717 0.9990234375 0.8897628784179688 0.9990234375 0.9314095476548448 0.9990234375 0.9482106819427271 0.99143143832764 0.9492607940015175 0.978830602648448 0.9387600027399955 0.983556008692856 0.9261593166872751 0.985918588162112 0.9062079559984825
0 0.969380037665528 0.9965137509133318 0.9622920521518641 0.9849629573684802 0.9599293903139761 0.9744622758824191 0.959141946192856 0.9629115921130283 0.970955173013664 0.9545111347445481 0.981193264486336 0.9524109106269671 0.989068776489752 0.9597614754875787 0.997731897351552 0.9734122735990894 0.9990234375 0.9871892037151528
0 0.6422119140625 0.997639937366513 0.5791807187552716 0.9961993539933678 0.6046945260443025 0.985641918594031 0.6222902367472166 0.985641918594031 0.6363668300201375 0.9797766157191434 0.6495636027512441 0.9715653014697617 0.6592412580523574 0.9668730591698517 0.6645199753816633 0.9727383620447392 0.6592412580523574 0.9950262934183903
0 0.8563133579516701 0.6970720908624662 0.8783080066263917 0.6794763469009948 0.90206221401611 0.6571884704150742 0.9117398693172234 0.6372466053036477 0.9284557594783233 0.6149587288177271 0.9390132765055668 0.5997091060062106 0.9513302698791751 0.6184778556549292 0.9381334147794366 0.6431119081785353 0.9214175246183367 0.6583614761023213 0.9073409725297318 0.666572790351703 0.8985430965861168 0.6783032863260173 0.8950239791561235 0.6888607217253541 0.9003026553011133 0.7146677799362073 0.9011824346586117 0.7369557113098584 0.8897452206425017 0.722879094185589 0.8765484479113951 0.7146677799362073 0.8642313721691549 0.7111486530990052
0 0.004656023342117124 0.3979448002876995 0.0363283195958929 0.40967532370587906 0.05216446643577092 0.40850226313090154 0.07415912540657156 0.4143674562303282 0.0917548361094857 0.415540544249171 0.11462927443778467 0.3897334585944526 0.13046543672178115 0.37213774207684636 0.13838351271573993 0.3498498381470605 0.1331047850903551 0.31935059252402764 0.12606648845389465 0.27946694463277033 0.11023034676205613 0.2747747572205907 0.08295697560998914 0.28181306578272536 0.056563399259538946 0.28064000520774784 0.03808789375500801 0.2712556303833886 0.02665067459085853 0.29119744060708463 0.01873259988390965 0.3216966862301175 0.007295381363265106 0.3463307387537236 0.0020166651600929085 0.36861861523964423
0 0.8489583333333334 0.736979203258487 0.8528645833333334 0.7222222527154059 0.8756510416666666 0.723958296741513 0.8873697916666666 0.729166703258487 0.892578125 0.7465277472845941 0.8977864583333334 0.765625 0.8977864583333334 0.7890625 0.8912760416666666 0.8012152472845941 0.8828125 0.8107639010861624 0.8736979166666666 0.8125 0.87109375 0.7847222527154059 0.8626302083333334 0.7647568956553508 0.85546875 0.7517360989138376
0 0.90625 0.736979203258487 0.90625 0.7144097527154059 0.9147135416666666 0.708333296741513 0.927734375 0.6987847527154059 0.9466145833333334 0.6918402472845941 0.9700520833333334 0.6866318956553508 0.982421875 0.6935764010861624 0.9990234375 0.7046441277154059 0.9990234375 0.8012152472845941 0.9986979166666666 0.84375 0.9967447916666666 0.856770796741513 0.96484375 0.8506943956553508 0.9427083333333334 0.8446181043446492 0.92578125 0.8315972527154059 0.9173177083333334 0.8220485989138376 0.9166666666666666 0.7890625 0.919921875 0.760416703258487 0.91796875 0.75 0.9114583333333334 0.7439235989138376
0 0.8812947755883097 0.30759021018048843 0.8956010537913293 0.3142250390361539 0.906797339559084 0.3100782984452282 0.9049312782030196 0.29349125374992974 0.9074193874673161 0.2785629162685477 0.9198596866829032 0.26529325855721675 0.9179936253268387 0.2470475066480019 0.9155055984311741 0.23046046195270345 0.9136395370751097 0.21553211074938877 0.9030652992155871 0.2188495251772215 0.9036872647551872 0.2346072299874944 0.8962231016995614 0.23626590975754552 0.8893809865521677 0.2337778763805362 0.8812947755883097 0.23626590975754552 0.8831608369443742 0.25202360084588576 0.8837828848526063 0.2677813193780913 0.882538789036142 0.28188027580864994
0 0.8483280485619096 0.3747677700125056 0.862012361225329 0.3523752775123651 0.8719645511766194 0.3324707909453687 0.8788067486926451 0.3183718070709448 0.8900029520917678 0.3183718070709448 0.914883550522942 0.3167131273008937 0.9211037001307355 0.3142250390361539 0.927323849738529 0.3324707909453687 0.935410060702387 0.3590101063680306 0.9378980875980516 0.36896232220766356 0.9260798362906967 0.3797438916542547 0.9242137749346323 0.39633096379341837 0.927323849738529 0.407941914290833 0.935410060702387 0.4062831796330514 0.9453622506536775 0.3996483507773859 0.9565585364214322 0.3905254611008459 0.9627786860292257 0.39135484215166927 0.9702428490848516 0.4137473346518098 0.9733529238887483 0.42535828514922436 0.9708648146244517 0.44360400961457397 0.9621566381209936 0.4568736673259049 0.9546924750653677 0.4659965570024449 0.9459842985619096 0.46350849618157036 0.9329219514380904 0.4560443137189467 0.9198596866829032 0.44526277171622075 0.906797339559084 0.44360400961457397 0.898711210963858 0.44526277171622075 0.8806727276800776 0.44526277171622075 0.8688545587413546 0.43116376039793164 0.8632563746731613 0.4137473346518098 0.8632563746731613 0.394672256579502 0.8582802385132001 0.38306127863822226
1 0.01869419550927866 0.20858134811730694 0.04814608183949583 0.2354497292058931 0.07139757287647078 0.23338293171615052 0.09929936006162492 0.2240823567342415 0.1124752008641458 0.20961476058411083 0.12177579316050417 0.2034143681148831 0.11712549701232498 0.23958332418537825 0.10472470385182081 0.25198410912383373 0.08999875746918755 0.25818452903692674 0.07449776859257708 0.26541832025102574 0.05357143077773121 0.25715113029205544 0.028769841882703113 0.25611773154718415 0.014818948290126043 0.24888391288921988 0.00396825427468489 0.24578374409847123 0.014818948290126043 0.22511572803524757
1 0.012385670794488287 0.0660569170396105 0.029535061917324298 0.06732723867292885 0.04525533925827376 0.061610770740097374 0.054306400932281125 0.08447662874949065 0.06478658411023427 0.10099085114842696 0.05335365841102343 0.1124237801531236 0.041444361451183735 0.1194105628583071 0.028105945561418006 0.13274898117394757 0.01953125 0.1416412600510412 0.02572408411023427 0.1219512198468764 0.024294967754327976 0.10162601882605243 0.017149391122836012 0.09209857227133332 0.011909298246849564 0.07876016081665917
1 0.13147865326298394 0.2635924798979176 0.14243520512754618 0.24961891448755058 0.151486282245672 0.2394562865332734 0.16720655186456224 0.24517276132707116 0.18006859906771888 0.2553353618374831 0.18959603457637483 0.2788363943854682 0.19388338364409372 0.29662092469579027 0.19388338364409372 0.31122967836668164 0.18959603457637483 0.32329776132707116 0.18911967618584472 0.34108234652512365 0.1929306462708755 0.3601371984687641 0.20007622805040698 0.36775912826867413 0.19959984906771888 0.37601624632910857 0.1957888789826881 0.386814035100045 0.18721418084725033 0.39126016081665915 0.16863566822046855 0.3874491684728389 0.1572027476692972 0.3785569444834757 0.14719893317795316 0.36585367326256185 0.14576981682204684 0.3321900402041648 0.14481706915274967 0.30360772112290635 0.1376714976692972 0.2832825201020824 0.131955032245672 0.27184959795835206
1 0.18102135703309505 0.24453760051041198 0.18387956915274967 0.22357725239486145 0.1929306462708755 0.20833332418537825 0.20483993550865595 0.20071138066353558 0.22103657381415528 0.1930894234197603 0.24437881449134405 0.18292683663128093 0.2596227154236252 0.18165650127602995 0.26629191822046855 0.18483231908125844 0.2772484700850308 0.20960367326256182 0.2839176934740321 0.23310465092281643 0.288205021949593 0.25025407530420973 0.2920159920346238 0.26295729163739323 0.2986852154236252 0.2858231633687191 0.30392530186456224 0.3004319170396105 0.3129763583905301 0.3175812865332734 0.32393291025509235 0.3334603618374831 0.3291730378803454 0.3398119974479401 0.32488566822046855 0.3601371984687641 0.32393291025509235 0.3779217287790861 0.32059833974490765 0.38236788193956556 0.302972564491344 0.37474592469579027 0.2958269621196546 0.36585367326256185 0.2939215079653762 0.3277439144875506 0.2891577799149692 0.30551320357288386 0.2786775864409371 0.2928099597958352 0.2629573065259679 0.2909044499019925 0.2548590079653762 0.30360772112290635 0.24818978457637483 0.3125 0.23818597008503078 0.3131351882605244 0.22294206915274967 0.30995935673336333 0.2124618962708755 0.308689035100045 0.20007622805040698 0.3144054824499775 0.19912347008503078 0.2972560855124494 0.19674161635590628 0.27947155520212735 0.18816691822046855 0.2635924798979176
1 0.3315548916094699 0.36648880663535577 0.33631861965987686 0.3448933114250787 0.3491806462708755 0.33282520102082397 0.35966081915274967 0.3182164747937978 0.37252284576374833 0.30233739948958804 0.3925305159307524 0.282647331841558 0.40301064762831057 0.2699440880645093 0.42587650932281124 0.25787600510411984 0.43921495610081396 0.2489837536708914 0.4549352154236252 0.2604166483707565 0.4706555159307524 0.2851880025520599 0.4949504322046854 0.31377032163331836 0.5040015093228112 0.3239329221437303 0.49113948271181257 0.3512449195916704 0.48828125 0.3633130025520599 0.47160823271181257 0.3639481908125843 0.453982457458249 0.3639481908125843 0.4435022845763748 0.3715701206124944 0.43921495610081396 0.3849085252062022 0.44159680982993843 0.3976117689832509 0.4501715079653762 0.4084095577541873 0.4401677140661901 0.4173018091874157 0.4296875 0.4230183114250787 0.42254189762831057 0.4293699195916704 0.41873094813543776 0.46620930184563286 0.4125381037291245 0.46430387428338576 0.40872715423625167 0.44588412826867413 0.3996760359338099 0.4325457511188315 0.3882431462708755 0.42174796234789513 0.37966844813543776 0.4128557109146667 0.3510861210173119 0.3982469846876405 0.3325076083905301 0.38173272112290635
1 0.4487423710173119 0.2388211257166142 0.463986292541751 0.22230690331767788 0.47732469813543776 0.20706300255205992 0.48971034576374833 0.19626524122498876 0.5120998696598769 0.17784553637607492 0.5159108191527496 0.18991361933646442 0.5230563803401231 0.20769816336871907 0.5344893523716895 0.22548272112290635 0.5459222832189398 0.2419969572437753 0.5497332327118126 0.25470020102082397 0.547351378982688 0.2667683114250787 0.5340129733890013 0.2731199195916704 0.5235327593228112 0.282647331841558 0.52734375 0.30170223867292884 0.5297256037291245 0.3105945175500225 0.5187690106802463 0.3156758315271611 0.5063833630519358 0.3131351882605244 0.49637956915274967 0.30170223867292884 0.48494663830549933 0.2915396381625169 0.47494284440631324 0.27947155520212735 0.46589176728818743 0.2667683114250787 0.4596989640661901 0.2553353618374831 0.45255336169450067 0.2464430829603895
1 0.5406821555936867 0.22675305647815733 0.5502095705101847 0.21659045596774534 0.5578315106802463 0.20896849872397005 0.566882628982688 0.20325203765210487 0.5745045691527496 0.19944105903021722 0.5826029294898153 0.20134652775826214 0.5878430159307524 0.20833332418537825 0.5868902167810602 0.2216717425010187 0.5816501303401231 0.22675305647815733 0.571169957458249 0.22929369974479402 0.5635480172881874 0.23501016081665918 0.5583079308472504 0.24263211806043447 0.5497332327118126 0.23755080408329587
1 0.49113948271181257 0.3696646381625169 0.5025724135590629 0.346798766431191 0.508288878982688 0.33091971857084646 0.5154344401700616 0.3239329221437303 0.5230563803401231 0.31948679642711614 0.5340129733890013 0.31694612571661424 0.547351378982688 0.32075711806043444 0.5578315106802463 0.32139227887709365 0.5602134055936867 0.3493394645855581 0.565929871017312 0.36585367326256185 0.5768864228818742 0.37538111295631466 0.5897484906771888 0.3779217287790861 0.6030868962708755 0.3728404422458127 0.6064214667810602 0.36267784173540074 0.6088033205101847 0.3493394645855581 0.6140434893197537 0.33663619336464423 0.6192835757606908 0.33091971857084646 0.6264291369480642 0.32583840459370783 0.6240472832189398 0.3398119974479401 0.6207126303401231 0.3550559119354907 0.6235708630519358 0.3741107913229963 0.6269055159307524 0.3861788468395206 0.6335747393197537 0.4033282712209139 0.6459603869480642 0.4071392086770037 0.6554877606802463 0.40523375367089143 0.6631097832189398 0.39697660816659175 0.6707317233890013 0.38998983918334085 0.6764481476283105 0.4103150402041648 0.6693025864409371 0.41539632673743815 0.6612042672881874 0.42365344479787265 0.649294957458249 0.434451233568809 0.6435785332189398 0.44524899489588016 0.634527456100814 0.4668445175500225 0.6302400864409371 0.4884400402041648 0.6326219401700616 0.5106707236749662 0.6512004733890013 0.5335366228501573 0.6550114228818742 0.5500508040832959 0.6411966794898153 0.537347532862382 0.6316692233890013 0.5360772112290636 0.620236292541751 0.5417937134667267 0.6088033205101847 0.5424288742833858 0.5968940106802463 0.5379827485667715 0.6026105172881874 0.5246443165291985 0.5983231476283105 0.5074949195916704 0.586413878982688 0.49225100510411984 0.5730754733890013 0.4884400402041648 0.5611661635590629 0.48526423612086894 0.5535442233890013 0.4801828946998651 0.5478277167810602 0.45985772112290635 0.5387766808472504 0.43508636694160296 0.5330601742393092 0.4160315149979626 0.52734375 0.3887195175500225 0.5163872393197537 0.38236788193956556 0.5016196555936867 0.3791920778562697
1 0.003641917477091636 0.6706218582263096 0.02126409811207801 0.6490836932504778 0.03227796052631579 0.6343985358588129 0.04035479176221428 0.6432095534509892 0.05871122826127066 0.6334194485232126 0.06899083352442856 0.6128602611075202 0.07780192963346617 0.6060071986356228 0.0968926207095827 0.624608376043306 0.11451480263157894 0.6441885858988591 0.13727678718515415 0.6647477733145515 0.15049343134871057 0.6843280380578349 0.16664709382050755 0.7078242130416761 0.17105263157894737 0.7195723828651922 0.16811560297462783 0.7460056003049124 0.15710173283833082 0.7420895802888939 0.14608787299811277 0.7606907576965771 0.12773144679513537 0.7773339799839816 0.11304629347745868 0.7920191373756463 0.10129816876410151 0.8057252623194413 0.08881578947368421 0.8125783796790692 0.074130641304047 0.8223683748313849 0.06458529061794925 0.8360746095506407 0.05724271910715039 0.8497807344944357 0.04622885411889286 0.8488016471588354 0.03007518907307613 0.844885627142817 0.030809446224156017 0.828242459743143 0.027872415045816726 0.8047462298715715 0.021998355263157895 0.7734179599679631 0.014655779891329417 0.7391525927207453 0.005844690217341167 0.7127192655055643 0.001349527665317139 0.6997311269636635
1 0.08367598684210527 0.5932800512519671 0.08808153489662407 0.5678258662601169 0.09982964931390224 0.547266623956694 0.11304629347745868 0.53062345655702 0.1240601533176767 0.520833296741513 0.1299342105263158 0.5149592667174854 0.13947956121241353 0.5237703940851225 0.15563322368421054 0.5237703940851225 0.16811560297462783 0.5335604441251686 0.19601739015978198 0.5482456015168334 0.21290532780079707 0.560972748900489 0.23126175400377447 0.5825109687640513 0.24594690732145116 0.6069862310834926 0.25696074656951123 0.6197133784671481 0.2540237282612707 0.6304825158427945 0.2386043203665338 0.6432095534509892 0.23419877231201502 0.6618108406341333 0.23713581121241353 0.6774749755859375 0.2364015566353534 0.6862860480658441 0.22391916704885712 0.6931390556500112 0.2048284656766616 0.7029292154655182 0.19014333295114288 0.7078242130416761 0.17692668878758647 0.7136983528411646 0.1651785640742293 0.6921600780898719 0.15343044965695113 0.6716008906741794 0.13507402345397373 0.6481046059148775 0.11598331178569922 0.6236293984831666 0.09762687528664284 0.6128602611075202 0.08587876086936466 0.6030702110674742
1 0.17986372768798498 0.7616697901444469 0.1739896704793459 0.7489426976485218 0.1739896704793459 0.7313204429132475 0.17912947311092484 0.7225093704333408 0.18500350972740595 0.7234884028812106 0.19381462642860156 0.7293624877929688 0.19822015389096237 0.741110547841024 0.1989544084680225 0.7499216203209308 0.1945488810056617 0.7587328025762984
1 0.2606320400469699 0.6314614385152034 0.2635690789473684 0.6148182711155294 0.2745829593797444 0.607965208643632 0.28559681921996244 0.610902251099511 0.29661065846802254 0.6177553684591389 0.3032189908458797 0.6343985358588129 0.30175048169175944 0.6500626159228867 0.2995476973684211 0.6686637933305699 0.288533837528203 0.674537878242328 0.2760514685338647 0.6696428806661702 0.2701773907330676 0.667684870658161 0.2643033335244286 0.651041703258487
1 0.35975681979324814 0.4767778794542491 0.3773790120113234 0.4767778794542491 0.39353265389096237 0.48852599439003486 0.39426688787586456 0.504190129341839 0.39426688787586456 0.5296444241091501 0.38839285125938344 0.5413924841572055 0.37003642505640605 0.5433506039406756 0.364162347255609 0.5423715714928058 0.3568197603006916 0.5296444241091501 0.35167999885342865 0.5149592667174854 0.35388274199245107 0.497337121757672
1 0.4016094748307819 0.49048400439804407 0.41115484610903763 0.4826519643660072 0.42290296052631576 0.4895050268379047 0.4368538592669324 0.513980289157346 0.4419936618985113 0.5227913067495222 0.4331825657894737 0.5374764641411871 0.41996594221807526 0.5482456015168334 0.4074835526315789 0.544329581500815 0.40528076830824056 0.5296444241091501 0.4038122591541203 0.5071272266854485
1 0.3509457236842105 0.7528587176645403 0.3634281132707068 0.7606907576965771 0.3744419525187669 0.7734179599679631 0.38178453947368424 0.78125 0.3839873237970226 0.7548167276725495 0.3927983787217443 0.7420895802888939 0.4067493186466768 0.7244674353290805 0.4082178278007971 0.7078242130416761 0.40454653432333837 0.6892230356339928 0.3972039473684211 0.6716008906741794 0.3927983787217443 0.6481046059148775 0.39353265389096237 0.6226503660352968 0.3920641447368421 0.6001331137238647 0.39940673169175944 0.5864270436678002 0.4155604147557144 0.5834899463241906 0.4221686853570977 0.577615916300163 0.41409190560159415 0.5678258662601169 0.4016094748307819 0.5502036115248427 0.3972039473684211 0.544329581500815 0.39059559439840585 0.5521616215328519 0.3773790120113234 0.5541196315408611 0.36709936556384953 0.5560776415488703 0.35902254462403005 0.560972748900489 0.34947721453009023 0.5688047889325258 0.3458059210526316 0.5756579062921537 0.3502114896993084 0.5913220412439579 0.3524142328383308 0.6177553684591389 0.35388274199245107 0.6392935334349708 0.35167999885342865 0.667684870658161 0.3502114896993084 0.6872649707382531 0.3458059210526316 0.6941180880978811 0.3487429805451881 0.7068452354815367 0.3509457236842105 0.7195723828651922 0.34800870537596995 0.7332785078089872 0.3443374118985113 0.741110547841024
1 0.3391976092669324 0.8419485846869379 0.35388274199245107 0.847822669598696 0.3604910537781503 0.8321584797591615 0.3693021498871879 0.80866224988759 0.38031603031956396 0.7969141349518042 0.37664473684210525 0.784187042455879 0.3693021498871879 0.7861450524638882 0.3582882694548119 0.8027882747512927 0.34800870537596995 0.8223683748313849 0.34140039359027075 0.8311795570867525
1 0.26870888157894735 0.8399906295666592 0.2819255257425038 0.8399906295666592 0.3002819519454812 0.8439066495826776 0.32010688730257886 0.8517386896147144 0.33846333409771423 0.8566337420786028 0.35314850800754893 0.860549871870082 0.3582882694548119 0.8693609443499888 0.3604910537781503 0.8860040568619323 0.3707706590413082 0.9075422767254946 0.37958179633466177 0.9241854441251686 0.38692434210526316 0.9349546363885454 0.37811324599622553 0.9457237188764613 0.35902254462403005 0.961387908715996 0.33699482494359395 0.9633458638362747 0.3061560091541203 0.9545347364686376 0.28559681921996244 0.9437656539807217 0.2716458998871879 0.9329965714928058 0.26797460640972925 0.9183114141011409 0.27091166590228577 0.8781719619421651 0.27091166590228577 0.8585918069743425
1 0.44713346453009023 0.7959351573916648 0.45521028546990977 0.767543875056205 0.4713639685338647 0.7548167276725495 0.4941259221992029 0.7489426976485218 0.5088110961090376 0.7371945278250056 0.5117481556015941 0.7136983528411646 0.5154194078947368 0.6882440580738535 0.522027719680436 0.6862860480658441 0.5352443432518346 0.7225093704333408 0.553600769454812 0.7440476451846335 0.575628530319564 0.7528587176645403 0.5822368421052632 0.7528587176645403 0.5748942551503459 0.7724389275200934 0.5616776315789473 0.7753759150882419 0.544055480545188 0.784187042455879 0.5227619948496541 0.7929981149357858 0.5051398438158949 0.7988721998475439 0.4904546287217443 0.80866224988759 0.483846316936045 0.8194313872632363 0.47944078947368424 0.8380325646709195 0.46622416590228577 0.8321584797591615 0.4522732671616692 0.8253054721749944 0.45153899199245107 0.8096412823354597
1 0.8179335291729926 0.43761751463087345 0.8333529370677294 0.4317434022752501 0.8524435972556089 0.4327224621669852 0.8619889685338648 0.4346804721749944 0.8722685737970226 0.4474075646709195 0.8876879816917594 0.45719766959869607 0.8898907660150979 0.480693954357998 0.8759398260901653 0.4914630368459139 0.8619889685338648 0.5061481393498483 0.8495065789473685 0.5130012567094762 0.8260103501128121 0.5090852366934577 0.8076539239098347 0.5051691617897088 0.8201362311276991 0.4914630368459139 0.8267445840977142 0.46698777452647255 0.8238075657894737 0.44936562956665915
1 0.8003113369549173 0.5188752867335038 0.8179335291729926 0.5178963091733645 0.8370241893608721 0.520833296741513 0.8465695606391279 0.5247493167575314 0.8531778312405112 0.5511826439727124 0.8553806155638495 0.5834899463241906 0.8414297580075489 0.5590147388924798 0.8274788180826164 0.5423715714928058 0.8120594925565114 0.5296444241091501
1 0.8333529370677294 0.6353774585312219 0.8355556390224359 0.627545418499185 0.8509751292858047 0.6177553684591389 0.8656602208270074 0.607965208643632 0.8825481790601805 0.6255874084911758 0.8950305686466767 0.6402725658828406 0.885485197368421 0.6569157332825146 0.8708000234585864 0.6735589006821886 0.8568491659022858 0.6853070156179744 0.8509751292858047 0.6970550756660296 0.8531778312405112 0.7107613103852856 0.8458352442855938 0.7185933504173224 0.8414297580075489 0.7332785078089872 0.8465695606391279 0.7450266227447729 0.8517093632707068 0.7577537701284285 0.8377585057144062 0.7469846876405126 0.8282131344361505 0.7391525927207453 0.8208705474812331 0.728383455345099 0.8120594925565114 0.7097822779374157 0.8061853735713984 0.6941180880978811 0.814996510864752 0.6853070156179744 0.8340871710526315 0.6755169106901978 0.8384926573306765 0.6598527208506633 0.8333529370677294 0.6481046059148775
1 0.7298225680826164 0.46013471205457507 0.74964754462403 0.46894583942221224 0.7584586819173836 0.4855890068218862 0.7621299342105263 0.5032111517816996 0.7635984021803306 0.5188752867335038 0.7628641681954285 0.5413924841572055 0.7658012688723009 0.563909791356368 0.7680039708270074 0.5736998962841445 0.7540531132707068 0.5756579062921537 0.7459762923308874 0.5825109687640513 0.7408364073306765 0.5903430636838186 0.7378993890224359 0.5991541910514557 0.7378993890224359 0.6128602611075202 0.7261513157894737 0.6030702110674742 0.7188088112031883 0.6020911237318739 0.7151374765414136 0.5913220412439579 0.7129346922180753 0.5717418862761353 0.72761986612791 0.5688047889325258 0.7371651550375338 0.5599937164526192 0.7474448426693235 0.5462875915088242 0.7540531132707068 0.5364975414687781 0.7540531132707068 0.5100641593658667 0.7467105263157895 0.48852599439003486 0.7356966870677294 0.4748198694462399 0.7305568844361505 0.4718828269903608
1 0.8561149319173836 0.520833296741513 0.8649259868421053 0.5090852366934577 0.8803453947368421 0.497337121757672 0.8920935503384362 0.4924420144060533 0.9016388392480601 0.4895050268379047 0.9148554628194585 0.49635808930980213 0.9031073895864963 0.5120222791493367 0.8942962522931427 0.5384555514767874 0.895764802631579 0.5619517813483588 0.9023731556015941 0.5825109687640513 0.9185267974812331 0.594259083699837 0.9317434210526315 0.5913220412439579 0.9251350680826164 0.6020911237318739 0.912652760864752 0.6206923560272876 0.9038416235713984 0.6314614385152034 0.8898907660150979 0.6236293984831666 0.8730028077819247 0.6050282210754834 0.8619889685338648 0.5903430636838186 0.8605204181954285 0.570762798940535 0.8568491659022858 0.5413924841572055
1 0.9728618421052632 0.3426535078089872 0.983141447368421 0.3338424353290805 0.9985608552631579 0.31622026292540184 0.9990234375 0.3240841378410943 0.9990234375 0.4170582723274505 0.9985608552631579 0.4297853922672409 0.9868126996615638 0.4327224621669852 0.9809386630450827 0.4327224621669852 0.9765330943984059 0.4131422248675669 0.9699248237970226 0.38670897998398157 0.9699248237970226 0.37202382259231676
1 0.5917822133835189 0.7567747376805587 0.6064673461090376 0.7567747376805587 0.619683969680436 0.7518796852166704 0.6321663180826164 0.734257540256857 0.6373061618985113 0.714677330401304 0.6453829828383308 0.7185933504173224 0.6468514919924511 0.7371945278250056 0.6497885514850076 0.767543875056205 0.6439144736842105 0.7851660200160184 0.619683969680436 0.8076832723274505 0.6042645617856992 0.8194313872632363 0.5983905251692181 0.834116544654901 0.5939849565225414 0.8243264397271246 0.5881109199060602 0.7998511774076832 0.5807683329511428 0.7861450524638882 0.5844396264286016 0.7753759150882419
0 0.4427279370677294 0.9731359687640513 0.4434621710526316 0.9486606515568795 0.4559445194548119 0.9447446315408611 0.47576949599622553 0.9388706564045638 0.48237780778192474 0.9339755490529451 0.49632870652254135 0.9545347364686376 0.5007342751692181 0.9692199487480329 0.49118890389096237 0.9819469863562276 0.4853148260901653 0.9897791361637253 0.4691611842105263 0.991737091284004 0.4559445194548119 0.9878210712679856 0.4486019736842105 0.9829260736918278
1 0.5330416001128121 0.9486606515568795 0.544055480545188 0.9124373840771133 0.553600769454812 0.8967731393498483 0.5675516681954285 0.9006891593658667 0.565348925056406 0.9349546363885454 0.5646146498871879 0.9574717789245166 0.5616776315789473 0.978030966340209 0.5477267328383308 0.9643248413964142 0.5389156367292932 0.9535557589084982
1 0.6321663180826164 0.8938362066694301 0.6439144736842105 0.860549871870082 0.6608024319173836 0.828242459743143 0.6747532894736842 0.8184523548153665 0.6894384633835189 0.821389452158976 0.6989837522931427 0.8409696071267986 0.7077948895864963 0.8546757869583239 0.7188088112031883 0.8556547645184633 0.7298225680826164 0.8468436371508262 0.7298225680826164 0.8713188994702675 0.7268855497743758 0.8840461017416535 0.7077948895864963 0.8899200768779507 0.6931097156766616 0.8918781417736904 0.6762217986278045 0.911458296741513 0.6608024319173836 0.9320175939326664 0.651257019454812 0.9437656539807217 0.64097745537597 0.9281015739166479 0.6321663180826164 0.9153743167575314
1 0.6571311384399249 0.9506187164526192 0.6754875234585864 0.9261435090209083 0.6960467339849021 0.9036262567094762 0.7085291235713984 0.8987312591333183 0.7290883340977142 0.8957941617897088 0.7408364073306765 0.911458296741513 0.7320253524059548 0.9496397388924798 0.7239485314661352 0.9809680087960881 0.7188088112031883 0.9985902635313624 0.6931097156766616 0.9985902635313624 0.6674107437030828 0.994674243515344 0.6703477620113234 0.9731359687640513 0.6666764685338648 0.958450756484656
1 0.7401022557144062 0.844885627142817 0.7533188792858047 0.8429276171348078 0.7628641681954285 0.8585918069743425 0.7680039708270074 0.8781719619421651 0.7658012688723009 0.8899200768779507 0.7489133106391279 0.8987312591333183 0.7378993890224359 0.8997101818057273 0.7356966870677294 0.8889410993178114 0.7364309210526315 0.8693609443499888
1 0.7584586819173836 0.8311795570867525 0.7738780074434886 0.7998511774076832 0.7826891447368421 0.7890820400320369 0.7944373003384362 0.7861450524638882 0.8054511395864963 0.7861450524638882 0.8025140389096238 0.8037671974237016 0.7959057683082406 0.8194313872632363 0.7951715343233384 0.8409696071267986 0.8032483552631579 0.861528794542491 0.8127937265414136 0.8732769643660072 0.8076539239098347 0.8928571193338298 0.8047169056015941 0.9085213640610948 0.7892974977068573 0.8938362066694301 0.7760808741354588 0.8840461017416535 0.7702067551503459 0.8664238470063793 0.7658012688723009 0.8458647144784173
0 0.9434914942855938 0.5864270436678002 0.9640507871805415 0.577615916300163 0.9919525022931427 0.5668467789245166 0.9990234375 0.5686145480588186 0.9990234375 0.6735589006821886 0.9990234375 0.6921600780898719 0.98828125 0.6813909956019559 0.9721275257517291 0.6774749755859375 0.9537711819173836 0.6833489507222347 0.9324776550375338 0.6882440580738535 0.9155897791729926 0.6950971754334814 0.9038416235713984 0.701950128129918 0.9045758575563007 0.6911811005297325 0.9141213112031883 0.6725799231220493 0.93394620537597 0.6569157332825146 0.9478970629322706 0.6402725658828406 0.9581766681954285 0.6216713884751573 0.9537711819173836 0.6089442410915018 0.9486313792858047 0.5981751037158555
1 0.8524435972556089 0.10671209431380677 0.8641916704885712 0.12139725170547155 0.8774083764286016 0.14293547156903383 0.8920935503384362 0.16055764397271247 0.9053101739098347 0.1644736777106635 0.9177924811276991 0.15957863896870786 0.9280721687594888 0.14195646656502922 0.9317434210526315 0.1253132854434226 0.9199953478196694 0.11356517050763686 0.8979675869549173 0.10377505871889403 0.8796111607519399 0.10377505871889403 0.8641916704885712 0.10377505871889403
1 0.7944373003384362 0.978030966340209 0.8017798872933536 0.9408286115248427 0.8003113369549173 0.9241854441251686 0.8164650612031883 0.9290804417013264 0.8267445840977142 0.9378916788444245 0.8282131344361505 0.9525766715728979 0.8296816024059548 0.9711780136437724 0.8340871710526315 0.9966321986356228 0.8025140389096238 0.9966321986356228 0.7937029839849021 0.9956532210754834
1 0.8406955240226468 0.9927161786196043 0.8355556390224359 0.9790100536758094 0.8348214050375338 0.9545347364686376 0.8355556390224359 0.9418076988604429 0.8524435972556089 0.9320175939326664 0.8671286887968117 0.9212484016692896 0.8891564496615638 0.901668246701467 0.9001702889096238 0.8820879819581835 0.8950305686466767 0.861528794542491 0.8862194313533233 0.847822669598696 0.8722685737970226 0.8370535322230497 0.8678630051503459 0.8262844497351338 0.8847509633835189 0.8253054721749944 0.8928277843233384 0.8145363347993481 0.9031073895864963 0.7969141349518042 0.9038416235713984 0.7626488225923168 0.9097157425565114 0.7734179599679631 0.9104499765414136 0.7978932222874044 0.911918444511218 0.8223683748313849 0.9244008340977142 0.8497807344944357 0.9346804393608721 0.8536967545104541 0.9625822368421053 0.8576127745264726 0.9772674107519399 0.860549871870082 0.9990234375 0.8645787410598864 0.9985608552631579 0.8791510492777653 0.9846099977068573 0.8830670692937838 0.9699248237970226 0.8811090043980441 0.9500998472556089 0.8830670692937838 0.9332118890224359 0.8889410993178114 0.9207295818045715 0.8957941617897088 0.9104499765414136 0.9046052342696156 0.9023731556015941 0.9192903367735499 0.9009046052631579 0.9369125915088242 0.9045758575563007 0.9564928013643772 0.9067787242482709 0.978030966340209 0.9089814262029774 0.994674243515344 0.868597239135248 0.9966321986356228
1 0.9302748707141953 0.15762062896069862 0.9405544759773532 0.13608239537520375 0.9647849387968117 0.11454417551164146 0.9897498003384362 0.10671209431380677 0.9990234375 0.12072564543579979 0.9963580709398195 0.1488095290369267 0.983141447368421 0.16643171516253794 0.9824072133835189 0.18307488256221194 0.9794701127066464 0.19384397877206047 0.95597388387209 0.18992793131217683 0.9390860080075489 0.18209586383627474 0.9295406367292932 0.16936874389648438
1 0.0014391447368421052 0.41020520985555303 0.027872415045816726 0.41607923987958073 0.03741776315789474 0.4297853922672409 0.04549459954183272 0.45132363957466837 0.04622885411889286 0.46894583942221224 0.035949248855734965 0.48460997437401643 0.026403900743656956 0.4992951317656812 0.012453007151079885 0.5100641593658667 0.0014391447368421052 0.5120222791493367 0.0021734023705506935 0.4718828269903608 0.001349527665317139 0.43614243431914623
1 0.04402608009163345 0.42684837725522706 0.05724271910715039 0.4199953147833296 0.07119360755168797 0.42293235723920863 0.08367598684210527 0.4337014122832593 0.08514450629230452 0.45132363957466837 0.07266212185384774 0.45719766959869607 0.06017974771146993 0.45523965959068685 0.050634397025372174 0.4474075646709195 0.047697368421052634 0.43957552463888266
1 0.6483200011465714 0.16153664897671707 0.6710820371805415 0.16936874389648438 0.7099976739098347 0.15076755276686854 0.7158717105263158 0.14978854776286393 0.7114662242482709 0.17524280136437725 0.717340260864752 0.18992793131217683 0.6989837522931427 0.18992793131217683 0.6857671699060602 0.19678102122793953 0.6820958764286016 0.21342418862761353 0.6850328947368421 0.23789945094705486 0.6901726561841051 0.2506265708868452 0.6887041882143008 0.2643327232745054 0.6835643443984059 0.2751018057624213 0.6806273260901653 0.28587094313806766 0.6784245829511428 0.3005561005297325 0.6835643443984059 0.3181782729334111 0.6835643443984059 0.32992636042533163 0.6710820371805415 0.3181782729334111 0.6659421933646466 0.3044721205457509 0.6681450188723009 0.28391293313005844 0.6696134868421053 0.2633537182705008 0.6622708998871879 0.2271303410152737 0.65199129462403 0.20363408369983702 0.6475857671616692 0.19188596876405126 0.6461172580075489 0.18111685883227013
1 0.7261513157894737 0.1488095290369267 0.7437735080075489 0.1488095290369267 0.7518503289473685 0.1488095290369267 0.7445077419924511 0.16643171516253794 0.7423049576691126 0.18405388756621655 0.7401022557144062 0.19776002623194414 0.7320253524059548 0.19286497376805586 0.7283541001128121 0.17720081137238647 0.7254170818045715 0.1644736777106635
1 0.7408364073306765 0.21342418862761353 0.7643327185338648 0.23006735602728753 0.7841576127066464 0.2525845808948544 0.7944373003384362 0.2662907332825146 0.7959057683082406 0.27803882077443515 0.8039825892480601 0.28684994814207226 0.814996510864752 0.2937029831701045 0.8039825892480601 0.298598063077858 0.7900317316917594 0.298598063077858 0.7812205943984059 0.3054511255497555 0.771675305488782 0.312304188021653 0.7635984021803306 0.29566102062197896 0.76066138387209 0.27803882077443515 0.7547873472556089 0.2565006283547381 0.7489133106391279 0.23789945094705486 0.7430392740226468 0.22321427983345746
