1 0.023255813953488372 0.03715861216187477 0.04044117761212726 0.03125 0.06834296293036882 0.031687673181295395 0.0905002660529558 0.05028886720538139 0.1011685992396155 0.0874912440776825 0.1175814007603845 0.10390406101942062 0.15697217542071676 0.1126575693488121 0.19308034763779752 0.12359943985939026 0.20292805516442589 0.13563551008701324 0.1996454859888831 0.1618960052728653 0.20456932866296104 0.1990983933210373 0.21523766184962073 0.22535890340805054 0.23082983771035837 0.23520658910274506 0.2357536803844363 0.2647496461868286 0.2349330325459325 0.2953869104385376 0.24642201357109603 0.3271183669567108 0.2661173842674078 0.3577556312084198 0.2841714814651844 0.38401612639427185 0.3046875 0.39605215191841125 0.31371453750965206 0.41246497631073 0.30550814783850383 0.4288778007030487 0.27678569527559505 0.44857320189476013 0.24313944439555324 0.4660801887512207 0.20867254567700763 0.4912464916706085 0.19800419031187547 0.5218837857246399 0.18241202554037406 0.5558035969734192 0.1791294674540675 0.5678396224975586 0.14548319439555324 0.574404776096344 0.13563550904739735 0.5886291861534119 0.12168460668519486 0.6061362028121948 0.11019564783850382 0.631302535533905 0.1011685992396155 0.6477153301239014 0.07901129057241041 0.6542804837226868 0.06259847241778706 0.6520920991897583 0.04208245942758959 0.641150176525116 0.036337971687316895 0.6225489974021912 0.043723738470742866 0.5623686909675598 0.038799893024355867 0.5098477005958557 0.027310925860737644 0.4682685434818268 0.023255813953488372 0.4234068691730499 0.023255813953488372 0.40808823704719543 0.023255813953488372 0.3971949815750122 0.023255813953488372 0.3971949815750122 0.023255813953488372 0.3019520342350006 0.023255813953488372 0.28772759437561035 0.05849527203759482 0.2461484670639038 0.061777835668519486 0.17830882966518402 0.056033350700555845 0.1400122493505478 0.024849001751389613 0.11484593898057938 0.023255813953488372 0.10828080773353577 0.023255813953488372 0.0907738134264946 0.023255813953488372 0.0688900575041771
1 0.023255813953488372 0.12359943985939026 0.03551733216574026 0.13344712555408478 0.04454438076462856 0.14876575767993927 0.0511095080264779 0.1804971843957901 0.050288865732592204 0.21332283318042755 0.04044117761212726 0.24943101406097412 0.023255813953488372 0.27569153904914856 0.023255813953488372 0.2866334021091461 0.023255813953488372 0.24724264442920685 0.023255813953488372 0.21441702544689178 0.023255813953488372 0.15642507374286652
1 0.023255813953488372 0.4223126471042633 0.023255813953488372 0.4463847875595093 0.023255813953488372 0.47921040654182434 0.02566964404527531 0.5032825469970703 0.03223476853481559 0.5339198112487793 0.030593486719353254 0.5754989385604858 0.030593486719353254 0.6148896813392639 0.03141412901323895 0.6466211676597595 0.029772847197776616 0.6641281247138977 0.023255813953488372 0.6302083134651184 0.023255813953488372 0.5831582546234131 0.023255813953488372 0.530637264251709 0.023255813953488372 0.4660801887512207 0.023255813953488372 0.4376312792301178
1 0.12660846044850904 0.03125 0.1323529509610908 0.038252800703048706 0.13153229203335073 0.07107842713594437 0.1323529509610908 0.09186799079179764 0.16517856509186502 0.10390406101942062 0.19225972197776617 0.11375174671411514 0.2103138191755428 0.13782387971878052 0.21113444483557411 0.15533088147640228 0.2135963661726131 0.17612044513225555 0.21523766184962073 0.18815650045871735 0.223444051520769 0.20894606411457062 0.23329175904739735 0.22535890340805054 0.24313944439555324 0.2428659051656723 0.24231881873552188 0.2702206075191498 0.24806328706963118 0.2855392098426819 0.2521664819052053 0.29648110270500183 0.2702205791029819 0.3074229657649994 0.3046875 0.30961135029792786 0.3219209715377453 0.3052345812320709 0.3342305782229401 0.29319852590560913 0.34818145840667014 0.2833508551120758 0.3498227319052053 0.26912638545036316 0.3424369678940884 0.23192401230335236 0.33094798686892485 0.1958158165216446 0.31863838018373003 0.16408438980579376 0.2997636573259221 0.10718662291765213 0.28170956012814546 0.06779586523771286 0.2743237961170285 0.03125 0.2661173842674078 0.03125 0.25485819439555324 0.03125 0.25485819439555324 0.03125 0.17584690936776096 0.03125 0.14958638923112735 0.03125
0 0.023255813953488372 0.644432783126831 0.03387605035027792 0.6794467568397522 0.06588103604871173 0.6717875003814697 0.10198923598888308 0.6575630307197571 0.11922268534815589 0.6302083134651184 0.13563550904739735 0.605042040348053 0.16764049751814022 0.5853466391563416 0.20128675948741825 0.5776873230934143 0.2078518978385038 0.6083245873451233 0.20703125 0.6280199885368347 0.2103138191755428 0.6564688086509705 0.2176995831866597 0.67507004737854 0.21852023102516352 0.6892945170402527 0.2062106021614962 0.7002363204956055 0.17666754611702853 0.71555495262146 0.12989101853481558 0.7210259437561035 0.09624474547630132 0.723214328289032 0.05357142936351687 0.7275910377502441 0.023255813953488372 0.7297794222831726 0.023255813953488372 0.7266042828559875
1 0.041261817133703894 0.7516631484031677 0.023255813953488372 0.7450980544090271 0.023255813953488372 0.7888655662536621 0.023255813953488372 0.8129376769065857 0.041261817133703894 0.8030900359153748 0.07080488426740779 0.7844887375831604 0.08639706012814544 0.7844887375831604 0.0905002660529558 0.7560399174690247 0.08065256961556368 0.7429096698760986 0.052750787069631176 0.7429096698760986
1 0.023255813953488372 0.8205969929695129 0.036337971687316895 0.8140318393707275 0.07244616885517918 0.798713207244873 0.0987066668133403 0.7976190447807312 0.10691307866296103 0.816220223903656 0.11840204859888831 0.8501400947570801 0.11676076401111692 0.8884366154670715 0.12168460668519486 0.9311099052429199 0.12742909719777662 0.9595587849617004 0.1372767825459325 0.9934785962104797 0.14053882554520009 0.9986979365348816 0.09132090280222338 0.9978554248809814 0.04519268523815066 0.9986979365348816 0.023255813953488372 0.9934785962104797 0.023255813953488372 0.8851540684700012 0.023255813953488372 0.8326330184936523
1 0.10198923598888308 0.7450980544090271 0.16353729159332986 0.7330619692802429 0.20949317133703896 0.7275910377502441 0.2283679163733194 0.7450980544090271 0.2357536803844363 0.7680759429931641 0.24067752305851425 0.7866771817207336 0.21852023102516352 0.7965248227119446 0.19390099547630132 0.8063725829124451 0.1684611342674078 0.8118434548377991 0.15122768490813498 0.816220223903656 0.13645614579666493 0.8173143863677979 0.1175814007603845 0.8052783608436584 0.10691307866296103 0.7910539507865906 0.09624474547630132 0.7691702246665955
1 0.35884979159332986 0.28444501757621765 0.40152310216149617 0.2921043336391449 0.43927259223405707 0.29976364970207214 0.4794839814651844 0.3139880895614624 0.4983587043229924 0.33696603775024414 0.5114889810251635 0.3730742037296295 0.5188747672147529 0.40808823704719543 0.5270811125289562 0.44310224056243896 0.5336462952369867 0.4781162440776825 0.5393907413926236 0.5087534785270691 0.5410320370696312 0.5317314267158508 0.5418526405511901 0.5503326058387756 0.5041031948355741 0.5700280070304871 0.4696362961170285 0.5897234082221985 0.42942486252895623 0.6116071343421936 0.40644694483557414 0.6291141510009766 0.38675157413926237 0.6509979367256165 0.3777245366296103 0.6892945170402527 0.3695181247799896 0.7319677472114563 0.3678768291029819 0.753851592540741 0.34900208406670147 0.7669817805290222 0.27596506961556366 0.7494747638702393 0.2521664819052053 0.7450980544090271 0.23247111120889352 0.7330619692802429 0.23082983771035837 0.684917688369751 0.22754726853481558 0.6455269455909729 0.22098215236220248 0.6072303652763367 0.20867254567700763 0.574404776096344 0.19308034763779752 0.5558035969734192 0.22426472153774527 0.49890580773353577 0.26037291593329853 0.47921040654182434 0.2825301857881768 0.46170341968536377 0.32027969803921014 0.43653711676597595 0.3243828706963118 0.4069940745830536 0.3120732640111169 0.38401612639427185 0.29155724547630135 0.3577556312084198 0.2800682866296103 0.3260241448879242 0.31371453750965206 0.31945905089378357 0.33258930472440495 0.3117997348308563 0.34571953706963116 0.29648110270500183
1 0.2751444217770599 0.03125 0.2874540284622547 0.04153536632657051 0.2940191668133403 0.06998424232006073 0.3087907170140466 0.11375174671411514 0.3227415971977766 0.15423668920993805 0.3399750687355219 0.19472163915634155 0.3531053010807481 0.23411239683628082 0.36623555560444676 0.2669380307197571 0.3892135176547738 0.2745973467826843 0.43188680604446766 0.28444501757621765 0.4885110189748365 0.3052345812320709 0.5057444461556369 0.31289389729499817 0.5221573142118232 0.3107055127620697 0.5517003702562909 0.27897408604621887 0.5754989357881768 0.22973565757274628 0.592732451682867 0.1958158165216446 0.6034006961556369 0.16736693680286407 0.5656512504400208 0.12907038629055023 0.5131302323452261 0.048100490123033524 0.48358717630075854 0.03125 0.45240282457928327 0.03125 0.4072675926740779 0.03125 0.33587185172147527 0.03125 0.2920003935348156 0.03125
0 0.49671740864598474 0.03125 0.5237985655318859 0.04044117406010628 0.5517003702562909 0.0688900575041771 0.5779608349467433 0.11922269314527512 0.6017594448355741 0.1465773731470108 0.6386882870696312 0.16080181300640106 0.7166491663733194 0.1684611439704895 0.7650669896325399 0.17283789813518524 0.7831210646518442 0.1618960052728653 0.7535780086073764 0.10280987620353699 0.7240349082059638 0.06013655662536621 0.6936712043229923 0.04591211676597595 0.6600249534429505 0.03125 0.6171284165493277 0.03125 0.6171284165493277 0.03125 0.5221573142118232 0.03125
1 0.5180540750193041 0.3227415978908539 0.550879722417787 0.2921043336391449 0.5828847219777662 0.2549019753932953 0.5984768978385038 0.2056635171175003 0.6140690293422965 0.17393207550048828 0.6313025452369867 0.17940300703048706 0.6862854181334029 0.1936274617910385 0.7174698142118232 0.19691002368927002 0.732241342234057 0.1958158165216446 0.7757352784622548 0.18487395346164703 0.7970719448355741 0.16736693680286407 0.815946712050327 0.17940300703048706 0.8323594913926236 0.19253325462341309 0.8479516672533612 0.21879376471042633 0.8602613404739735 0.25709033012390137 0.8709296293036882 0.2767857015132904 0.8865218051644259 0.29429271817207336 0.8914456034815589 0.3139880895614624 0.8815979181334029 0.35556721687316895 0.8774947232978288 0.3763568103313446 0.8692883336266806 0.4135591685771942 0.8733915284622548 0.4474790096282959 0.8791360189748365 0.4901523292064667 0.8971901827080305 0.5218837857246399 0.9086790750193041 0.5448617339134216 0.9053964836652889 0.5787815451622009 0.8791360189748365 0.6127013564109802 0.8701089371082394 0.6334908604621887 0.8577993526015171 0.6717875003814697 0.8520548620889353 0.698047935962677 0.8463103715763536 0.7133665680885315 0.8175880077273346 0.71555495262146 0.797892548317133 0.7078956961631775 0.718290462050327 0.6794467568397522 0.672334537949673 0.6564688086509705 0.6501772237378497 0.6531862616539001 0.6354057400725609 0.6564688086509705 0.6198135642118232 0.6280199885368347 0.5984768978385038 0.5798757076263428 0.5771402314651845 0.5492384433746338 0.5615480556044468 0.5350139737129211 0.546776527582213 0.4540441036224365 0.5336462952369867 0.39276960492134094 0.5262605090473973 0.35228466987609863 0.5262605090473973 0.3358718454837799
1 0.13809741929520009 0.8348214626312256 0.18651523146518442 0.8195028305053711 0.2283679163733194 0.8063725829124451 0.2529871519221816 0.8019958138465881 0.2620141894318337 0.8304446339607239 0.28581275496371955 0.8512342572212219 0.3005842829859534 0.8742122054100037 0.31453520752662834 0.8982842564582825 0.33258930472440495 0.9201681017875671 0.3252035185348156 0.9464285373687744 0.3153558331866597 0.965029776096344 0.30550814783850383 0.9880077242851257 0.29648111032885177 0.9956669807434082 0.2702205791029819 0.9956669807434082 0.24396009223405704 0.9978554248809814 0.1963629168133403 0.9967612624168396 0.18323266228964163 0.9978554248809814 0.15286895840667014 0.9945728182792664 0.14220063630924668 0.982536792755127 0.13317358771035837 0.9475226998329163 0.1323529509610908 0.9114145636558533 0.13153229203335073 0.8577993512153625 0.13481486120889352 0.8457632660865784
0 0.28909530196078986 0.7724527716636658 0.3087907170140466 0.7680759429931641 0.32766543987185454 0.7801120281219482 0.3432576157325922 0.7844887375831604 0.3572085180947947 0.7866771817207336 0.37280069395553234 0.7866771817207336 0.3924960646518441 0.7833945751190186 0.4171152780222338 0.7921481132507324 0.4376312965570494 0.7921481132507324 0.4794839814651844 0.7998073697090149 0.5213366663733194 0.8085609078407288 0.5352875465570495 0.8096551299095154 0.5475971754207167 0.8184086680412292 0.5713957409526027 0.8501400947570801 0.5878085646518442 0.8928133845329285 0.5935530551644259 0.908132016658783 0.6001181491585665 0.9332983493804932 0.59765625 0.9486169815063477 0.5894498159719068 0.9540879130363464 0.5426732883896939 0.951899528503418 0.5205160185348155 0.9387692809104919 0.4975381008414335 0.9190738797187805 0.4778426857881768 0.9114145636558533 0.4573266672533612 0.9179797172546387 0.4343487495599791 0.9190738797187805 0.4130120831866597 0.9201681017875671 0.3736212974370912 0.913602888584137 0.34161634223405707 0.9048494696617126 0.32766543987185454 0.8993785381317139 0.31289388967114823 0.8807772994041443 0.29073661981626997 0.829350471496582 0.2849921293036882 0.7954306602478027
1 0.31043199051258175 0.9956669807434082 0.32848608771035837 0.9584646224975586 0.34489891140959983 0.9398634433746338 0.36541490776594293 0.9311099052429199 0.3826483793036882 0.934392511844635 0.3974199073259221 0.9387692809104919 0.42039786937624907 0.9354867339134216 0.4425551392311274 0.934392511844635 0.44912027758221296 0.9387692809104919 0.4474789819052053 0.9606530070304871 0.44912027758221296 0.9770658016204834 0.45684601539789244 0.9986979365348816 0.3957786116489144 0.9986979365348816 0.37280069395553234 0.9986979365348816 0.3424369678940884 0.9986979365348816 0.31781775452369865 0.9986979365348816
1 0.46389180560444676 0.9967612624168396 0.4597886107688726 0.9737832546234131 0.46225050992743916 0.951899528503418 0.48194588062375093 0.9365808963775635 0.4950761573259221 0.9409576058387756 0.5172334271808003 0.9508053660392761 0.5377494900725609 0.9595587849617004 0.5615480556044468 0.9661239981651306 0.5787814827852471 0.9683123230934143 0.5951943508414335 0.9694065451622009 0.6091452310251635 0.9726890921592712 0.6198135642118232 0.9967612624168396 0.57986884893373 0.9986979365348816 0.5402113892311273 0.9986979365348816 0.5114889810251635 0.9967612624168396 0.4889746821203897 0.9986979365348816
1 0.5533416215763536 0.5634629130363464 0.5681131939555324 0.5776873230934143 0.5828847219777662 0.5930059552192688 0.5984768978385038 0.6225489974021912 0.6083245831866597 0.6531862616539001 0.6099658788636674 0.6695990562438965 0.6001181491585665 0.6969537734985352 0.5845260176547739 0.736344575881958 0.5615480556044468 0.7680759429931641 0.5484178232592206 0.7877714037895203 0.5196954150532567 0.7877714037895203 0.49671740864598474 0.7844887375831604 0.4647124534429506 0.7855830192565918 0.42942486252895623 0.7724527716636658 0.39413736032885177 0.7702643871307373 0.38346902714219205 0.7702643871307373 0.3719800461170285 0.7669817805290222 0.38593092630075854 0.7024247050285339 0.3998818508414335 0.6630339622497559 0.42532171205032704 0.6345850825309753 0.44912027758221296 0.6127013564109802 0.48604911981626997 0.5919117331504822 0.5131302323452261 0.5831582546234131 0.5443146284236464 0.5678396224975586
1 0.7010569461556369 0.03125 0.7486541215763536 0.03125 0.7987132405125817 0.03125 0.839745277582213 0.03125 0.8422071767407794 0.04044117406010628 0.8487723594488099 0.09186799079179764 0.8528755542843841 0.12688200175762177 0.839745277582213 0.1651785671710968 0.8208705103674601 0.16299019753932953 0.7970719448355741 0.14548319578170776 0.7708114801451217 0.12141106277704239 0.7519367129303688 0.08311449736356735 0.732241342234057 0.056853991001844406 0.7043395818665971 0.03715861216187477 0.7043395818665971 0.03125
1 0.8569787491199582 0.0349702388048172 0.8840598172919695 0.061230745166540146 0.9070377793422965 0.08639705926179886 0.9094997672147529 0.11703431606292725 0.9012933775436046 0.1312587559223175 0.8668264344681141 0.12250524759292603 0.8561580569245094 0.11375174671411514 0.8545167612475019 0.07764355838298798 0.8495929629303688 0.05028886720538139
1 0.8446690758993459 0.03125 0.8569787491199582 0.03125 0.8758535163347111 0.036064427345991135 0.8996520818665971 0.05575980246067047 0.913602962050327 0.0907738134264946 0.9185267603674601 0.12907038629055023 0.9431460180947947 0.14110644161701202 0.9628413887911065 0.153142511844635 0.9866399543229923 0.16627275943756104 0.9989496275436046 0.17174369096755981 0.9989496275436046 0.1400122493505478 0.9981289353481558 0.03125 0.994852997535883 0.03125 0.9595588861509811 0.03125 0.9160648612088935 0.03125 0.8711593982785247 0.03125 0.8504136551258176 0.03125
1 0.8619026361509811 0.13672968745231628 0.8520548620889353 0.16627275943756104 0.8487723594488099 0.18815650045871735 0.8602613404739735 0.21879376471042633 0.8742122206577035 0.25380775332450867 0.890625 0.28444501757621765 0.9037552767021712 0.2975752651691437 0.9332983327466388 0.2866334021091461 0.9497111120889353 0.2614670693874359 0.9694064827852471 0.22535890340805054 0.9841780551644259 0.1936274617910385 0.9735097663347111 0.1804971843957901 0.951352407765943 0.16408438980579376 0.9283744457156159 0.14438900351524353 0.9119616663733194 0.13782387971878052 0.8914456034815589 0.13782387971878052
1 0.9973083318665971 0.19143907725811005 0.98828125 0.20347513258457184 0.97433036981627 0.2275472730398178 0.965303287949673 0.2428659051656723 0.9464286094488099 0.2800682783126831 0.9332983327466388 0.29429271817207336 0.9103203706963118 0.3074229657649994 0.9021139810251635 0.3172706663608551 0.8939075913540152 0.34681370854377747 0.8881631008414335 0.37745097279548645 0.8815979181334029 0.4168417453765869 0.8807773146518442 0.44200804829597473 0.8840598172919695 0.4660801887512207 0.8971901827080305 0.5032825469970703 0.913602962050327 0.5295431017875671 0.9267332387524981 0.5492384433746338 0.9488905086073764 0.5481442809104919 0.9726890741392623 0.5579919219017029 0.9923844448355741 0.5700280070304871 0.9990234375 0.5724421739578247 0.9990234375 0.44529059529304504 0.9990234375 0.3260241448879242 0.9990234375 0.2242646962404251
1 0.9193473638490189 0.5722163915634155 0.9464286094488099 0.5678396224975586 0.9726890741392623 0.5754989385604858 0.9948464327080305 0.58753502368927 0.9990234375 0.6220653653144836 0.9923844448355741 0.6882002949714661 0.9776128724563954 0.7046131491661072 0.9505318042843841 0.7221201062202454 0.9111410628917606 0.7330619692802429 0.8848805094874183 0.7297794222831726 0.8651851387911065 0.7133665680885315 0.8619026361509811 0.6936712265014648 0.8750328241392623 0.6575630307197571 0.8914456034815589 0.6192664504051208 0.9037552767021712 0.5962885022163391
1 0.6280199095260265 0.6761642098426819 0.6468946767407794 0.667410671710968 0.6830028711363326 0.6772584319114685 0.7051601853481558 0.6969537734985352 0.7379857883896939 0.7133665680885315 0.756039907765943 0.7243084907531738 0.7905068508414335 0.7308735847473145 0.8151260198548783 0.7275910377502441 0.8487723594488099 0.7275910377502441 0.8709296293036882 0.7385329604148865 0.8701089371082394 0.753851592540741 0.8520548620889353 0.7823004126548767 0.8389246741006541 0.8019958138465881 0.824973793916924 0.8413865566253662 0.8175880077273346 0.873117983341217 0.8085609258607377 0.8971900939941406 0.7937893534815589 0.8971900939941406 0.742089027582213 0.8610818982124329 0.7068014810251635 0.8435749411582947 0.6731551857881768 0.8435749411582947 0.6477153245792833 0.8490458130836487 0.6107864823452261 0.8588935732841492 0.5935530551644259 0.8588935732841492 0.5738576844681141 0.8205969929695129 0.5640099547630133 0.789959728717804 0.5812434706577035 0.759322464466095 0.6083245831866597 0.7199317812919617 0.6181722685348155 0.698047935962677
1 0.5960149543229923 0.8698354363441467 0.6263786582059638 0.8643644452095032 0.6608455569245094 0.8567051887512207 0.6797203241392623 0.8567051887512207 0.6994156948355741 0.8567051887512207 0.7240349082059638 0.867647111415863 0.756039907765943 0.8840599060058594 0.7831210646518442 0.9015669226646423 0.7937893534815589 0.9168855547904968 0.7921481465184411 0.9398634433746338 0.7847623603288517 0.9628413319587708 0.7913274543229923 0.9891018867492676 0.7593224991199582 0.9923844337463379 0.718290462050327 0.9956669807434082 0.6682313874710438 0.9956669807434082 0.634585092234057 0.9945728182792664 0.6263786582059638 0.9923844337463379 0.6132484258607377 0.9617471694946289 0.6107864823452261 0.9289215207099915 0.6050420361895894 0.9026610851287842 0.6017594448355741 0.8895308375358582
1 0.9964876396711483 0.7505689263343811 0.9644826844681141 0.7691702246665955 0.9529937034429505 0.7790178656578064 0.9456079172533612 0.8096551299095154 0.951352407765943 0.8424807190895081 0.9628413887911065 0.8687412738800049 0.9702271749806959 0.8796830773353577 0.993205048317133 0.8742122054100037 0.9990234375 0.871884822845459 0.9990234375 0.8052783608436584
1 0.8832392138104106 0.7472863793373108 0.9144235655318859 0.7429096698760986 0.9406841189362282 0.7429096698760986 0.9529937034429505 0.7647933959960938 0.9439666215763536 0.789959728717804 0.9390428232592206 0.837009847164154 0.9521730112475019 0.8742122054100037 0.9669445836266806 0.8939075469970703 0.9990234375 0.8958085179328918 0.9990234375 0.9923844337463379 0.9505318042843841 0.9945728182792664 0.9278438479401344 0.9986979365348816 0.8684677301451217 0.9986979365348816 0.8184086112088935 0.9978554248809814 0.8044577310251635 0.9934785962104797 0.8003545361895894 0.9617471694946289 0.8143054163733194 0.9015669226646423 0.8413865732592206 0.8545168042182922 0.853696157765943 0.8238795399665833 0.8627232396325399 0.7866771817207336 0.8733915284622548 0.7680759429931641
