1 0.005153623797748195 0.004332983362805712 0.06341911579867368 0.005427170847798442 0.08229385451390676 0.005427170847798442 0.07244616638887459 0.06670167943933508 0.05521270902781353 0.1060924320430546 0.032234770069405116 0.12469363369784513 0.012539390677086015 0.1268820039518587 0.0016474464579901153 0.11812849778395433 0.001871060893013214 0.057948177463405734 0.0016474464579901153 0.027310924739628047 0.0016474464579901153 0.014180672823727786
1 0.001871060893013214 0.13125875284383584 0.019104516093774133 0.14220062926575378 0.025669643081589626 0.16627276074755323 0.024028360156290222 0.1936274601862981 0.02156643969615955 0.21332283439217034 0.01664259406251609 0.2264530726841518 0.0026917017664901508 0.22207634894402473 0.0016474464579901153 0.1706495180234804 0.0016474464579901153 0.16620709765088426
1 0.0026917017664901508 0.40699405879764766 0.02320772105033158 0.41465340079842034 0.026490285329803014 0.46060921805245536 0.036337970312580445 0.48577555562113667 0.04864758361112541 0.5229779589307177 0.051109508784638207 0.5558036049643715 0.054392071492982266 0.5842523931146978 0.03469669210066316 0.5908175625643888 0.014180672031258045 0.5962885259271978 0.001871060893013214 0.6028536283052884 0.0026917017664901508 0.5558036049643715 0.0026917017664901508 0.5087534810160542 0.0035123424435761653 0.4726453173291552 0.0035123424435761653 0.4452906011225103
1 0.09214154892344845 0.00652135859478961 0.08721769857642285 0.052477239252446774 0.095424105347283 0.08858543647514595 0.11019564381934076 0.10390406178904103 0.12250525083337624 0.11375174889197716 0.1438419021531031 0.11812849778395433 0.15451024666649507 0.11812849778395433 0.16599922243020876 0.05138304993346497 0.17174369145853713 0.013086483504745986 0.16947872909721864 0.002197802197802198 0.137276789305434 0.002197802197802198 0.11265756270834405 0.002197802197802198
1 0.0814732169790755 0.09296218536712311 0.1118369188890033 0.12031686803796789 0.11511948159734735 0.13672969105479482 0.11594012541668812 0.17174369057456215 0.12004333194437294 0.1947216327373798 0.13891807694411554 0.23192401927906078 0.13645614548609322 0.2527135828039148 0.12250525083337624 0.26256128667475104 0.09050026756927641 0.26256128667475104 0.06013655309032962 0.25380775535499656 0.03962053616317925 0.22426469404618818 0.03469669210066316 0.17393206921252574 0.03879989234383849 0.14220062926575378 0.05849527173615759 0.12907038258982229 0.07737001045139068 0.1071866213620364
1 0.19143908027762047 0.15861343551468063 0.23082983277774918 0.17612044785048936 0.25462841555549837 0.1958158220563616 0.26857929763919636 0.21660538558121567 0.26119354097218644 0.2417717063819969 0.25462841555549837 0.27678569751781423 0.22344405097270129 0.2691263890528417 0.20128676840265264 0.2614670638199691 0.1750262667359002 0.2428659124688788 0.18487395486093236 0.21551119626223386 0.1881565175692764 0.19143908154833447
1 0.02731092600688903 0.22754727877103365 0.05275079013881023 0.26256128667475104 0.07490808527787789 0.27897409292367786 0.09870666805562706 0.27897409292367786 0.13399422659708993 0.27459735241565075 0.16764049749987128 0.257090323311942 0.18487395486093236 0.2713147676908053 0.2135963754166881 0.28444502275068684 0.23575367055575577 0.2931985373025412 0.2529871530548548 0.30742298168140453 0.26119354097218644 0.35228465992015795 0.2603729097218647 0.388392823607057 0.23657432694411554 0.41574753981370194 0.22180278847205775 0.4452906011225103 0.2160582943056914 0.47921041970724587 0.20210739965297442 0.49671744881095464 0.17338497909721864 0.45076156448531934 0.15286895902781353 0.41903009100274724 0.1323529515274274 0.4026173015217205 0.08639706104159159 0.3872986845917754 0.049468224288211425 0.3763568249377576 0.029772844895892325 0.36760331038590316 0.0016474464579901153 0.33434354341947115 0.0016474464579901153 0.27897409292367786 0.001871060893013214 0.25818452939882386 0.019104516093774133 0.23958332774403332
1 0.0765493666320499 0.4168417459005838 0.11758140048635064 0.41903009100274724 0.13399422659708993 0.4245010543655563 0.15286895902781353 0.4387254652086195 0.17010241638887458 0.4649860088641827 0.18733587374993566 0.4912464854481456 0.1980042056943086 0.5196953406700722 0.2119550877780066 0.5492384355146807 0.2135963754166881 0.574404806619162 0.2111344565276848 0.6105130038418612 0.19718356187496783 0.6499036851820055 0.19225971152794225 0.6652223691835508 0.16846112875019306 0.6663165081988324 0.1323529515274274 0.6652223691835508 0.109375 0.6597514058207418 0.09132090510410767 0.6302083109761333 0.07901129180556271 0.5951943198403159 0.06834295986118977 0.5415791270497081 0.06423975333350494 0.5032825511890453 0.057674634201326326 0.4649860088641827 0.06095719690967038 0.4452906011225103
1 0.18241202340291007 0.002197802197802198 0.1980042056943086 0.002197802197802198 0.2283679138887459 0.0032387956158145444 0.24970457777749178 0.0032387956158145444 0.2677586663888746 0.00870973356477507 0.2743237918055627 0.040441173511547045 0.2743237918055627 0.07545518141526442 0.26365545986118977 0.10499825110802284 0.24313945236080364 0.14220062926575378 0.234933039305434 0.16408438210958962 0.2135963754166881 0.1520483163686899 0.18897714881959818 0.14220062926575378 0.1725643478468969 0.12797619327084048 0.17174369145853713 0.08311449826418699 0.18487395486093236 0.05357142857142857 0.18897714881959818 0.026216737516633757
1 0.28499212374993566 0.004332983362805712 0.2890953051395825 0.055759803017417155 0.28499212374993566 0.08420868758316878 0.276785710694566 0.11375174889197716 0.26447609111151155 0.1268820039518587 0.25462841555549837 0.14985995449862638 0.24724263375045047 0.16627276074755323 0.26939992888951814 0.1925332540994162 0.2833508612492921 0.20347513052133415 0.32848608277774916 0.21004026643522494 0.3580291597218647 0.20894606034834307 0.388392867916302 0.20456931984031593 0.42121849499974257 0.2023809579702524 0.4589679347231518 0.1969100281432435 0.4909729808323466 0.17830882648845295 0.5098476755560132 0.1531425056876717 0.5467765091671386 0.14438900790371736 0.5492384280561419 0.1268820039518587 0.5328256522214786 0.08311449826418699 0.5188747449997426 0.03715861393855168 0.5073858069430859 0.007615546341780778 0.4958967683342772 0.002197802197802198 0.4606092474998713 0.005427170847798442 0.4253216763893894 0.004332983362805712 0.3900341304169455 0.004332983362805712 0.34079570236080364 0.0032387956158145444 0.3055081312503218 0.002197802197802198
1 0.5221573202771056 0.00652135859478961 0.5287224205557558 0.041535367022503863 0.5361081772227656 0.06123074542035113 0.5500590844445017 0.09077381511310954 0.559086153888231 0.11375174889197716 0.5705751422209637 0.13344712309784942 0.5738576672222508 0.14220062926575378 0.6099658444450164 0.14548319722269917 0.6313025586098383 0.14548319722269917 0.6542804849992278 0.13563551011976305 0.6764377550002574 0.0787377409882598 0.6747964422235379 0.04591211591448103 0.6715139172222508 0.005427170847798442 0.642791496666495 0.002197802197802198 0.6034006938902904 0.007615546341780778 0.5648305977785214 0.00652135859478961 0.5475971655554983 0.004332983362805712 0.5336463086098383 0.0032387956158145444
1 0.2759650543062062 0.22426469404618818 0.30304623749935644 0.23082982996007897 0.3219209573610611 0.23082982996007897 0.3900341304169455 0.22973565740899726 0.4179359448604175 0.22973565740899726 0.45076157194385813 0.2264530726841518 0.4909729808323466 0.2067577152461796 0.5131302508333763 0.17502625853150755 0.5369288336111254 0.16080181415264422 0.5500590844445017 0.1575192629635989 0.5623686788895181 0.18159139444539835 0.5615480727772344 0.1980042006943252 0.545135246666495 0.22535890013307006 0.5188747449997426 0.26584383786379634 0.5 0.288821780026614 0.47784267972289435 0.31836484133542237 0.46881566055524093 0.3282125284383585 0.4458376838897755 0.33149511316320396 0.41219145069405116 0.31836484133542237 0.3637736538882311 0.30195201831859547 0.33176863291707426 0.28991595257769576 0.3055081312503218 0.27459735241565075 0.2890953051395825 0.2549019782097785 0.2833508612492921 0.23848915519295158
1 0.5763195861112541 0.16627276074755323 0.6091452383327327 0.16408438210958962 0.6337644272227656 0.15861343551468063 0.6608455852778778 0.1465773697737809 0.6698726547216073 0.16627276074755323 0.664128110279165 0.18596815172132555 0.6468946780561419 0.21988795353816107 0.628840639720835 0.23630075978708792 0.6099658444450164 0.2527135828039148 0.5919118061097096 0.24505425757104224 0.583705342778264 0.22535890013307006 0.5820640802776205 0.2023809579702524 0.5796021613886172 0.1794029990395347
1 0.6830029055549836 0.0032387956158145444 0.6871060869446304 0.022934173751663376 0.6879266930569141 0.05357142857142857 0.6862854305562706 0.09296218536712311 0.6764377550002574 0.12141106574089973 0.6715139172222508 0.13235293377886762 0.6862854305562706 0.1531425056876717 0.7010569438902904 0.17393206921252574 0.7215730016667524 0.16080181415264422 0.7429096655554983 0.12469363369784513 0.754398653888231 0.1104691893189818 0.7642463294442442 0.08202030894520519 0.7626050669436008 0.0360644288115449 0.7470128469451451 0.005427170847798442 0.740500285165903 0.002197802197802198 0.7084427508333763 0.002197802197802198
1 0.7593224413901617 0.005427170847798442 0.7724526922235379 0.0338760501735813 0.7781972366659803 0.05685399233639895 0.779017842778264 0.08639705783718235 0.7732733486118977 0.10499825110802284 0.7576811788895181 0.12907038258982229 0.7453715844445017 0.1476715590927627 0.723214264167396 0.17830882648845295 0.7133665886113828 0.1969100281432435 0.719931739166109 0.21332283439217034 0.733882596111769 0.25380775535499656 0.7437303219438581 0.2855391953017685 0.7502954724985842 0.2931985373025412 0.7658876422209637 0.29866950066535025 0.7937894063883597 0.29429270985362294 0.8093815258346633 0.2877276074755323 0.8282563211104819 0.27022061190762364 0.8528755100005149 0.25380775535499656 0.8660058111099671 0.2406775170630151 0.8619025794442442 0.21004026643522494 0.8569787416662377 0.17174369057456215 0.8619025794442442 0.14329481858473558 0.8832392433329901 0.13235293377886762 0.9086790383353068 0.1268820039518587 0.9209886327803233 0.12031686803796789 0.9226300461091949 0.09952730451311384 0.9193474205557558 0.047006305233462824 0.9160648955544687 0.005427170847798442 0.8930869188890033 0.0032387956158145444 0.862723185556528 0.005427170847798442 0.8085609197223795 0.007615546341780778 0.7781972366659803 0.005427170847798442
1 0.9267331772227656 0.010898109058757405 0.9332983277774918 0.043723737276517426 0.9332983277774918 0.07545518141526442 0.9349396405542113 0.10280987247005924 0.935760246666495 0.12250524667593149 0.949711153888231 0.12907038258982229 0.9726891305536964 0.13344712309784942 0.9932050877780065 0.13563551011976305 0.9990234375 0.13020504961956988 0.9956670066670099 0.06232493054735792 0.9956670066670099 0.013086483504745986 0.9956670066670099 0.002197802197802198 0.9579176172196767 0.004332983362805712
1 0.8717502550002574 0.1575192629635989 0.8988314633314456 0.14438900790371736 0.9193474205557558 0.14329481858473558 0.9308364088884885 0.14329481858473558 0.9529936788895181 0.1476715590927627 0.9858193311109967 0.1476715590927627 0.9981289255560132 0.1476715590927627 0.9990234375 0.15423122867123112 0.9990234375 0.20456931984031593 0.9990234375 0.22973565740899726 0.9948464005547261 0.2417717063819969 0.9726891305536964 0.25818452939882386 0.9480698411115115 0.2735031463287689 0.932477621113056 0.2811624715616415 0.9103203511120264 0.27240895700978707 0.8930869188890033 0.2549019782097785 0.8774947994426997 0.2428659124688788 0.8750328805536964 0.21879376421917926 0.8684677299989704 0.1903448922293527 0.8660058111099671 0.17721463716947117
1 0.6124277633340197 0.27897409292367786 0.6403295275014158 0.23848915519295158 0.6518185158341485 0.2264530726841518 0.6747964422235379 0.21332283439217034 0.6928505811109967 0.20128678541917067 0.6969537625006436 0.21769959166809752 0.7002363377780065 0.23848915519295158 0.7051601755560132 0.2603729080367874 0.7141872449997426 0.28444502275068684 0.7429096655554983 0.3117997389573317 0.7593224413901617 0.320553219973386 0.7864035994452739 0.31836484133542237 0.8093815258346633 0.3052345695076408 0.8249737458331188 0.29101015866457763 0.8577993477785214 0.2691263890528417 0.8692883361112541 0.25818452939882386 0.8791360116672673 0.26693802718277815 0.8971901505547261 0.2811624715616415 0.9111410577764621 0.30085784576751373 0.9144235827777492 0.3216473925244677 0.9177061077790363 0.33915438809237636 0.9242712583337623 0.3708858615749485 0.9234506522214786 0.3894870296939389 0.9136029766654654 0.3993347503326751 0.8733915677769769 0.40152312897063874 0.8126641513881023 0.41465340079842034 0.7773765802776205 0.42121846964071086 0.740447746666495 0.4255952604524382 0.7174698202771056 0.4310661902794471 0.6887473494452739 0.44091387738238325 0.664128110279165 0.45076156448531934 0.642791496666495 0.45623252784812846 0.6304819022214786 0.4529499095874828 0.6304819022214786 0.42887781164148353 0.636226346111769 0.4037114740728022 0.6329438211104819 0.36760331038590316 0.6247373577790363 0.3413428002661401 0.6173516513881023 0.31508229014637706 0.6148896822230231 0.2921043312156593
1 0.47784267972289435 0.33477769788804945 0.513950907221736 0.29429270985362294 0.5410320150007722 0.27897409292367786 0.5713957483332476 0.2614670638199691 0.5886291805562706 0.26803221650175996 0.6001181688890033 0.2953869159405048 0.6034006938902904 0.3282125284383585 0.6091452383327327 0.3665091042990213 0.6173516513881023 0.4080882313487294 0.6181723077764621 0.43434874146849245 0.6091452383327327 0.4540441156743647 0.5894498369446304 0.4704569386911916 0.5713957483332476 0.4846813830700549 0.5500590844445017 0.49671744881095464 0.5303636830563992 0.4989057939131181 0.513950907221736 0.49452903663719094 0.5041031813896468 0.4846813830700549 0.49425550583363365 0.4693627326043098 0.486049092778264 0.43763129265753775 0.49261424333299014 0.41574753981370194 0.49343489972134985 0.38292192731584823 0.4819459113886172 0.3621323470230941
1 0.27350316055524093 0.2417717063819969 0.28991598666598023 0.27022061190762364 0.3046875 0.2822566441127232 0.3202796948604175 0.29648108849158655 0.32930671402807093 0.30085784576751373 0.3432575961117689 0.3041404304923592 0.36705617888951814 0.31289391150841345 0.39167541805562706 0.3216473925244677 0.4228597575003861 0.3336834918011676 0.444196421389132 0.33696604299021293 0.4614299038882311 0.3468136965573489 0.472098185556528 0.36760331038590316 0.48276651750090094 0.388392823607057 0.48112525500025743 0.4124649886246566 0.48030464888797364 0.4234068818144746 0.4630711663888746 0.44091387738238325 0.4466583402781353 0.4398197048313015 0.43845192722276566 0.4266893994677198 0.4368106647221221 0.4026173015217205 0.4286042516667525 0.3774509639530392 0.4187565761107393 0.35884979583404875 0.40480566888900327 0.34790790264423077 0.3867515551395825 0.34790790264423077 0.3678768352778779 0.3566614171960852 0.35474658444450163 0.378545170039921 0.33176863291707426 0.42121846964071086 0.3252035075003861 0.44419642857142855 0.31945901333401977 0.45951507903717376 0.2997636622219934 0.4660801814152644 0.28006828597192907 0.47811624715616413 0.2652967474998713 0.47702204106928225 0.25626970319417985 0.45513828822544644 0.26447609111151155 0.4223126421917926 0.2743237918055627 0.3916754418677026 0.2759650543062062 0.3468136965573489 0.26857929763919636 0.30304622440547735 0.26447609111151155 0.28444502275068684 0.2677586663888746 0.26584383786379634
1 0.25626970319417985 0.41465340079842034 0.24313945236080364 0.43763129265753775 0.234933039305434 0.4540441156743647 0.22672662625006434 0.47373948988023695 0.22180278847205775 0.5098476871029362 0.22262341972237953 0.537202403309581 0.23329175166675248 0.5689337761847527 0.234933039305434 0.5787815638950893 0.2792476295835693 0.5919117015796703 0.30797007527736303 0.58534666627318 0.32684482027710565 0.5754989456344437 0.3301273704164307 0.5459558843256354 0.3227415886113828 0.5032825511890453 0.3178177508333762 0.48905814034598216 0.2956604556943086 0.4956232427240728 0.2923778804169455 0.4846813830700549 0.26365545986118977 0.48577555562113667 0.25544904680582015 0.4671743875021463 0.25052520902781356 0.4496673583984375 0.25626970319417985 0.42887781164148353
1 0.3719800418055627 0.3719800341260302 0.39413736208266836 0.3599440019209306 0.40480566888900327 0.36103817447201236 0.42121849499974257 0.3872986845917754 0.4277835952783927 0.4113707825377747 0.43845192722276566 0.44638477367359203 0.444196421389132 0.4529499095874828 0.4614299038882311 0.4529499095874828 0.4753807608338911 0.4496673583984375 0.486049092778264 0.4726453173291552 0.49261424333299014 0.49015231289706385 0.5049238377780065 0.5054709298270089 0.5131302508333763 0.5175070291037088 0.5008206563883597 0.5448617453103537 0.47620141722225084 0.5722163944453984 0.4589679347231518 0.5897234235491071 0.4368106647221221 0.6105130038418612 0.4318868269441155 0.6247374146849245 0.4154740008333762 0.6334908621651786 0.39167541805562706 0.6247374146849245 0.3695181229165594 0.6148896940461882 0.35392595319417985 0.5897234235491071 0.34818145902781356 0.5700279822716346 0.3350512081944373 0.5196953406700722 0.32766545152742743 0.4879639342591003 0.3301273704164307 0.45951507903717376 0.3432575961117689 0.4310661902794471 0.3580291597218647 0.4048056466238839 0.3629529974998713 0.388392823607057 0.36623554763919636 0.3807335151420845
1 0.5328256522214786 0.5251663375686814 0.569754485832604 0.5087534810160542 0.5853466555549836 0.5010941725510817 0.6099658444450164 0.47811624715616413 0.6247373577790363 0.4649860088641827 0.6378676086124124 0.4671743875021463 0.636226346111769 0.4868697281722184 0.6329438211104819 0.5207895802927541 0.6551011413875876 0.5645570859804259 0.670693260833891 0.5886292174622253 0.6731551797228944 0.6247374146849245 0.6468946780561419 0.6641280960250687 0.6091452383327327 0.7013304993346497 0.5894498369446304 0.7155549772493132 0.5492384280561419 0.7494747622982486 0.524619239166109 0.7647933792281937 0.513950907221736 0.770264409662603 0.4950761622219934 0.7790178571428571 0.4868697491666238 0.770264409662603 0.4622505100005148 0.742909659920158 0.43434874583311883 0.6695990593878778 0.43763132111048186 0.6356792743389423 0.44747899666649504 0.6116071428571429 0.48030464888797364 0.5842523931146978 0.5147715133340197 0.5514268141526443 0.5303636830563992 0.5361081972226992
1 0.6509978594457887 0.4693627326043098 0.6739758361112541 0.46170342413933724 0.7100840133340197 0.44747901329627404 0.7379857775014158 0.4398197048313015 0.8036370819443729 0.43216036283052883 0.8225117766680395 0.4255952604524382 0.8545168227772344 0.4255952604524382 0.8881630811109967 0.42121846964071086 0.9209886327803233 0.41793595198746564 0.9308364088884885 0.4245010543655563 0.9267331772227656 0.44747901329627404 0.9209886327803233 0.48358717698317305 0.9144235827777492 0.5164127894810268 0.9037552005573003 0.5634628798935439 0.901293382220449 0.61598390013307 0.9094997449997426 0.6685049203725961 0.9168855016667524 0.6860118824047047 0.9078584322230231 0.7035189115084135 0.8824185366685544 0.7078956687843406 0.848772378886944 0.7035189115084135 0.8110228386113828 0.6925770518543956 0.7896862249987129 0.6827293312156594 0.754398653888231 0.6597514058207418 0.7306000711104819 0.6444327888907967 0.6969537625006436 0.6017594892900069 0.6772584113886172 0.5678396371694712 0.656742403888231 0.5273546491350446 0.6493565969451451 0.5087534810160542
1 0.23082983277774918 0.5962885259271978 0.25052520902781356 0.6017594892900069 0.2759650543062062 0.6028536283052884 0.29483979930594884 0.6039478343921704 0.31945901333401977 0.5984768710293613 0.3350512081944373 0.5941001808250344 0.34982272152845706 0.6094187306833792 0.35310529680582015 0.6302083109761333 0.3440782525001287 0.6553746485448145 0.3211003261107393 0.6783525739397321 0.29894300583363365 0.694765396956559 0.26365545986118977 0.7057073236821771 0.24806329013881023 0.7133665650755494 0.23165046402807093 0.711178219973386 0.21441700666700989 0.694765396956559 0.20538996236131848 0.6860118824047047 0.20785188125032178 0.6608455448360233 0.22016150083337624 0.632396723149897 0.2259059949997426 0.6137954879593063
1 0.0016474464579901153 0.61598390013307 0.02156643969615955 0.6061361794943337 0.042082458194437296 0.6072303855812157 0.07572872909721864 0.6367734804258242 0.09296218017377021 0.654280509529533 0.1118369188890033 0.6892945006653503 0.11101627506966254 0.7418155209048763 0.11019564381934076 0.8140318482786745 0.10855435618065924 0.8424807370364011 0.09870666805562706 0.8774947281722184 0.08475577968741956 0.8993785145518544 0.0650603971528457 0.9168855436555632 0.03387605142357715 0.9168855436555632 0.0035123424435761653 0.9157913375686814 0.004332983513444024 0.8391981858473557 0.005974264867616054 0.7790178571428571 0.005974264867616054 0.7352502843835852 0.006794905151920224 0.6903887067522322 0.005153623797748195 0.6641280960250687 0.0026917017664901508 0.647715340079842
1 0.12742910118040182 0.6914828457675137 0.1561515217361576 0.6882002945784684 0.17995010451390678 0.6860118824047047 0.2004661245833119 0.6936712579412775 0.21031381270834407 0.7089898748712226 0.22672662625006434 0.7254026308164492 0.21277574416636635 0.8282563261933379 0.1840532984725726 0.8348214956430289 0.16353729097218647 0.8424807370364011 0.13153229513906764 0.8665528685182006 0.11922268812503217 0.8577993539663461 0.12250525083337624 0.816220193380838 0.123325894652717 0.7669817914019574 0.12168460701403547 0.7363445575420673
1 0.008436187291655942 0.9343925056876717 0.05849527173615759 0.9300157484117445 0.08967962374993564 0.9322041605855083 0.10773372493033746 0.9770658052884615 0.10527179347231518 0.996761246565934 0.043297008784638207 0.9986979390238667 0.0016474464579901153 0.9978554526528159 0.0016474464579901153 0.9883578457675137 0.0016474464579901153 0.9431460202395261
1 0.10445115593748391 0.9168855436555632 0.1307116638887459 0.8807772793612637 0.16107537208318318 0.8621761112422733 0.2004661245833119 0.850140112572974 0.2160582943056914 0.8523284576751373 0.22918854513906764 0.8807772793612637 0.2300092015274274 0.9114145802927541 0.220982157221736 0.9672181517213255 0.21687892555601318 0.9923844222184066 0.17092306020821535 0.9978554526528159 0.137276789305434 0.9945728343921704 0.123325894652717 0.9945728343921704 0.11840204430569141 0.9628413273737981
1 0.23903622069508082 0.7352502843835852 0.2784269983332475 0.7188375284383585 0.31453520069405116 0.7068014626974588 0.34079570236080364 0.6849176763178229 0.3596704222225082 0.6586571997338599 0.37115941055524093 0.6378676194411058 0.40890887541668813 0.6488094790951237 0.4203978386113828 0.6531862363710508 0.43106617055575575 0.6969537420587225 0.444196421389132 0.7363445575420673 0.4630711663888746 0.7790178571428571 0.48112525500025743 0.7954306801596841 0.49261424333299014 0.8709296257941277 0.5016412625006436 0.9409576080657623 0.5073858069430859 0.981442629635989 0.5049238377780065 0.996761246565934 0.46389182277723434 0.9923844222184066 0.43434874583311883 0.9869135259271978 0.4072675877780066 0.9748773931146978 0.3769038795835693 0.9683122907366072 0.3506434030548548 0.9617471883585165 0.33176863291707426 0.9551820859804259 0.29730174333299014 0.9322041605855083 0.2669380351385528 0.9004727206387363 0.24560137124980694 0.8654586624313186 0.22918854513906764 0.8271621201064561 0.23575367055575577 0.7691702035757212
1 0.5057444438902904 0.7921481289706387 0.5615480727772344 0.7691702035757212 0.6132484197223795 0.7363445575420673 0.6378676086124124 0.7035189115084135 0.6698726547216073 0.6608455448360233 0.6731551797228944 0.6761642288375687 0.6682313922209637 0.7122724260602679 0.6739758361112541 0.7494747622982486 0.6903886622219935 0.7724527547647665 0.709263407221736 0.799807370364011 0.7412684030548549 0.8457632882254464 0.7708114297228944 0.9048494779146634 0.7880449122219935 0.9365809178614355 0.7806591555549836 0.9628413273737981 0.7420890091671386 0.9792542174622253 0.7117252758346633 0.9901960771162431 0.681361592778264 0.9901960771162431 0.6403295275014158 0.9869135259271978 0.5640099413901617 0.9869135259271978 0.5475971655554983 0.9869135259271978 0.5262605016667524 0.97597166627318 0.5229779263893894 0.9518995347913805 0.5270811077790363 0.9267331972226992 0.5090270694437294 0.895001690204327 0.5032825250012871 0.8654586624313186 0.49835873749935644 0.8271621201064561 0.5016412625006436 0.8030900556962569
1 0.6969537625006436 0.6520920973557692 0.7158285577764621 0.6488094790951237 0.7363445150007722 0.6685049203725961 0.7634257233319605 0.6849176763178229 0.7905068311109967 0.694765396956559 0.8290769272227656 0.7122724260602679 0.8504135911115115 0.7188375284383585 0.8733915677769769 0.723214352785886 0.8898043938877163 0.7243084918011676 0.9127822700010296 0.7166491162645948 0.929195096111769 0.7068014626974588 0.9439666094457887 0.7144607711624313 0.9480698411115115 0.7210259406121222 0.9480698411115115 0.7571341378348214 0.9447872155580724 0.7812062022450206 0.9406840844445017 0.799807370364011 0.9144235827777492 0.8413865309495192 0.8807773244439868 0.8884365878262362 0.8676470233345346 0.917979749742445 0.8569787416662377 0.9475227104438531 0.8471309655580724 0.9617471883585165 0.8372833905542113 0.9672181517213255 0.820870514167396 0.9639356005322802 0.8052783444450164 0.9409576080657623 0.7954306688890033 0.9103203742058723 0.768349510833891 0.8753063830700549 0.7355238586124124 0.8074667459005838 0.7133665886113828 0.7790178571428571 0.6830029055549836 0.738532969715831 0.6788997241653367 0.7188375284383585 0.6797203302776205 0.6849176763178229 0.6920299749987129 0.6630339570097871
1 0.9759716555549836 0.7046131175952953 0.9948464005547261 0.7188375284383585 0.9990234375 0.7299763773823832 0.9973083194437294 0.7954306801596841 0.9964877133314456 0.8709296257941277 0.9964877133314456 0.9114145802927541 0.9940256938902904 0.9343925056876717 0.9833574122219935 0.9453343653416896 0.9562762038908051 0.9551820859804259 0.9390427716677822 0.9792542174622253 0.9275537833350495 0.9901960771162431 0.9160648955544687 0.996761246565934 0.8783154055549836 0.9880077320140797 0.862723185556528 0.9803484235491071 0.8758534866659803 0.9486169836023352 0.8922663127767195 0.9201680948446085 0.8947282316657228 0.8971901023780907 0.9078584322230231 0.8873424488109547 0.9250919649981981 0.843574943123283 0.935760246666495 0.8282563261933379 0.9554555977785214 0.7921481289706387 0.960379435556528 0.7549457256610577 0.960379435556528 0.7275910429902129
1 0.9423253972212212 0.29976363968063185 0.9866399372232805 0.2636554592258328 0.998949632220449 0.2603729080367874 0.9990234375 0.26169249146849244 0.9990234375 0.4037114740728022 0.9792541805562706 0.4091824374356113 0.9505317600005149 0.4124649886246566 0.9365808527787788 0.36103817447201236 0.9415046905567854 0.31508229014637706
1 0.946428628886944 0.4310661902794471 0.9948464005547261 0.4245010543655563 0.9981289255560132 0.5273546491350446 0.9990234375 0.5790368384057349 0.9990234375 0.7013304993346497 0.9677651922235379 0.6925770518543956 0.9316570150007722 0.6871060884915865 0.9160648955544687 0.6575630607185783 0.9127822700010296 0.6094187306833792 0.9226300461091949 0.552520986703726 0.9275537833350495 0.5021883786379636 0.9341190344419276 0.4660801814152644 0.9390427716677822 0.4518557370364011
