1 0.4531407654285431 0.2772177329697461 0.46810421347618103 0.2845682168484603 0.47282952070236206 0.29296875 0.4759797155857086 0.3171202723880066 0.4759797155857086 0.3412718503635872 0.47046685218811035 0.3486223342423013 0.44841545820236206 0.34757222938190174 0.4366022050380707 0.3412718503635872 0.4310893416404724 0.3339213386910861 0.43581464886665344 0.31292004750291724 0.44841545820236206 0.28771842025451105
1 0.5870243310928345 0.32447075626672073 0.606713056564331 0.3349714157576987 0.6248267292976379 0.34757222938190174 0.6287645101547241 0.3580729166666667 0.6248267292976379 0.37172377956369534 0.6177387833595276 0.3822244668484603 0.5972625017166138 0.39587532974548895 0.5752110481262207 0.3979754838787141 0.5476468205451965 0.4000755824243653 0.53662109375 0.4074260940968665 0.5248078107833862 0.41162634677574284 0.5129945874214172 0.4032258136242031 0.5027564167976379 0.37907423564862247 0.49881866574287415 0.3643733234787682 0.5279580354690552 0.34652218010907615 0.5633978247642517 0.3328712894182605
1 0.03125 0.19006217025451105 0.03125 0.17536121639397625 0.04282699152827263 0.16696066934554304 0.06645350158214569 0.1701108866484873 0.08614226430654526 0.1942624368302809 0.0766916573047638 0.21211358019997295 0.056215349584817886 0.22891466039994593 0.03731413930654526 0.22996472356966502 0.03125 0.22996472356966502 0.03125 0.22261423969095087 0.03125 0.21106350313336036
1 0.03125 0.11655745653941114 0.038889240473508835 0.11340725313336038 0.05542779713869095 0.11970765994546193 0.06645350158214569 0.12705812992728255 0.07039125263690948 0.15120968010907615 0.07039125263690948 0.1585601361940033 0.05070249363780022 0.1585601361940033 0.03125 0.1575100869211777 0.03125 0.14805947670302538 0.03125 0.1333585367393841
1 0.2129378765821457 0.5449848557213399 0.22868888080120087 0.5502352132606159 0.24680253863334656 0.5617859220244193 0.2594033479690552 0.5796370931878985 0.2783045470714569 0.5901377526788764 0.2783045470714569 0.6079888682547814 0.27751702070236206 0.6300403476847108 0.26806640625 0.6625924310180442 0.26334109902381897 0.6888441631268499 0.25310295820236206 0.717195938193733 0.24680253863334656 0.729796696230362 0.21451297402381897 0.7245463942786601 0.1806483119726181 0.7161458333333334 0.1625346541404724 0.7066952787027551 0.15465915203094482 0.6814935958667748 0.1538715958595276 0.655241919345543 0.15702180564403534 0.6457913647149647 0.1869487166404724 0.6289902428243113 0.20348727703094482 0.6258400950058345 0.2026997208595276 0.6090390287027551 0.20033706724643707 0.5932880116725011 0.20427481830120087 0.5659862302908698
1 0.34445878863334656 0.33917166843657504 0.3775359094142914 0.3580729166666667 0.3980122208595276 0.37277385663030793 0.3917118310928345 0.39692540681210153 0.40116241574287415 0.4273773360122097 0.4066752791404724 0.45677924373327927 0.4058877229690552 0.4714801836969205 0.36099734902381897 0.46727993101804416 0.34052103757858276 0.4756804363757969 0.34130859375 0.4956317060849271 0.3326455354690552 0.5134828772484062 0.30744391679763794 0.5460349049941655 0.29248046875 0.5428847571756887 0.2838174104690552 0.5113827787027551 0.2720041573047638 0.48198084318789847 0.27515435218811035 0.43472781989092385 0.2806672155857086 0.413726473115181 0.3027186095714569 0.38747479659394923 0.3192571699619293 0.3759240878301457 0.3350082039833069 0.35912299373327927
1 0.930396318435669 0.2520161335151269 0.9524477124214172 0.2604166666666667 0.9674111604690552 0.269867276884819 0.9776493310928345 0.3024193602181523 0.9823746085166931 0.3150201738423554 0.972923994064331 0.3412718503635872 0.9626858830451965 0.36332324641215563 0.9374842643737793 0.3832745161212859 0.9177954792976379 0.40952622043630466 0.8981067538261414 0.41162634677574284 0.875267744064331 0.39377520340605077 0.8705424666404724 0.37172377956369534 0.8673922419548035 0.3507224327879525 0.8768428564071655 0.3307711908726093 0.8973191976547241 0.3076696899636413 0.9122826457023621 0.28141798564862247 0.9233083128929138 0.26356687007271745
1 0.8382529020309448 0.5544354659394922 0.8469159603118896 0.5817372473211236 0.8587291836738586 0.5964381594909779 0.8839308023452759 0.6069388189819558 0.9067698121070862 0.6174395340605078 0.9264585375785828 0.6132392257940574 0.9374842643737793 0.6079888682547814 0.9398468732833862 0.5848874507271744 0.9351215958595276 0.5628359712972449 0.9201581478118896 0.5460349049941655 0.9067698121070862 0.5281838450058345 0.8894436955451965 0.5229334874665585 0.8689673542976379 0.5292338942786601 0.8477035164833069 0.5418346523152892
1 0.6917685270309448 0.08400538015452456 0.7035817503929138 0.08505544332424365 0.7090946435928345 0.10500672693026739 0.7122448086738586 0.1344086138059967 0.7122448086738586 0.15330980644851436 0.7004315853118896 0.16381047983638575 0.68310546875 0.17641127956369534 0.6728672981262207 0.17641127956369534 0.6642042398452759 0.1575100869211777 0.6634166836738586 0.14490927329697462 0.6783801913261414 0.11130711984547544
1 0.5161448121070862 0.48408099732112364 0.5358335375785828 0.4798807446422473 0.5507969856262207 0.4809307939150729 0.5712733268737793 0.5082325197091302 0.5909620523452759 0.5250335860122097 0.5956873893737793 0.5481351147149647 0.5767861604690552 0.5638861317452186 0.5594600439071655 0.5869875492728256 0.533470869064331 0.6226898360122097 0.5129945874214172 0.6300403476847108 0.4838552176952362 0.6226898360122097 0.47440460324287415 0.6132392257940574 0.46889176964759827 0.5848874507271744 0.4759797155857086 0.5418346523152892 0.4917307198047638 0.5239835367393841 0.4964560270309448 0.5071824704363046 0.509056806564331 0.49248150267887636
1 0.4814925789833069 0.6342405447760132 0.5129945874214172 0.6384408530424636 0.5444965958595276 0.6310903969575364 0.5665479898452759 0.5995883073094547 0.5791488289833069 0.5743867912361965 0.6019877791404724 0.5607358727515938 0.6350648999214172 0.5502352132606159 0.6752299666404724 0.5407846030424636 0.710669755935669 0.5449848557213399 0.7342962622642517 0.5733366863757969 0.7405966520309448 0.5880376541332252 0.7256332039833069 0.6132392257940574 0.7083070874214172 0.6331904955031876 0.68310546875 0.6615423817452186 0.6752299666404724 0.6625924310180442 0.6476656794548035 0.6531418207998918 0.6138010621070862 0.6604922212972449 0.5744234919548035 0.6825437007271744 0.5586724877357483 0.701444865575905 0.5326833128929138 0.7077453279755807 0.4996062219142914 0.7098454821088058 0.4799174666404724 0.7035450197091302 0.4696792960166931 0.68359375 0.46889176964759827 0.6594421720244193
1 0.7390215396881104 0.006300403337878174 0.7413842082023621 0.033602153451499174 0.7579227685928345 0.05565355992273772 0.7657982707023621 0.06930443324243653 0.7870621085166931 0.07875504346058886 0.808326005935669 0.07245463664848731 0.8169890642166138 0.05460348980457188 0.8225018978118896 0.011550739163258036 0.8240770101547241 0.0018214936247723133
1 0.03125 0.7570984220244193 0.052277594804763794 0.7539482742059426 0.07039125263690948 0.7686491863757969 0.08377961069345474 0.8064516272484062 0.07984185963869095 0.8379536057213399 0.07196635752916336 0.8642052822425718 0.039676789194345474 0.8663054363757969 0.03125 0.8547546720244193 0.03125 0.8106518243397086 0.03125 0.7791498458667748
1 0.36020979285240173 0.7507980707998918 0.39722466468811035 0.7423975654421391 0.4263640344142914 0.7465977625334415 0.44211503863334656 0.7791498458667748 0.4429025948047638 0.7938508136242031 0.4618037939071655 0.8106518243397086 0.47046685218811035 0.8379536057213399 0.48779296875 0.8705057446422473 0.49330583214759827 0.8904569587638035 0.3680852949619293 0.8915070636242031 0.34682145714759827 0.8558047212972449 0.3326455354690552 0.8316531989092384 0.32792022824287415 0.8138020833333334 0.34130859375 0.7717993897818477
1 0.5736359357833862 0.7581484712972449 0.6082881689071655 0.7371471523152892 0.6271893978118896 0.7276965976847108 0.6437279582023621 0.7371471523152892 0.6610540747642517 0.7865004131268499 0.655541181564331 0.8043515287027551 0.6421528458595276 0.8232526935514857 0.6271893978118896 0.8285030510907616 0.6043504476547241 0.8127520340605078 0.5901744961738586 0.8054015779755807 0.5728484392166138 0.7696992912361965
1 0.41455078125 0.09765625 0.4649540185928345 0.09765625 0.48070502281188965 0.09975638328788493 0.4940933585166931 0.1344086138059967 0.5051190853118896 0.1585601361940033 0.5003937482833862 0.17221104078171248 0.47676727175712585 0.19111223342423014 0.4547158479690552 0.21001345386053477 0.4106130301952362 0.20476311021815233 0.38698652386665344 0.18901209318789844 0.39486202597618103 0.16906082347876822 0.4019499719142914 0.14175906989092385 0.3987997770309448 0.11970765994546193
1 0.7579227685928345 0.3181703772484062 0.7831243872642517 0.3339213386910861 0.8012380003929138 0.34757222938190174 0.7870621085166931 0.3664734498182064 0.7713111042976379 0.4053259121698543 0.7610729336738586 0.43682791843657504 0.7508348226547241 0.4399781496364128 0.73193359375 0.4284274408726093 0.7177577018737793 0.4263272589455971 0.710669755935669 0.4074260940968665 0.7240580916404724 0.3769741371029713 0.7327211499214172 0.3528225591273907 0.7484721541404724 0.3286710367393841
1 0.9099199771881104 0.003150201668939087 0.9807994961738586 0.0018214936247723133 0.9894625544548035 0.006300403337878174 0.9800119996070862 0.034652216621218264 0.9626858830451965 0.04095261995909644 0.9390593767166138 0.04305276019542812 0.9256709814071655 0.03780242002726904 0.9177954792976379 0.02730174490228594
1 0.7965127229690552 0.09345597647578338 0.8106886148452759 0.07560484005453807 0.8288022875785828 0.06720430690299835 0.8382529020309448 0.08190523991819287 0.8358902335166931 0.09975638328788493 0.8217143416404724 0.10920697960914376 0.8130512833595276 0.11235718996364127 0.7973002791404724 0.10605679009998648
1 0.5098443627357483 0.04200269007726228 0.49330583214759827 0.08085517674847378 0.48858052492141724 0.09765625 0.5011813044548035 0.13230847356966502 0.5098443627357483 0.13965894355148564 0.5177198648452759 0.1354586630788223 0.5271704792976379 0.10710686021815233 0.5381962060928345 0.05460348980457188 0.5326833128929138 0.04200269007726228 0.5232327580451965 0.034652216621218264
1 0.38346901535987854 0.08530286361610954 0.3798985779285431 0.08085517674847378 0.38698652386665344 0.06405410349694758 0.3980122208595276 0.05670362656668019 0.40510016679763794 0.07560484005453807 0.4066752791404724 0.09345597647578338 0.4043126404285431 0.1039566498636548 0.3940744698047638 0.10710686021815233 0.3861989676952362 0.09975638328788493
1 0.044402092695236206 0.2940188270666126 0.07196635752916336 0.2908686236605618 0.08929246664047241 0.3066196128970287 0.08220451325178146 0.3307711908726093 0.07432900369167328 0.33812164695753644 0.06094064936041832 0.3276209596727715 0.052277594804763794 0.3066196128970287
1 0.2562531530857086 0.1837617634424095 0.2357768416404724 0.21841395921828752 0.21372543275356293 0.24256552329697462 0.2090001255273819 0.25096602865472734 0.21845072507858276 0.2835181397818477 0.22790133953094482 0.33602152061809826 0.2334141880273819 0.367523526884819 0.24601499736309052 0.38432459318789847 0.2657037675380707 0.37172377956369534 0.2861800789833069 0.34547210304246356 0.29799333214759827 0.3087197670302539 0.30193108320236206 0.26356687007271745 0.29720577597618103 0.22996472356966502 0.27909210324287415 0.19846270340605077 0.2641286551952362 0.18586188978184767
1 0.8374653458595276 0.6352907052239868 0.8532163500785828 0.6184895833333334 0.8792055249214172 0.6310903969575364 0.9138577580451965 0.6384408530424636 0.9012569189071655 0.6667926836969206 0.9020444750785828 0.6793934973211236 0.8957440853118896 0.6909442060849271 0.8642420768737793 0.6846437992728256 0.8445532917976379 0.6573420734787682
1 0.777611494064331 0.12390792652123178 0.7752488851547241 0.16066027643033498 0.783911943435669 0.1942624368302809 0.7815492749214172 0.23836524282431124 0.7697359919548035 0.2677671227515938 0.7634356021881104 0.2950688763394382 0.7642231583595276 0.3076696899636413 0.7831243872642517 0.3181703772484062 0.8138388395309448 0.34442208156342496 0.8256520628929138 0.3528225591273907 0.8492786288261414 0.3496724113089139 0.8610918521881104 0.34757222938190174 0.9154328107833862 0.2572664632606159 0.9177954792976379 0.24046539695753644 0.9217332601547241 0.21316362947279854 0.92724609375 0.18691195295156676 0.9099199771881104 0.15120968010907615 0.8839308023452759 0.1218077862849001 0.8713300228118896 0.09450604659394922 0.8532163500785828 0.09765625 0.832740068435669 0.11760751970913023 0.8067508935928345 0.12075772311518101 0.7925750017166138 0.11025705667575635
1 0.6059255003929138 0.15646002375145862 0.6161636710166931 0.14070899282431124 0.63427734375 0.14175906989092385 0.6508159041404724 0.14910953987274447 0.6626291871070862 0.17221104078171248 0.6736548542976379 0.18796204391507285 0.6697171330451965 0.20266295608492715 0.6539661288261414 0.21421372043630466 0.631127119064331 0.21421372043630466 0.6224640607833862 0.2068632365575905 0.6106508374214172 0.1963625631697191 0.6051380038261414 0.19216229659394923 0.6019877791404724 0.17221104078171248
1 0.710669755935669 0.8904569587638035 0.7122448086738586 0.850554474933117 0.7138199210166931 0.8222026442786601 0.7240580916404724 0.8222026442786601 0.7524098753929138 0.8484543207998918 0.7665858268737793 0.8684055905090221 0.7689484357833862 0.8936072177574282 0.7185452580451965 0.8936072177574282
1 0.4106130301952362 0.3643733234787682 0.4271515905857086 0.3549227410544029 0.4413274824619293 0.3559727625334415 0.47282952070236206 0.3538726639877903 0.4838552176952362 0.35912299373327927 0.49251827597618103 0.3801243405090221 0.5035439729690552 0.40952622043630466 0.5106319189071655 0.4326276657576987 0.5003937482833862 0.4462785842423013 0.48464277386665344 0.45782932079989186 0.4366022050380707 0.4735803378301457 0.4208511710166931 0.4714801836969205 0.41533833742141724 0.4462785842423013 0.4066752791404724 0.42107692920010814 0.4019499719142914 0.39377520340605077
1 0.14284589886665344 0.8127520340605078 0.18773625791072845 0.827452946230362 0.19403666257858276 0.8526545178911942 0.18773625791072845 0.8883568602181523 0.1562342494726181 0.8915070636242031 0.14048324525356293 0.8778562007271744 0.13733303546905518 0.8400538154421391
1 0.09086756408214569 0.20581317338787142 0.11685673147439957 0.21001345386053477 0.14363344013690948 0.22471437992728255 0.13497038185596466 0.23941531989092385 0.1255197823047638 0.24781585304246356 0.11213142424821854 0.2436155725698002 0.10189326852560043 0.23836524282431124 0.08771736174821854 0.21736390994546193
1 0.22508534789085388 0.0710784272852274 0.2521664798259735 0.045912115517426924 0.2800682783126831 0.031687672238098034 0.2767857015132904 0.07326681279528119 0.2767857015132904 0.12688200069906932 0.27760636806488037 0.17721463118311703 0.24396008253097534 0.16627275922042206 0.22508534789085388 0.14438900139813865 0.21605829894542694 0.10718662143839296
1 0.674796462059021 0.6761641927972735 0.6583836674690247 0.7046131349435052 0.6493566036224365 0.7232143492429417 0.6583836674690247 0.7582282950535064 0.6731551885604858 0.7812061969916895 0.701056957244873 0.7954306680648053 0.7223936319351196 0.7976190396779657 0.7470128536224365 0.7790178809661031 0.7790178656578064 0.7691702087068818 0.8315388560295105 0.7647934098929873 0.8660057783126831 0.7440038239803904 0.8939075469970703 0.7166491232283129 0.8865218162536621 0.7068014509690915 0.8717502355575562 0.7035189491369251 0.8602613210678101 0.688200292257229 0.8307182192802429 0.6520921050525103 0.8159466981887817 0.6488094920451958 0.8159466981887817 0.6695990779577926 0.7978925704956055 0.6980479089288764 0.7781972289085388 0.6925770910711236 0.7708114385604858 0.6783526199980078 0.7552192807197571 0.6794467502170138 0.7322413325309753 0.6772584341914276 0.7092633843421936 0.6663165205380521 0.7018776535987854 0.6597514056985713 0.6838235259056091 0.6717875051585269
1 0.45322346687316895 0.7735469519332024 0.4893316626548767 0.7636992240864071 0.5287224054336548 0.7472863814001309 0.5533416271209717 0.7319677245204349 0.5615480542182922 0.7297794084948486 0.5672925710678101 0.7483806227942851 0.5689338445663452 0.7746410821522086 0.5779608488082886 0.800901597097706 0.5878085494041443 0.8184086811781364 0.6001181602478027 0.8315388552695241 0.6230961084365845 0.8490458281748064 0.6370469927787781 0.8709296554815574 0.6395089030265808 0.8884366283868397 0.6427915096282959 0.8993785420402152 0.605042040348053 0.898284245058487 0.571395754814148 0.8993785420402152 0.533646285533905 0.8993785420402152 0.505744457244873 0.9004727278467953 0.49097296595573425 0.8632702992479223 0.47702205181121826 0.8238795546234631 0.46307116746902466 0.7987132254845458 0.45568540692329407 0.7921481106450649 0.45322346687316895 0.785582995805584
1 0.03125 0.45623251214922017 0.03125 0.4540441127422729 0.04864758253097534 0.4638918405890682 0.07244616746902466 0.4879639561276184 0.08557641506195068 0.49781162838683973 0.11019564419984818 0.48905814193419855 0.1307116597890854 0.47264529924792237 0.14630383253097534 0.46498599860186135 0.16928178071975708 0.4759278566676628 0.1824120283126831 0.49781162838683973 0.18323266506195068 0.5175070284928563 0.16681985557079315 0.5415791162376196 0.15204831957817078 0.5558035873107354 0.12496717274188995 0.5711222441904314 0.08967962116003036 0.5886291615081398 0.06588103622198105 0.5941002017161885 0.03125 0.5908175887088741 0.03125 0.582064102256233 0.03125 0.5361081872047188 0.03125 0.5 0.03125 0.4660801844084415
1 0.07737001031637192 0.009803922232817213 0.08311449736356735 0.07436099860186134 0.07654936611652374 0.109375 0.06834296137094498 0.11375175017476734 0.036337971687316895 0.10171568545704548 0.03125 0.08858543493274348 0.03125 0.07545518440844148 0.03125 0.060136555322532446 0.03125 0.01746323590721589 0.03125 0.0018214936247723133 0.042903099209070206 0.003238795450693488 0.0642397552728653 0.0018214936247723133
1 0.08721769601106644 0.01746323590721589 0.109375 0.002144607907001655 0.13317358493804932 0.010898109776509048 0.15286895632743835 0.020745796801179703 0.21113444864749908 0.025122546975947034 0.22262342274188995 0.047006304798230446 0.21195510029792786 0.0842086917064229 0.21523766219615936 0.1378238865586578 0.2103138118982315 0.161896002097208 0.19472163915634155 0.18377975991949141 0.15697216987609863 0.21113444677467555 0.1479451209306717 0.21113444677467555 0.1233258917927742 0.1980042031988203 0.09706538915634155 0.19253326026902606 0.08393513411283493 0.1717436882533228 0.07819065451622009 0.1520483159410932 0.07819065451622009 0.1257878148924892 0.08393513411283493 0.10718662143839296 0.08803834021091461 0.07545518440844148 0.08721769601106644 0.047006304798230446
1 0.2874540388584137 0.5864408454825535 0.29976364970207214 0.5765931176357582 0.3211003243923187 0.5919117189278802 0.3506433963775635 0.6105129888148907 0.36541491746902466 0.6225489770996984 0.34818145632743835 0.7068014509690915 0.34489890933036804 0.7374387647284836 0.33423057198524475 0.7615108524732468 0.3145352005958557 0.7735469519332024 0.2907366156578064 0.777923639571949 0.24970456957817078 0.7844887544114298 0.2456013709306717 0.7538516074147598 0.24970456957817078 0.7396271363416439 0.2652967572212219 0.710084008388832 0.27760636806488037 0.6586572198919911 0.28499212861061096 0.6444328044064492 0.2874540388584137 0.6094187474207365
1 0.35802915692329407 0.48686971473346424 0.3711594045162201 0.47811622828082306 0.39413735270500183 0.48249302709471764 0.4130120873451233 0.4835871573137238 0.4269629716873169 0.5054709290329007 0.4417344927787781 0.5207895859125967 0.45322346687316895 0.5361081872047188 0.4409138560295105 0.5514268440844149 0.4302455484867096 0.5590861447304759 0.40234375 0.5536152156975751 0.3777245283126831 0.5393907446244592 0.36541491746902466 0.5240720877447632 0.3596704304218292 0.5065651704270548
1 0.42450106143951416 0.48249302709471764 0.45978859066963196 0.4759278566676628 0.49507614970207214 0.46498599860186135 0.5024619102478027 0.4759278566676628 0.5 0.492340699353939 0.4835871756076813 0.507659300646061 0.47045692801475525 0.5350140013981387 0.45240283012390137 0.5186011587118625 0.4376313090324402 0.5043767432263205
1 0.35146403312683105 0.4879639561276184 0.36623555421829224 0.5470500452705203 0.42203912138938904 0.5700280027962773 0.42203912138938904 0.5919117189278802 0.41465336084365845 0.6061361900009962 0.39331671595573425 0.6137955462346312 0.3711594045162201 0.6105129888148907 0.3293067216873169 0.5842524182818192 0.3087907135486603 0.567839631183117 0.30714941024780273 0.5612745163436361 0.3252035081386566 0.5350140013981387 0.34161633253097534 0.5109418580658015 0.34818145632743835 0.5010941858065802
1 0.6222754716873169 0.5109418580658015 0.6559217572212219 0.46279759919491403 0.6788997054100037 0.4507615553225324 0.7018776535987854 0.4638918405890682 0.7232142686843872 0.4715511690289162 0.7650669813156128 0.47373948505450253 0.7864035964012146 0.4792104140874032 0.8069196343421936 0.49452901537952526 0.8069196343421936 0.5142244710731159 0.7970719337463379 0.5470500452705203 0.7921481132507324 0.5744048016101719 0.7740939855575562 0.582064102256233 0.7650669813156128 0.5864408454825535 0.7511160969734192 0.589723402902294 0.7322413325309753 0.5481442866646744 0.7141872644424438 0.5372024285988729 0.687926709651947 0.5328256297849784 0.6411502361297607 0.5415791162376196 0.6255580186843872 0.5415791162376196 0.6222754716873169 0.5295431279528119
1 0.3777245283126831 0.6302083333333334 0.4064469635486603 0.6192664752675319 0.43516936898231506 0.6105129888148907 0.45650604367256165 0.612701360428051 0.4688156545162201 0.6192664752675319 0.4679950177669525 0.635679317953808 0.4614298939704895 0.6531862352715164 0.4548647701740265 0.6783526199980078 0.4400932192802429 0.6969537787098702 0.42860424518585205 0.7133665658085724 0.4195772111415863 0.7319677245204349 0.40234375 0.7319677245204349 0.36951813101768494 0.7341561517211692 0.3572085201740265 0.7363445789219034 0.35228466987609863 0.7243084794619479 0.3531053066253662 0.7057073207500854 0.3637736439704895 0.6750700625782673 0.36623555421829224 0.6477153062386156 0.36951813101768494 0.635679317953808
1 0.4548647701740265 0.69476540709671 0.44583770632743835 0.7078956923632457 0.43845194578170776 0.7188374948414731 0.4335280954837799 0.725402665268528 0.4310661852359772 0.7352502819401753 0.4417344927787781 0.7516631246264515 0.4482996463775635 0.7593224808600865 0.4606092572212219 0.7396271363416439 0.4720982015132904 0.7221201078487876 0.4753807783126831 0.7078956923632457 0.4655330777168274 0.6914828496769695
1 0.669052004814148 0.7976190396779657 0.6846441626548767 0.8096551391379212 0.7002363204956055 0.8216912385978768 0.7043395638465881 0.8370098398899989 0.7002363204956055 0.8764005289268841 0.7002363204956055 0.8993785420402152 0.6641281247138977 0.898284245058487 0.6526392102241516 0.9004727278467953 0.6460740566253662 0.8643644294669285 0.6452534198760986 0.8468575121492202 0.6468946933746338 0.8304446138753699 0.6551011204719543 0.8173143841964082 0.661666214466095 0.8052783403240267
1 0.13973870873451233 0.6542804766656706 0.11676076799631119 0.6695990779577926 0.09050026535987854 0.69476540709671 0.07819065451622009 0.7155549374217327 0.07244616746902466 0.7429096937613844 0.07737001031637192 0.7538516074147598 0.08803834021091461 0.777923639571949 0.09050026535987854 0.7899597390319046 0.09296218305826187 0.7998073557035519 0.13153229653835297 0.8052783403240267 0.1545102447271347 0.8074667675247609 0.17995010316371918 0.8162201983898281 0.19225971400737762 0.8238795546234631 0.20621061325073242 0.8282562978497837 0.21687893569469452 0.8074667675247609 0.23082983493804932 0.793242296451645 0.23575367033481598 0.7658875401119934 0.23411239683628082 0.7385329505350637 0.21277573704719543 0.7374387647284836 0.1856945902109146 0.7308735943014287 0.1651785671710968 0.7264968510751082 0.14712446928024292 0.7089898781698258 0.14548319578170776 0.6641281489248918
1 0.2349330335855484 0.8019958384918602 0.22262342274188995 0.8216912385978768 0.20867253839969635 0.8402923973097393 0.20128676295280457 0.8567051844084415 0.1930803507566452 0.8917191858065802 0.23739495873451233 0.8960959290329007 0.2652967572212219 0.8950016876387465 0.29237788915634155 0.8960959290329007 0.311252623796463 0.8960959290329007 0.3005842864513397 0.8687412838683971 0.2907366156578064 0.8534226269887011 0.2792476415634155 0.838104025696579 0.2562696933746338 0.822785368816883 0.24396008253097534 0.808560897743767
1 0.31617647409439087 0.8260679262366234 0.3087907135486603 0.8435749547294797 0.3079700767993927 0.8599877418281819 0.31289389729499817 0.8796830863466245 0.32027968764305115 0.8939075574197405 0.3399750590324402 0.9004727278467953 0.3539259433746338 0.8993785420402152 0.3637736439704895 0.8993785420402152 0.3432576060295105 0.867647098061817 0.33176863193511963 0.8446690849484859 0.32684481143951416 0.8282562978497837
1 0.24313944578170776 0.7943364822582252 0.26447609066963196 0.808560897743767 0.27842700481414795 0.8216912385978768 0.2973017394542694 0.8391981559155851 0.3120732605457306 0.8238795546234631 0.32356223464012146 0.8041842101050205 0.3252035081386566 0.7833945686048497 0.3153558373451233 0.7812061969916895 0.30304622650146484 0.7801120111851093 0.2874540388584137 0.7877714230063183 0.2800682783126831 0.7899597390319046 0.26857930421829224 0.7910539248384847 0.25462841987609863 0.793242296451645
1 0.03125 0.2516194049995019 0.03125 0.28553922059106046 0.03305540978908539 0.30961136392339766 0.05028886720538139 0.3325892936553677 0.06834296137094498 0.3533788517741775 0.0708048865199089 0.3610381802140255 0.06834296137094498 0.3938638099990039 0.06095719709992409 0.4179359255375541 0.05603335052728653 0.4299719694099357 0.04372373968362808 0.4299719694099357 0.03125 0.4354429262366234 0.03125 0.4420080410761043 0.03125 0.39058125257926346 0.03125 0.3446253653215363 0.03125 0.31179973553655793 0.03125 0.26693803408541095
1 0.18897715210914612 0.5798757306430726 0.16025473177433014 0.5809698608620788 0.1405593454837799 0.5853466596759733 0.12496717274188995 0.5919117189278802 0.08967962116003036 0.6148896764536373 0.07490808516740799 0.6269257759135929 0.056853991001844406 0.6389618753735485 0.040441177785396576 0.6499037334393499 0.03125 0.6695990779577926 0.03125 0.6936712212901298 0.03125 0.7155549374217327 0.03125 0.7286852226882684 0.03125 0.7429096937613844 0.04126181825995445 0.7407212665606501 0.05275078862905502 0.7407212665606501 0.0642397552728653 0.7352502819401753 0.08639705926179886 0.688200292257229 0.11676076799631119 0.6586572198919911 0.12496717274188995 0.6509979192459301 0.14876575767993927 0.6334908351654998 0.1651785671710968 0.620360661074112 0.1897977888584137 0.6159839178477914 0.19225971400737762 0.5941002017161885
1 0.03125 0.5951943319351947 0.03125 0.6006652609680954 0.06013655290007591 0.6028536325812557 0.07654936611652374 0.60504205978199 0.06259847432374954 0.6170780480667976 0.0535714291036129 0.6258315345194387 0.04946822300553322 0.6302083333333334 0.03125 0.6499037334393499 0.03125 0.6630339631183118 0.03125 0.672881635377533 0.03125 0.6827293076367543 0.03125 0.6903886638703893 0.03125 0.6873978856265653 0.03125 0.6873978856265653 0.03125 0.6269257759135929
1 0.09050026535987854 0.8118434551635075 0.07244616746902466 0.8939075574197405 0.13973870873451233 0.8950016876387465 0.13235294818878174 0.8567051844084415 0.13317358493804932 0.8271621120432036 0.1339942216873169 0.8184086811781364
1 0.4228597581386566 0.010898109776509048 0.4064469635486603 0.03606442588708874 0.40726760029792786 0.047006304798230446 0.41793593764305115 0.08639705637113644 0.45978859066963196 0.0842086917064229 0.48112526535987854 0.083114498951396 0.49507614970207214 0.053571430060381446 0.5049238204956055 0.032781861518901556 0.5024619102478027 0.00652135873318587 0.4786633551120758 0.004332983211524283 0.4606092572212219 0.005427171189494037 0.4409138560295105 0.005427171189494037 0.4310661852359772 0.00652135873318587
1 0.33505120873451233 0.010898109776509048 0.35146403312683105 0.04372373695581989 0.37936580181121826 0.10280987821207238 0.3883928656578064 0.13891807236523793 0.38675156235694885 0.1575192727677809 0.37280067801475525 0.18377975991949141 0.3498227298259735 0.1980042031988203 0.32438287138938904 0.20675770354835496 0.30632877349853516 0.22098213293079036 0.28909531235694885 0.18377975991949141 0.28499212861061096 0.10390406401865253 0.291557252407074 0.025122546975947034 0.2948397994041443 0.003238795450693488 0.3260241448879242 0.00652135873318587
1 0.9136029481887817 0.045912115517426924 0.9431459903717041 0.06451330549729978 0.9538143277168274 0.07983193458320882 0.962020754814148 0.11594012178792762 0.9685858488082886 0.13454131524202384 0.9480698704719543 0.14657737301129894 0.9275538325309753 0.143294829488452 0.9152442216873169 0.12250524357585525 0.896369457244873 0.09405637091409096 0.8889837265014648 0.08967962073932363 0.8922662734985352 0.07545518440844148
1 0.3777245283126831 0.20019257481198058 0.41137078404426575 0.2242646903505308 0.43599003553390503 0.23192401879037883 0.4441964328289032 0.2603729192459301 0.4441964328289032 0.27131477731173154 0.4261423349380493 0.31398807935593126 0.42203912138938904 0.33040092204220745 0.40070247650146484 0.31945906397640594 0.38346901535987854 0.29429270704370164 0.3678768277168274 0.2516194049995019 0.3678768277168274 0.23192401879037883 0.3785451650619507 0.21332283228472934
1 0.4573266804218292 0.22535890395089794 0.486869752407074 0.20128677451545424 0.49753808975219727 0.19581581768876652 0.5090270638465881 0.20238096032203437 0.5139508843421936 0.21879376131763006 0.507385790348053 0.24286591854686077 0.49179360270500183 0.28116247736473987 0.47373950481414795 0.2767857063446323 0.4548647701740265 0.2559961482258225 0.45322346687316895 0.2363007759135929
1 0.21934086084365845 0.16299020180068163 0.2414981573820114 0.18706231733923184 0.20949317514896393 0.23192401879037883 0.20292805135250092 0.2439600765596539 0.20785188674926758 0.26693803408541095 0.21113444864749908 0.2910101774177482 0.21277573704719543 0.3052345929032901 0.21687893569469452 0.33477769306231503 0.22344405949115753 0.3686974808600865 0.22344405949115753 0.3774509673127277 0.21113444864749908 0.3938638099990039 0.1865152269601822 0.4091824390849129 0.1758469045162201 0.41246496871086635 0.15533088147640228 0.4255952539774021 0.1405593454837799 0.4420080410761043 0.12907037138938904 0.45623251214922017 0.11758140474557877 0.4682685560216018 0.09460346400737762 0.4803046554815574 0.07326680421829224 0.48249302709471764 0.054392069578170776 0.4540441127422729 0.05849527195096016 0.4420080410761043 0.07326680421829224 0.40480566806480534 0.08393513411283493 0.36760329505350636 0.09378282725811005 0.3293067084418403 0.0954241082072258 0.3107055219361908 0.109375 0.3008578496769695 0.12414653599262238 0.28553922059106046 0.13481485843658447 0.26693803408541095 0.1405593454837799 0.2505252191929218 0.15368960797786713 0.23192401879037883 0.17338497936725616 0.21769958940794343 0.19225971400737762 0.20238096032203437 0.20538996160030365 0.1859681454295452 0.2144170105457306 0.17283790185368994
1 0.21113444864749908 0.4058998538713855 0.23329176008701324 0.42012429715071437 0.2587316036224365 0.4376312700559967 0.2628348171710968 0.44419644048305157 0.2628348171710968 0.47483367086108264 0.26857930421829224 0.507659300646061 0.2800682783126831 0.5350140013981387 0.2874540388584137 0.5558035873107354 0.2882746756076813 0.567839631183117 0.23985688388347626 0.5448617292449339 0.22262342274188995 0.5350140013981387 0.2037486881017685 0.5207895859125967 0.19143907725811005 0.5 0.17010241746902466 0.4617034133883339 0.16435793042182922 0.45623251214922017 0.1651785671710968 0.44857321150315915 0.16599921882152557 0.42887781139714254 0.18323266506195068 0.4212184829572945
1 0.8011751770973206 0.3632265240333988 0.8561580777168274 0.36432073763376593 0.8881630897521973 0.4212184829572945 0.9226300120353699 0.4387254836563638 0.9529936909675598 0.4682685560216018 0.9776129126548767 0.4879639561276184 0.9644826650619507 0.5021883716131603 0.9341189861297607 0.5262605149454975 0.9300157427787781 0.5284488865586577 0.9004727005958557 0.515318656879696 0.8660057783126831 0.5131302296789617 0.8422071933746338 0.5317314439783982 0.8241531252861023 0.5470500452705203 0.8143054246902466 0.5470500452705203 0.813484787940979 0.5021883716131603 0.8085609078407288 0.46498599860186135 0.7806591391563416 0.455138298548853 0.7683495283126831 0.44857321150315915 0.7790178656578064 0.41246496871086635 0.785582959651947 0.3829219241394154
1 0.9915637969970703 0.3161764787628785 0.9981289505958557 0.3227415936023594 0.9990234375 0.33347558193519466 0.9989495873451233 0.36432073763376593 0.9981289505958557 0.387298667365736 0.995667040348053 0.4157475539243938 0.9964876770973206 0.48905814193419855 0.9874606132507324 0.4857755845144581 0.9735097289085388 0.47045692763476205 0.9398634433746338 0.4376312700559967 0.9291951060295105 0.4234068823642418 0.924271285533905 0.4179359255375541 0.9390428066253662 0.3993347668256916 0.9587382078170776 0.3818277105390483 0.9735097289085388 0.35994399440744534 0.9849987030029297 0.3325892936553677
1 0.864364504814148 0.8271621120432036 0.9332982897758484 0.8216912385978768 0.9858193397521973 0.8304446138753699 0.9990234375 0.8357263228063809 0.9973083138465881 0.8654586708610826 0.982536792755127 0.8818714579597848 0.9702271819114685 0.8971901148394809 0.9341189861297607 0.8993785420402152 0.9004727005958557 0.9004727278467953 0.8865218162536621 0.8993785420402152 0.8758534789085388 0.8709296554815574
1 0.6206341981887817 0.22535890395089794 0.6657694578170776 0.22098213293079036 0.6772584319114685 0.21660537580757627 0.6887473464012146 0.23520659010701275 0.6920299530029297 0.2603729192459301 0.6846441626548767 0.274597334731472 0.674796462059021 0.3008578496769695 0.6624868512153625 0.32602415102209986 0.6509978771209717 0.33806022268826846 0.6452534198760986 0.33806022268826846 0.6189929246902466 0.33477769306231503 0.5943737030029297 0.31179973553655793 0.5812434554100037 0.3008578496769695 0.5869879126548767 0.28225663537753304 0.6058626770973206 0.26584384827883084 0.6189929246902466 0.2516194049995019 0.6247373819351196 0.23739493392638605
1 0.7141872644424438 0.16736693113010873 0.7429096698760986 0.18377975991949141 0.7708114385604858 0.19253326026902606 0.7740939855575562 0.20238096032203437 0.766708254814148 0.22645307586058458 0.759322464466095 0.25380774881887525 0.7527573704719543 0.2625612908590904 0.7379857897758484 0.2691263779047843 0.721572995185852 0.26584384827883084 0.7100840210914612 0.25490196241924234 0.7018776535987854 0.24724263397939436 0.6846441626548767 0.21551120389788964 0.6805409789085388 0.19909838900540044 0.6887473464012146 0.18268557411291125 0.7059808373451233 0.1739320737633766
1 0.5459558963775635 0.044817929710846784 0.5689338445663452 0.04262955114923974 0.603400707244873 0.018557423450907724 0.6165310144424438 0.01199229732020088 0.6255580186843872 0.007615546276877704 0.6657694578170776 0.007615546276877704 0.6797203421592712 0.026216737993862243 0.6871060729026794 0.0513830514987744 0.6920299530029297 0.06889005567206712 0.6813616156578064 0.07764355602160178 0.669052004814148 0.09733893528227815 0.6600249409675598 0.11703431454295452 0.6559217572212219 0.1356355149454975 0.6337644457817078 0.13235292973197005 0.6116071343421936 0.13454131524202384 0.6066833138465881 0.1378238865586578 0.5935530662536621 0.1476715588178791 0.5812434554100037 0.14110644397839822 0.5697544813156128 0.13672968685518413 0.5541622638702393 0.1378238865586578 0.5377494692802429 0.1378238865586578 0.5295430421829224 0.1334471294354437 0.533646285533905 0.109375 0.5402113795280457 0.08530286361610954 0.5451352596282959 0.056853990954345256
1 0.5180540680885315 0.16955531664016252 0.5287224054336548 0.16955531664016252 0.5402113795280457 0.161896002097208 0.5517003536224365 0.15095413013451303 0.5656512379646301 0.15095413013451303 0.5746783018112183 0.15533088725772712 0.5935530662536621 0.1575192727677809 0.5935530662536621 0.16517857341384193 0.5943737030029297 0.17612044537653687 0.5935530662536621 0.18925070284928563 0.5878085494041443 0.19691001739224015 0.571395754814148 0.20347513223172103 0.5500590801239014 0.21332283228472934 0.5369288325309753 0.21988796102110372 0.5279017686843872 0.22098213293079036 0.5172334313392639 0.20347513223172103 0.5106683373451233 0.18706231733923184
1 0.5254398584365845 0.2341124043004326 0.5599067807197571 0.22535890395089794 0.5837053656578064 0.21441703198820297 0.6075039505958557 0.21441703198820297 0.6116071343421936 0.2242646903505308 0.603400707244873 0.23848914752675318 0.591911792755127 0.2559961482258225 0.577140212059021 0.274597334731472 0.5722163915634155 0.28553922059106046 0.5705751180648804 0.30632877870987024 0.5607274174690247 0.31945906397640594 0.5352875590324402 0.3249299930093067 0.5032825469970703 0.3369660368816883 0.4958967864513397 0.3369660368816883 0.4893316626548767 0.3325892936553677 0.4835871756076813 0.3172706645694587 0.4926142394542694 0.2931985212371215 0.5090270638465881 0.27350314892489186 0.5172334313392639 0.2625612908590904
1 0.5053341388702393 0.4507615553225324 0.5242089033126831 0.4255952539774021 0.5512900352478027 0.41465339591160066 0.5849363207817078 0.4091824390849129 0.595604658126831 0.4157475539243938 0.5767298936843872 0.43653711204320356 0.5627790093421936 0.4540441127422729 0.5480074882507324 0.4660801844084415 0.5299533605575562 0.46936274182818194 0.5143612027168274 0.46936274182818194
1 0.6066833138465881 0.4069940674717526 0.6329438090324402 0.3818277105390483 0.6386882662773132 0.35228466596759733 0.6542804837226868 0.3446253653215363 0.6944918632507324 0.28991593602359406 0.6953125 0.27897407795779255 0.7043395638465881 0.27131477731173154 0.7223936319351196 0.2756915483318391 0.7355238795280457 0.28116247736473987 0.7437303066253662 0.2921043354305413 0.7511160969734192 0.31179973553655793 0.7429096698760986 0.3227415936023594 0.7273175120353699 0.35228466596759733 0.7125459313392639 0.3774509673127277 0.708442747592926 0.40480566806480534 0.7092633843421936 0.4277835977967754 0.7199317216873169 0.45732667016201334 0.6977744102478027 0.4507615553225324 0.6780790686607361 0.44857321150315915 0.648535966873169 0.45732667016201334 0.6304818987846375 0.484681343120304 0.6148896813392639 0.5120360438723816 0.6140690445899963 0.5317314439783982 0.6099658608436584 0.5481442866646744 0.605042040348053 0.5339198155915585 0.59765625 0.5109418580658015 0.577140212059021 0.49452901537952526 0.5656512379646301 0.4803046554815574 0.5746783018112183 0.455138298548853 0.5861672759056091 0.44091388306331114 0.5984768867492676 0.4212184829572945
1 0.8093815445899963 0.5853466596759733 0.8315388560295105 0.5776873034423383 0.8471310138702393 0.597382703548355 0.8495929837226868 0.6083245616141564 0.8356420397758484 0.6214548468806922 0.8200498819351196 0.6302083333333334 0.8052783608436584 0.6313025191399135 0.7995339035987854 0.6247374043004326 0.800354540348053 0.6028536325812557
1 0.9718684554100037 0.515318656879696 0.9595588445663452 0.552520974303421 0.9505317807197571 0.5776873034423383 0.9488905072212219 0.6061361900009962 0.9685858488082886 0.6236432184938525 0.9948464035987854 0.6477153062386156 0.9990234375 0.6219567470863218 0.9973083138465881 0.5437674878507798 0.9973083138465881 0.5175070284928563 0.995667040348053 0.5120360438723816
1 0.9365808963775635 0.6269257759135929 0.9587382078170776 0.6334908351654998 0.9710478186607361 0.6389618753735485 0.98828125 0.6542804766656706 0.9915637969970703 0.6783526199980078 0.9776129126548767 0.702424707742771 0.9579175710678101 0.7078956923632457 0.9365808963775635 0.6925770910711236 0.9275538325309753 0.680540991611168 0.9201680421829224 0.6641281489248918 0.9209886789321899 0.6466211760196096
1 0.7732733488082886 0.8534226269887011 0.8118435144424438 0.8337272824702584 0.8463103771209717 0.8337272824702584 0.8545168042182922 0.8391981559155851 0.8610819578170776 0.8567051844084415 0.8668264150619507 0.875306343120304 0.8684676885604858 0.8895308141934198 0.8635438680648804 0.8950016876387465 0.8274356722831726 0.8960959290329007 0.7962512969970703 0.8960959290329007 0.7831210494041443 0.8928133716131603 0.7749146819114685 0.8884366283868397
1 0.728958785533905 0.8030900242984403 0.7880449295043945 0.7833945686048497 0.8257943987846375 0.7812061969916895 0.8791360259056091 0.7593224808600865 0.903755247592926 0.7319677245204349 0.9086790680885315 0.6914828496769695 0.924271285533905 0.7002363361296107 0.9480698704719543 0.717743364622467 0.9776129126548767 0.7144608072027265 0.9948464035987854 0.7035189491369251 0.9948464035987854 0.7352502819401753 0.995667040348053 0.7888655532253245 0.9932050704956055 0.8162201983898281 0.9776129126548767 0.8173143841964082 0.9209886789321899 0.8140318267766679 0.8733915686607361 0.8151260125832479 0.8479517102241516 0.8195028113971425 0.813484787940979 0.8260679262366234 0.7814797759056091 0.8348214682768386 0.7683495283126831 0.8391981559155851 0.7478334903717041 0.8238795546234631
1 0.5648306012153625 0.7089898781698258 0.5927324295043945 0.6892945336513832 0.6140690445899963 0.6816351218301742 0.6567423939704895 0.6663165205380521 0.661666214466095 0.6739758767716871 0.6509978771209717 0.6969537787098702 0.6427915096282959 0.7155549374217327 0.6255580186843872 0.717743364622467 0.5861672759056091 0.7363445789219034 0.5779608488082886 0.7396271363416439
1 0.03125 0.24067751913991348 0.047826942056417465 0.2341124043004326 0.07572872936725616 0.22535890395089794 0.08967962116003036 0.23192401879037883 0.09378282725811005 0.24505426236623407 0.08311449736356735 0.25709033403240267 0.07244616746902466 0.2680322198919911 0.05603335052728653 0.27897407795779255 0.04208245873451233 0.2800682915581597 0.03125 0.2724089631183117 0.03125 0.25709033403240267
1 0.30714941024780273 0.23082983298379867 0.3613117039203644 0.21222864647814918 0.3596704304218292 0.2603729192459301 0.35884979367256165 0.2866334063976406 0.3391544222831726 0.3085171503230305 0.31699711084365845 0.31945906397640594 0.3038668632507324 0.32383577940893954 0.3055081367492676 0.29429270704370164 0.311252623796463 0.25818451983898283
1 0.3465401828289032 0.3128938935493511 0.3613117039203644 0.29538692064406874 0.3711594045162201 0.2910101774177482 0.3842896521091461 0.3183648225822518 0.41383272409439087 0.3468137091409096 0.40398502349853516 0.35556722338733776 0.38264837861061096 0.35228466596759733 0.3563878536224365 0.3293067084418403
1 0.23247110843658447 0.37963936671967496 0.25380778312683105 0.3894870389788963 0.29566046595573425 0.35119048016101717 0.3014049232006073 0.3697916666666667 0.2882746756076813 0.39276959639863673 0.2767857015132904 0.4102766248914931 0.2652967572212219 0.42450106817082195 0.24067752063274384 0.4113707829042862 0.22180278599262238 0.40042892483848475 0.22180278599262238 0.39167543838584357
1 0.30222558975219727 0.34353115172116916 0.31289389729499817 0.33149510784878755 0.32766544818878174 0.3249299930093067 0.3399750590324402 0.3205532219891991 0.34079569578170776 0.32821252263526013 0.3293067216873169 0.3490020807540699 0.317817747592926 0.36432073763376593 0.3055081367492676 0.3632265240333988
1 0.7404477596282959 0.6006652609680954 0.7650669813156128 0.5962885177417748 0.785582959651947 0.5853466596759733 0.7954306602478027 0.5875350312891336 0.7880449295043945 0.6148896764536373 0.7913274765014648 0.6323967049464936 0.8052783608436584 0.6455269346254554 0.8028164505958557 0.6674106507570583 0.7937893867492676 0.6794467502170138 0.772452712059021 0.6663165205380521 0.7535780072212219 0.6641281489248918 0.7182904481887817 0.6597514056985713 0.7035189270973206 0.6542804766656706 0.7232142686843872 0.635679317953808 0.7347032427787781 0.612701360428051
1 0.6788997054100037 0.00652135873318587 0.6944918632507324 0.04372373695581989 0.7068014740943909 0.07217262004025429 0.7125459313392639 0.10718662143839296 0.7207523584365845 0.1498599443279329 0.7248555421829224 0.1640843876072618 0.7470128536224365 0.17502625956995674 0.7716320753097534 0.18268557411291125 0.7691701650619507 0.15533088725772712 0.7716320753097534 0.11594012178792762 0.7585018277168274 0.07764355602160178 0.7379857897758484 0.03934699025527593 0.7273175120353699 0.00652135873318587 0.6961331367492676 0.0018214936247723133
1 0.5082064270973206 0.0018214936247723133 0.5164127945899963 0.020745796801179703 0.5385701060295105 0.027310923800442387 0.5566242337226868 0.02840511308124591 0.590270459651947 0.016369046626412368 0.6017594337463379 0.007615546276877704 0.5549829602241516 0.00652135873318587 0.5311843752861023 0.004332983211524283 0.5221573114395142 0.002144607907001655 0.5164127945899963 0.0018214936247723133
1 0.2103138118982315 0.002144607907001655 0.21605829894542694 0.018557423450907724 0.2283679097890854 0.045912115517426924 0.2529871463775635 0.03715861169366889 0.2693999409675598 0.026216737993862243 0.2808889150619507 0.015274860819832224 0.28499212861061096 0.007615546276877704 0.2792476415634155 0.004332983211524283 0.2587316036224365 0.002144607907001655 0.23000919818878174 0.003238795450693488
1 0.8307182192802429 0.005427171189494037 0.8290769457817078 0.02183998608198322 0.8307182192802429 0.04262955114923974 0.8381040096282959 0.06341911969071963 0.8479517102241516 0.0842086917064229 0.864364504814148 0.09186799235248393 0.8799566626548767 0.08749124217771659 0.8914456367492676 0.056853990954345256 0.903755247592926 0.04262955114923974 0.911141037940979 0.03497024008050859 0.9021139740943909 0.01308648399533687 0.8988314270973206 0.004332983211524283 0.8668264150619507 0.005427171189494037 0.8454897403717041 0.004332983211524283
1 0.9316570162773132 0.15314251564456682 0.9324776530265808 0.17721463118311703 0.9341189861297607 0.19691001739224015 0.9259125590324402 0.22535890395089794 0.9275538325309753 0.24177170494649364 0.9464285969734192 0.24943100559255466 0.9587382078170776 0.25380774881887525 0.9759716391563416 0.2516194049995019 0.9735097289085388 0.22754727556405824 0.9554556012153625 0.20456931803830117 0.954634964466095 0.18706231733923184 0.9529936909675598 0.16299020180068163 0.9472492337226868 0.15861344467746755
