0 0.1094667986035347 0.20917338132858276 0.11095411330461502 0.2299224336942037 0.09979920834302902 0.26219868659973145 0.08566966652870178 0.2921695311864217 0.06930913776159286 0.29908589522043866 0.06633450090885162 0.3094604015350342 0.07079645991325378 0.3290567398071289 0.06410351395606995 0.3475003242492676 0.06017699092626572 0.33619701862335205 0.06017699092626572 0.28179502487182617 0.061128877103328705 0.2322278618812561 0.06017699092626572 0.21599751710891724 0.06017699092626572 0.20576131343841553 0.09533724933862686 0.20802064736684164
0 0.1280583143234253 0.20917338132858276 0.1466498076915741 0.22070064147313437 0.15854838490486145 0.23683875799179077 0.17342157661914825 0.2633514404296875 0.18532013893127441 0.294474999109904 0.19350039958953857 0.2921695311864217 0.2150665521621704 0.2702677845954895 0.22547779977321625 0.2575877904891968 0.2262214571237564 0.22646425167719522 0.22919611632823944 0.2183951735496521 0.24183833599090576 0.22070064147313437 0.24927492439746857 0.2126315434773763 0.24610906839370728 0.20576131343841553 0.21581020951271057 0.20576131343841553 0.1875511258840561 0.20576131343841553 0.1689596176147461 0.20576131343841553 0.14590615034103394 0.20576131343841553 0.1354949027299881 0.20576131343841553
0 0.26042982935905457 0.20802064736684164 0.24778760969638824 0.22646425167719522 0.2373763620853424 0.2529768943786621 0.23068343102931976 0.2668095827102661 0.2113482654094696 0.28525320688883465 0.18234549462795258 0.3094604015350342 0.17044693231582642 0.33136216799418133 0.16449765861034393 0.34519489606221515 0.18085817992687225 0.34865299860636395 0.19796237349510193 0.34519489606221515 0.21581020951271057 0.3302094340324402 0.2336580455303192 0.308307687441508 0.2619171738624573 0.2575877904891968 0.27902135252952576 0.22300606966018677 0.2879452705383301 0.2068679134051005 0.27381572127342224 0.20917338132858276
0 0.07674574106931686 0.322140375773112 0.08864431083202362 0.31061315536499023 0.12657098472118378 0.3094604015350342 0.1503681093454361 0.2910168170928955 0.16375400125980377 0.30023860931396484 0.1667286455631256 0.322140375773112 0.1555737406015396 0.3428894281387329 0.1444188356399536 0.36479119459788006 0.12731464207172394 0.3889983892440796 0.1169034019112587 0.40398383140563965 0.10723581165075302 0.41090015570322674 0.0945935845375061 0.3878456751505534 0.08641332387924194 0.36248572667439777 0.08120770752429962 0.34865299860636395 0.0760020837187767 0.33827853202819824
0 0.07302744686603546 0.40744197368621826 0.06261619925498962 0.39130385716756183 0.061872538179159164 0.40859468777974445 0.06038521230220795 0.43049649397532147 0.06038521230220795 0.45355093479156494 0.061872538179159164 0.47775816917419434 0.0722837820649147 0.4662309487660726 0.0760020837187767 0.45009279251098633 0.07748940587043762 0.43280192216237384 0.07525841891765594 0.41896923383076984
0 0.16375400125980377 0.3544166882832845 0.18085817992687225 0.35556940237681073 0.18234549462795258 0.3705548048019409 0.18160183727741241 0.40859468777974445 0.1801145374774933 0.4420237143834432 0.17937086522579193 0.45931458473205566 0.1726779192686081 0.4696890910466512 0.1615230143070221 0.47775816917419434 0.15483006834983826 0.4789108832677205 0.1466498076915741 0.4673836628595988 0.14367516338825226 0.4466346502304077 0.1466498076915741 0.40513654549916583 0.1555737406015396 0.3774711688359578
0 0.06410351395606995 0.4858272473017375 0.0834386870265007 0.4639255205790202 0.10128653049468994 0.45585644245147705 0.1280583143234253 0.4616200129191081 0.14516249299049377 0.4800636370976766 0.16003568470478058 0.4892854293187459 0.16301032900810242 0.5169508457183838 0.1429315060377121 0.537699818611145 0.12508367002010345 0.5400053262710571 0.10797947645187378 0.5549906889597574 0.09756822884082794 0.5757397810618082 0.08938796818256378 0.6206959883371989 0.0722837820649147 0.6437505483627319 0.061872538179159164 0.6518195867538452 0.06017699092626572 0.613272507985433 0.061128877103328705 0.5065762996673584
0 0.1689596176147461 0.4812163511912028 0.18308916687965393 0.468536376953125 0.1949877291917801 0.4662309487660726 0.20316798985004425 0.4812163511912028 0.2039116472005844 0.5019654035568237 0.20911727845668793 0.5446162223815918 0.2150665521621704 0.5884197552998861 0.21581020951271057 0.6057105859120687 0.2024243324995041 0.5999469757080078 0.18978211283683777 0.5987942218780518 0.1689596176147461 0.6183905601501465 0.16003568470478058 0.6345287561416626 0.15259909629821777 0.6230014562606812 0.14144419133663177 0.5987942218780518 0.12880195677280426 0.5791979630788168 0.11169777810573578 0.5688234170277914 0.11467242240905762 0.5538380146026611 0.12954561412334442 0.5492271184921265 0.15185542404651642 0.5434634685516357 0.16449765861034393 0.5296307802200317 0.1689596176147461 0.5054236253102621 0.1667286455631256 0.496201753616333
0 0.2448129504919052 0.3117658495903015 0.26786646246910095 0.287558635075887 0.2797650098800659 0.2956277132034302 0.29240721464157104 0.31061315536499023 0.29463818669319153 0.3302094340324402 0.2983565032482147 0.35326393445332843 0.29761284589767456 0.37631837526957196 0.2991001605987549 0.39360928535461426 0.29389452934265137 0.4224274158477783 0.27902135252952576 0.42127470175425213 0.2596861720085144 0.41090015570322674 0.24778760969638824 0.39245657126108807 0.23812001943588257 0.35326393445332843 0.23514539003372192 0.34519489606221515 0.24183833599090576 0.3279040257136027
0 0.3005875051021576 0.31407129764556885 0.3169480264186859 0.31291858355204266 0.33107757568359375 0.31291858355204266 0.3541310131549835 0.29908589522043866 0.3727225661277771 0.2760314146677653 0.39428868889808655 0.2575877904891968 0.3987506330013275 0.2541296084721883 0.40395626425743103 0.27257323265075684 0.4002379775047302 0.30023860931396484 0.38313376903533936 0.32329312960306805 0.3771844804286957 0.35326393445332843 0.3652859330177307 0.37862388292948407 0.3489254117012024 0.39245657126108807 0.3303339183330536 0.40283111731211346 0.3191789984703064 0.40398383140563965 0.30653679370880127 0.3878456751505534 0.30133116245269775 0.3578747908274333 0.30133116245269775 0.3302094340324402
0 0.3861084282398224 0.3428894281387329 0.3898267447948456 0.322140375773112 0.39800697565078735 0.31061315536499023 0.41808581352233887 0.31291858355204266 0.43890830874443054 0.31061315536499023 0.4537815451622009 0.30139132340749103 0.46047443151474 0.287558635075887 0.46493643522262573 0.27257323265075684 0.4627054035663605 0.25182420015335083 0.45973077416419983 0.23683875799179077 0.4679110646247864 0.22070064147313437 0.47980961203575134 0.22876969973246256 0.5021194219589233 0.2379914919535319 0.5229419469833374 0.25528236230214435 0.5378150939941406 0.27948957681655884 0.549713671207428 0.3048495054244995 0.555662989616394 0.3336676359176636 0.5512009859085083 0.35095850626627606 0.5326095223426819 0.37286027272542316 0.5192236304283142 0.3820820649464925 0.48650258779525757 0.3843874931335449 0.45749980211257935 0.385540246963501 0.4493195414543152 0.37631837526957196 0.4344463646411896 0.3578747908274333 0.41659849882125854 0.35902754465738934 0.40395626425743103 0.3717075188954671 0.39651966094970703 0.3820820649464925
0 0.36082395911216736 0.43626006444295246 0.36826059222221375 0.40744197368621826 0.3823901116847992 0.4016783634821574 0.39428868889808655 0.3993728955586751 0.40395626425743103 0.3843874931335449 0.4158548414707184 0.3682493766148885 0.4307280480861664 0.3670965830485026 0.441139280796051 0.3774711688359578 0.4545252025127411 0.40052564938863117 0.4805532693862915 0.4016783634821574 0.48650258779525757 0.4235801299413045 0.482784241437912 0.44894007841746014 0.4731166660785675 0.45585644245147705 0.448575884103775 0.4512455066045125 0.43890830874443054 0.4466346502304077 0.4299843907356262 0.45470372835795086 0.4158548414707184 0.4812163511912028 0.4024689495563507 0.4800636370976766 0.38685208559036255 0.4650782346725464 0.3675169348716736 0.44894007841746014
0 0.10872313380241394 0.5918779373168945 0.12582732737064362 0.6091687679290771 0.14590615034103394 0.6356814702351888 0.1689596176147461 0.6610413789749146 0.1912694275379181 0.678332249323527 0.2001933604478836 0.7013866901397705 0.1912694275379181 0.7290521462758383 0.17044693231582642 0.7532593409220377 0.17193426191806793 0.7809247175852457 0.1540864109992981 0.7866883277893066 0.12285268306732178 0.7670920689900717 0.0983118936419487 0.748648484547933 0.07302744686603546 0.7302048206329346 0.061872538179159164 0.7002340157826742 0.06017699092626572 0.6739518642425537 0.06261619925498962 0.6575831572214762 0.0797203779220581 0.6472086906433105 0.09533724933862686 0.6241541703542074 0.09979920834302902 0.6034051577250162
0 0.21581020951271057 0.6852485338846842 0.23142708837985992 0.6898595492045084 0.24332565069198608 0.6921648979187012 0.2596861720085144 0.705997625986735 0.2745593786239624 0.7371211846669515 0.2805086672306061 0.7670920689900717 0.2953818738460541 0.7832301457722982 0.2931508719921112 0.8201173146565756 0.2782776951789856 0.8351027965545654 0.26637911796569824 0.8489354451497396 0.23960736393928528 0.8627681732177734 0.2225031554698944 0.8673790295918783 0.2076299488544464 0.8546990553538004 0.19052577018737793 0.8489354451497396 0.18308916687965393 0.8270337581634521 0.17416523396968842 0.7947574456532797 0.17565256357192993 0.7866883277893066 0.18308916687965393 0.7843828996022543 0.2001933604478836 0.8051319122314453 0.2172975391149521 0.8085900942484537 0.2247341424226761 0.7982155481974283 0.2247341424226761 0.7820774714152018 0.21804119646549225 0.7532593409220377 0.2113482654094696 0.7313575744628906 0.2076299488544464 0.7117612361907959
0 0.061872538179159164 0.7705501715342203 0.08269502967596054 0.776313861211141 0.10649215430021286 0.7740083535512289 0.1317766010761261 0.7809247175852457 0.14888079464435577 0.7912991841634115 0.1615230143070221 0.7947574456532797 0.16970328986644745 0.803979237874349 0.1763962209224701 0.823575496673584 0.18234549462795258 0.8489354451497396 0.17713987827301025 0.8673790295918783 0.16821596026420593 0.8777535756429037 0.14590615034103394 0.8616154988606771 0.12657098472118378 0.8535463809967041 0.10723581165075302 0.8489354451497396 0.0908752903342247 0.843171755472819 0.08195136487483978 0.8339500427246094 0.0760020837187767 0.823575496673584 0.07005279511213303 0.8178118864695231 0.061872538179159164 0.8178118864695231 0.061872538179159164 0.7936046918233236
0 0.27009740471839905 0.5019654035568237 0.28497064113616943 0.4915908972422282 0.30876776576042175 0.4950490395228068 0.3295902609825134 0.4996599356333415 0.3600803017616272 0.510034441947937 0.3734661936759949 0.5434634685516357 0.38313376903533936 0.5768924951553345 0.3875957429409027 0.5976415475209554 0.3801591396331787 0.6149323781331381 0.35933664441108704 0.6241541703542074 0.34743809700012207 0.6483613650004069 0.3340522050857544 0.6748740673065186 0.3214099705219269 0.6910122235616049 0.32884660363197327 0.7405792872111002 0.34000149369239807 0.7624811331431071 0.3214099705219269 0.7717029253641764 0.3043057918548584 0.7717029253641764 0.29389452934265137 0.7659393151601156 0.28645795583724976 0.7463429768880209 0.2857142984867096 0.7083031336466471 0.2909198999404907 0.6817904313405355 0.2842269837856293 0.6598886648813883 0.2648918032646179 0.6425977945327759 0.25150591135025024 0.6241541703542074 0.24555663764476776 0.6034051577250162 0.24778760969638824 0.5849615732828776 0.2648918032646179 0.5423107941945394 0.26414814591407776 0.5250198841094971
0 0.48129692673683167 0.20802064736684164 0.4790659546852112 0.2183951735496521 0.4976574778556824 0.22646425167719522 0.5221982598304749 0.23683875799179077 0.5370714664459229 0.25874050458272296 0.5504573583602905 0.2887113690376282 0.5608685612678528 0.3025440573692322 0.5735108256340027 0.30139132340749103 0.5735108256340027 0.2841004729270935 0.5868967175483704 0.26796233654022217 0.6017699241638184 0.259893258412679 0.6106938719749451 0.2564350962638855 0.6106938719749451 0.22185333569844565 0.604744553565979 0.20917338132858276 0.5802037715911865 0.20802064736684164 0.5541756749153137 0.2068679134051005 0.53484046459198 0.2068679134051005 0.5080687403678894 0.2068679134051005 0.49617013335227966 0.2068679134051005
0 0.5809473991394043 0.2887113690376282 0.5921023488044739 0.27257323265075684 0.6114374995231628 0.26796233654022217 0.6270543336868286 0.273725946744283 0.6404402256011963 0.28179502487182617 0.6508514881134033 0.28179502487182617 0.6716739535331726 0.27948957681655884 0.68357253074646 0.2771841287612915 0.6917527914047241 0.30023860931396484 0.6887781620025635 0.32098764181137085 0.6553134322166443 0.3255985379219055 0.6374655961990356 0.3255985379219055 0.6211050748825073 0.32444584369659424 0.6151557564735413 0.3117658495903015 0.6173867583274841 0.29332226514816284 0.6092065572738647 0.287558635075887 0.6025135517120361 0.2910168170928955 0.5861530900001526 0.30600225925445557 0.5802037715911865 0.3025440573692322
0 0.5779727697372437 0.34058396021525067 0.5861530900001526 0.3302094340324402 0.5935896635055542 0.3279040257136027 0.6069754958152771 0.32444584369659424 0.6106938719749451 0.3255985379219055 0.6218487620353699 0.3325149218241374 0.6359782814979553 0.34058396021525067 0.6441585421562195 0.36248572667439777 0.6456458568572998 0.3820820649464925 0.6248233914375305 0.3889983892440796 0.6114374995231628 0.39245657126108807 0.5950769186019897 0.38669296105702716 0.5839220285415649 0.3774711688359578 0.5735108256340027 0.3636384805043538 0.5720235109329224 0.35211122035980225
0 0.5184799432754517 0.3982201814651489 0.5288912057876587 0.3878456751505534 0.5474827289581299 0.3889983892440796 0.5616122484207153 0.3889983892440796 0.5787164568901062 0.3959147532780965 0.5921023488044739 0.39706746737162274 0.6077192425727844 0.3993728955586751 0.6173867583274841 0.3993728955586751 0.6330036520957947 0.3959147532780965 0.6486204862594604 0.3947620391845703 0.6634937524795532 0.39706746737162274 0.6694430112838745 0.40744197368621826 0.6523388624191284 0.41896923383076984 0.6352345943450928 0.4097474416097005 0.624079704284668 0.40744197368621826 0.6062318682670593 0.4155110518137614 0.58540940284729 0.4178164800008138 0.5630996227264404 0.413205623626709 0.5482263565063477 0.41090015570322674 0.5363277792930603 0.4097474416097005
0 0.3652859330177307 0.49850722153981525 0.37569716572761536 0.4858272473017375 0.3853647708892822 0.48352181911468506 0.39428868889808655 0.5146454175313314 0.4002379775047302 0.5457688967386881 0.40172529220581055 0.5572961966196696 0.39577600359916687 0.5745870272318522 0.39205771684646606 0.5803506374359131 0.38313376903533936 0.5561434030532837 0.3786718249320984 0.5353944301605225 0.3727225661277771 0.5204089879989624 0.3690042495727539 0.5088817278544108
0 0.39205771684646606 0.6022524038950602 0.40916189551353455 0.5653652350107828 0.4284970760345459 0.5619070529937744 0.4493195414543152 0.5665179888407389 0.46493643522262573 0.5768924951553345 0.47980961203575134 0.5815033912658691 0.48724624514579773 0.5964887936909994 0.48129692673683167 0.6137796640396118 0.4857589304447174 0.6333759625752767 0.482784241437912 0.6529723405838013 0.4760913550853729 0.6621941328048706 0.4567561745643616 0.6691104571024576 0.43147170543670654 0.6702631314595541 0.4173421561717987 0.6633468468983968 0.40395626425743103 0.6518195867538452 0.39057040214538574 0.6425977945327759 0.3838774561882019 0.6287651062011719 0.38685208559036255 0.6160851319630941
0 0.32884660363197327 0.6956230799357096 0.34595078229904175 0.6933176517486572 0.3615676462650299 0.6691104571024576 0.38164645433425903 0.6541250546773275 0.4113928973674774 0.6714159647623698 0.43742096424102783 0.6829431056976318 0.45749980211257935 0.6910122235616049 0.4746040403842926 0.6910122235616049 0.493195503950119 0.6668049494425455 0.5058377385139465 0.6552777290344238 0.5221982598304749 0.6714159647623698 0.5363277792930603 0.6898595492045084 0.5482263565063477 0.7140666643778483 0.5586376190185547 0.7140666643778483 0.5653305649757385 0.7382738590240479 0.5675615668296814 0.7544120152791342 0.5512009859085083 0.7809247175852457 0.5363277792930603 0.7740083535512289 0.5221982598304749 0.7521065870920817 0.4976574778556824 0.7451903025309244 0.47386032342910767 0.7532593409220377 0.4582434594631195 0.7636338869730631 0.43667730689048767 0.777466615041097 0.4195731282234192 0.7912991841634115 0.4076745808124542 0.7947574456532797 0.3987506330013275 0.787841002146403 0.39057040214538574 0.7728555997212728 0.37049156427383423 0.7624811331431071 0.35933664441108704 0.7590230305989584 0.34743809700012207 0.7578701972961426 0.34000149369239807 0.7451903025309244 0.3340522050857544 0.7302048206329346 0.3303339183330536 0.7152194182078043
0 0.06559083610773087 0.8466300169626871 0.08641332387924194 0.858157237370809 0.1131851002573967 0.8696845372517904 0.10500483214855194 0.8846699396769205 0.09310626983642578 0.8904335498809814 0.07451476156711578 0.8927389780680338 0.06707815825939178 0.8915862242380778 0.06261619925498962 0.8731426397959391
0 0.06261619925498962 0.9031135241190592 0.09384993463754654 0.8985026677449545 0.10128653049468994 0.9019607702891032 0.10351751744747162 0.9204043547312418 0.09979920834302902 0.9515279134114584 0.0983118936419487 0.9826515515645345 0.09310626983642578 0.9884150822957357 0.08195136487483978 0.9757351080576578 0.07154012471437454 0.9653606414794922 0.06261619925498962 0.9653606414794922 0.06261619925498962 0.9446115493774414 0.061872538179159164 0.9238625367482504
0 0.13028928637504578 0.969971497853597 0.14144419133663177 0.941153367360433 0.1540864109992981 0.9204043547312418 0.17044693231582642 0.9042661984761556 0.1778835505247116 0.8823645114898682 0.1875511258840561 0.8731426397959391 0.19573138654232025 0.8708372116088867 0.20539897680282593 0.8719899654388428 0.2150665521621704 0.8742953936258951 0.23142708837985992 0.8754480679829916 0.25001856684684753 0.8650736014048258 0.26786646246910095 0.8570044835408529 0.28125232458114624 0.8546990553538004 0.28868892788887024 0.859309991200765 0.2916635572910309 0.8662263552347819 0.28497064113616943 0.8846699396769205 0.27902135252952576 0.8985026677449545 0.2819959819316864 0.9261679649353027 0.2782776951789856 0.9434588750203451 0.27158471941947937 0.9584442774454752 0.2574551999568939 0.9595969518025717 0.24332565069198608 0.9549860954284668 0.22919611632823944 0.9595969518025717 0.2172975391149521 0.9722770055135092 0.21060460805892944 0.9918732643127441 0.2076299488544464 1.0 0.20093701779842377 1.0 0.1927567422389984 1.0 0.18680746853351593 1.0 0.17416523396968842 1.0 0.16449765861034393 1.0 0.15854838490486145 1.0 0.1555737406015396 0.9953314463297526 0.14070051908493042 0.9907205899556478 0.13623857498168945 0.9791932900746664
0 0.4790659546852112 0.47775816917419434 0.4879899024963379 0.4616200129191081 0.5043504238128662 0.45700915654500324 0.5147616267204285 0.45239822069803876 0.525916576385498 0.44548193613688153 0.5326095223426819 0.43280192216237384 0.5385587811470032 0.4281910260518392 0.5549193024635315 0.42473284403483075 0.5727671384811401 0.43510735034942627 0.58540940284729 0.43626006444295246 0.5950769186019897 0.43164920806884766 0.6054881811141968 0.43164920806884766 0.6144121289253235 0.43626006444295246 0.6158994436264038 0.45239822069803876 0.6106938719749451 0.4639255205790202 0.600282609462738 0.47775816917419434 0.5906150341033936 0.4915908972422282 0.5809473991394043 0.50311811765035 0.5630996227264404 0.50311811765035 0.5459954142570496 0.4938963254292806 0.5326095223426819 0.4950490395228068 0.525916576385498 0.5019654035568237 0.5274038910865784 0.5250198841094971 0.525916576385498 0.5515325864156088 0.5140179991722107 0.5803506374359131 0.5065813660621643 0.5930306116739908 0.4976574778556824 0.5987942218780518 0.4917081892490387 0.5861142873764038 0.4790659546852112 0.5619070529937744 0.47757863998413086 0.5446162223815918 0.4820405840873718 0.5284780263900757 0.482784241437912 0.5134926637013754 0.4790659546852112 0.49735450744628906
0 0.30728045105934143 0.8016737302144369 0.31099873781204224 0.7924519379933676 0.3228973150253296 0.7820774714152018 0.3377704918384552 0.776313861211141 0.34818175435066223 0.7809247175852457 0.3600803017616272 0.787841002146403 0.3727225661277771 0.7912991841634115 0.3853647708892822 0.7936046918233236 0.3935450315475464 0.797062873840332 0.40172529220581055 0.8016737302144369 0.4076745808124542 0.8132010300954183 0.41436752676963806 0.830491860707601 0.41808581352233887 0.8616154988606771 0.41659849882125854 0.8996553421020508 0.41288021206855774 0.9215571085611979 0.4076745808124542 0.9492224852244059 0.4009816348552704 0.9642079671223959 0.3972633183002472 0.9722770055135092 0.3838774561882019 0.9688188234965006 0.3734661936759949 0.9607497056325277 0.3727225661277771 0.9446115493774414 0.3749535083770752 0.9261679649353027 0.37197887897491455 0.9123352368672689 0.3801591396331787 0.885822614034017 0.3734661936759949 0.8673790295918783 0.3652859330177307 0.8616154988606771 0.3563620150089264 0.8627681732177734 0.34595078229904175 0.852393627166748 0.3355395197868347 0.8397136529286703 0.32215362787246704 0.8339500427246094 0.3117423951625824 0.8224228223164877
0 0.2968691885471344 0.8673790295918783 0.31248605251312256 0.8604626655578613 0.3266156017780304 0.8673790295918783 0.3377704918384552 0.8777535756429037 0.3437197804450989 0.8915862242380778 0.3452071249485016 0.9123352368672689 0.33702683448791504 0.9227097829182943 0.31992265582084656 0.9365425109863281 0.3080241084098816 0.9538334210713705 0.30133116245269775 0.9757351080576578 0.29389452934265137 0.9918732643127441 0.2894325852394104 0.9999424616495768 0.2767903506755829 0.9884150822957357 0.27530303597450256 0.9734296798706055 0.27530303597450256 0.9665133953094482 0.27902135252952576 0.9549860954284668 0.2857142984867096 0.9376952648162842 0.28497064113616943 0.914640744527181 0.2842269837856293 0.8985026677449545 0.2894325852394104 0.8892807960510254 0.29240721464157104 0.8812117576599121
0 0.3526437282562256 0.8823645114898682 0.3615676462650299 0.8731426397959391 0.36826059222221375 0.8754480679829916 0.3727225661277771 0.8846699396769205 0.36826059222221375 0.9031135241190592 0.3600803017616272 0.9169462521870931 0.3519000709056854 0.9204043547312418 0.35338735580444336 0.9100298086802164 0.35115641355514526 0.8973499139149984
0 0.061128877103328705 1.0 0.07674574106931686 1.0 0.0834386870265007 1.0 0.08790064603090286 1.0 0.08566966652870178 1.0 0.09013162553310394 1.0 0.0908752903342247 1.0 0.08641332387924194 1.0 0.07154012471437454 1.0 0.06335985660552979 1.0 0.06038521230220795 1.0 0.061128877103328705 1.0 0.06261619925498962 1.0
0 0.10054287314414978 1.0 0.11913437396287918 1.0 0.13623857498168945 1.0 0.1481371372938156 1.0 0.1592920422554016 1.0 0.1763962209224701 1.0 0.2076299488544464 1.0 0.23291440308094025 1.0 0.2410946786403656 1.0 0.24704395234584808 1.0 0.22175951302051544 1.0 0.20837362110614777 1.0 0.19721871614456177 1.0 0.1801145374774933 1.0 0.1726779192686081 1.0 0.14739347994327545 1.0 0.1392132043838501 1.0 0.13028928637504578 1.0 0.11541607975959778 1.0 0.09756822884082794 1.0 0.09384993463754654 1.0 0.09608090668916702 1.0 0.09384993463754654 1.0 0.09384993463754654 1.0
0 0.30653679370880127 1.0 0.3214099705219269 1.0 0.3340522050857544 1.0 0.34074515104293823 1.0 0.3429761230945587 1.0 0.34074515104293823 1.0 0.3251282870769501 1.0 0.3191789984703064 1.0 0.3139733672142029 1.0 0.31843534111976624 1.0 0.3228973150253296 1.0 0.3228973150253296 1.0 0.3206663131713867 1.0 0.3176916837692261 1.0 0.31099873781204224 1.0 0.3057931065559387 1.0 0.2953818738460541 1.0 0.29984381794929504 1.0 0.30504944920539856 1.0 0.3132297098636627 1.0 0.30504944920539856 1.0
0 0.2968691885471344 1.0 0.30504944920539856 1.0 0.3176916837692261 1.0 0.34446343779563904 1.0 0.3526437282562256 1.0 0.3600803017616272 1.0 0.3771844804286957 1.0 0.3875957429409027 1.0 0.39800697565078735 1.0 0.3950323462486267 0.9872624079386393 0.39057040214538574 0.9791932900746664 0.36974790692329407 0.9734296798706055 0.36305496096611023 0.969971497853597 0.35115641355514526 0.9572915236155192 0.35115641355514526 0.9365425109863281 0.3489254117012024 0.9284733931223551 0.3414888083934784 0.9273207187652588 0.3206663131713867 0.9469170570373535 0.31248605251312256 0.9676660696665446 0.3043057918548584 0.9814988772074381
0 0.4009816348552704 0.9814988772074381 0.41436752676963806 0.9549860954284668 0.41882947087287903 0.9307789007822672 0.4225477874279022 0.9134880701700846 0.426266074180603 0.8985026677449545 0.43667730689048767 0.8812117576599121 0.45155054330825806 0.8546990553538004 0.4627054035663605 0.8339500427246094 0.4842715561389923 0.8132010300954183 0.49468281865119934 0.8005210558573405 0.500632107257843 0.823575496673584 0.4954264760017395 0.859309991200765 0.48501521348953247 0.8892807960510254 0.4731166660785675 0.9169462521870931 0.4671674072742462 0.9503752390543619 0.4582434594631195 0.9619024594624838 0.45526885986328125 0.9791932900746664 0.46344906091690063 0.9918732643127441 0.47534769773483276 1.0 0.4805532693862915 1.0 0.4820405840873718 1.0 0.48501521348953247 1.0 0.49245184659957886 1.0 0.500632107257843 1.0 0.5058377385139465 1.0 0.5162489414215088 1.0 0.525916576385498 1.0 0.5445080995559692 1.0 0.5512009859085083 1.0 0.5571503043174744 1.0 0.5742545127868652 1.0 0.5816910862922668 1.0 0.5906150341033936 1.0 0.5921023488044739 1.0 0.5965642929077148 1.0 0.5950769186019897 1.0 0.6017699241638184 1.0 0.6032572388648987 1.0 0.6025135517120361 1.0 0.5970786213874817 1.0 0.5809473991394043 1.0 0.5690488815307617 1.0 0.5526883602142334 1.0 0.5311222076416016 1.0 0.5102996826171875 1.0 0.4894772171974182 1.0 0.4731166660785675 1.0 0.45155054330825806 1.0 0.4448575973510742 1.0 0.4418829381465912 1.0 0.44039562344551086 1.0 0.4508068859577179 1.0 0.4627054035663605 1.0 0.4760913550853729 1.0 0.48501521348953247 1.0 0.482784241437912 1.0 0.4731166660785675 1.0 0.46344906091690063 1.0 0.4522942006587982 1.0 0.43519002199172974 1.0 0.4322153627872467 1.0 0.43295902013778687 1.0 0.4396519660949707 1.0 0.4456012547016144 1.0 0.43742096424102783 1.0 0.42403510212898254 1.0 0.4225477874279022 1.0 0.4210604429244995 1.0 0.4158548414707184 1.0 0.4061872661113739 1.0
0 0.6166430711746216 0.4166637659072876 0.6307727098464966 0.4155110518137614 0.638952910900116 0.4235801299413045 0.6411839127540588 0.43856557210286456 0.634490966796875 0.4477873643239339 0.6277980208396912 0.45009279251098633 0.6218487620353699 0.4477873643239339 0.6166430711746216 0.43049649397532147
0 0.6218487620353699 0.4581618706385295 0.6396965384483337 0.45470372835795086 0.6486204862594604 0.44548193613688153 0.6575444340705872 0.43856557210286456 0.6620063781738281 0.44894007841746014 0.6582880616188049 0.468536376953125 0.6575444340705872 0.4858272473017375 0.6582880616188049 0.49850722153981525 0.6508514881134033 0.5215617020924886 0.6434149146080017 0.5492271184921265 0.634490966796875 0.559601624806722 0.6188741326332092 0.5653652350107828 0.5965642929077148 0.5676707029342651 0.5831784009933472 0.5722815990447998 0.5668178796768188 0.5630598068237305 0.5578939318656921 0.5780452092488607 0.560124933719635 0.5941833655039469 0.5668178796768188 0.6218487421671549 0.5645869374275208 0.6414450407028198 0.5638432502746582 0.6552777290344238 0.5675615668296814 0.6737213134765625 0.5645869374275208 0.6875540415445963 0.5616122484207153 0.7036921183268229 0.5467390418052673 0.6979285875956217 0.5363277792930603 0.6725686391194662 0.5244292616844177 0.6529723405838013 0.5125306844711304 0.6472086906433105 0.5043504238128662 0.6425977945327759 0.5021194219589233 0.6241541703542074 0.500632107257843 0.6137796640396118 0.505094051361084 0.6057105859120687 0.5162489414215088 0.5976415475209554 0.5199673175811768 0.5815033912658691 0.525916576385498 0.5676707029342651 0.5288912057876587 0.5492271184921265 0.5370714664459229 0.530783494313558 0.5489700436592102 0.5238672097524008 0.5638432502746582 0.5215617020924886 0.5720235109329224 0.5215617020924886 0.5891277194023132 0.5227144559224447 0.5973079800605774 0.5227144559224447 0.6069754958152771 0.5204089879989624 0.6114374995231628 0.5065762996673584 0.6121811866760254 0.48813267548878986 0.6129248142242432 0.47775816917419434
0 0.5720235109329224 0.6668049494425455 0.594333291053772 0.6621941328048706 0.6121811866760254 0.6564304828643799 0.6263107061386108 0.6621941328048706 0.6367219090461731 0.6725686391194662 0.6486204862594604 0.6817904313405355 0.6627500653266907 0.6852485338846842 0.6828288435935974 0.6829431056976318 0.698445737361908 0.6875540415445963 0.7043949961662292 0.7025394439697266 0.7081133723258972 0.7244412104288737 0.7081133723258972 0.7451903025309244 0.7125753164291382 0.7647865613301595 0.7155499458312988 0.7843828996022543 0.7229865193367004 0.8074373404184977 0.7319104671478271 0.8270337581634521 0.7415780425071716 0.8500881989796957 0.7423217296600342 0.859309991200765 0.7356287837028503 0.8731426397959391 0.7326541543006897 0.8892807960510254 0.7289357781410217 0.9065717061360677 0.723730206489563 0.9204043547312418 0.7155499458312988 0.9284733931223551 0.7036513686180115 0.9342370827992758 0.6917527914047241 0.914640744527181 0.6880345344543457 0.8904335498809814 0.6910091638565063 0.8742953936258951 0.689521849155426 0.852393627166748 0.6820852160453796 0.8247281710306803 0.6798542141914368 0.8005210558573405 0.6850599050521851 0.7693974177042643 0.6798542141914368 0.748648484547933 0.6672120094299316 0.7474957307179769 0.6597753763198853 0.7624811331431071 0.6575444340705872 0.7820774714152018 0.6501078009605408 0.7901465098063151 0.6456458568572998 0.7728555997212728 0.6426712274551392 0.7544120152791342 0.6419275999069214 0.7371211846669515 0.6352345943450928 0.7221357027689616 0.6248233914375305 0.7186776002248129 0.6040008664131165 0.7152194182078043 0.5973079800605774 0.7152194182078043 0.5839220285415649 0.7221357027689616 0.5742545127868652 0.7244412104288737 0.5653305649757385 0.7152194182078043 0.5690488815307617 0.6967758337656657 0.5697925090789795 0.6840958595275879
0 0.47980961203575134 0.9665133953094482 0.47980961203575134 0.9388479391733805 0.4917081892490387 0.8927389780680338 0.5073250532150269 0.8766008218129476 0.5214546322822571 0.8777535756429037 0.53484046459198 0.885822614034017 0.545251727104187 0.8915862242380778 0.5504573583602905 0.8927389780680338 0.5653305649757385 0.8881281216939291 0.5757418274879456 0.8835171858469645 0.5906150341033936 0.8754480679829916 0.6114374995231628 0.886975367863973 0.6225923895835876 0.8812117576599121 0.6463895440101624 0.8673790295918783 0.6597753763198853 0.8570044835408529 0.6768795847892761 0.8570044835408529 0.6865472197532654 0.8696845372517904 0.6783668994903564 0.8973499139149984 0.6679556965827942 0.914640744527181 0.6560571193695068 0.9261679649353027 0.6530824899673462 0.9446115493774414 0.6575444340705872 0.9791932900746664 0.6657246947288513 0.996484120686849 0.6776232719421387 1.0 0.6924964785575867 1.0 0.6954711079597473 1.0 0.6753922700881958 1.0 0.6568007469177246 1.0 0.6277980208396912 1.0 0.6158994436264038 1.0 0.6010262370109558 1.0 0.5831784009933472 1.0 0.5638432502746582 1.0 0.5467390418052673 1.0 0.5281475186347961 0.9953314463297526 0.5088123679161072 0.9861096541086832 0.5028631091117859 0.9838042259216309 0.4902208745479584 0.9768878618876139
0 0.6270543336868286 0.6345287561416626 0.6441585421562195 0.58726700146993 0.6553134322166443 0.559601624806722 0.6679556965827942 0.5434634685516357 0.6880345344543457 0.5561434030532837 0.7006767392158508 0.5734342734018961 0.713318943977356 0.5941833655039469 0.7304231524467468 0.6126269499460856 0.7460399866104126 0.6345287561416626 0.7557076215744019 0.6449032624562582 0.7668625116348267 0.6575831572214762 0.7824793457984924 0.6610413789749146 0.7921469211578369 0.6679577032725016 0.7928906083106995 0.6898595492045084 0.8018145561218262 0.707150379816691 0.8114821314811707 0.7175248463948568 0.8263552784919739 0.7440375487009684 0.8352792263031006 0.7636338869730631 0.8404849171638489 0.777466615041097 0.842715859413147 0.797062873840332 0.8404849171638489 0.8108956019083658 0.8278425931930542 0.8028264840443929 0.8196623921394348 0.7936046918233236 0.8055328130722046 0.7693974177042643 0.7958652973175049 0.7532593409220377 0.7854540348052979 0.7498011589050293 0.7809920310974121 0.7659393151601156 0.7802484035491943 0.7809247175852457 0.772811770439148 0.7855356534322103 0.7594258785247803 0.7820774714152018 0.753476619720459 0.7659393151601156 0.7438090443611145 0.7382738590240479 0.7393470406532288 0.7267467180887858 0.7319104671478271 0.707150379816691 0.7304231524467468 0.6898595492045084 0.7267048358917236 0.6725686391194662 0.723730206489563 0.6656522750854492 0.7185245752334595 0.6679577032725016 0.7021640539169312 0.6737213134765625 0.6910091638565063 0.6771794954935709 0.6739050149917603 0.6737213134765625 0.6582880616188049 0.6621941328048706 0.6396965384483337 0.6587359110514323
0 0.6872908473014832 0.4639255205790202 0.7162935733795166 0.4754527409871419 0.7356287837028503 0.4800636370976766 0.7512456774711609 0.48352181911468506 0.768349826335907 0.49043814341227215 0.7966089248657227 0.5008126497268677 0.8107384443283081 0.5065762996673584 0.8226370215415955 0.5192562341690063 0.8300736546516418 0.5134926637013754 0.8389975428581238 0.49043814341227215 0.8464341163635254 0.47314731280008954 0.853127121925354 0.46046729882558185 0.8598200082778931 0.45931458473205566 0.8702312707901001 0.4639255205790202 0.8672566413879395 0.49043814341227215 0.8538707494735718 0.5134926637013754 0.8464341163635254 0.5330890019734701 0.842715859413147 0.5561434030532837 0.8382538557052612 0.5665179888407389 0.8248679637908936 0.5722815990447998 0.812969446182251 0.5734342734018961 0.7951215505599976 0.5711288452148438 0.7772737741470337 0.5642124811808268 0.768349826335907 0.5584489107131958 0.7594258785247803 0.5549906889597574 0.7371160984039307 0.5538380146026611 0.7259611487388611 0.5642124811808268 0.719268262386322 0.5757397810618082 0.7073696851730347 0.5642124811808268 0.7073696851730347 0.5457688967386881 0.7096006870269775 0.531936248143514 0.7066259980201721 0.510034441947937 0.6932401061058044 0.5019654035568237 0.6880345344543457 0.49850722153981525 0.6813415288925171 0.48352181911468506
0 0.7356287837028503 0.5676707029342651 0.7326541543006897 0.5953360795974731 0.7445526719093323 0.6091687679290771 0.7557076215744019 0.6276123523712158 0.7698371410369873 0.6425977945327759 0.7817357182502747 0.6483613650004069 0.7958652973175049 0.6552777290344238 0.7973526120185852 0.6725686391194662 0.7988399267196655 0.6921648979187012 0.8114821314811707 0.7013866901397705 0.8204060792922974 0.6852485338846842 0.8293299674987793 0.6472086906433105 0.8367665410041809 0.6034051577250162 0.8412285447120667 0.5768924951553345 0.8211497068405151 0.5838088194529215 0.7928906083106995 0.5803506374359131 0.7780174016952515 0.5745870272318522 0.7631441950798035 0.5653652350107828 0.7482709884643555 0.5619070529937744
0 0.6962147951126099 0.2068679134051005 0.7006767392158508 0.23914422591527304 0.7103443145751953 0.2714204788208008 0.7185245752334595 0.2898641029993693 0.7319104671478271 0.31061315536499023 0.7438090443611145 0.32329312960306805 0.7579385638237 0.33712581793467206 0.7653751969337463 0.32675127188364667 0.7624005675315857 0.29908589522043866 0.7609131932258606 0.26911505063374835 0.7542203068733215 0.23914422591527304 0.7519893050193787 0.21493701140085855 0.7527292370796204 0.20576131343841553 0.719268262386322 0.20917338132858276 0.7075283527374268 0.20576131343841553 0.6999330520629883 0.20576131343841553
0 0.664237380027771 0.9400006930033366 0.6694430112838745 0.9273207187652588 0.6783668994903564 0.9192516803741455 0.6850599050521851 0.9215571085611979 0.6924964785575867 0.9353898366292318 0.6999330520629883 0.9619024594624838 0.7036513686180115 0.9780405362447103 0.6969584226608276 0.996484120686849 0.6887781620025635 0.9987896283467611 0.6716739535331726 0.9872624079386393 0.6649810671806335 0.9722770055135092 0.6649810671806335 0.9538334210713705
0 0.7393470406532288 0.43856557210286456 0.7505019307136536 0.4097474416097005 0.7668625116348267 0.3774711688359578 0.7802484035491943 0.3820820649464925 0.7906596064567566 0.39245657126108807 0.7914032936096191 0.4397182861963908 0.7906596064567566 0.4696890910466512 0.7809920310974121 0.4789108832677205 0.7527329921722412 0.4639255205790202
0 0.7631441950798035 0.20917338132858276 0.7758013010025024 0.20576131343841553 0.8062764406204224 0.20576131343841553 0.8256116509437561 0.20802064736684164 0.8204060792922974 0.2310751477877299 0.8137130737304688 0.24951873222986856 0.8003272414207458 0.26104599237442017 0.7869413495063782 0.2645041545232137 0.7795047163963318 0.2541296084721883 0.7720680832862854 0.24029694000879923 0.7661188244819641 0.22876969973246256
0 0.8798988461494446 0.2068679134051005 0.8895664215087891 0.2310751477877299 0.9044396281242371 0.25874050458272296 0.9133635759353638 0.28294773896535236 0.9245185256004333 0.31407129764556885 0.9364170432090759 0.30600225925445557 0.9483156204223633 0.294474999109904 0.9609578251838684 0.29332226514816284 0.9602141380310059 0.2806423107783 0.9520339369773865 0.26911505063374835 0.9460846781730652 0.25528236230214435 0.9393916726112366 0.2379914919535319 0.9349297285079956 0.21724243958791098 0.9349297285079956 0.2068679134051005 0.9111325740814209 0.20917338132858276 0.9014649987220764 0.20802064736684164
0 0.9520339369773865 0.21378427743911743 0.9490593075752258 0.24260238806406656 0.9564958810806274 0.25874050458272296 0.9654867053031921 0.2780371308326721 0.9654867053031921 0.24029694000879923 0.9654867053031921 0.2126315434773763
0 0.8315609693527222 0.21032611529032388 0.8285863399505615 0.22300606966018677 0.8523834347724915 0.22761696577072144 0.8538707494735718 0.24029694000879923 0.8404849171638489 0.24606057008107504 0.8293299674987793 0.24144965410232544 0.8226370215415955 0.24951873222986856 0.8166877031326294 0.2633514404296875 0.8070201873779297 0.27487868070602417 0.7995835542678833 0.27948957681655884 0.7943779230117798 0.2921695311864217 0.7884286642074585 0.3117658495903015 0.7839666604995728 0.3394312063852946 0.7839666604995728 0.35556940237681073 0.798096239566803 0.3544166882832845 0.80850750207901 0.35095850626627606 0.8263552784919739 0.36248572667439777 0.8360229134559631 0.36940209070841473 0.8464341163635254 0.37862388292948407 0.8613073229789734 0.39130385716756183 0.8687439560890198 0.3993728955586751 0.8851044774055481 0.40052564938863117 0.8895664215087891 0.3982201814651489 0.902208685874939 0.38323477904001874 0.9096452593803406 0.3705548048019409 0.9133635759353638 0.3544166882832845 0.9133635759353638 0.335973064104716 0.9155945181846619 0.308307687441508 0.9089016318321228 0.28179502487182617 0.89402836561203 0.26565688848495483 0.8865917921066284 0.24144965410232544 0.8784115314483643 0.22300606966018677 0.8728489875793457 0.20576131343841553 0.8627946972846985 0.20576131343841553 0.8471778035163879 0.20917338132858276
0 0.8917974233627319 0.40859468777974445 0.9007213711738586 0.39360928535461426 0.9141072034835815 0.37977659702301025 0.9260058403015137 0.3740129868189494 0.9371606707572937 0.37862388292948407 0.9401353001594543 0.39245657126108807 0.9364170432090759 0.41435833772023517 0.9416226148605347 0.4270382722218831 0.943109929561615 0.44894007841746014 0.938647985458374 0.4673836628595988 0.9326987266540527 0.48467453320821124 0.9260058403015137 0.4927436113357544 0.9170818328857422 0.4719945589701335 0.9044396281242371 0.4477873643239339 0.897746741771698 0.4397182861963908 0.89402836561203 0.42473284403483075
0 0.9297240972518921 0.7405792872111002 0.9445972442626953 0.7221357027689616 0.9587268233299255 0.707150379816691 0.9654867053031921 0.7100080649058024 0.9654867053031921 0.7624811331431071 0.9654867053031921 0.803979237874349 0.963932454586029 0.8247281710306803 0.9527775645256042 0.8281864325205485 0.9423663020133972 0.8293391863505045 0.9341860413551331 0.8258809248606364 0.9245185256004333 0.8155064582824707 0.9252621531486511 0.7936046918233236 0.9260058403015137 0.7693974177042643
0 0.9527775645256042 0.8408664067586263 0.9535212516784668 0.852393627166748 0.9602141380310059 0.8627681732177734 0.9609578251838684 0.8812117576599121 0.9579831957817078 0.9019607702891032 0.9579831957817078 0.9192516803741455 0.9631887674331665 0.9330843289693197 0.9654867053031921 0.9188366731007894 0.9654867053031921 0.8835171858469645 0.9654867053031921 0.8512409528096517 0.9654867053031921 0.8351027965545654
0 0.9453409910202026 1.0 0.9587268233299255 1.0 0.9654197692871094 1.0 0.9654867053031921 1.0 0.963932454586029 1.0 0.9542648792266846 1.0 0.943109929561615 1.0 0.9379043579101562 1.0 0.9379043579101562 1.0
0 0.06335985660552979 1.0 0.07302744686603546 1.0 0.08864431083202362 1.0 0.10128653049468994 1.0 0.11244143545627594 1.0 0.11003835499286652 1.0 0.08641332387924194 1.0 0.061128877103328705 1.0 0.06017699092626572 1.0
0 0.11913437396287918 1.0 0.13103294372558594 1.0 0.14218784868717194 1.0 0.15185542404651642 1.0 0.1615230143070221 1.0 0.17193426191806793 1.0 0.19052577018737793 1.0 0.2113482654094696 1.0 0.22399047017097473 1.0 0.2448129504919052 1.0 0.25299322605133057 1.0 0.26637911796569824 1.0 0.2760466933250427 1.0 0.28868892788887024 1.0 0.29463818669319153 1.0 0.2968691885471344 1.0 0.2940061092376709 1.0 0.23142708837985992 1.0 0.21209190785884857 1.0 0.1891871690750122 1.0 0.16301032900810242 1.0 0.14739347994327545 1.0 0.13326393067836761 1.0 0.12508367002010345 1.0 0.11987804621458054 1.0 0.11541607975959778 1.0 0.11244143545627594 1.0
0 0.3295902609825134 1.0 0.32364097237586975 1.0 0.3214099705219269 1.0 0.3176916837692261 1.0 0.3295902609825134 1.0 0.34223246574401855 1.0 0.35338735580444336 1.0 0.3504127562046051 1.0 0.3429761230945587 1.0 0.33702683448791504 1.0 0.33479586243629456 1.0
0 0.3994942903518677 1.0 0.40544360876083374 1.0 0.40395626425743103 1.0 0.4009816348552704 1.0 0.40693092346191406 1.0 0.4218041002750397 1.0 0.4337027072906494 1.0 0.44039562344551086 1.0 0.4418829381465912 1.0 0.4359336793422699 1.0 0.4337027072906494 1.0 0.4322153627872467 1.0 0.4195731282234192 1.0 0.4104112386703491 1.0 0.4009816348552704 1.0
0 0.8709748983383179 0.4120529095331828 0.8851044774055481 0.413205623626709 0.8836171627044678 0.43510735034942627 0.8791552186012268 0.4477873643239339 0.8739495873451233 0.4397182861963908 0.8724622130393982 0.42473284403483075
0 0.8754369020462036 0.46046729882558185 0.8851044774055481 0.45700915654500324 0.8910537362098694 0.45239822069803876 0.9014649987220764 0.4673836628595988 0.9111325740814209 0.47775816917419434 0.9260058403015137 0.5008126497268677 0.9379043579101562 0.4927436113357544 0.9490593075752258 0.4823691050211589 0.9631887674331665 0.4858272473017375 0.9646760821342468 0.5054236253102621 0.9646760821342468 0.5365471045176188 0.963932454586029 0.5734342734018961 0.9654867053031921 0.5951170126597086 0.9654867053031921 0.6472086906433105 0.9602141380310059 0.6472086906433105 0.9505466222763062 0.6379868984222412 0.9393916726112366 0.6299177805582682 0.9260058403015137 0.6368341445922852 0.9170818328857422 0.6472086906433105 0.9066706299781799 0.6460559368133545 0.89402836561203 0.6391395727793375 0.8828734755516052 0.6322232484817505 0.8791552186012268 0.6172378857930502 0.8761805891990662 0.5987942218780518 0.8680002689361572 0.5849615732828776 0.857589066028595 0.5722815990447998 0.8523834347724915 0.5630598068237305 0.8553580641746521 0.5457688967386881 0.8605636954307556 0.5261726379394531 0.8635383248329163 0.5111871957778931 0.8717185854911804 0.49735450744628906 0.8732059597969055 0.4800636370976766
0 0.44039562344551086 1.0 0.44634491205215454 1.0 0.4545252025127411 1.0 0.46865472197532654 1.0 0.4820405840873718 1.0 0.4939391613006592 1.0 0.5028631091117859 1.0 0.5192236304283142 1.0 0.5333531498908997 1.0 0.5467390418052673 1.0 0.5608685612678528 1.0 0.5660742521286011 1.0 0.5640472173690796 1.0 0.5184799432754517 1.0 0.5028631091117859 1.0 0.4790659546852112 1.0 0.46344906091690063 1.0
0 0.6062318682670593 1.0 0.6166430711746216 1.0 0.6315163373947144 1.0 0.6501078009605408 1.0 0.6590317487716675 1.0 0.6709303259849548 1.0 0.6805979013442993 1.0 0.6880345344543457 1.0 0.6969584226608276 1.0 0.7029076814651489 1.0 0.7200118899345398 1.0 0.7274484634399414 1.0 0.73414146900177 1.0 0.7378597259521484 1.0 0.7298431396484375 1.0 0.679110586643219 1.0 0.6463895440101624 1.0 0.6270543336868286 1.0 0.6136685013771057 1.0 0.6054881811141968 1.0 0.6129248142242432 1.0 0.6106938719749451 1.0
0 0.6887781620025635 1.0 0.6910091638565063 1.0 0.7006767392158508 1.0 0.7073696851730347 1.0 0.713318943977356 1.0 0.7058823108673096 1.0 0.7066259980201721 1.0 0.7200118899345398 1.0 0.7304231524467468 1.0 0.7363724112510681 1.0 0.7408344149589539 1.0 0.743065357208252 1.0 0.7527329921722412 1.0 0.7631441950798035 1.0 0.7869413495063782 1.0 0.7995835542678833 1.0 0.8077638149261475 1.0 0.8248679637908936 1.0 0.8442031741142273 1.0 0.8486651182174683 1.0 0.8553580641746521 1.0 0.8590763807296753 1.0 0.8687439560890198 1.0 0.8769242167472839 1.0 0.8910537362098694 1.0 0.897746741771698 1.0 0.8955157399177551 1.0 0.8851044774055481 1.0 0.8784115314483643 1.0 0.8613073229789734 1.0 0.8449468016624451 1.0 0.8293299674987793 1.0 0.8122257590293884 1.0 0.7973526120185852 1.0 0.7906596064567566 1.0 0.7869413495063782 1.0 0.7863120436668396 1.0 0.7676061391830444 1.0 0.7512456774711609 1.0 0.738603413105011 1.0 0.73414146900177 1.0 0.7274484634399414 1.0 0.7170372605323792 1.0 0.7073696851730347 1.0 0.698445737361908 1.0
0 0.8033018112182617 1.0 0.8099948167800903 1.0 0.8181750774383545 1.0 0.8263552784919739 1.0 0.842715859413147 1.0 0.8538707494735718 1.0 0.8553580641746521 1.0 0.8605636954307556 1.0 0.8724622130393982 1.0 0.8836171627044678 1.0 0.8992340564727783 1.0 0.9051833152770996 1.0 0.9103889465332031 1.0 0.9163382053375244 1.0 0.9193128347396851 1.0 0.9215437769889832 1.0 0.9200564622879028 1.0 0.9267494678497314 1.0 0.8992340564727783 1.0 0.8676432967185974 1.0 0.842715859413147 1.0 0.8248679637908936 1.0
0 0.7571949362754822 1.0 0.7653751969337463 1.0 0.7757864594459534 1.0 0.7884286642074585 1.0 0.7973526120185852 1.0 0.802558183670044 1.0 0.8018145561218262 1.0 0.8077638149261475 1.0 0.8099948167800903 1.0 0.812969446182251 1.0 0.8092511296272278 1.0 0.798096239566803 1.0 0.787684977054596 1.0 0.778761088848114 1.0 0.7713244557380676 1.0 0.768349826335907 1.0 0.7668625116348267 1.0 0.7609131932258606 1.0
0 0.7527329921722412 0.9480698108673096 0.7579385638237 0.9227097829182943 0.772811770439148 0.9088771343231201 0.7861976623535156 0.8904335498809814 0.8003272414207458 0.8754480679829916 0.8055328130722046 0.859309991200765 0.8122257590293884 0.8397136529286703 0.8174313902854919 0.8327973683675131 0.8315609693527222 0.8408664067586263 0.842715859413147 0.8627681732177734 0.8523834347724915 0.8754480679829916 0.8590763807296753 0.8812117576599121 0.8620510697364807 0.9031135241190592 0.8724622130393982 0.9042661984761556 0.8754369020462036 0.9111825625101725 0.8739495873451233 0.9227097829182943 0.8627946972846985 0.9342370827992758 0.849408745765686 0.9319316546122233 0.8442031741142273 0.9261679649353027 0.818918764591217 0.9330843289693197 0.8092511296272278 0.9400006930033366 0.7995835542678833 0.9480698108673096 0.7847103476524353 0.9572915236155192 0.7750427722930908 0.9619024594624838 0.7624005675315857 0.9607497056325277
0 0.7624005675315857 0.9780405362447103 0.772811770439148 0.997636874516805 0.7795047163963318 1.0 0.7906596064567566 1.0 0.804789125919342 1.0 0.8092511296272278 1.0 0.8092511296272278 1.0 0.8092511296272278 1.0 0.8152003884315491 1.0 0.8196623921394348 1.0 0.8256116509437561 1.0 0.8389975428581238 1.0 0.8449468016624451 1.0 0.8583326935768127 1.0 0.8687439560890198 1.0 0.8851044774055481 1.0 0.8984903693199158 1.0 0.9066706299781799 1.0 0.9111325740814209 1.0 0.9014649987220764 0.9999424616495768 0.8970030546188354 0.9768878618876139 0.8970030546188354 0.9549860954284668 0.8932847380638123 0.9353898366292318 0.8917974233627319 0.9100298086802164 0.8858481645584106 0.9042661984761556 0.8813861608505249 0.9204043547312418 0.8769242167472839 0.9353898366292318 0.8665129542350769 0.9434588750203451 0.8561017513275146 0.9434588750203451 0.8449468016624451 0.942306121190389 0.8226370215415955 0.9446115493774414 0.8137130737304688 0.9503752390543619 0.802558183670044 0.9595969518025717 0.7884286642074585 0.9711242516835531 0.7765300869941711 0.9757351080576578
1 0.11467242240905762 0.21032611529032388 0.12285268306732178 0.2160897453625997 0.13623857498168945 0.22531153758366904 0.1481371372938156 0.2379914919535319 0.15706105530261993 0.259893258412679 0.1540864109992981 0.27257323265075684 0.14367516338825226 0.287558635075887 0.12954561412334442 0.29678042729695636 0.11244143545627594 0.29678042729695636 0.1020301952958107 0.30023860931396484 0.08938796818256378 0.30139132340749103 0.09533724933862686 0.287558635075887 0.10723581165075302 0.2633514404296875 0.11392876505851746 0.24606057008107504 0.11467242240905762 0.2310751477877299
1 0.061128877103328705 0.3740129868189494 0.06707815825939178 0.34980575243632 0.07525841891765594 0.3544166882832845 0.08120770752429962 0.385540246963501 0.09905555099248886 0.4120529095331828 0.11541607975959778 0.41435833772023517 0.1280583143234253 0.3993728955586751 0.13400758802890778 0.38669296105702716 0.1466498076915741 0.3705548048019409 0.14590615034103394 0.3843874931335449 0.13846954703330994 0.4120529095331828 0.13772588968276978 0.43856557210286456 0.1392132043838501 0.45355093479156494 0.11615972965955734 0.4420237143834432 0.10500483214855194 0.4431764284769694 0.08790064603090286 0.4466346502304077 0.08418234437704086 0.4466346502304077 0.08195136487483978 0.42127470175425213 0.07897672057151794 0.4062892595926921 0.07377109676599503 0.3878456751505534
1 0.27902135252952576 0.25182420015335083 0.2909198999404907 0.23568604389826456 0.31248605251312256 0.21378427743911743 0.3293076455593109 0.20576131343841553 0.3615676462650299 0.20802064736684164 0.38090279698371887 0.21032611529032388 0.3861084282398224 0.24029694000879923 0.3861084282398224 0.2564350962638855 0.3585929870605469 0.2760314146677653 0.3437197804450989 0.2898641029993693 0.3251282870769501 0.2956277132034302 0.3080241084098816 0.2921695311864217 0.2916635572910309 0.28294773896535236 0.2797650098800659 0.27487868070602417 0.2745593786239624 0.26219868659973145
1 0.39205771684646606 0.21032611529032388 0.39651966094970703 0.2299224336942037 0.40693092346191406 0.2506714661916097 0.4121365547180176 0.26796233654022217 0.4113928973674774 0.2887113690376282 0.4076745808124542 0.3025440573692322 0.4210604429244995 0.30023860931396484 0.4344463646411896 0.29678042729695636 0.44411391019821167 0.2910168170928955 0.45155054330825806 0.2771841287612915 0.4530378580093384 0.2575877904891968 0.4522942006587982 0.23453332980473837 0.4627054035663605 0.21493701140085855 0.4619617462158203 0.20802064736684164 0.43667730689048767 0.21147880951563516 0.41808581352233887 0.21147880951563516 0.40321260690689087 0.2126315434773763
1 0.19201308488845825 0.35902754465738934 0.2061426341533661 0.3475003242492676 0.22399047017097473 0.3394312063852946 0.22770877182483673 0.3567221164703369 0.23588904738426208 0.38669296105702716 0.24332565069198608 0.40398383140563965 0.25894251465797424 0.4270382722218831 0.2760466933250427 0.4339546362559001 0.2879452705383301 0.4397182861963908 0.28645795583724976 0.4616200129191081 0.2834832966327667 0.4743000268936157 0.26637911796569824 0.48697996139526367 0.25671154260635376 0.5111871957778931 0.2537368834018707 0.5388525724411011 0.25001856684684753 0.5607543786366781 0.24258199334144592 0.5757397810618082 0.23812001943588257 0.5976415475209554 0.23514539003372192 0.6218487421671549 0.2247341424226761 0.6149323781331381 0.22175951302051544 0.5861142873764038 0.2210158407688141 0.5538380146026611 0.21804119646549225 0.5204089879989624 0.21432289481163025 0.4950490395228068 0.2113482654094696 0.4719945589701335 0.20316798985004425 0.45470372835795086 0.19424407184123993 0.44548193613688153 0.1912694275379181 0.41090015570322674 0.1912694275379181 0.3889983892440796
1 0.30133116245269775 0.4477873643239339 0.3154606819152832 0.4374128182729085 0.3303339183330536 0.42934377988179523 0.3489254117012024 0.4155110518137614 0.3548746705055237 0.4178164800008138 0.3519000709056854 0.4466346502304077 0.3548746705055237 0.4662309487660726 0.35561832785606384 0.48697996139526367 0.34818175435066223 0.4927436113357544 0.3303339183330536 0.48697996139526367 0.3132297098636627 0.48352181911468506 0.2953818738460541 0.48352181911468506 0.29463818669319153 0.4673836628595988
1 0.4002379775047302 0.4915908972422282 0.41659849882125854 0.496201753616333 0.42552241683006287 0.48697996139526367 0.43295902013778687 0.4673836628595988 0.44411391019821167 0.45931458473205566 0.45898711681365967 0.4662309487660726 0.47237300872802734 0.47314731280008954 0.47014203667640686 0.49735450744628906 0.4731166660785675 0.5261726379394531 0.470885694026947 0.5538380146026611 0.45006322860717773 0.5538380146026611 0.4299843907356262 0.5503798325856527 0.4173421561717987 0.5446162223815918 0.4099055528640747 0.5273253122965494 0.4046999216079712 0.5088817278544108
1 0.5482263565063477 0.8097428480784098 0.555662989616394 0.7855356534322103 0.5690488815307617 0.7693974177042643 0.58540940284729 0.7451903025309244 0.6069754958152771 0.748648484547933 0.6181303858757019 0.7590230305989584 0.6270543336868286 0.7820774714152018 0.6292853355407715 0.8155064582824707 0.6330036520957947 0.8385608990987142 0.624079704284668 0.859309991200765 0.5995389223098755 0.858157237370809 0.5712798237800598 0.8639209270477295 0.5526883602142334 0.8616154988606771 0.5459954142570496 0.8385608990987142
1 0.35115641355514526 1.0 0.3667732775211334 1.0 0.39057040214538574 1.0 0.40172529220581055 1.0 0.4099055528640747 1.0 0.4121365547180176 1.0 0.4173421561717987 1.0 0.41882947087287903 1.0 0.4099055528640747 1.0 0.39057040214538574 1.0 0.3690042495727539 1.0 0.3578493297100067 1.0 0.3504127562046051 1.0 0.35115641355514526 1.0
1 0.16821596026420593 0.6402923266092936 0.19424407184123993 0.6253069241841634 0.20688629150390625 0.6183905601501465 0.22696511447429657 0.6299177805582682 0.23514539003372192 0.6333759625752767 0.22547779977321625 0.6575831572214762 0.2150665521621704 0.6679577032725016 0.20168067514896393 0.6702631314595541 0.18606381118297577 0.6598886648813883 0.17416523396968842 0.6472086906433105
1 0.853127121925354 0.58726700146993 0.8665129542350769 0.5987942218780518 0.8732059597969055 0.6241541703542074 0.8806425333023071 0.6460559368133545 0.9044396281242371 0.6610413789749146 0.9200564622879028 0.6552777290344238 0.9349297285079956 0.6472086906433105 0.9572395086288452 0.6541250546773275 0.9654197692871094 0.6644995212554932 0.9490593075752258 0.6979285875956217 0.9349297285079956 0.7198302745819092 0.923031210899353 0.7394266128540039 0.9208001494407654 0.768244743347168 0.9193128347396851 0.8051319122314453 0.9141072034835815 0.8258809248606364 0.8999776840209961 0.852393627166748 0.8858481645584106 0.8477827707926432 0.8657693266868591 0.8339500427246094 0.849408745765686 0.8281864325205485 0.8419722318649292 0.8247281710306803 0.8553580641746521 0.7947574456532797 0.853127121925354 0.7751610279083252 0.8412285447120667 0.7509538332621256 0.8308172821998596 0.7313575744628906 0.8226370215415955 0.7175248463948568 0.8270989656448364 0.6864012877146403 0.8345355987548828 0.6564304828643799 0.842715859413147 0.6322232484817505 0.842715859413147 0.6126269499460856 0.842715859413147 0.5964887936909994 0.8442031741142273 0.5815033912658691
1 0.8412285447120667 0.843171755472819 0.8523834347724915 0.8385608990987142 0.8694875836372375 0.8454773426055908 0.8769242167472839 0.852393627166748 0.8895664215087891 0.8604626655578613 0.8910537362098694 0.8696845372517904 0.8843608498573303 0.886975367863973 0.8791552186012268 0.8973499139149984 0.8709748983383179 0.8950444062550863 0.8650256395339966 0.8789063294728597 0.8553580641746521 0.8650736014048258
1 0.9074143171310425 0.858157237370809 0.9215437769889832 0.8351027965545654 0.9423663020133972 0.8489354451497396 0.9490593075752258 0.8616154988606771 0.9520339369773865 0.885822614034017 0.9490593075752258 0.9077243804931641 0.9535212516784668 0.9227097829182943 0.9445972442626953 0.9284733931223551 0.9304677844047546 0.9307789007822672 0.9148508906364441 0.9319316546122233 0.9066706299781799 0.9342370827992758 0.9014649987220764 0.9215571085611979 0.8947720527648926 0.9065717061360677 0.89402836561203 0.8823645114898682 0.8999776840209961 0.8673790295918783
1 0.24035102128982544 0.6460559368133545 0.2522495687007904 0.6714159647623698 0.2634044885635376 0.6829431056976318 0.2611734867095947 0.6898595492045084 0.2448129504919052 0.679485003153483 0.2336580455303192 0.6771794954935709 0.2247341424226761 0.6748740673065186 0.2262214571237564 0.6656522750854492 0.23291440308094025 0.6575831572214762
1 0.1094667986035347 0.8961971600850424 0.11913437396287918 0.8823645114898682 0.12880195677280426 0.8708372116088867 0.14516249299049377 0.8708372116088867 0.1578047126531601 0.8812117576599121 0.16301032900810242 0.8892807960510254 0.15854838490486145 0.9008080959320068 0.13995686173439026 0.9227097829182943 0.13252025842666626 0.9353898366292318 0.12657098472118378 0.9561388492584229 0.1280583143234253 0.9872624079386393 0.13995686173439026 1.0 0.1503681093454361 1.0 0.16301032900810242 1.0 0.1689596176147461 1.0 0.15334275364875793 1.0 0.1429315060377121 1.0 0.12582732737064362 1.0 0.11541607975959778 1.0 0.10351751744747162 1.0 0.10054287314414978 1.0 0.10054287314414978 0.9987896283467611 0.10649215430021286 0.9722770055135092 0.1094667986035347 0.9446115493774414 0.1094667986035347 0.9238625367482504 0.11021045595407486 0.9088771343231201
1 0.9059269428253174 0.9457643032073975 0.9222874641418457 0.941153367360433 0.9438536167144775 0.941153367360433 0.9631887674331665 0.9469170570373535 0.9654867053031921 0.9528535207112631 0.9654867053031921 1.0 0.9624451398849487 1.0 0.9460846781730652 1.0 0.9260058403015137 1.0 0.9170818328857422 1.0 0.9089016318321228 1.0 0.9036960005760193 0.9791932900746664 0.9029523134231567 0.9595969518025717
1 0.9133635759353638 1.0 0.9297240972518921 1.0 0.9542648792266846 1.0 0.9654867053031921 1.0 0.9654867053031921 1.0 0.9654867053031921 1.0 0.9654867053031921 1.0 0.9542648792266846 1.0 0.9408789873123169 1.0 0.9312114119529724 1.0 0.9222874641418457 1.0 0.9118762612342834 1.0 0.9036960005760193 1.0 0.8925410509109497 1.0 0.8970030546188354 1.0 0.9066706299781799 1.0 0.9059269428253174 1.0 0.9066706299781799 1.0 0.9141072034835815 1.0 0.9155945181846619 1.0
1 0.48873355984687805 0.9907205899556478 0.5088123679161072 0.9987896283467611 0.5340968370437622 1.0 0.5630996227264404 1.0 0.5831784009933472 1.0 0.5876404047012329 1.0 0.5839220285415649 1.0 0.5831784009933472 1.0 0.5772291421890259 1.0 0.5683051943778992 1.0 0.5593812465667725 1.0 0.5474827289581299 1.0 0.5333531498908997 1.0 0.5207109451293945 1.0 0.5132743120193481 1.0 0.5065813660621643 1.0 0.4954264760017395 1.0 0.4894772171974182 1.0 0.48873355984687805 1.0
1 0.5973079800605774 1.0 0.6173867583274841 1.0 0.6426712274551392 1.0 0.6545698046684265 1.0 0.6724176406860352 1.0 0.6917527914047241 1.0 0.6947274208068848 1.0 0.6910091638565063 1.0 0.6872908473014832 1.0 0.6813415288925171 1.0 0.6813415288925171 1.0 0.6679556965827942 1.0 0.6463895440101624 1.0 0.6337473392486572 1.0 0.6218487620353699 1.0 0.6114374995231628 1.0 0.6032572388648987 1.0 0.600282609462738 1.0 0.600282609462738 1.0 0.5921023488044739 1.0 0.5906150341033936 1.0 0.589871346950531 1.0 0.5921023488044739 1.0
1 0.1540864109992981 1.0 0.16970328986644745 1.0 0.19052577018737793 1.0 0.2039116472005844 1.0 0.2135792374610901 1.0 0.2210158407688141 0.9895678361256918 0.22770877182483673 0.9745824337005615 0.24406929314136505 0.9711242516835531 0.26266083121299744 0.9722770055135092 0.2708410620689392 0.9826515515645345 0.2819959819316864 1.0 0.29389452934265137 1.0 0.2983565032482147 1.0 0.29984381794929504 1.0 0.2983565032482147 1.0 0.2953818738460541 1.0 0.29240721464157104 1.0 0.27530303597450256 1.0 0.25671154260635376 1.0 0.24630029499530792 1.0 0.23291440308094025 1.0 0.2225031554698944 1.0 0.20539897680282593 1.0 0.1875511258840561 1.0 0.1726779192686081 1.0 0.16003568470478058 1.0 0.15483006834983826 1.0
1 0.061872538179159164 0.9757351080576578 0.07674574106931686 0.9803460439046224 0.08566966652870178 0.9918732643127441 0.09310626983642578 1.0 0.09682457149028778 1.0 0.10500483214855194 1.0 0.10872313380241394 1.0 0.10351751744747162 1.0 0.09682457149028778 1.0 0.08864431083202362 1.0 0.08641332387924194 1.0 0.0797203779220581 1.0 0.0722837820649147 1.0 0.0648471787571907 1.0 0.06038521230220795 0.9999424616495768
1 0.2098609358072281 1.0 0.2210158407688141 1.0 0.23068343102931976 1.0 0.24183833599090576 1.0 0.25001856684684753 1.0 0.2544805407524109 1.0 0.26266083121299744 1.0 0.27902135252952576 1.0 0.2894325852394104 1.0 0.2879452705383301 1.0 0.2916635572910309 1.0 0.2983565032482147 1.0 0.3102550804615021 1.0 0.3139733672142029 1.0 0.31471702456474304 1.0 0.3139733672142029 1.0 0.31099873781204224 1.0 0.3028184771537781 1.0 0.29761284589767456 1.0 0.2879452705383301 1.0 0.2671227753162384 1.0 0.25522419810295105 1.0 0.23588904738426208 1.0 0.2247341424226761 1.0
1 0.3243846297264099 1.0 0.3362831771373749 1.0 0.34818175435066223 1.0 0.35933664441108704 1.0 0.3823901116847992 1.0 0.4002379775047302 1.0 0.41436752676963806 1.0 0.4210604429244995 1.0 0.42552241683006287 1.0 0.4099055528640747 1.0 0.39651966094970703 1.0 0.3972633183002472 1.0 0.39577600359916687 1.0 0.39205771684646606 1.0 0.3786718249320984 1.0 0.36454227566719055 1.0 0.3585929870605469 1.0 0.3489254117012024 1.0 0.34000149369239807 1.0 0.3362831771373749 1.0 0.3325648903846741 1.0 0.3303339183330536 1.0 0.32884660363197327 1.0
1 0.4195731282234192 0.8062845865885416 0.4418829381465912 0.7855356534322103 0.46419277787208557 0.7670920689900717 0.4857589304447174 0.7624811331431071 0.5043504238128662 0.7636338869730631 0.5207109451293945 0.7693974177042643 0.53484046459198 0.7809247175852457 0.5385587811470032 0.8016737302144369 0.5385587811470032 0.830491860707601 0.5437644124031067 0.8558518091837565 0.5459954142570496 0.8742953936258951 0.530378520488739 0.8673790295918783 0.515505313873291 0.8662263552347819 0.500632107257843 0.8673790295918783 0.5073250532150269 0.8385608990987142 0.5058377385139465 0.8120482762654623 0.49468281865119934 0.7947574456532797 0.4805532693862915 0.7993683020273844 0.470885694026947 0.8108956019083658 0.45898711681365967 0.8247281710306803 0.4456012547016144 0.8500881989796957 0.43667730689048767 0.8650736014048258 0.4284970760345459 0.8800590833028158 0.4232914447784424 0.8823645114898682 0.4225477874279022 0.8570044835408529 0.4225477874279022 0.8339500427246094
1 0.7267048358917236 0.9296261469523112 0.7363724112510681 0.9273207187652588 0.7438090443611145 0.9296261469523112 0.7505019307136536 0.9584442774454752 0.7601695656776428 0.9918732643127441 0.768349826335907 1.0 0.7594258785247803 1.0 0.7512456774711609 1.0 0.7371160984039307 1.0 0.7177808880805969 1.0 0.7066259980201721 1.0 0.7029076814651489 1.0 0.7021640539169312 1.0 0.7021640539169312 1.0 0.7118316292762756 0.996484120686849 0.7103443145751953 0.9745824337005615 0.7081133723258972 0.9561388492584229 0.7103443145751953 0.9457643032073975 0.7177808880805969 0.9388479391733805
1 0.7884286642074585 0.37286027272542316 0.7995835542678833 0.3682493766148885 0.8204060792922974 0.3740129868189494 0.8389975428581238 0.3878456751505534 0.8613073229789734 0.4062892595926921 0.8650256395339966 0.4281910260518392 0.8627946972846985 0.4443291425704956 0.8471778035163879 0.45700915654500324 0.8389975428581238 0.4696890910466512 0.8293299674987793 0.48697996139526367 0.8241243362426758 0.5019654035568237 0.8114821314811707 0.4915908972422282 0.802558183670044 0.4696890910466512 0.8003272414207458 0.4477873643239339 0.7988399267196655 0.4155110518137614 0.798096239566803 0.3993728955586751 0.7921469211578369 0.38323477904001874
1 0.5683051943778992 0.5849615732828776 0.5861530900001526 0.5861142873764038 0.6054881811141968 0.5838088194529215 0.6211050748825073 0.5757397810618082 0.634490966796875 0.5711288452148438 0.6307727098464966 0.5918779373168945 0.6233360767364502 0.6172378857930502 0.6218487620353699 0.6333759625752767 0.6248233914375305 0.6483613650004069 0.6084628701210022 0.6506668329238892 0.5958206057548523 0.6541250546773275 0.579460084438324 0.6541250546773275 0.570536196231842 0.6564304828643799 0.5735108256340027 0.6310705343882242 0.5764854550361633 0.6149323781331381 0.5720235109329224 0.6057105859120687
1 0.6173867583274841 0.21147880951563516 0.6486204862594604 0.21378427743911743 0.6709303259849548 0.2126315434773763 0.689521849155426 0.21032611529032388 0.6969584226608276 0.2379914919535319 0.7006767392158508 0.25874050458272296 0.7066259980201721 0.27948957681655884 0.713318943977356 0.2979331612586975 0.7207555770874023 0.3163767457008362 0.7289357781410217 0.3255985379219055 0.7460399866104126 0.3394312063852946 0.7624005675315857 0.34980575243632 0.7661188244819641 0.3601802984873454 0.7497583031654358 0.38323477904001874 0.7408344149589539 0.40859468777974445 0.7348850965499878 0.42473284403483075 0.7304231524467468 0.4431764284769694 0.7229865193367004 0.45239822069803876 0.7066259980201721 0.45585644245147705 0.6910091638565063 0.45585644245147705 0.6828288435935974 0.45470372835795086 0.6761359572410583 0.45585644245147705 0.6701866388320923 0.45009279251098633 0.6664683818817139 0.43510735034942627 0.668699324131012 0.4235801299413045 0.6753922700881958 0.4120529095331828 0.6776232719421387 0.39706746737162274 0.6672120094299316 0.38669296105702716 0.6590317487716675 0.37862388292948407 0.6530824899673462 0.3682493766148885 0.6463895440101624 0.3463476101557414 0.644902229309082 0.33827853202819824 0.6590317487716675 0.335973064104716 0.6761359572410583 0.33827853202819824 0.6828288435935974 0.33712581793467206 0.6969584226608276 0.32329312960306805 0.6977021098136902 0.3117658495903015 0.6954711079597473 0.29678042729695636 0.6910091638565063 0.2771841287612915 0.6850599050521851 0.26796233654022217 0.6679556965827942 0.2702677845954895 0.6582880616188049 0.2714204788208008 0.6456458568572998 0.2702677845954895 0.6374655961990356 0.26565688848495483 0.6285416483879089 0.259893258412679 0.6203614473342896 0.2564350962638855
1 0.9222874641418457 0.34865299860636395 0.9326987266540527 0.32098764181137085 0.9527775645256042 0.30600225925445557 0.9624451398849487 0.30023860931396484 0.9654867053031921 0.31438255310058594 0.9654867053031921 0.39245657126108807 0.9654867053031921 0.4155110518137614 0.9498029351234436 0.4120529095331828 0.9453409910202026 0.40052564938863117 0.9438536167144775 0.37631837526957196 0.9364170432090759 0.3670965830485026 0.9289804697036743 0.3613330125808716
1 0.7066259980201721 0.6875540415445963 0.719268262386322 0.679485003153483 0.7244738340377808 0.7106085618336996 0.7356287837028503 0.7440375487009684 0.7505019307136536 0.776313861211141 0.7631441950798035 0.7959101994832357 0.7757864594459534 0.7959101994832357 0.787684977054596 0.7866883277893066 0.7906596064567566 0.7670920689900717 0.7995835542678833 0.7786192893981934 0.8107384443283081 0.797062873840332 0.8241243362426758 0.8108956019083658 0.8330482840538025 0.8201173146565756 0.8315609693527222 0.8293391863505045 0.8166877031326294 0.823575496673584 0.8040454983711243 0.8339500427246094 0.7988399267196655 0.8546990553538004 0.787684977054596 0.8812117576599121 0.7765300869941711 0.8950444062550863 0.7586822509765625 0.9100298086802164 0.7505019307136536 0.9169462521870931 0.7400907278060913 0.914640744527181 0.7333977818489075 0.9111825625101725 0.7378597259521484 0.8892807960510254 0.743065357208252 0.8708372116088867 0.7482709884643555 0.8397136529286703 0.7378597259521484 0.8224228223164877 0.7311668395996094 0.8016737302144369 0.7244738340377808 0.7843828996022543 0.7207555770874023 0.7555647691090902 0.7177808880805969 0.741732120513916 0.7140626311302185 0.7232884565989176 0.7110880017280579 0.7083031336466471
