1 0.015625 0.0050514557458072725 0.01936652883887291 0.02230798210482147 0.015625 0.05603664596645818 0.015625 0.04257655649056554 0.015625 0.0019267822736030828 0.015625 0.0019267822736030828
1 0.028190888464450836 0.013679719384695064 0.04701618850231171 0.017601656316562426 0.055252257734537125 0.027014307893080517 0.05995858460664749 0.041917672276726575 0.062311746180057526 0.05525225894758926 0.06407661736011505 0.06937123263732087 0.04995764419436455 0.08270582665827463 0.03172063082456589 0.07721511017610112 0.015625 0.05760542000419602 0.015625 0.05289909789098251
1 0.07584243267774582 0.0050514557458072725 0.10584525763988495 0.03015185780607896 0.11761107295751572 0.04034889456394321 0.109375 0.04583960737107117 0.09113799035549164 0.05289909789098251 0.07701901346445084 0.05838981069811047 0.07231269031763077 0.05760542000419602 0.05584054812788963 0.015248493422432901 0.03466208651661873 0.012895330528303378 0.019954819232225418 0.012895330528303378 0.01583678461611271 0.0019267822736030828
1 0.0887848287820816 0.1431036712117278 0.12172910571098328 0.12584714209642944 0.13525979220867157 0.14702560630607237 0.14761389791965485 0.17369477964779775 0.14996705949306488 0.1909513087630961 0.13820123672485352 0.20742345085952554 0.10349209606647491 0.20507027510273662 0.09466773271560669 0.19016690704404504 0.09172628074884415 0.16663529647797748
1 0.12114081531763077 0.023876756142559307 0.14114269614219666 0.015248493422432901 0.16055628657341003 0.011326556490565541 0.17526355385780334 0.008189005658805714 0.18879424035549164 0.018386043335431344 0.2005600482225418 0.03956450754507428 0.20467808842658997 0.060742975429762765 0.20114834606647491 0.07956827123270788 0.19467714428901672 0.09760918736687516 0.1858527809381485 0.10859061298113108 0.1646743267774582 0.10545306490565541 0.14879047870635986 0.09604040597904624 0.1305534690618515 0.05289909789098251
1 0.8023813962936401 0.2576242494675006 0.7770848870277405 0.285862211547146 0.7682605385780334 0.2944904540545219 0.7694371342658997 0.3156689182641649 0.7817912101745605 0.3368473824738078 0.797086775302887 0.33998493054928347 0.8153237700462341 0.33998493054928347 0.8317959308624268 0.3368473824738078 0.845914900302887 0.30782504807547567 0.8488563895225525 0.28664658386583275 0.8382671475410461 0.2701744417694033 0.8247364163398743 0.25919302350523843
1 0.20467808842658997 0.1415348824738078 0.22644484043121338 0.1478099933249413 0.24703501164913177 0.15408508947589264 0.255859375 0.15879141158910615 0.25821253657341003 0.18075426281761803 0.2611539959907532 0.20977659721595016 0.26468372344970703 0.23095506142559308 0.26468372344970703 0.24115210737107118 0.24409356713294983 0.2615461992620273 0.2340926229953766 0.2748807638826168 0.21291415393352509 0.22624873931237957 0.20526637136936188 0.21369854701047689 0.1993834674358368 0.17526356838571772 0.19820688664913177 0.15486947649476157
1 0.015625 0.2855392191451409 0.015625 0.2725276175261922 0.015625 0.2724089576559489 0.017013365402817726 0.26389934561845196 0.024661144241690636 0.26703689369392763 0.020543109625577927 0.28664658386583275 0.015625 0.2910101565322435 0.015625 0.30782504807547567 0.015625 0.31174699787000243 0.015625 0.30782504807547567
1 0.03348550572991371 0.3541039262892883 0.062311746180057526 0.35331952457023724 0.08937311917543411 0.3619477670776132 0.0740775614976883 0.3839106624066715 0.05937029421329498 0.4019515491404745 0.035838667303323746 0.3917545031949964 0.032308924943208694 0.36273216879666426
1 0.015625 0.4461870432359405 0.04113328456878662 0.4508933947495183 0.06525319814682007 0.44226512284177805 0.08231362700462341 0.4461870432359405 0.10408038645982742 0.4555996874623675 0.11996423453092575 0.45246216878725615 0.12937688827514648 0.4634436164517853 0.12408226728439331 0.4759937793533237 0.10761012881994247 0.4924659508501174 0.10113892704248428 0.5018785656761802 0.09113799035549164 0.5144288167788115 0.062311746180057526 0.5214882558480852 0.031132342293858528 0.5293320966364101 0.015625 0.5348229086697676 0.015625 0.5316853017935633
1 0.46293768286705017 0.3710506196655979 0.48235127329826355 0.3655599252336976 0.5017648935317993 0.36085357372011984 0.5152955651283264 0.36242237715822195 0.5282379388809204 0.37183502138464897 0.5382388830184937 0.3828164690491781 0.5405920743942261 0.399288552344879 0.5429452061653137 0.4118388034475102 0.5441218018531799 0.42125144767393724 0.5458866953849792 0.4283109749443039 0.5341208577156067 0.4369392174516799 0.5211784839630127 0.443998685921318 0.5047063231468201 0.46831466880607237 0.49588197469711304 0.48478684030286606 0.4876458942890167 0.49498388624834416 0.4641142785549164 0.4965526896864463 0.44175922870635986 0.4792961164706015 0.4288168251514435 0.456548907623585 0.42587536573410034 0.44164551016452913 0.44234752655029297 0.4008573557829811 0.45352503657341003 0.393797887313343 0.46058452129364014 0.38046326389202495
1 0.016425075009465218 0.5444002537369039 0.0534873865544796 0.5342032077914258 0.08760824799537659 0.5294969150785765 0.1158461943268776 0.5263593670031009 0.14231927692890167 0.5255749652840499 0.14937876164913177 0.5381252163866811 0.16349774599075317 0.5577349065585863 0.16820406913757324 0.5796977430869159 0.14114269614219666 0.5969542869023964 0.12467055767774582 0.6212702109864222 0.10819841921329498 0.6306829140135778 0.07819559425115585 0.6416643028773784 0.06819465011358261 0.6393112153216823 0.04995764419436455 0.6126419684790463 0.03172063082456589 0.5773445967304913 0.0187782384455204 0.563225542189758
1 0.3335137367248535 0.46125520033643425 0.3541039228439331 0.45968642629869644 0.359986811876297 0.47694299951454117 0.3670462965965271 0.5043964716740427 0.37763553857803345 0.5232218189276252 0.39999058842658997 0.5396939610240546 0.41352126002311707 0.545969057175006 0.4235222041606903 0.5679319525040643 0.4235222041606903 0.5961698851833453 0.4176393151283264 0.6173483199926241 0.4029320478439331 0.6353892655271556 0.39175450801849365 0.6479394578290583 0.3817535638809204 0.6534301522609586 0.35822194814682007 0.6448019097535826 0.3276308476924896 0.6597052484119099 0.31645330786705017 0.6463707131916847 0.30233433842658997 0.6338204620890535 0.2893919348716736 0.5773445967304913 0.2770378291606903 0.5506754086885838 0.2758612632751465 0.5396939610240546 0.2964514195919037 0.5036121287557201 0.30939382314682007 0.49106193645381746 0.32115963101387024 0.47380542203870124
1 0.23329176008701324 0.33915439965867356 0.24642200767993927 0.31398809943814726 0.2628348171710968 0.3019520313064487 0.2866334021091461 0.29319851384686596 0.2907366156578064 0.3238357808548591 0.30762895941734314 0.34438146102405465 0.32292452454566956 0.35065652777464174 0.33527860045433044 0.34359708870536787 0.3458678424358368 0.3490878125376325 0.359986811876297 0.34202828526726575 0.3752823770046234 0.3357531891163144 0.3882247805595398 0.3341844150785766 0.39881399273872375 0.3388907665921544 0.4094032347202301 0.3475190090995304 0.4158744215965271 0.35300973293179494 0.395872563123703 0.38203206733012707 0.38410672545433044 0.39458225963202975 0.36998775601387024 0.40477930557750785 0.359986811876297 0.4102700000094081 0.35175076127052307 0.4267421715062018 0.34410297870635986 0.44086113784584235 0.32939571142196655 0.45890202457964535 0.2823324501514435 0.5153779193385718 0.26468372344970703 0.5444002537369039 0.25232961773872375 0.5655787473469112 0.2352692037820816 0.582050830642612 0.21938535571098328 0.5938166800261921 0.20291320979595184 0.5946010817452433 0.1787932962179184 0.582050830642612 0.16643919050693512 0.5530284962442799 0.16232116520404816 0.5318501202357298 0.16232116520404816 0.5083184802692979 0.15702654421329498 0.48557124202191715 0.1852644979953766 0.5161623210576228 0.21173757314682007 0.5224374760093028 0.22585655748844147 0.5145935176195208 0.25350621342658997 0.49263071049155527 0.26056569814682007 0.4628239743741721 0.2629188597202301 0.44164551016452913 0.26056569814682007 0.42125144767393724
1 0.4311699867248535 0.003482680789308052 0.4282285273075104 0.02544553385534268 0.43352314829826355 0.03721134648846753 0.43999436497688293 0.0568210329853271 0.45411333441734314 0.08270582665827463 0.4799981117248535 0.0803526582515768 0.4994117021560669 0.07799949719497004 0.508824348449707 0.0623117494675006 0.5100009441375732 0.041133281582812126 0.5058829188346863 0.023876756142559307 0.504118025302887 0.008973393596436017 0.5063613653182983 0.0019267822736030828
1 0.015625 0.7624599919842847 0.02348456345498562 0.7506942014014331 0.04289815574884415 0.7342221181057321 0.051134224981069565 0.7153968296528781 0.06937123835086823 0.7091217335019268 0.0881965383887291 0.7153968296528781 0.10819841921329498 0.722456268722152 0.11761107295751572 0.7271626202357298 0.10996329039335251 0.749909799682382 0.11349303275346756 0.7718726950114403 0.10643354803323746 0.7820696821561898 0.09113799035549164 0.7954042761771436 0.07878388464450836 0.8095232719171483 0.07172439992427826 0.8236422676571532 0.06113516539335251 0.8448207612671604 0.050545934587717056 0.8589396982064367 0.044074736535549164 0.8707055475900168 0.02642601728439331 0.8699211458709658 0.01583678461611271 0.8707055475900168 0.015625 0.8714899493090679 0.015625 0.8707144853007587
1 0.015625 0.8804280128552505 0.015625 0.8804280128552505 0.02320772036910057 0.8807772891829239 0.02972412109375 0.879638671875 0.03525037690997124 0.8835655021299976 0.043486446142196655 0.8859186484864222 0.05231080576777458 0.9008219871447495 0.02117919921875 0.8975423177083334 0.015625 0.8976844978700024
1 0.32115963101387024 0.7083373317828757 0.347044438123703 0.695787139480973 0.3676345944404602 0.6989246287557201 0.3794004023075104 0.6895120433300217 0.39351940155029297 0.6871588381728685 0.40410861372947693 0.7067685283447736 0.4105798304080963 0.7271626202357298 0.4094032347202301 0.7491253979633309 0.39999058842658997 0.7569692975523844 0.38410672545433044 0.765597598860489 0.3670462965965271 0.7608912473469112 0.36292827129364014 0.740497155455955 0.34469127655029297 0.740497155455955 0.3264542520046234 0.7444191052504817 0.3182181715965271 0.7365752056614282
1 0.7229621410369873 0.5366252098009995 0.7329630851745605 0.5052496702455143 0.7494352459907532 0.48250246139849773 0.7600244879722595 0.4770117669665974 0.7676722407341003 0.4848556371552866 0.7900273203849792 0.5013278380524446 0.8053228259086609 0.5091716788407695 0.8259130120277405 0.5115248839979227 0.8341491222381592 0.5052496702455143 0.8470914959907532 0.5068184736836163 0.8612104654312134 0.5052496702455143 0.8700348138809204 0.5091716788407695 0.8953313231468201 0.5389784149581527 0.9053322672843933 0.561725594404805 0.9059205651283264 0.5734914437883851 0.8953313231468201 0.5852572343712368 0.8788591623306274 0.5946698785976637 0.8553275465965271 0.6111420206940932 0.8359139561653137 0.6229078112769448 0.8253247141838074 0.615848372207671 0.7988516688346863 0.6182015773648242 0.784144401550293 0.6166327739267221 0.7706137299537659 0.5993762889119701 0.7582595944404602 0.580550882857659 0.7411991953849792 0.5483910591845798
1 0.6111869215965271 0.582050830642612 0.6264824867248535 0.564009943908809 0.6317771077156067 0.5475378606131082 0.6323654055595398 0.5428315090995304 0.6564853191375732 0.5444002537369039 0.6841349601745605 0.5436158520178529 0.7111963629722595 0.5475378606131082 0.7317865490913391 0.5585193082776373 0.7517883777618408 0.590679190751445 0.7600244879722595 0.6110732238416727 0.7635542154312134 0.6322516586509513 0.7612010836601257 0.6487238595481093 0.7417874336242676 0.6675491480009634 0.7211973071098328 0.6997089716740427 0.7141377925872803 0.713828026214776 0.7017837166786194 0.7248094150785765 0.6658979654312134 0.7287313648731033 0.6441311836242676 0.7240250133595255 0.6247175931930542 0.7240250133595255 0.6047157645225525 0.7091217335019268 0.5929499268531799 0.7028465785502469 0.5835372805595398 0.678530536864764 0.5911850333213806 0.6322516586509513 0.6029508709907532 0.5961698851833453
1 0.06466490775346756 0.6510769471038054 0.05584054812788963 0.6887276416109707 0.05642883852124214 0.7004933733930937 0.09937405586242676 0.7114748210576228 0.11937594413757324 0.713828026214776 0.1364363729953766 0.7028465785502469 0.14231927692890167 0.697355825317618 0.13820123672485352 0.670686696076439 0.1305534690618515 0.6471550561100072 0.12643542885780334 0.6361736672462066 0.1029038056731224 0.6424487045964294 0.0811370462179184 0.6502926041854828
1 0.1587914228439331 0.8008950294097724 0.1858527809381485 0.7914823851833453 0.20467808842658997 0.7922667869023964 0.2146790325641632 0.804032577485248 0.22467997670173645 0.8299173638081045 0.2352692037820816 0.8809025347347664 0.2352692037820816 0.8942371287557201 0.12172910571098328 0.8934527270366691 0.1229056864976883 0.8675679407138126 0.13937781751155853 0.8330549706843088 0.15232022106647491 0.8056013809233502
1 0.2988045811653137 0.8087388701980973 0.3182181715965271 0.803248175766197 0.3399849534034729 0.7993262259716702 0.35175076127052307 0.8008950294097724 0.3682228922843933 0.8008950294097724 0.38645991683006287 0.8056013809233502 0.4011671543121338 0.8283485603700024 0.4017554521560669 0.8495270539800096 0.3882247805595398 0.8589396982064367 0.3688111901283264 0.8707055475900168 0.35116246342658997 0.8769805849402397 0.33527860045433044 0.8620772462819123 0.30704066157341003 0.8628616480009634 0.29292169213294983 0.8526646608562138 0.2911568284034729 0.8118764770743016
1 0.9941641688346863 0.4781059309237265 0.9723973870277405 0.46398699398445026 0.9582784175872803 0.4710464624540884 0.9406297206878662 0.48202788071825325 0.9312170743942261 0.5102658427978986 0.9270990490913391 0.5314443364079058 0.9253341555595398 0.553407114135507 0.9294521808624268 0.5651729635190872 0.9676910638809204 0.5879202605671965 0.9888695478439331 0.6020391387057442 0.9988704919815063 0.6036079421438464
1 0.1723220944404602 0.5922478765880901 0.15937970578670502 0.6322516586509513 0.16173286736011505 0.6495082612671604 0.16055628657341003 0.678530536864764 0.16055628657341003 0.6910807291666666 0.18291133642196655 0.6997089716740427 0.21173757314682007 0.6902963862483442 0.2211502194404602 0.6855900347347664 0.22409167885780334 0.6495082612671604 0.22232680022716522 0.6298985710952553 0.2146790325641632 0.6102888809233502 0.20879612863063812 0.6016605208145172 0.1852644979953766 0.5914635336697676
1 0.07054781913757324 0.8456051629862115 0.09466773271560669 0.8408987526719051 0.12467055767774582 0.8377612045964294 0.14055439829826355 0.8142295646299976 0.13996611535549164 0.7969730208145172 0.12055252492427826 0.785207289032394 0.11525790393352509 0.784422887313343 0.08701995760202408 0.8134452805124036 0.07701901346445084 0.8299173638081045
1 0.4735269248485565 0.7828540838752408 0.49705854058265686 0.7726570967304913 0.5282379388809204 0.7812853392378672 0.5547110438346863 0.8063857826424012 0.557652473449707 0.8307017655271556 0.5611822009086609 0.8636460497200145 0.5588290691375732 0.8714899493090679 0.5523578524589539 0.8714899493090679 0.5276496410369873 0.8495270539800096 0.5029414296150208 0.8275641586509513 0.4864693284034729 0.8118764770743016 0.4741152226924896 0.8001106276907214
1 0.7664956450462341 0.6561619753093388 0.7823795080184937 0.6749872637621929 0.79296875 0.7024407947224229 0.7959101796150208 0.721266083175277 0.7764965891838074 0.7353851377160103 0.7600244879722595 0.7432289197036067 0.7523766756057739 0.7502884175736091 0.7317865490913391 0.7353851377160103 0.7217856049537659 0.7251880329698037 0.7229621410369873 0.7102846355107478 0.7370811104774475 0.6930281504959959 0.7453172206878662 0.6710653139676662 0.7564947009086609 0.6616526109405106
1 0.744140625 0.39389908336720253 0.7480784058570862 0.4306514203433586 0.7606791853904724 0.43905198642973264 0.7693422436714172 0.44535239629433104 0.7795804142951965 0.4327515765651343 0.7787928581237793 0.408600059318175 0.7748550772666931 0.39389908336720253 0.7630418539047241 0.38654863949226276
1 0.8063570857048035 0.7234800482071893 0.8173828125 0.7276803606507406 0.8291960954666138 0.7434313118113258 0.8299835920333862 0.7654827022368738 0.8244707584381104 0.788584214873856 0.8134450316429138 0.8011850934037813 0.7953314185142517 0.8095856006894268 0.7748550772666931 0.8064354104573097 0.7567414045333862 0.7969848397609586 0.7543787956237793 0.7875341514631503 0.7520161271095276 0.7675828878590137 0.7630418539047241 0.758132258361934 0.7724924683570862 0.7476316242548772 0.7843056917190552 0.7413313025913716 0.796118974685669 0.732930677704269
1 0.9063760042190552 0.4169525852093118 0.9284273982048035 0.41380239497719473 0.9465410709381104 0.41275230216612474 0.9544165730476379 0.4274532487167329 0.9583543539047241 0.44635447831052805 0.9622920751571655 0.45790520522865485 0.9457535147666931 0.4652556491035946 0.9378780126571655 0.471556058968193 0.9213394522666931 0.4568551418179492 0.9016507267951965 0.4411041318566354
1 0.015625 0.19472164087901914 0.024849001318216324 0.16627276058601276 0.05110950767993927 0.1487657550672116 0.07162552326917648 0.14329483238029112 0.08229385316371918 0.17502624864523122 0.09050026535987854 0.20456932229573097 0.08967962116003036 0.21988795579972753 0.0675223246216774 0.2253589078870123 0.03797925263643265 0.23192400923124398 0.02813156507909298 0.21660537572724742 0.021566439419984818 0.2034751289382376
1 0.03469669073820114 0.2516194014650319 0.054392069578170776 0.2352065893037241 0.07819065451622009 0.23301820258873734 0.0987066701054573 0.22645308654432353 0.11347820609807968 0.21660537572724742 0.13645614683628082 0.21988795579972753 0.1405593454837799 0.23630076796103536 0.12824973464012146 0.24943101475004517 0.10773371905088425 0.2691263775834688 0.09296218305826187 0.2964810939193461 0.08967962116003036 0.33477768502942856 0.09624474495649338 0.350096303833243 0.07244616746902466 0.3424370091315179 0.047826942056417465 0.33915439965867356 0.03551733121275902 0.3424370091315179 0.024028360843658447 0.33040091159945506 0.024028360843658447 0.3085171620510447 0.033876050263643265 0.28116247511553166
1 0.36722177267074585 0.4531706881660946 0.39977383613586426 0.454312892318461 0.414336621761322 0.4565972124221008 0.43146929144859314 0.4817251157668744 0.4443188011646271 0.494289155640354 0.48115405440330505 0.5091374568167449 0.511992871761322 0.4748720966552264 0.5351219773292542 0.45088633866209055 0.5531113147735596 0.4406067070933436 0.5753837823867798 0.44745978500572015 0.6002261638641357 0.4645924650864794 0.6182154417037964 0.472587717750858 0.6147889494895935 0.5011422041523663 0.621641993522644 0.5171327094811236 0.6233552694320679 0.5308388065051481 0.6147889494895935 0.5673885161706708 0.6045092940330505 0.5810946719954239 0.5908032059669495 0.6005117309805516 0.5822368264198303 0.6153600321569425 0.5805235505104065 0.6850328978316172 0.5813801884651184 0.6964547041523663 0.5719572305679321 0.6896015968396255 0.5685306787490845 0.6484831881660946 0.5685306787490845 0.6039382258361934 0.5839501023292542 0.5730994193310452 0.5950863361358643 0.5468293118339054 0.5985128879547119 0.5274123116495063 0.5933730602264404 0.4977156504959959 0.5865200161933899 0.48629387357561116 0.5788103342056274 0.4748720966552264 0.5685306787490845 0.46801901874284985 0.5471148490905762 0.4748720966552264 0.5282689332962036 0.489720368431253 0.5068530440330505 0.5102796021683828 0.488007128238678 0.528554457001144 0.4734443426132202 0.5456871664822676 0.4580249488353729 0.5582510593539258 0.4340392053127289 0.5605354676586585 0.4126233458518982 0.5342653601615186 0.3920641541481018 0.5194170589851277 0.3800712823867798 0.5045686990080082 0.37664473056793213 0.4874360483276132 0.37150493264198303 0.46801901874284985
1 0.12907758355140686 0.7227247528487777 0.1530633270740509 0.7067342475200205 0.17619243264198303 0.7078764516723868 0.18904194235801697 0.7170139084891317 0.20017817616462708 0.7318622684662512 0.21474094688892365 0.72158260749714 0.22673383355140686 0.7021656073127408 0.22673383355140686 0.6918859463436295 0.2284470945596695 0.7204404033447736 0.22587719559669495 0.7387152581775349 0.21902412176132202 0.7569901130102963 0.19418174028396606 0.7649853656746749 0.18390214443206787 0.7752649678430575 0.17105263471603394 0.7809758710034321 0.15563322603702545 0.7878289195154443 0.1470668911933899 0.786686715363078 0.1316474825143814 0.7764071719954239 0.1205112412571907 0.7604166666666666 0.12393777072429657 0.7455683066895472
1 0.015625 0.718156112641498 0.015625 0.7133665580970014 0.03827439621090889 0.7135873548327614 0.03399122878909111 0.7318622684662512 0.02199835516512394 0.7432840159862717 0.015625 0.7478527149942799 0.015625 0.7455683066895472 0.015625 0.7364309086735308
1 0.015625 0.5548245056975554 0.01600191928446293 0.5822368173470617 0.04255756735801697 0.6187865270125843 0.053693804889917374 0.6370614406460742 0.04855400323867798 0.6781797905188764 0.0442708320915699 0.6975968495040041 0.015625 0.7055921021683828 0.015625 0.7010234031603745 0.015625 0.6610471398384814 0.015625 0.6165022363093088 0.015625 0.5788102636906912
1 0.7175849676132202 0.15963085079009362 0.756133496761322 0.14478253491352058 0.7895421981811523 0.14706686971734254 0.8083881735801697 0.16991045295847634 0.8280907273292542 0.18704313303923562 0.8332305550575256 0.2053179731718148 0.8306606411933899 0.22816155641294858 0.8092448115348816 0.24529422179352572 0.7749794125556946 0.26242688717410284 0.7552768588066101 0.28070174200686415 0.7432839870452881 0.3241045295847634 0.7415707111358643 0.3309576074971399 0.7518503069877625 0.34923246232990124 0.7484238147735596 0.3686494919146646 0.7415707111358643 0.39263522050743616 0.7364309430122375 0.4223319110613108 0.7449972629547119 0.444033260749714 0.7595600485801697 0.454312892318461 0.7449972629547119 0.4668768439908478 0.7235814332962036 0.4520285134140926 0.7141584157943726 0.4143366583969322 0.6978824138641357 0.377786889930681 0.6781798005104065 0.350374607681539 0.6473410129547119 0.3172514810727511 0.6422011852264404 0.28070174200686415 0.6473410129547119 0.26242688717410284 0.6610471606254578 0.2407255227855175 0.6756099462509155 0.2235928280045761 0.6961691379547119 0.1893274825432397 0.707305371761322 0.17105262771047838
1 0.9617255926132202 0.7078764516723868 0.98828125 0.7113030053287572 0.9977042078971863 0.718156112641498 0.9951342940330505 0.7615588120183044 0.9942777156829834 0.7741227636906912 0.9745751023292542 0.7741227636906912 0.9608689546585083 0.7741227636906912 0.9523026347160339 0.7478527149942799 0.9548725485801697 0.7341466179702553
1 0.4357524812221527 0.5788102636906912 0.4717310965061188 0.5685307203230371 0.49743008613586426 0.5445450211306299 0.5205591917037964 0.5137061558247531 0.5428316593170166 0.4920047473356214 0.560820996761322 0.48400949467124277 0.5753837823867798 0.4908625725836193 0.5848067402839661 0.5091374568167449 0.5839501023292542 0.528554457001144 0.5779536962509155 0.5525402149942799 0.5659608244895935 0.5810946719954239 0.5625342726707458 0.6085069836449302 0.5625342726707458 0.6701845966552264 0.5668174624443054 0.6896015968396255 0.5796669125556946 0.7101608011763909 0.6002261638641357 0.723866957001144 0.6105057597160339 0.7478527149942799 0.6105057597160339 0.7638432203230371 0.6147889494895935 0.7855445700114403 0.6122190356254578 0.807245978500572 0.5925164222717285 0.8061037743482057 0.5565378069877625 0.7935398226758189 0.5222724676132202 0.7684119193310452 0.5085663199424744 0.7604166666666666 0.47515761852264404 0.75584790885793 0.45888158679008484 0.7604166666666666 0.439179003238678 0.7489948603459177 0.4186197817325592 0.733004413817889 0.4091968238353729 0.6804641988236091 0.40577027201652527 0.6564784408304732 0.41091009974479675 0.6404879943024446 0.42632949352264404 0.6210709353173169 0.43146929144859314 0.5982273226758189
1 0.7921121120452881 0.008863303932381043 0.79296875 0.02942251378171476 0.7878289222717285 0.07168311558247531 0.7998217940330505 0.07853618614476081 0.8135279417037964 0.06597222712228294 0.8340871930122375 0.03855994119809542 0.8469367027282715 0.01685855292171412 0.8460800647735596 0.0031524122565238233 0.8186677694320679 0.005436768651238297 0.8015350699424744 0.005436768651238297
1 0.9865679740905762 0.2921235189272489 0.9591556787490845 0.30811402425600615 0.9385964870452881 0.3252467337371297 0.9111841917037964 0.3480902875778992 0.8940515518188477 0.37436036567467484 0.8991913199424744 0.3823555889386892 0.9043311476707458 0.39834609426744644 0.9411664009094238 0.39149304575543414 0.9711485505104065 0.3960617741638066 0.9874246120452881 0.38463996784305754 0.9968475699424744 0.3480902875778992 0.9990234375 0.3190789489158086 0.9968475699424744 0.2864126157668744
1 0.8966214656829834 0.4520285134140926 0.8803454041481018 0.48629387357561116 0.8794887661933899 0.5011422041523663 0.8914816379547119 0.5159905053287572 0.9017612338066101 0.528554457001144 0.9077576994895935 0.5434028169782635 0.9128974676132202 0.5525402149942799 0.9248903393745422 0.5296966611535103 0.9317434430122375 0.48515166942324484 0.9317434430122375 0.46801901874284985 0.9197505712509155 0.45773938717410284 0.9077576994895935 0.4497441345097242
1 0.9206072092056274 0.5753837688350494 0.9488760828971863 0.6016538763321893 0.9977042078971863 0.6165022363093088 0.9977042078971863 0.6884593926872592 0.9668654203414917 0.6884593926872592 0.9480194449424744 0.7067342475200205 0.9266036152839661 0.7250091611535103 0.9077576994895935 0.7250091611535103 0.8820586800575256 0.723866957001144 0.8632127046585083 0.7341466179702553 0.8486499190330505 0.7375731128258971 0.8315172791481018 0.7284357148098808 0.817811131477356 0.715871763137494 0.8023917078971863 0.6930281504959959 0.7766926884651184 0.6416301396540823 0.7766926884651184 0.6279239838293292 0.8066748976707458 0.6393457901500783 0.8315172791481018 0.638203585997712 0.8606427907943726 0.6313505374856997 0.8949081897735596 0.6039382258361934 0.9077576994895935 0.5925164783161729
1 0.853789746761322 0.7489948603459177 0.8769188523292542 0.7409996664822676 0.9111841917037964 0.7375731128258971 0.9283168911933899 0.7364309086735308 0.9231770634651184 0.7569901130102963 0.9231770634651184 0.7706962100343208 0.927460253238678 0.7832602793081648 0.9317434430122375 0.799250784636922 0.9343132972717285 0.8198099301729588 0.9385964870452881 0.8380847850057201 0.9428796768188477 0.8575017851901192 0.9428796768188477 0.8666391832061356 0.9540159106254578 0.8780610483276132 0.9651521444320679 0.8871984463436295 0.9660087823867798 0.8951937578087368 0.8812020421028137 0.8974781073127408 0.8486499190330505 0.86435489250286 0.8426535129547119 0.8517908820297447 0.8118146657943726 0.8506486778773784 0.8075315356254578 0.862070542998856 0.7826891541481018 0.8814876019839836 0.7390007972717285 0.8963359031603745 0.720154881477356 0.8746344946712428 0.7184416055679321 0.8232364838293292 0.7261512875556946 0.8118147363093088 0.7458539009094238 0.8163834353173169 0.7921121120452881 0.8209521343253251 0.8315172791481018 0.8026772206918352 0.8409402370452881 0.7901132690194484 0.8349438309669495 0.7547057047055635
1 0.6310649514198303 0.7364309086735308 0.6764665842056274 0.7341466179702553 0.7038788199424744 0.7352888221226216 0.7124451994895935 0.7432840159862717 0.7141584157943726 0.7741227636906912 0.7150150537490845 0.7958242309805516 0.7141584157943726 0.8026772206918352 0.6884594559669495 0.8003929299885597 0.6653302907943726 0.7981085804845557 0.6387746930122375 0.7832602793081648 0.6267818212509155 0.7695540646826831 0.6267818212509155 0.7489948603459177
1 0.6319215893745422 0.7969663763321893 0.658477246761322 0.807245978500572 0.670470118522644 0.8163834353173169 0.6653302907943726 0.835800435501716 0.6533374190330505 0.8586439893424855 0.6336348652839661 0.8917672041523663 0.6027960777282715 0.8803453978316172 0.5865200161933899 0.841511279861362 0.5822368264198303 0.8232364838293292 0.6027960777282715 0.8266630374856997 0.6105057597160339 0.8266630374856997 0.6190720796585083 0.8175255806689548
1 0.6824629902839661 0.8426534840137283 0.6987390518188477 0.8769188441752469 0.6978824138641357 0.890625 0.6644737124443054 0.890625 0.6499109268188477 0.8871984463436295 0.6559073328971863 0.8723501451672386 0.6679002046585083 0.8552174356861151
1 0.6456277370452881 0.36636511301029623 0.6310649514198303 0.3800712688350494 0.6182154417037964 0.4211897069089445 0.621641993522644 0.43946453234134153 0.6310649514198303 0.4645924650864794 0.6516242027282715 0.4874360483276132 0.671326756477356 0.4965734463436296 0.6935992240905762 0.4737298925028601 0.7081620097160339 0.454312892318461 0.7021655440330505 0.41547880374857 0.6841762661933899 0.38463996784305754 0.6696134805679321 0.3697916666666667 0.6576206088066101 0.360654239250286
1 0.2824150323867798 0.15734648658590739 0.3372395932674408 0.16762610345447224 0.36122533679008484 0.18475876883504938 0.37236157059669495 0.20760233737600103 0.3860677182674408 0.23729898382932924 0.3706482946872711 0.2692799944868437 0.3697916567325592 0.2772752471512223 0.3380962312221527 0.2864126157668744 0.32439008355140686 0.29326572307961524 0.30725741386413574 0.28983916942324484 0.2884114682674408 0.2749908682468539 0.2729920446872711 0.24643639654552776 0.2729920446872711 0.19732272050743618 0.27470532059669495 0.165341739250286
1 0.3098272979259491 0.09566885887542902 0.3269599676132202 0.08196271775085802 0.347519189119339 0.0751096545386636 0.38264116644859314 0.06597222712228294 0.40491366386413574 0.04998172546857125 0.4237595796585083 0.0465551901874285 0.43232592940330505 0.07054093348038219 0.43232592940330505 0.08881578831314352 0.4229029715061188 0.10594846839390279 0.3954906761646271 0.13221856854095165 0.365508496761322 0.15963085079009362 0.3492324650287628 0.16305738974628192 0.32353344559669495 0.151635598125715 0.2952645421028137 0.1459246949653405 0.29612115025520325 0.1276498548327613
1 0.19503837823867798 0.008863303932381043 0.21131442487239838 0.045413011760380914 0.2121710479259491 0.08424707460495319 0.20017817616462708 0.109375 0.201034814119339 0.12650768008075927 0.23273026943206787 0.13564510749713993 0.2515762150287628 0.13907163175314607 0.26442572474479675 0.1459246949653405 0.2764185965061188 0.1413559959573323 0.2875548303127289 0.12079677692038475 0.30811402201652527 0.07625182929066564 0.31925028562545776 0.052266078647620874 0.32781660556793213 0.008863303932381043 0.32781660556793213 0.002010233829476241 0.2832716703414917 0.0031524122565238233 0.25243285298347473 0.004294590683571406 0.21645422279834747 0.006578947078285879
1 0.3363829553127289 0.024853801911047198 0.3329564034938812 0.040844298052190586 0.3329564034938812 0.06711440187428498 0.353515625 0.057976974457904326 0.3800712823867798 0.0465551901874285 0.39977383613586426 0.03855994119809542 0.4091968238353729 0.03741776277104784 0.4194764196872711 0.010005482359428627 0.41470107436180115 0.0019267822736030828 0.38949424028396606 0.0019267822736030828 0.3543722629547119 0.0019267822736030828 0.3504660129547119 0.0019267822736030828 0.34066611528396606 0.0019267822736030828
1 0.7912554740905762 0.43946453234134153 0.8023917078971863 0.44745978500572015 0.8101014494895935 0.4565972124221008 0.8058182597160339 0.4668768439908478 0.7921121120452881 0.47144557239922025 0.7847623229026794 0.47045692634950026 0.7749794125556946 0.472587717750858 0.7629865407943726 0.46801901874284985 0.7732661962509155 0.45545503767009876 0.7826891541481018 0.4463176396540824
1 0.810001790523529 0.47426112768507644 0.8190861344337463 0.47426112768507644 0.8255208134651184 0.48629387357561116 0.8255208134651184 0.4965734463436296 0.816954493522644 0.49885785464836224 0.7981085777282715 0.4965734463436296 0.7963953018188477 0.4908625725836193 0.8015350699424744 0.4817251157668744
1 0.7895421981811523 0.350374607681539 0.8220943212509155 0.35608554024227784 0.8383703231811523 0.3549433654902758 0.8486499190330505 0.3526589865859074 0.8734923005104065 0.35608554024227784 0.8777754902839661 0.3629386181546544 0.8863418102264404 0.3823555889386892 0.8914816379547119 0.40634140573255356 0.8940515518188477 0.4257584059169527 0.8854851722717285 0.45088633866209055 0.8717790842056274 0.4737298925028601 0.865782618522644 0.494289155640354 0.8366570472717285 0.4965734463436296 0.8332305550575256 0.4748720966552264 0.8220943212509155 0.44860195975772216 0.8075315356254578 0.4257584059169527 0.7921121120452881 0.40063047317181477 0.7878289222717285 0.3823555889386892 0.7878289222717285 0.3697916666666667
1 0.6173588037490845 0.008863303932381043 0.5950863361358643 0.07054093348038219 0.5702439546585083 0.11165935685409517 0.5428316593170166 0.109375 0.523985743522644 0.08424707460495319 0.5162760615348816 0.048839550716569195 0.5145627856254578 0.005436768651238297 0.5194558501243591 0.0019267822736030828 0.5462582111358643 0.002010233829476241 0.5899465680122375 0.0031524122565238233
1 0.6259251832962036 0.005436768651238297 0.6190720796585083 0.04769736861447608 0.6070792078971863 0.08538925670704631 0.59765625 0.09909539783161729 0.6233552694320679 0.10137975468571246 0.6387746930122375 0.09681103362743106 0.6559073328971863 0.08653143145904835 0.6696134805679321 0.07168311558247531 0.6747533082962036 0.044270833333333336 0.6764665842056274 0.011147659867714824 0.6764665842056274 0.0031524122565238233 0.6456277370452881 0.007721125505333461
1 0.6541940569877625 0.09566885887542902 0.6559073328971863 0.12308114112457098 0.6559073328971863 0.13792945700114403 0.6550506949424744 0.1607730255420957 0.6550506949424744 0.17105262771047838 0.6610471606254578 0.179047880374857 0.6781798005104065 0.179047880374857 0.7004523277282715 0.16876827820647428 0.7055920958518982 0.14364036016151854 0.6910293102264404 0.12308114112457098 0.6773231625556946 0.0945266767733359 0.6670435667037964 0.08538925670704631
1 0.2344435304403305 0.6439144891580865 0.25243285298347473 0.6450566933104528 0.26165771484375 0.664794921875 0.27556195855140686 0.6896015968396255 0.24300986528396606 0.6930281504959959 0.23615679144859314 0.6896015968396255 0.2284470945596695 0.672468887358502 0.23016035556793213 0.6610471398384814
1 0.4460320770740509 0.807245978500572 0.42547285556793213 0.8186677260205925 0.4074835479259491 0.8575017851901192 0.38949424028396606 0.8769188441752469 0.32781660556793213 0.8929093495040041 0.3912075161933899 0.8997623980160164 0.4520285129547119 0.8951937578087368 0.5171326994895935 0.8997623980160164 0.5411184430122375 0.8997623980160164 0.5419750809669495 0.8689235915108683 0.5128495097160339 0.8483643871741029 0.49229028820991516 0.83008959114207 0.4734443426132202 0.8118147363093088 0.46573466062545776 0.7981085804845557
1 0.24043996632099152 0.7044498980160164 0.28669819235801697 0.7067342475200205 0.3141104578971863 0.7535635593539258 0.35094571113586426 0.7741227636906912 0.347519189119339 0.7878289195154443 0.3201068937778473 0.7923976773241811 0.2892681062221527 0.799250784636922 0.27898848056793213 0.807245978500572 0.28669819235801697 0.8654970966552264 0.33038651943206787 0.8769188441752469 0.298691064119339 0.8951937578087368 0.27470532059669495 0.8929093495040041 0.255859375 0.8929093495040041 0.2335868924856186 0.8232364838293292 0.249862939119339 0.7832602793081648 0.24043996632099152 0.7455683066895472 0.23872670531272888 0.7261513065051481
1 0.23101699352264404 0.6016538763321893 0.23273026943206787 0.6187865270125843 0.24729304015636444 0.6336348869897037 0.27384868264198303 0.6633314893424855 0.2892681062221527 0.6907437421912632 0.3038308620452881 0.7124452094811236 0.310683935880661 0.72158260749714 0.310683935880661 0.6975968495040041 0.33980947732925415 0.6884593926872592 0.3629385828971863 0.6827485483276132 0.3869243562221527 0.6793219946712428 0.3912075161933899 0.6644736934948519 0.37321820855140686 0.6621892851901192 0.3603686988353729 0.6599049356861151 0.3466625511646271 0.6610471398384814 0.32952988147735596 0.66904239250286 0.3158237338066101 0.6633314893424855 0.2995477020740509 0.646198779861362 0.29012471437454224 0.6142178280045761 0.2781318426132202 0.5662463120183044 0.2729920446872711 0.557108914002288 0.26356908679008484 0.5685307203230371 0.2567160129547119 0.5765259729874157 0.24043996632099152 0.5902320700114403
1 0.42718613147735596 0.11508589581028345 0.3697916567325592 0.17105262771047838 0.37750136852264404 0.2007492741638066 0.390350878238678 0.2258771775085802 0.4194764196872711 0.1779056909226728 0.4306126534938812 0.1550621370819033
1 0.5428316593170166 0.12422331587657304 0.5411184430122375 0.15848867603809158 0.5531113147735596 0.19503837100343208 0.5419750809669495 0.21902412899656792 0.5205591917037964 0.2361568090773272 0.5205591917037964 0.2749908682468539 0.5642475485801697 0.2612847418224651 0.5985128879547119 0.2590003629180967 0.6199287176132202 0.25557383866209055 0.6019394397735596 0.19846490995962035 0.6113623976707458 0.1607730255420957 0.6413445472717285 0.14706686971734254 0.6481976509094238 0.1413559959573323 0.6473410129547119 0.11965460216838271 0.6456277370452881 0.10823282524799795 0.621641993522644 0.11165935685409517 0.5993695259094238 0.11051717475200205 0.5848067402839661 0.11165935685409517 0.5676740407943726 0.12422331587657304 0.5531113147735596 0.12308114112457098
1 0.6379180550575256 0.17676351617067076 0.6207853555679321 0.1881853224914198 0.6156455874443054 0.20646016262399897 0.6182154417037964 0.2304459059169527 0.6233552694320679 0.23958333333333334 0.6327782273292542 0.21445541528837758 0.6430578231811523 0.19618056045561627 0.6481976509094238 0.18133222987886108 0.6473410129547119 0.16876827820647428
1 0.43660908937454224 0.10823282524799795 0.45888158679008484 0.11737024531428754 0.4845806062221527 0.12422331587657304 0.5214158296585083 0.14820905916952673 0.5145627856254578 0.18475876883504938 0.5094229578971863 0.24300987228952162 0.5085663199424744 0.28298609151086823 0.5051398277282715 0.3275310832411338 0.49743008613586426 0.34923246232990124 0.4580249488353729 0.35722771499427985 0.4348958432674408 0.34466373392152877 0.40063047409057617 0.32867325799313585 0.3852110803127289 0.30582967475200207 0.38349780440330505 0.2795595966552264 0.3972039520740509 0.2361568090773272 0.41519325971603394 0.2110288763321893 0.4288994073867798 0.1881853224914198 0.4348958432674408 0.15734648658590739 0.43746572732925415 0.1345029327451379
1 0.32952988147735596 0.30582967475200207 0.3473608195781708 0.3030462246639421 0.36122533679008484 0.2955500725836193 0.37150493264198303 0.30011877159162753 0.38435444235801697 0.3241045295847634 0.36807841062545776 0.3241045295847634 0.3440926671028137 0.333241957001144 0.3320997953414917 0.3252467337371297
1 0.1684827357530594 0.2715643439908478 0.19846491515636444 0.2715643439908478 0.2121710479259491 0.2841282662628703 0.2173108607530594 0.31953583057675516 0.2293037325143814 0.36750731716266255 0.2455797642469406 0.40519920158018724 0.249862939119339 0.4348958333333333 0.2515762150287628 0.45888159132646916 0.249862939119339 0.4748720966552264 0.24215322732925415 0.488578193679251 0.23187363147735596 0.5 0.2173108607530594 0.5057109031603745 0.19503837823867798 0.49885785464836224 0.17533579468727112 0.49314692208762345 0.16077302396297455 0.4737298925028601 0.164199560880661 0.426900610069319 0.16505619883537292 0.39149304575543414 0.15391995012760162 0.3583698603459176 0.15477658808231354 0.3423793550171604 0.16591282188892365 0.3229623842331256 0.1684827357530594 0.2955500725836193 0.1684827357530594 0.2852704704152366
1 0.8597862124443054 0.24986293550171604 0.8940515518188477 0.25557383866209055 0.9043311476707458 0.2772752471512223 0.9171806573867798 0.3024031504959959 0.9223204255104065 0.3126827526643786 0.915467381477356 0.3241045295847634 0.9009045958518982 0.32638890848913177 0.8777754902839661 0.3229623842331256 0.8700658082962036 0.2955500725836193 0.8674958944320679 0.2669956155824753
1 0.015625 0.09110015251732975 0.01600191928446293 0.08196271775085802 0.05455043911933899 0.09224231991924073 0.0768229141831398 0.07396747243657048 0.10851836949586868 0.05911914920990637 0.1205112412571907 0.05911914920990637 0.14021381735801697 0.09909539783161729 0.13336074352264404 0.1162280705622855 0.109375 0.11965460216838271 0.0716831162571907 0.1333607432929537 0.043414197862148285 0.1424981854095165 0.016858553513884544 0.15963085079009362 0.015625 0.17676351617067076 0.015625 0.14478253491352058 0.015625 0.1162280705622855
1 0.5213366746902466 0.29319851384686596 0.5558035969734192 0.27897408840054494 0.5878085494041443 0.2745973443709357 0.6165310144424438 0.28225663907266074 0.6280199289321899 0.3063287753360579 0.6329438090324402 0.3358718489865577 0.6132484078407288 0.350096303833243 0.5886291861534119 0.36869750270953755 0.5517003536224365 0.3851102854704811 0.5369288325309753 0.3610381786074482 0.5172334313392639 0.35447301846248797 0.5098477005958557 0.347907887717892 0.5139508843421936 0.320553200782379 0.5188747644424438 0.3085171620510447
1 0.5525209903717041 0.39824054695967304 0.5754989385604858 0.384016121513352 0.610786497592926 0.3654148932366932 0.6321231722831726 0.3490020810753854 0.6362263560295105 0.3511904677903721 0.6296612620353699 0.3665091159945508 0.6165310144424438 0.390581252257948 0.610786497592926 0.417935939193461 0.6124277710914612 0.44310223941398724 0.6075039505958557 0.4507615635160766 0.5869879126548767 0.44310223941398724 0.5648306012153625 0.429971948524431 0.5533416271209717 0.4201242965080835
1 0.35474658012390137 0.4332545579972754 0.37280067801475525 0.41465338852134515 0.38675156235694885 0.4026172909892823 0.4015231132507324 0.3829219281558586 0.41465336084365845 0.36432072927956405 0.4269629716873169 0.35884979189246147 0.43845194578170776 0.3654148932366932 0.44994091987609863 0.36869750270953755 0.43599003553390503 0.3862044788279745 0.4277836084365845 0.4168417458359676 0.41793593764305115 0.43872546598401374 0.39331671595573425 0.44419643277148063 0.36951813101768494 0.44310223941398724 0.35884979367256165 0.44310223941398724
1 0.6247373819351196 0.4824930238815631 0.6501772403717041 0.5043767734299736 0.669052004814148 0.5109418747742052 0.6903886795043945 0.49234067589791064 0.7109046578407288 0.466080182319891 0.728958785533905 0.46389182500526854 0.7388064861297607 0.4835871878386922 0.7256761789321899 0.4978116720857418 0.7174698114395142 0.5153186482041787 0.7059808373451233 0.5328256243226156 0.6797203421592712 0.5372023977525892 0.6468946933746338 0.5328256243226156 0.6362263560295105 0.5295430736504998 0.6288406252861023 0.5131302614891919 0.6230961084365845 0.5
1 0.05193014815449715 0.8774947385108081 0.06998424232006073 0.858893598435242 0.08065257221460342 0.8501401103760236 0.10198923200368881 0.8479516648603083 0.11840204894542694 0.8457632781453215 0.11758140474557877 0.8610819263495002 0.11429884284734726 0.8764005157529504 0.11347820609807968 0.8917191639571291 0.09788602590560913 0.8960959373871026 0.07162552326917648 0.8960959373871026 0.05767463147640228 0.8950017146292449
1 0.13317358493804932 0.1257878121613078 0.14876575767993927 0.11375174402960922 0.1758469045162201 0.11703431675199828 0.19061844050884247 0.12797619887629455 0.19225971400737762 0.17830882871771134 0.20292805135250092 0.22207634251471428 0.22508534789085388 0.2636554401963662 0.23903623223304749 0.3074229686935513 0.22918854653835297 0.3293067182419617 0.22180278599262238 0.30414041802143543 0.21113444864749908 0.26584382691135294 0.1996454894542694 0.26146708288174375 0.17748817801475525 0.2592787255671213 0.16025473177433014 0.2592787255671213 0.1512276828289032 0.23082983057393275 0.14466255903244019 0.21660537572724742 0.14876575767993927 0.20675770901071772 0.15368960797786713 0.19253325416403239 0.15286895632743835 0.16408438857120816 0.14302127063274384 0.14657736835222482
1 0.6838235259056091 0.00542717081044221 0.7092633843421936 0.004332983424897828 0.7396271228790283 0.008709732967075355 0.7683495283126831 0.008709732967075355 0.785582959651947 0.011992297420611961 0.785582959651947 0.04591211601948233 0.7765559554100037 0.0732668103050864 0.7626050710678101 0.08202030571439592 0.7437303066253662 0.09296218048860112 0.7264968752861023 0.10828080664250662 0.7043395638465881 0.10499825597039078 0.689568042755127 0.10280987660549509 0.6830028891563416 0.08749124310149853 0.6764377355575562 0.07983193369959131 0.6830028891563416 0.062324928180790135 0.6846441626548767 0.040441174957334194 0.6846441626548767 0.02731092449327884
1 0.6953125 0.1148459373871026 0.7174698114395142 0.1181285027594006 0.7371651530265808 0.11703431675199828 0.7470128536224365 0.10828080664250662 0.7552192807197571 0.09843313257588587 0.7675288915634155 0.0896796224663942 0.785582959651947 0.08749124310149853 0.7995339035987854 0.08749124310149853 0.8028164505958557 0.09624475321099019 0.7970719337463379 0.12250524678900981 0.7978925704956055 0.13891807365049977 0.7749146819114685 0.1345413149207084 0.7585018277168274 0.1345413149207084 0.7371651530265808 0.13672968693551302 0.7223936319351196 0.13672968693551302 0.7109046578407288 0.1345413149207084 0.7035189270973206 0.12797619887629455
1 0.1476047784090042 0.2451348424187515 0.15063287317752838 0.2643128323417179 0.15593205392360687 0.2804627170452493 0.158203125 0.3117530543450446 0.14609071612358093 0.3420340771390294 0.14230559766292572 0.36928698001339716 0.12186591327190399 0.37433381714572794 0.1074824333190918 0.3642401428810664 0.09991218149662018 0.3349685227939848 0.10142623633146286 0.3077155905192528 0.1074824333190918 0.2865188980837548 0.12489401549100876 0.26532217624789256 0.1400345265865326 0.25018169425126446
1 0.09234192967414856 0.375343190452267 0.10445433855056763 0.37635253435844174 0.11580971628427505 0.37938068367842304 0.13170723617076874 0.38543686471692856 0.13927748799324036 0.3955305389815902 0.12867914140224457 0.4126897675912964 0.12716509401798248 0.423792815162497 0.12262294441461563 0.43590520663987237 0.10975351184606552 0.44095204377220315 0.08552870899438858 0.4399426998660284 0.07114522904157639 0.4348958333333333 0.06811712682247162 0.4116803648843931 0.07947250455617905 0.3894742991423561
1 0.015625 0.3188186380904534 0.015625 0.3238654752227842 0.018910489976406097 0.3430434504455684 0.021938590332865715 0.3531370953098657 0.015625 0.35919333514909985 0.015625 0.35717461793638605
1 0.015625 0.36928698001339716 0.021181564778089523 0.36524951618760537 0.027237767353653908 0.37635253435844174 0.026480741798877716 0.39250241906197314 0.015625 0.40259609332663476 0.015625 0.40360546663317376 0.015625 0.37938068367842304
1 0.015625 0.4147084848040101 0.027237767353653908 0.4096616476716793 0.04464934766292572 0.40764293045896555 0.06130389869213104 0.4157178581105491 0.06130389869213104 0.4278302495879245 0.05524769797921181 0.4369145505460471 0.03177991881966591 0.4399426998660284 0.015625 0.44196141707874215 0.015625 0.4348958333333333
