1 0.04618566110730171 0.003238795594807988 0.06095719709992409 0.031687672791342957 0.05110950767993927 0.04700630544819651 0.045365020632743835 0.07545517919323758 0.0396205373108387 0.09515056312747946 0.03059348650276661 0.10718662117531146 0.021566439419984818 0.0863970563247103 0.015625 0.07107842579185299 0.015625 0.06341911689741309 0.015625 0.020745797783866492 0.015625 0.0022271714922048997 0.02813156507909298 0.006521358787349709 0.03715861216187477 0.005427170968002625
1 0.05767463147640228 0.005427170968002625 0.06916360557079315 0.02731092363795087 0.07408744841814041 0.03387604949203525 0.08065257221460342 0.03278186220368723 0.08803834021091461 0.0174632348568243 0.09706538915634155 0.0022271714922048997 0.08052127063274384 0.0022271714922048997
1 0.015625 0.07764355801792612 0.015625 0.08967962456174311 0.021566439419984818 0.11265756823703281 0.015625 0.12797619452189762 0.015625 0.1400122525697296 0.015625 0.13840380118525109 0.015625 0.10390406143426364 0.015625 0.08858543514939884
1 0.10773371905088425 0.09952730378488656 0.13153229653835297 0.1290703839342419 0.13973870873451233 0.14876575087651378 0.15040703117847443 0.17283790095611776 0.15615151822566986 0.19034488057771612 0.16107536852359772 0.20456931745023663 0.14548319578170776 0.20019257679282956 0.1307116597890854 0.1826855631872912 0.11922268569469452 0.16627276448205214 0.10855435580015182 0.14985994878484304 0.109375 0.12688200510955336 0.10527179390192032 0.11156337882468854
1 0.08065257221460342 0.18925069966135682 0.09952731430530548 0.17393208187247702 0.11101628094911575 0.16627276448205214 0.12414653599262238 0.18596813992030903 0.12907037138938904 0.19472163822709318 0.13891807198524475 0.20347513653387736 0.14958639442920685 0.210040273007943 0.1618960052728653 0.2133228327489908 0.16764049232006073 0.21879377131472716 0.16107536852359772 0.22754726962151134 0.15615151822566986 0.23630076792829552 0.1512276828289032 0.2450542662350797 0.1438419073820114 0.2559961433665524 0.13891807198524475 0.2570903242829117 0.12742909789085388 0.24614846414340896 0.11511948704719543 0.24177170649403187 0.09706538915634155 0.23411238910360696 0.08229385316371918 0.23411238910360696 0.07490808516740799 0.23411238910360696 0.07901129126548767 0.2133228327489908 0.08557641506195068 0.2023809556175181
1 0.015625 0.1509541297012023 0.015625 0.1400122525697296 0.02566964365541935 0.13125875426294542 0.031414128839969635 0.12688200510955336 0.04454438015818596 0.14329482930274742 0.05603335052728653 0.16080180892434576 0.06588103622198105 0.17721464161352485 0.07408744841814041 0.19253325940240465 0.0708048865199089 0.2144170306573201 0.06588103622198105 0.2286414505378706 0.059315912425518036 0.2297356654381699 0.04946822300553322 0.22754726962151134 0.03223476931452751 0.22645308870515207 0.02074579894542694 0.22317051197213425 0.015625 0.22098213314744572 0.015625 0.21707588314744572 0.015625 0.18487395900394976 0.015625 0.17226890784860455
1 0.05521271005272865 0.05357142917828464 0.06834296137094498 0.04700630544819651 0.07819065451622009 0.048100490612548286 0.09050026535987854 0.06779586605080518 0.10034795105457306 0.07983193684261466 0.10034795105457306 0.09515056312747946 0.0987066701054573 0.11265756823703281 0.10034795105457306 0.14220063139441816 0.10198923200368881 0.15861344709162722 0.08885898441076279 0.1717436860558185 0.07819065451622009 0.17721464161352485 0.06916360557079315 0.1597076280079865 0.06013655290007591 0.14220063139441816 0.04864758253097534 0.1246936347808498 0.03715861216187477 0.1170343173904249 0.04454438015818596 0.10062150169321582 0.05275078862905502 0.07764355801792612
1 0.015625 0.23192401027891843 0.02566964365541935 0.23520658701193625 0.04372373968362808 0.23958332766934334 0.0642397552728653 0.2450542662350797 0.08803834021091461 0.25161940270914535 0.11594012379646301 0.25490197944216314 0.12824973464012146 0.26146706494031874 0.12824973464012146 0.2844450171115935 0.109375 0.30523457346620964 0.09296218305826187 0.3304009044621729 0.07654936611652374 0.3500963308763398 0.06013655290007591 0.36322653585659104 0.03469669073820114 0.3719800511553452 0.024028360843658447 0.3686975084062674 0.015625 0.3577556312747947 0.015625 0.33661588741039117 0.015625 0.30523457346620964 0.015625 0.27131477814740224 0.015625 0.25161940270914535
1 0.015625 0.3719800511553452 0.019925158470869064 0.37416841298806375 0.03223476931452751 0.3840161431871172 0.03715861216187477 0.4004289249003863 0.0396205373108387 0.42121849824697244 0.03715861216187477 0.4441964334262771 0.03223476931452751 0.47045691135465967 0.027310924604535103 0.4803046415537131 0.017463235184550285 0.4813988224700724 0.015625 0.4770220648206953 0.015625 0.4660801876892226 0.015625 0.4615867291898664 0.015625 0.3949579863346499
1 0.04700630158185959 0.3829219282868179 0.07983193546533585 0.35994399310751324 0.10198923200368881 0.3282125426294543 0.1200433298945427 0.3117997269322453 0.13317358493804932 0.30851715019922743 0.14712446928024292 0.3282125426294543 0.1577928066253662 0.33915438577698703 0.15697216987609863 0.35119047780875906 0.14958639442920685 0.3840161431871172 0.14220063388347626 0.3916754435855721 0.11347820609807968 0.3982405290837277 0.08557641506195068 0.3982405290837277 0.07326680421829224 0.399334743984027 0.06341911852359772 0.399334743984027 0.05275078862905502 0.39605216725100917
1 0.015625 0.5 0.015625 0.4912464847012458 0.03551733121275902 0.4945290274503236 0.04618566110730171 0.5032825427490778 0.059315912425518036 0.5098476962151135 0.06916360557079315 0.5164127817132691 0.07819065451622009 0.5317314164941189 0.0921415463089943 0.5568977474900821 0.10034795105457306 0.5842524403187639 0.11019564419984818 0.6072303415141286 0.09624474495649338 0.6116071331474457 0.08229385316371918 0.6203606484461999 0.07654936611652374 0.6313025255776726 0.06341911852359772 0.6422444027091453 0.0396205373108387 0.6291141637449541 0.02813156507909298 0.6225490102789184 0.019925158470869064 0.612701348047745 0.015625 0.5831582254184646 0.015625 0.5568977474900821 0.015625 0.5372024230277352 0.015625 0.5273546588447418
1 0.015625 0.5415791127092323 0.015625 0.5601802902391599 0.015625 0.5962885323505359 0.015821954235434532 0.6258315190440562 0.015625 0.6444327645418638 0.015625 0.648809488207301 0.015625 0.617944662183324 0.015625 0.6072303415141286 0.015625 0.5842524403187639 0.015625 0.5648962755776726 0.015625 0.5568977474900821
1 0.10363051295280457 0.0043329834141550725 0.0921415463089943 0.03387604949203525 0.09050026535987854 0.048100490612548286 0.10855435580015182 0.0787377474302704 0.1233258917927742 0.09515056312747946 0.13645614683628082 0.11484593856573636 0.1438419073820114 0.1367296843326968 0.15615151822566986 0.14985994878484304 0.16681985557079315 0.1290703839342419 0.18077073991298676 0.08749124573705457 0.20210739970207214 0.055759803754980686 0.20867253839969635 0.03497023890437952 0.200466126203537 0.006521358787349709 0.1824120283126831 0.0043329834141550725 0.16107536852359772 0.006521358787349709 0.13809742033481598 0.03715861348107557 0.12414653599262238 0.054665614342636414 0.1200433298945427 0.055759803754980686 0.109375 0.042629552046811924 0.11840204894542694 0.022934174484558784 0.1307116597890854 0.01089810900273992 0.1372767835855484 0.006521358787349709 0.11511948704719543 0.005427170968002625
1 0.15697216987609863 0.2559961433665524 0.1684611290693283 0.27131477814740224 0.17338497936725616 0.29319851541837766 0.1758469045162201 0.3183648124304009 0.18487395346164703 0.33915438577698703 0.19472163915634155 0.3533788736254176 0.21113444864749908 0.3676032935059681 0.2144170105457306 0.3840161431871172 0.200466126203537 0.41574755968123606 0.1963629275560379 0.42668940282876877 0.16681985557079315 0.39058126266921284 0.16271664202213287 0.37854517063744086 0.1651785671710968 0.3500963308763398 0.16435793042182922 0.3260241468127958 0.14630383253097534 0.3063287883665089 0.13891807198524475 0.29648109215139545 0.13891807198524475 0.27678569972116857 0.1438419073820114 0.2647496416733366
1 0.17666754126548767 0.22207634804774498 0.1930803507566452 0.24286590440236114 0.200466126203537 0.2669380374899951 0.20949317514896393 0.28225663828690495 0.22180278599262238 0.2953869112350362 0.2283679097890854 0.3183648124304009 0.2283679097890854 0.3490020819921005 0.2283679097890854 0.3588497782072139 0.2144170105457306 0.35447302055783686 0.1996454894542694 0.3413428155775856 0.18405330181121826 0.32055320824705946 0.17995010316371918 0.3030462116334911 0.18159139156341553 0.2789740785458571 0.17338497936725616 0.26256129683258805 0.17010241746902466 0.25161940270914535
1 0.21687893569469452 0.043723737211163696 0.23329176008701324 0.04153536688246016 0.2456013709306717 0.054665614342636414 0.2587316036224365 0.07326680886453403 0.2652967572212219 0.09843313136451229 0.27186188101768494 0.11265756823703281 0.27432379126548767 0.12578780720122407 0.26775866746902466 0.1400122525697296 0.24642200767993927 0.15423668944225014 0.22672662138938904 0.16846114330674067 0.20210739970207214 0.18049718436260265 0.1856945902109146 0.18925069966135682 0.17092305421829224 0.18925069966135682 0.16107536852359772 0.15751926617526796 0.17666754126548767 0.12031686863548771 0.19143907725811005 0.08420868599600675 0.2037486881017685 0.06889005546314944
1 0.20785188674926758 0.003238795594807988 0.21277573704719543 0.0262167384735991 0.22180278599262238 0.031687672791342957 0.23903623223304749 0.022934174484558784 0.24231880903244019 0.014180671929782111 0.2382155954837799 0.0043329834141550725 0.22262342274188995 0.0022271714922048997
0 0.15204831957817078 0.0022271714922048997 0.14137998223304749 0.015274860280128259 0.12824973464012146 0.020745797783866492 0.12086397409439087 0.031687672791342957 0.11840204894542694 0.04044117322212338 0.1266084611415863 0.043723737211163696 0.13645614683628082 0.0262167384735991 0.14466255903244019 0.018557423207170447
0 0.24806328117847443 0.003238795594807988 0.2554490566253662 0.0174632348568243 0.27104121446609497 0.016369046506478156 0.27432379126548767 0.005427170968002625 0.2702205777168274 0.0022271714922048997
0 0.2735031545162201 0.08202030717131821 0.2882746756076813 0.09077381397408738 0.29319852590560913 0.10499825084660791 0.2800682783126831 0.10390406143426364 0.2726825177669525 0.09843313136451229
0 0.28499212861061096 0.11484593856573636 0.29319852590560913 0.13454131400399325 0.3005842864513397 0.1356355119123225 0.29648110270500183 0.11812849830678418
0 0.2833508551120758 0.0022271714922048997 0.2973017394542694 0.04044117322212338 0.3079700767993927 0.06123074656870955 0.32766544818878174 0.1017156826095751 0.3506433963775635 0.13344712459164898 0.36541491746902466 0.15314250852589087 0.3678768277168274 0.13454131400399325 0.3432576060295105 0.10718662117531146 0.33176863193511963 0.08311449658366248 0.3252035081386566 0.05685398891933246 0.31289389729499817 0.04700630544819651 0.3005842864513397 0.031687672791342957 0.2948397994041443 0.011992297353086068
0 0.4277836084365845 0.39605216725100917 0.43927258253097534 0.38839283286861426 0.47045692801475525 0.42340686007969097 0.4819459021091461 0.4376312799602415 0.4835871756076813 0.4507615529083728 0.4622505307197571 0.43544291812752295 0.44255515933036804 0.42121849824697244 0.4310661852359772 0.40699407836642193
0 0.10363051295280457 0.5459559043425494 0.11676076799631119 0.5689337715539741 0.11840204894542694 0.600665256015973 0.10855435580015182 0.5875350170517817 0.10198923200368881 0.5634629009561177
0 0.06506039947271347 0.6575630035060551 0.06998424232006073 0.6674106657372285 0.09460346400737762 0.6444327645418638 0.11676076799631119 0.6214548633464991 0.12086397409439087 0.6159839247807628 0.11840204894542694 0.612701348047745 0.10445115715265274 0.6181722866134813 0.0921415463089943 0.6214548633464991 0.0847557783126831 0.6313025255776726 0.07490808516740799 0.6455269794421632
0 0.317817747592926 0.13344712459164898 0.29319852590560913 0.20347513653387736 0.2899159789085388 0.21113445392430227 0.291557252407074 0.22207634804774498 0.2973017394542694 0.23958332766934334 0.3055081367492676 0.23630076792829552 0.317817747592926 0.1826855631872912 0.32766544818878174 0.14657737205182525
0 0.291557252407074 0.8359156143426364 0.3055081367492676 0.826067952111463 0.32438287138938904 0.8621760922710189 0.33833378553390503 0.8895308530675807 0.3440782427787781 0.902661092031772 0.34489890933036804 0.9398634470916273 0.3506433963775635 0.962841348286992 0.3531053066253662 0.9737832254184646 0.33751311898231506 0.9650297780875905 0.3301273584365845 0.9300157168925738 0.32766544818878174 0.9070378156972091 0.32356223464012146 0.8993785152987541 0.3055081367492676 0.878588907968228 0.29648110270500183 0.8577993686055818 0.2940191626548767 0.8479516384065284
0 0.5295430421829224 0.5667454437051955 0.5418526530265808 0.5492384470916273 0.5615480542182922 0.540484965776813 0.5746783018112183 0.5393907508765138 0.5738576650619507 0.5656512288048963 0.5656512379646301 0.5754989250200098 0.5459558963775635 0.576593071952429 0.5352875590324402 0.576593071952429
1 0.04375248774886131 0.3971602815827707 0.07236514985561371 0.40960057859696897 0.10781996697187424 0.4062831683254454 0.13892067968845367 0.40130706991013015 0.15758110582828522 0.39384290529518723 0.17313146591186523 0.41457667701228423 0.19427995383739471 0.43696920484105306 0.20796427130699158 0.4253582858826907 0.2154284417629242 0.41872346533964366 0.21978254616260529 0.4419453032563683 0.22911275923252106 0.47594878402743945 0.24155303835868835 0.5 0.2552373707294464 0.5215631837568729 0.2633235454559326 0.5298566924437117 0.24466311931610107 0.5381502351144906 0.2390649914741516 0.5481024319451211 0.23471088707447052 0.5688362716300981 0.22164858877658844 0.5812765346603563 0.20050010085105896 0.5928874876026586 0.19179189205169678 0.5995223081457057 0.17375348508358002 0.6011809962894975 0.15073895454406738 0.6053277846168569 0.13456657528877258 0.604498440544961 0.12461435049772263 0.597863620001914 0.12274830788373947 0.5738123700454134 0.11279607564210892 0.5530785983283164 0.10346586257219315 0.5381502351144906 0.09600169211626053 0.5456144337133735 0.08978154510259628 0.5315154145714435 0.07609723508358002 0.5091229207266147 0.061168890446424484 0.5 0.041264429688453674 0.4908771132573253 0.03442227467894554 0.48590101484201004 0.03939838707447052 0.4643378310851371 0.04499651491641998 0.4344811386414254 0.04624054580926895 0.4178941212677478
1 0.23408886790275574 0.3590101144361602 0.2589694559574127 0.36232749072374376 0.2832280099391937 0.3631568347956396 0.304998517036438 0.3706209994105825 0.3205488622188568 0.37559713180983784 0.33050110936164856 0.3780851640255255 0.33423319458961487 0.3872080847521402 0.3261469900608063 0.40462444619771365 0.3161947727203369 0.4178941212677478 0.3093526065349579 0.4270169740264825 0.30188843607902527 0.44858015778335536 0.3006443977355957 0.47677816208327534 0.29442426562309265 0.4908771132573253 0.273275762796402 0.49834127787226823 0.25710341334342957 0.5049760984153153 0.24528513848781586 0.49585321167264057 0.23471088707447052 0.47594878402743945 0.2272467166185379 0.44111595918447244 0.22227060794830322 0.4170647432119119 0.2154284417629242 0.40047769185429427 0.22600269317626953 0.37559713180983784
1 0.2148064225912094 0.1798699427819199 0.2309788018465042 0.1757231884385005 0.2515052855014801 0.16742966275969168 0.2689216732978821 0.15830679300898698 0.2794959247112274 0.15830679300898698 0.2757638394832611 0.1748938443666046 0.27825188636779785 0.20309181468258455 0.28198397159576416 0.22299627631172572 0.2888261377811432 0.2453888041404945 0.29131418466567993 0.26197585549811214 0.2994003891944885 0.27358677445647445 0.30313247442245483 0.2851977104068068 0.30251044034957886 0.3075902042516356 0.29380226135253906 0.32666535579282086 0.28571605682373047 0.3299827660643444 0.27016571164131165 0.3067608941636797 0.26581159234046936 0.3042728279640521 0.2527492940425873 0.30012603963669265 0.2396869957447052 0.2843683663349109 0.2309788018465042 0.2777335287998939 0.21667246520519257 0.2719280693207127 0.2228926122188568 0.23543657332592394 0.2272467166185379 0.2147027676248869 0.22164858877658844 0.1981156992752993
1 0.1743755042552948 0.1972863721953734 0.1905478686094284 0.19479830599574574 0.20174412429332733 0.18982217359649045 0.20920829474925995 0.18733412438883282 0.21729448437690735 0.19977442140303103 0.21791650354862213 0.22050821011209806 0.21418441832065582 0.23543657332592394 0.21169635653495789 0.2453888041404945 0.1986340582370758 0.227972408710981 0.18743780255317688 0.21884952196830632 0.1787295937538147 0.21055597929752748
1 0.23719894886016846 0.2951499412213774 0.24901722371578217 0.3067608941636797 0.2595914602279663 0.3075902042516356 0.2682996690273285 0.31256633665089084 0.280117928981781 0.3341294864238238 0.2888261377811432 0.33661755262345144 0.3056205213069916 0.31671312497825027 0.31121864914894104 0.2943205971494815 0.30624252557754517 0.2760748576480721 0.30188843607902527 0.2669519539134274 0.29877835512161255 0.26363456063387386 0.3000223934650421 0.25285296875543745 0.3130846917629242 0.2495355584839139 0.3329891562461853 0.2545116908831692 0.3448074162006378 0.26280519957000803 0.3485395014286041 0.2851977104068068 0.3504055440425873 0.3158837469224144 0.35227158665657043 0.3391056528070191 0.34418541193008423 0.346569817421962 0.33858728408813477 0.36232749072374376 0.329257071018219 0.3681329332109549 0.31184065341949463 0.36232749072374376 0.2925582230091095 0.3581807363803243 0.27016571164131165 0.3515459158372773 0.24963922798633575 0.34822847158181375 0.2434190809726715 0.33993496289497493 0.24155303835868835 0.3208598793216697 0.2396869957447052 0.3075902042516356
1 0.021484375 0.634375013593576 0.03945312649011612 0.6385416485418987 0.05195312574505806 0.6520833650516773 0.06132812425494194 0.6666666893226266 0.07539062201976776 0.6739582834902214 0.091796875 0.6614583106773734 0.10273437201976776 0.6520833650516773 0.10273437201976776 0.668749972812848 0.09335937350988388 0.675000027187152 0.08242187649011612 0.6895832834902214 0.07773437350988388 0.7145833650516773 0.068359375 0.7354166757290507 0.06601562350988388 0.7541666349483227 0.05742187425494194 0.7666666757290507 0.04570312425494194 0.7791667165097786 0.03085937537252903 0.7833332834902214 0.025390625 0.7697916349483227 0.03164062649011612 0.746874972812848 0.03007812425494194 0.724999986406424 0.02226562425494194 0.6989583650516773 0.015625 0.681250013593576 0.017578125 0.6541666485418987
2 0.03554687649011612 0.7083333106773734 0.04648437350988388 0.7197916757290507 0.04414062574505806 0.728125013593576 0.033714659512043 0.7262215051459842 0.0296456478536129 0.7130455917664253
1 0.015625 0.6605902928817511 0.015625 0.6885609786069739 0.018590856343507767 0.7020640213930261 0.0236545130610466 0.7232832536931028 0.024377893656492233 0.7493248750478494 0.020760996267199516 0.7763310285878341 0.02799479104578495 0.8014082536931028 0.030888309702277184 0.8274498750478494 0.025101272389292717 0.852526964217358 0.015625 0.8612075499808602 0.015625 0.8648780194051016 0.015625 0.775366564370476 0.015625 0.7155671321469586 0.015625 0.7025463214695852
1 0.12854455411434174 0.6133294392269278 0.15096932649612427 0.615258503597404 0.1516927033662796 0.6384066643321965 0.14807580411434174 0.6731288714504454 0.14373552799224854 0.7020640213930261 0.13360822200775146 0.7059220821660983 0.1213107630610466 0.6856674500191398 0.1082899272441864 0.6731288714504454 0.11407696455717087 0.6470871821278188 0.12058738619089127 0.6335840713738864 0.12492766231298447 0.6220100249904301
1 0.0974392369389534 0.6769868642556375 0.10973668843507767 0.6856674500191398 0.12275752425193787 0.7001350249904301 0.13939525187015533 0.7252121821278188 0.14590567350387573 0.7435378178721812 0.1430121511220932 0.7666859786069739 0.12709780037403107 0.7888696071565284 0.1169704869389534 0.7936921321469586 0.09816261380910873 0.774401964217358 0.08080150187015533 0.7589699929965896 0.0713975727558136 0.7551118642556375 0.07935474812984467 0.7223186535399847 0.0909288227558136 0.6953125
1 0.30721932649612427 0.12046682277076229 0.31951677799224854 0.11467978258706414 0.33904802799224854 0.12625385445847542 0.3513454794883728 0.14554397141216593 0.36291956901550293 0.16965663034825654 0.3708767294883728 0.19666280088021124 0.37594038248062134 0.20823688124760753 0.36725983023643494 0.23620756697283024 0.35640913248062134 0.24874614554152458 0.34411168098449707 0.2497106267508526 0.3296440839767456 0.2419946071565284 0.3187934160232544 0.22752701519326804 0.3253038227558136 0.19280479108304913 0.33326098322868347 0.15326004198240012 0.3318142294883728 0.1368634281285887 0.32168692350387573 0.12818287634902648 0.31155961751937866 0.13011188974359253
1 0.36942997574806213 0.11660879598163018 0.3708767294883728 0.13107637944890554 0.373046875 0.16194059376196235 0.3752170205116272 0.18219520891695087 0.38462093472480774 0.19473380447761518 0.38896122574806213 0.1995563294680453 0.39185473322868347 0.17833719911978876 0.4077690839767456 0.16676311875239247 0.42874711751937866 0.1715856267508526 0.43670427799224854 0.18026619552238482 0.44610822200775146 0.18412423930348693 0.4685329794883728 0.17062114554152458 0.47432002425193787 0.15422452319172814 0.4620225727558136 0.11467978258706414 0.45240283012390137 0.07217261945218977 0.43845194578170776 0.06998424062750122 0.4195772111415863 0.07107842579185299 0.4031643867492676 0.08967962456174311 0.3795572817325592 0.11467978258706414
1 0.39547163248062134 0.18123071071565283 0.40632233023643494 0.1754436705319547 0.42151331901550293 0.1764081687332527 0.43670427799224854 0.19184027588978111 0.4381510317325592 0.20920139644087557 0.43525752425193787 0.2342785365862942 0.431640625 0.2516396571373886 0.4186197817325592 0.27478781787218126 0.40632233023643494 0.28636186425563753 0.3947482705116272 0.29021989104476964 0.38679108023643494 0.27189430627631717 0.39113137125968933 0.24006559376196235 0.39547163248062134 0.2140239384232757 0.39619502425193787 0.19762729908150925
1 0.38679108023643494 0.22559798480673196 0.373046875 0.2458526339456605 0.36074942350387573 0.26321372051281494 0.35496237874031067 0.28346836965174343 0.35857927799224854 0.31626154638345627 0.36074942350387573 0.34616126249521506 0.3643663227558136 0.36641589464217356 0.3795572817325592 0.3750964464217358 0.3904079794883728 0.37606097860697385 0.4034288227558136 0.37702544282433187 0.4164496660232544 0.381847967814762 0.42368343472480774 0.3866704928051921 0.43308737874031067 0.383777032185238 0.43959781527519226 0.37413194822043777 0.44755497574806213 0.34616126249521506 0.4598524272441864 0.32301313574436247 0.45623552799224854 0.29214892143130566 0.451171875 0.26514273390738097 0.44321468472480774 0.2458526339456605 0.43236401677131653 0.26610726609261903 0.42223668098449707 0.2825038714504454 0.40632233023643494 0.29407791783390175 0.39185473322868347 0.29504241603519976 0.38534432649612427 0.28346836965174343 0.3817274272441864 0.26417825269805295 0.3838975727558136 0.24681713214695852
1 0.15964987874031067 0.6200810285878341 0.17267072200775146 0.615258503597404 0.1907552033662796 0.6104359786069739 0.2059461772441864 0.6306905427860523 0.22403067350387573 0.6538387714887249 0.23994502425193787 0.6625192892843471 0.2493489533662796 0.6798803928434716 0.26092302799224854 0.7001350249904301 0.26164641976356506 0.7165316643321965 0.2601996660232544 0.7425733536548232 0.25079572200775146 0.7541473320703995 0.23126447200775146 0.7541473320703995 0.21100984513759613 0.7560763964408755 0.19581887125968933 0.7599344572139477 0.177734375 0.7580053928434716 0.15892650187015533 0.7493248750478494 0.1495225727558136 0.7271411785304148 0.14662905037403107 0.7107446071565284 0.1538628488779068 0.6692708106773734 0.1560329794883728 0.6422646571373887 0.158203125 0.6297260785686943
1 0.46925637125968933 0.11275076919249809 0.46997973322868347 0.12721836965174346 0.48010706901550293 0.14650848660543395 0.49095776677131653 0.1330053928434716 0.5025318264961243 0.11757330267891321 0.4858940839767456 0.11467978258706414
1 0.5119357705116272 0.11853780937619623 0.5303636789321899 0.11484593856573636 0.5500590801239014 0.09296218430279092 0.5604022145271301 0.11757330267891321 0.5560619235038757 0.13782793482587172 0.548828125 0.14940201519326804 0.5278500914573669 0.1484375 0.5047019720077515 0.15036651339456605 0.49746817350387573 0.15808256697283024 0.48517072200775146 0.15711805177956223 0.49312788248062134 0.13782793482587172 0.5010850429534912 0.12914738304630952
1 0.47793692350387573 0.16194059376196235 0.49385127425193787 0.1638696071565284 0.5039786100387573 0.17351465713738864 0.5155526399612427 0.17930169732108678 0.5271267294883728 0.18894676429391705 0.5394241809844971 0.20437885445847542 0.5517216324806213 0.20920139644087557 0.5575087070465088 0.2188464634137058 0.5589554309844971 0.23331403838499618 0.5553385615348816 0.2526041553386867 0.5517216324806213 0.27092979108304915 0.5177227854728699 0.2796103428626114 0.5054253339767456 0.2825038714504454 0.48661747574806213 0.28829089464217356 0.47359663248062134 0.2853973660543395 0.45478877425193787 0.2583911955223848 0.44393807649612427 0.23138504198240012 0.44827836751937866 0.1995563294680453 0.46057581901550293 0.18315972411021889
1 0.5734230279922485 0.1252893477611924 0.5582320690155029 0.15133102858783407 0.5524449944496155 0.16676311875239247 0.5567852854728699 0.18508873750478494 0.5625723600387573 0.20148534286261136 0.5676360130310059 0.2188464634137058 0.5734230279922485 0.22559798480673196 0.5828269720077515 0.22752701519326804 0.5958477854728699 0.22945602858783407 0.6045283675193787 0.2227044732108679 0.5987412929534912 0.18219520891695087 0.5929542779922485 0.1561535365862942 0.5871672630310059 0.13396989954075464 0.5806568264961243 0.11660879598163018
0 0.5047019720077515 0.15808256697283024 0.5184462070465088 0.15518905537696617 0.5365306735038757 0.16483410535782642 0.5444878339767456 0.1764081687332527 0.5509982705116272 0.19184027588978111 0.5553385615348816 0.20244984106390937 0.5415943264961243 0.19569830267891322 0.5285735130310059 0.18123071071565283 0.5213397145271301 0.17351465713738864 0.5112124085426331 0.16869213214695852
1 0.5929542779922485 0.12046682277076229 0.5980179309844971 0.13975694822043777 0.6103153824806213 0.1522955097971621 0.6161024570465088 0.16194059376196235 0.6182725429534912 0.18894676429391705 0.6233362555503845 0.2265625 0.6233362555503845 0.24778163034825654 0.6247829794883728 0.26803627948718506 0.626953125 0.2805748240719394 0.6276764869689941 0.29021989104476964 0.6305699944496155 0.3027584696134639 0.6356337070465088 0.32301313574436247 0.6450375914573669 0.343267767891321 0.6529948115348816 0.36159336965174343 0.6558883190155029 0.3808834696134639 0.6580584645271301 0.40113810176042247 0.6566116809844971 0.4146412464982948 0.6522713899612427 0.41560571071565283 0.6406973600387573 0.383777032185238 0.6305699944496155 0.34519676429391705 0.6189959645271301 0.32204860355912446 0.6161024570465088 0.31047455717566813 0.6117621660232544 0.28732639644087554 0.6110387444496155 0.2776813124760753 0.6103153824806213 0.27189430627631717 0.6103153824806213 0.2545331687332527 0.6117621660232544 0.23234952319172814 0.6103153824806213 0.21981096161500382 0.6081452369689941 0.187017733907381 0.6009114384651184 0.15711805177956223 0.5958477854728699 0.1445794902028379 0.5922309160232544 0.13204090313815858
1 0.6009114384651184 0.11660879598163018 0.6052517294883728 0.13204090313815858 0.6124855279922485 0.14554397141216593 0.6197193264961243 0.1561535365862942 0.6240596175193787 0.18123071071565283 0.6255063414573669 0.19762729908150925 0.6283999085426331 0.2140239384232757 0.6298466324806213 0.23234952319172814 0.6341869235038757 0.24006559376196235 0.6457610130310059 0.2381365803673963 0.6551649570465088 0.22463350359740394 0.6609519720077515 0.1995563294680453 0.6638454794883728 0.1754436705319547 0.6718026399612427 0.1484375 0.6754195690155029 0.12625385445847542 0.6797598600387573 0.11467978258706414 0.674796462059021 0.08967962456174311 0.6592043042182922 0.08749124573705457 0.6427915096282959 0.09624475253982374 0.6230961084365845 0.10280987202191937
1 0.7000144720077515 0.11467978258706414 0.6978443264961243 0.13493440623803765 0.7036313414573669 0.15904706517412828 0.7188223600387573 0.17351465713738864 0.7383536100387573 0.17833719911978876 0.7600550055503845 0.17930169732108678 0.7665653824806213 0.18894676429391705 0.7694588899612427 0.20052082766934334 0.7701823115348816 0.21595293482587172 0.7774161100387573 0.22173995801759988 0.7882667779922485 0.22173995801759988 0.7940537929534912 0.1985918312667473 0.7991175055503845 0.15326004198240012 0.8070746660232544 0.11660879598163018 0.7913274765014648 0.09077381397408738 0.7740939855575562 0.09077381397408738 0.7429096698760986 0.09952730378488656 0.7123119235038757 0.11275076919249809
1 0.037398725748062134 0.7917631357443625 0.06416377425193787 0.774401964217358 0.0713975727558136 0.7686149750095699 0.08948206156492233 0.7801890213930261 0.099609375 0.7907986035591245 0.10901331156492233 0.8091242393034869 0.11190682649612427 0.8284144072330875 0.11407696455717087 0.8486689714121659 0.11769386380910873 0.8650655427860523 0.11624711006879807 0.8795332536931028 0.1017795130610466 0.891107232108679 0.09671586006879807 0.8988233536548232 0.09599247574806213 0.931616564370476 0.09599247574806213 0.9605516463451768 0.08514178544282913 0.970196696326037 0.06850405037403107 0.9576582536931028 0.048249419778585434 0.9296875 0.05475983768701553 0.890142767891321 0.04390914365649223 0.8776041893226266 0.03305844962596893 0.8621720821660983 0.033781830221414566 0.8284144072330875 0.035951968282461166 0.8043016463451768
1 0.15747974812984467 0.7686149750095699 0.19003182649612427 0.774401964217358 0.20956307649612427 0.7666859786069739 0.236328125 0.7657215143896158 0.25441262125968933 0.771508435629524 0.26309317350387573 0.7811534856103842 0.2645399272441864 0.8014082536931028 0.26960358023643494 0.8284144072330875 0.27683737874031067 0.8621720821660983 0.26309317350387573 0.8718171321469586 0.2406684011220932 0.8737461285495546 0.22475405037403107 0.8650655427860523 0.20883969962596893 0.8612075499808602 0.20015914738178253 0.8544560285878341 0.18496817350387573 0.8284144072330875 0.1712239533662796 0.812017767891321 0.15313947200775146 0.811053303673963 0.13360822200775146 0.8043016463451768 0.13288484513759613 0.7917631357443625
1 0.1278211772441864 0.8158757606965131 0.14011862874031067 0.8342013964408755 0.1343315988779068 0.853491564370476 0.12637442350387573 0.8679590713738864 0.1234809011220932 0.8843557107156529 0.11986400187015533 0.9046103428626113 0.12926794588565826 0.927758435629524 0.1343315988779068 0.9325810285878341 0.15096932649612427 0.9335455607730722 0.158203125 0.9258294392269278 0.177734375 0.9229359786069739 0.19654224812984467 0.9200424500191398 0.19654224812984467 0.9017167463068972 0.18713830411434174 0.8853201749330109 0.18135127425193787 0.8650655427860523 0.16833044588565826 0.8457754428243318 0.15747974812984467 0.8342013964408755 0.1408420205116272 0.8255208106773734
1 0.27683737874031067 0.5265238874473657 0.2884114682674408 0.5091628518561212 0.3079427182674408 0.4918017143130568 0.33760127425193787 0.4840856607347926 0.35640913248062134 0.4850501589360906 0.36798322200775146 0.49758873750478494 0.37449362874031067 0.5130208106773734 0.37232348322868347 0.5323109786069739 0.36942997574806213 0.5477430177956222 0.37232348322868347 0.5651041893226266 0.37377026677131653 0.5863233536548232 0.36364293098449707 0.5940394072330875 0.34772858023643494 0.5901812784921353 0.32168692350387573 0.578607232108679 0.30504918098449707 0.5737847071182489 0.29130497574806213 0.5660687215078647 0.28262442350387573 0.5487075499808602
1 0.24790219962596893 0.5496720821660983 0.26598668098449707 0.540991496402596 0.28117766976356506 0.5602816303482565 0.2862413227558136 0.5757137714887249 0.27900752425193787 0.5911458106773734 0.2688802182674408 0.5950038714504454 0.2536892294883728 0.5959683356678035 0.24862557649612427 0.5901812784921353 0.24573205411434174 0.5660687215078647
1 0.35279223322868347 0.35291281787218126 0.36074942350387573 0.37606097860697385 0.3838975727558136 0.3876350249904301 0.40632233023643494 0.3866704928051921 0.41500288248062134 0.38859955717566813 0.42151331901550293 0.4030670981630185 0.42585358023643494 0.422357232108679 0.4186197817325592 0.4329668142747773 0.40053531527519226 0.4368248410639094 0.38968461751937866 0.42717979108304915 0.37377026677131653 0.41753470711824886 0.3621961772441864 0.40403163034825657 0.34845197200775146 0.383777032185238 0.34411168098449707 0.37220291783390175 0.34555843472480774 0.3635223660543395
1 0.6378037929534912 0.43971836965174343 0.6580584645271301 0.422357232108679 0.6696324944496155 0.4078896231534486 0.6862702369689941 0.4049961625334946 0.7166522145271301 0.4117476839265207 0.7347366809844971 0.41560571071565283 0.7448639869689941 0.422357232108679 0.7470341324806213 0.44743442323000765 0.7484809160232544 0.4879436875239247 0.7448639869689941 0.5130208106773734 0.7376301884651184 0.5313464464217358 0.7296730279922485 0.5506365803673963 0.7130352854728699 0.578607232108679 0.7000144720077515 0.5911458106773734 0.685546875 0.5921103428626113 0.6775897145271301 0.5843942892843471 0.6616753339767456 0.5487075499808602 0.6529948115348816 0.5255594232300077 0.6421440839767456 0.5101273160734793 0.6262297630310059 0.49373071071565283 0.6247829794883728 0.4657600249904301 0.6305699944496155 0.44936345361654373
1 0.5712528824806213 0.2391010615767243 0.5893374085426331 0.24392360355912443 0.6023582220077515 0.24392360355912443 0.6045283675193787 0.26610726609261903 0.6045283675193787 0.2805748240719394 0.5900607705116272 0.28443285086107145 0.5755931735038757 0.2853973660543395 0.5618489384651184 0.28636186425563753 0.5589554309844971 0.27189430627631717 0.5632957220077515 0.2574267143130568
1 0.5112124085426331 0.34133873750478494 0.5220630764961243 0.3326581857252227 0.5321903824806213 0.31143902139302615 0.5444878339767456 0.2998649750095699 0.5632957220077515 0.29504241603519976 0.5828269720077515 0.29504241603519976 0.6030815839767456 0.29890044282433187 0.6117621660232544 0.31336805177956223 0.6175491809844971 0.33844520891695085 0.6218894720077515 0.35291281787218126 0.6283999085426331 0.37123845361654373 0.6312934160232544 0.39438654638345627 0.6341869235038757 0.4146412464982948 0.6240596175193787 0.43103781787218126 0.6052517294883728 0.44261189823957753 0.5951244235038757 0.45032791783390175 0.5792100429534912 0.4387538374665054 0.5647425055503845 0.4387538374665054 0.5401475429534912 0.44454089464217356 0.5285735130310059 0.44646989104476964 0.5206162929534912 0.4406829018369815 0.5141059160232544 0.4184992393034869 0.5112124085426331 0.3876350249904301 0.5104889869689941 0.36545136245693555 0.509765625 0.3538773160734793
1 0.4641927182674408 0.29214892143130566 0.48734086751937866 0.29793597860697385 0.5054253339767456 0.29407791783390175 0.5264033675193787 0.28732639644087554 0.5394241809844971 0.28346836965174343 0.5517216324806213 0.2815393562571774 0.5502749085426331 0.29118438924606765 0.5358073115348816 0.29890044282433187 0.5235098600387573 0.3085455267891321 0.5162760615348816 0.31819061075393235 0.5090422630310059 0.32590663034825657 0.49385127425193787 0.3288001589360906 0.4793836772441864 0.3288001589360906 0.470703125 0.3239776339456605 0.46780961751937866 0.31143902139302615
1 0.31734663248062134 0.42814428928434717 0.3231336772441864 0.44936345361654373 0.33036747574806213 0.45418597860697385 0.3404947817325592 0.4368248410639094 0.35423901677131653 0.43103781787218126 0.36508968472480774 0.42428626249521506 0.3687065839767456 0.422357232108679 0.38100406527519226 0.4291087535017052 0.38968461751937866 0.44454089464217356 0.40704572200775146 0.45129241603519976 0.42585358023643494 0.44743442323000765 0.4251302182674408 0.45515044282433187 0.3904079794883728 0.459972967814762 0.37449362874031067 0.46768902139302615 0.36364293098449707 0.4763695731725884 0.34845197200775146 0.47540510895523036 0.32892072200775146 0.4763695731725884 0.3166232705116272 0.47829863754306445 0.30721932649612427 0.47829863754306445 0.3079427182674408 0.459972967814762 0.3101128339767456 0.4416473660543395
1 0.5114889740943909 0.0043329834141550725 0.5196954011917114 0.021839985072214515 0.5287224054336548 0.042629552046811924 0.5434939861297607 0.06998424062750122 0.5500590801239014 0.07983193684261466 0.5623686909675598 0.06779586605080518 0.577140212059021 0.06451330206176487 0.584526002407074 0.05794817408368423 0.5951943397521973 0.04153536688246016 0.605042040348053 0.024028361772906806 0.6157103180885315 0.0174632348568243 0.6255580186843872 0.0174632348568243 0.6296612620353699 0.01089810900273992 0.6222754716873169 0.0043329834141550725 0.610901415348053 0.0022271714922048997 0.5738576650619507 0.0022271714922048997 0.5582655072212219 0.0022271714922048997 0.5369288325309753 0.0022271714922048997 0.5213366746902466 0.0022271714922048997 0.513130247592926 0.0022271714922048997
1 0.6764377355575562 0.21113445392430227 0.6936712265014648 0.22426469288849352 0.7076221108436584 0.23630076792829552 0.7248555421829224 0.2527135836255046 0.7379857897758484 0.2669380374899951 0.7552192807197571 0.28553921501992274 0.7708114385604858 0.3063287883665089 0.7740939855575562 0.32383578498007726 0.7708114385604858 0.3490020819921005 0.7626050710678101 0.37416841298806375 0.7560399174690247 0.3894870137849736 0.7486541271209717 0.4037114676494641 0.7314206957817078 0.4037114676494641 0.7166491746902466 0.399334743984027 0.7002363204956055 0.3982405290837277 0.6887473464012146 0.39605216725100917 0.6788997054100037 0.39605216725100917 0.6698726415634155 0.39605216725100917 0.6657694578170776 0.38839283286861426 0.661666214466095 0.36650911258960883 0.6567423939704895 0.3413428155775856 0.6592043042182922 0.3194590613146402 0.6674107313156128 0.2953869112350362 0.6641281247138977 0.2756915357967793 0.6624868512153625 0.25490197944216314 0.6674107313156128 0.23192401027891843 0.6674107313156128 0.21988795223108645
1 0.6329438090324402 0.2636554607569773 0.6403295397758484 0.2527135836255046 0.6509978771209717 0.2406775255776726 0.6608455777168274 0.23520658701193625 0.6551011204719543 0.2647496416733366 0.6551011204719543 0.28772761083658127 0.6559217572212219 0.30742296928286816 0.6509978771209717 0.32164738916341873 0.6460740566253662 0.3249299658964365 0.6378676295280457 0.30195203071713184 0.6345850825309753 0.27787989762949783
1 0.8028164505958557 0.3336834811951907 0.8044577240943909 0.30851715019922743 0.8143054246902466 0.27350315697209077 0.8307182192802429 0.25161940270914535 0.8454897403717041 0.24286590440236114 0.864364504814148 0.24177170649403187 0.8824185729026794 0.2330182081872477 0.9004727005958557 0.22754726962151134 0.9078584313392639 0.23630076792829552 0.9201680421829224 0.26037290101592947 0.9324776530265808 0.2844450171115935 0.9201680421829224 0.31289390784860455 0.9127823114395142 0.33587184302790923 0.9062171578407288 0.3577556312747947 0.896369457244873 0.3774509897210816 0.877494752407074 0.3862044710358957 0.8619025945663452 0.399334743984027 0.8405659198760986 0.4201242833466732 0.826615035533905 0.42668940282876877 0.8143054246902466 0.42668940282876877 0.8167673349380493 0.41793592151395464 0.826615035533905 0.41355916386457753 0.8372833728790283 0.3982405290837277 0.8356420397758484 0.38729868593619504 0.8225117921829224 0.37854517063744086 0.8118435144424438 0.37854517063744086 0.8011751770973206 0.3774509897210816 0.8036370873451233 0.3610381740238725 0.8052783608436584 0.3446253583266634
1 0.8225117921829224 0.5426732936255916 0.8315388560295105 0.5536152047410043 0.8372833728790283 0.572216416254872 0.8463103771209717 0.5787815697209076 0.8586199879646301 0.5754989250200098 0.870108962059021 0.5656512288048963 0.8758534789085388 0.5525209898407051 0.883239209651947 0.5503325940240464 0.8799566626548767 0.5711222013545727 0.8758534789085388 0.5962885323505359 0.8725709319114685 0.612701348047745 0.8586199879646301 0.6094187713147272 0.8430278301239014 0.6028536858165715 0.8225117921829224 0.5930059556175181 0.8110228180885315 0.5820640784860454 0.7970719337463379 0.576593071952429 0.7913274765014648 0.5700280204382134
1 0.6009387969970703 0.6269257339443555 0.6132484078407288 0.6192664335459006 0.6271992921829224 0.6148897098804635 0.6436121463775635 0.6116071331474457 0.6641281247138977 0.6116071331474457 0.6764377355575562 0.6116071331474457 0.6838235259056091 0.6313025255776726 0.6862854361534119 0.6531862798406181 0.6903886795043945 0.6761641810359827 0.6936712265014648 0.6958596414340896 0.6994156837463379 0.7111782422309995 0.7018776535987854 0.7363445732269627 0.7059808373451233 0.7516631740238725 0.687926709651947 0.7691702046213809 0.6633074879646301 0.7866771672510092 0.644432783126831 0.7866771672510092 0.6198135614395142 0.7866771672510092 0.6066833138465881 0.7823004435855722 0.59765625 0.7647934129880638 0.5894498229026794 0.7472863823905554 0.577140212059021 0.7286852048606278 0.571395754814148 0.7232143342627715 0.5804228186607361 0.6914828498007726 0.5910910964012146 0.6619397951393722 0.5960149765014648 0.6455269794421632
2 0.7203420400619507 0.3260241468127958 0.7269071936607361 0.3194590613146402 0.7342929244041443 0.3282125426294543 0.731010377407074 0.33915438577698703 0.7252658605575562 0.3424369964939449 0.7195214033126831 0.33806023884456776
0 0.8065093159675598 0.0022271714922048997 0.7991235852241516 0.02512254693725858 0.7983028888702393 0.05685398891933246 0.7983028888702393 0.08530286691236602 0.8073299527168274 0.09515056312747946 0.815536379814148 0.09186799489044666 0.8221014738082886 0.07217261945218977 0.8253840804100037 0.05357142917828464 0.8253840804100037 0.03278186220368723 0.8229221105575562 0.016369046506478156 0.8188189268112183 0.007615546075697731
0 0.8303079009056091 0.059042367744021 0.8483620285987854 0.06123074656870955 0.862312912940979 0.06998424062750122 0.8828288912773132 0.07217261945218977 0.8951385021209717 0.08858543514939884 0.9000623822212219 0.10499825084660791 0.8984211087226868 0.11156337882468854 0.8992417454719543 0.13125875426294542 0.8984211087226868 0.13891807165337033 0.8861114978790283 0.14767156996015451 0.8696986436843872 0.14220063139441816 0.8590303063392639 0.13344712459164898 0.849182665348053 0.11375174915339209 0.8442587852478027 0.10609243176296719 0.8327698111534119 0.09843313136451229 0.8245634436607361 0.09515056312747946 0.8278459906578064 0.07545517919323758
0 0.3576188385486603 0.6663165188048092 0.3633633255958557 0.6509979180078995 0.3781348466873169 0.6422444027091453 0.4027540683746338 0.6433386176094446 0.41506367921829224 0.6378676110758282 0.438041627407074 0.6345851023106904 0.4519925117492676 0.6323966725100919 0.4610195755958557 0.6356793172109897 0.4552750885486603 0.6509979180078995 0.44214484095573425 0.6608455802390729 0.4265526533126831 0.6652223718723901 0.4093191921710968 0.6761641810359827 0.39783021807670593 0.6936712116334911 0.3879825472831726 0.7046131567328439 0.37977612018585205 0.6936712116334911 0.37321099638938904 0.6838235494023176
0 0.3674665093421936 0.7527573889241718 0.3855206072330475 0.7341561434263641 0.39700958132743835 0.7264968430279093 0.4060366451740265 0.7330619964939449 0.42080816626548767 0.7297794197609271 0.43229714035987854 0.7275910579282086 0.438041627407074 0.7396271499599805 0.4372209906578064 0.7582283274899081 0.42901456356048584 0.765887559920483 0.4191668927669525 0.7615108362550459 0.41424304246902466 0.753851603824471 0.4093191921710968 0.7483805972908547 0.40029215812683105 0.7461922354581362 0.38716191053390503 0.7505689591235732 0.3781348466873169 0.7615108362550459 0.36910781264305115 0.7636992660556445
0 0.4930245578289032 0.9573704776891355 0.4938451945781708 0.9365808703586094 0.4971277713775635 0.9300157168925738 0.5086167454719543 0.9398634470916273 0.5209263563156128 0.9497111772906807 0.5299533605575562 0.9562762627888363 0.5332359671592712 0.962841348286992 0.5373391509056091 0.9803483788845003 0.541442334651947 0.9923844029483923 0.5430207252502441 0.9986979393226266 0.5250295400619507 0.9986979393226266 0.5118992924690247 0.9901960411156737 0.5036928653717041 0.9726890784860454
0 0.7531676888465881 0.8052783447809369 0.7433199882507324 0.8282563139441815 0.7244452238082886 0.8742121843027909 0.717880129814148 0.8939075767330178 0.7195214033126831 0.9059436007969098 0.7244452238082886 0.9114145393626462 0.736754834651947 0.878588907968228 0.751526415348053 0.8381039761753549 0.7605534195899963 0.8216912284460259 0.7605534195899963 0.8107492833466732
0 0.8688780069351196 0.8348214674102171 0.8861114978790283 0.814031860079691 0.9008830189704895 0.7987131913149011 0.905806839466095 0.7877713821513085 0.9172958135604858 0.7976190443824819 0.9296054244041443 0.8151260070121102 0.9353499412536621 0.8293504608766008 0.9238609671592712 0.8534226449401447 0.9123719930648804 0.8687412457370546 0.9041655659675598 0.8818714847012459 0.8918559551239014 0.8796830549006472 0.8738018870353699 0.8764005461355094 0.8664160966873169 0.8731179694024916 0.8639541864395142 0.8599877304383003 0.862312912940979 0.8468574914741092
0 0.9213990569114685 0.7823004435855722 0.9402737617492676 0.7768295050198357 0.9591485261917114 0.7724527813543987 0.9739200472831726 0.7724527813543987 0.9854090213775635 0.7735469282868179 0.9990234375 0.7850116823192164 0.9977186322212219 0.7965248294821826 0.9698168039321899 0.7954306825497633 0.946838915348053 0.7954306825497633 0.9353499412536621 0.7954306825497633 0.9230403304100037 0.7932422527491648
0 0.7835313677787781 0.33587184302790923 0.7941997051239014 0.3577556312747947 0.7892758846282959 0.38511029011953646 0.7851726412773132 0.4080882252988412 0.7884552478790283 0.4201242833466732 0.795020341873169 0.4190301024303139 0.8056886792182922 0.39058126266921284 0.815536379814148 0.38839283286861426 0.828666627407074 0.39058126266921284 0.8253840804100037 0.4026173207170448 0.8114331960678101 0.41246498294821826 0.8089712262153625 0.4332545562948044 0.821280837059021 0.4332545562948044 0.836052417755127 0.4332545562948044 0.8516445755958557 0.4168417405975954 0.8672367334365845 0.40480564856582335 0.8779050707817078 0.399334743984027 0.8934972286224365 0.39605216725100917 0.8918559551239014 0.41574755968123606 0.8943178653717041 0.43981970976084006 0.8959591388702393 0.4540440956574506 0.8934972286224365 0.4726453071713182 0.8861114978790283 0.4813988224700724 0.8713399171829224 0.4770220648206953 0.8582096695899963 0.4726453071713182 0.8459000587463379 0.475927849920396 0.8352317214012146 0.4813988224700724 0.8294872641563416 0.49343488051790435 0.8221014738082886 0.5021883958166585 0.815536379814148 0.5175070305975084 0.8163570165634155 0.5372024230277352 0.8106124997138977 0.5481442661752679 0.8015854954719543 0.5525209898407051 0.790917158126831 0.5514268429082858 0.7851726412773132 0.5459559043425494 0.7786075472831726 0.5437675085258908 0.7630153894424438 0.5448617234261901 0.7433199882507324 0.5415791127092323 0.7490644454956055 0.5262605119123225 0.7556295990943909 0.4813988224700724 0.7589121460914612 0.4441964334262771 0.7556295990943909 0.4201242833466732 0.7613740563392639 0.3982405290837277 0.7712217569351196 0.37416841298806375 0.7745043039321899 0.3566614163744954
0 0.9181164503097534 0.17612044370519558 0.9328879714012146 0.14548319113546596 0.9509420990943909 0.13344712459164898 0.9689961671829224 0.12688200510955336 0.9845883846282959 0.1170343173904249 0.9990234375 0.10950297502207597 0.9990234375 0.16408438565736358 0.9821264147758484 0.1629902047410043 0.9624310731887817 0.1673669284064414 0.9378118515014648 0.17830882252988411 0.9213990569114685 0.19691001705178174 0.9090894460678101 0.22207634804774498 0.9090894460678101 0.20019257679282956 0.9115513563156128 0.1826855631872912
0 0.693260908126831 0.1673669284064414 0.7187007665634155 0.18159139926290194 0.7334722876548767 0.19143907848604538 0.7400374412536621 0.20785189418325445 0.7466025352478027 0.21660537549806863 0.7597327828407288 0.20566351535856592 0.7662979364395142 0.22317051197213425 0.7786075472831726 0.23082982936255916 0.7966616153717041 0.22426469288849352 0.8015854954719543 0.198004197968141 0.8024061322212219 0.16846114330674067 0.8114331960678101 0.14220063139441816 0.8204602003097534 0.13016456485060116 0.8294872641563416 0.1400122525697296 0.8319491744041443 0.15751926617526796 0.8311285376548767 0.16846114330674067 0.8376936912536621 0.17393208187247702 0.8459000587463379 0.16955532422309993 0.8516445755958557 0.16408438565736358 0.8598509430885315 0.16517856657372285 0.8664160966873169 0.17721464161352485 0.8811876177787781 0.19143907848604538 0.8893940448760986 0.20019257679282956 0.8959591388702393 0.2133228327489908 0.8844701647758484 0.21879377131472716 0.868057370185852 0.22426469288849352 0.8557477593421936 0.2286414505378706 0.8401556015014648 0.23411238910360696 0.8245634436607361 0.24177170649403187 0.8138951063156128 0.2527135836255046 0.8032267689704895 0.26912638233074365 0.8007648587226868 0.2833508531872042 0.7974822521209717 0.30742296928286816 0.7958409786224365 0.32930672354581364 0.7859932780265808 0.31289390784860455 0.7638360261917114 0.27350315697209077 0.7490644454956055 0.24724264505976823 0.7137769460678101 0.2297356654381699 0.7014673352241516 0.2176995903983679 0.6834132075309753 0.20566351535856592 0.6743861436843872 0.19691001705178174 0.6817719340324402 0.18049718436260265
1 0.20415900647640228 0.6028536858165715 0.22057181596755981 0.5941001705178174 0.2386259138584137 0.5820640784860454 0.2451910525560379 0.6039478327489908 0.26160386204719543 0.6105129862150265 0.27555474638938904 0.6028536858165715 0.28868499398231506 0.5897233788845003 0.29278820753097534 0.5820640784860454 0.3108423054218292 0.588629163984201 0.3247931897640228 0.5962885323505359 0.3371028006076813 0.6017594709162722 0.3567982017993927 0.6028536858165715 0.3740316331386566 0.6028536858165715 0.37977612018585205 0.6083245564144278 0.37977612018585205 0.6291141637449541 0.37321099638938904 0.636773464143409 0.3576188385486603 0.6455269794421632 0.3502330482006073 0.648809488207301 0.34120601415634155 0.6433386176094446 0.33135831356048584 0.6422444027091453 0.32315191626548767 0.6466211943424625 0.3116629421710968 0.6499037031076003 0.2911469340324402 0.6597514333066536 0.2796579599380493 0.6575630035060551 0.2837611734867096 0.6389618259761275 0.2804785966873169 0.6280200168125348 0.2763753831386566 0.6247373721116369 0.2632451355457306 0.6247373721116369 0.2550387382507324 0.6291141637449541 0.23780527710914612 0.6334908874103912 0.22713695466518402 0.6477153412748817 0.2172892540693283 0.6280200168125348 0.21318605542182922 0.6181722866134813
1 0.2517561614513397 0.6542804947409173 0.2632451355457306 0.6433386176094446 0.27473410964012146 0.6389618259761275 0.2730928361415863 0.6575630035060551 0.2763753831386566 0.6717875253384257 0.2739134728908539 0.6903887028683533 0.2632451355457306 0.6882002730677548 0.2591419517993927 0.6783526108365813 0.2517561614513397 0.6685048806375279
1 0.2706308960914612 0.7057073036652631 0.2812992334365845 0.6914828498007726 0.28540244698524475 0.6805409726692998 0.29278820753097534 0.6717875253384257 0.3108423054218292 0.6641281569720907 0.32725512981414795 0.6597514333066536 0.3395647406578064 0.6586572184063544 0.346950501203537 0.6739758871711442 0.3609013855457306 0.6914828498007726 0.3674665093421936 0.6991421501992274 0.3814174234867096 0.7144608189640173 0.3846999704837799 0.7210259724300528 0.366645872592926 0.7341561434263641 0.3641839623451233 0.7440038056575375 0.3641839623451233 0.7680759217532016 0.37321099638938904 0.7735469282868179 0.35597753524780273 0.7823004435855722 0.3354615271091461 0.7757352901195365 0.3182280659675598 0.7702644195216801 0.3018152713775635 0.7680759217532016 0.28950566053390503 0.7604166893226266 0.27801668643951416 0.7560398976893096 0.2722721993923187 0.7527573889241718 0.26734834909439087 0.741815511792699 0.26816898584365845 0.7210259724300528
1 0.27145156264305115 0.7636992660556445 0.2837611734867096 0.7691702046213809 0.3018152713775635 0.7757352901195365 0.3083803951740265 0.7866771672510092 0.3050978183746338 0.8096551364142539 0.29935333132743835 0.8151260070121102 0.29196757078170776 0.8216912284460259 0.28622308373451233 0.8479516384065284 0.2911469340324402 0.8610818773707196 0.2985326945781708 0.8731179694024916 0.28868499398231506 0.8709296755376531 0.2812992334365845 0.8588935835058811 0.2763753831386566 0.8359156143426364 0.27145156264305115 0.7943364676494641
1 0.3157661557197571 0.7790178668525543 0.33135831356048584 0.78558302031859 0.3461298644542694 0.7921481058167456 0.3641839623451233 0.7976190443824819 0.3748522698879242 0.8041841978485176 0.3748522698879242 0.8337273204777979 0.36910781264305115 0.8610818773707196 0.3633633255958557 0.878588907968228 0.35187435150146484 0.8851540614342637 0.3436679244041443 0.8818714847012459 0.33135831356048584 0.8588935835058811 0.3190487027168274 0.8370098292429357 0.3124835789203644 0.8162202219124095 0.3116629421710968 0.801995836015799 0.3157661557197571 0.7921481058167456
1 0.38059675693511963 0.7757352901195365 0.38962382078170776 0.7636992660556445 0.39783021807670593 0.7582283274899081 0.4084985554218292 0.7615108362550459 0.4167049527168274 0.7735469282868179 0.4273732900619507 0.7790178668525543 0.4339384138584137 0.7954306825497633 0.4405035376548767 0.8173143688448288 0.4364003539085388 0.8315388227093193 0.4339384138584137 0.8479516384065284 0.4306558668613434 0.8577993686055818 0.42491137981414795 0.8709296755376531 0.42162880301475525 0.8807772698009465 0.41752558946609497 0.8928133618327185 0.4093191921710968 0.8971900854981556 0.3920857310295105 0.8960959385657363 0.37567293643951416 0.8950017236654371 0.3674665093421936 0.8928133618327185 0.37321099638938904 0.8764005461355094 0.3789554834365845 0.8227853753784452 0.38059675693511963 0.7888655970516077
0 0.015625 0.902661092031772 0.015625 0.9004727301990535 0.015625 0.9103203244623469 0.015625 0.9256389932271367 0.015625 0.9352700418247146 0.015625 0.9201681226292804
1 0.3888031840324402 0.5382965699601545 0.40767791867256165 0.5514268429082858 0.42080816626548767 0.572216416254872 0.4273732900619507 0.5842524403187639 0.42409074306488037 0.6061361945817093 0.42162880301475525 0.6313025255776726 0.4052159786224365 0.6302083106773734 0.3912650942802429 0.6302083106773734 0.38634124398231506 0.6094187713147272 0.38305869698524475 0.5897233788845003 0.3789554834365845 0.5590861433067407 0.3789554834365845 0.5481442661752679
1 0.4478892982006073 0.7527573889241718 0.46348148584365845 0.7571341125896088 0.48071494698524475 0.7680759217532016 0.48399749398231506 0.7910539588843263 0.4749704599380493 0.8162202219124095 0.4675846993923187 0.8205970135457266 0.4544544517993927 0.814031860079691 0.44542738795280457 0.8030900509160983 0.438041627407074 0.78558302031859 0.438041627407074 0.7735469282868179 0.4413241744041443 0.7636992660556445
1 0.40111279487609863 0.7111782422309995 0.4084985554218292 0.6947653585659104 0.41834625601768494 0.677258463904162 0.43229714035987854 0.6739758871711442 0.44542738795280457 0.6663165188048092 0.45937827229499817 0.6586572184063544 0.46348148584365845 0.6739758871711442 0.46266084909439087 0.6958596414340896 0.44953060150146484 0.7068014505976824 0.4364003539085388 0.7144608189640173 0.4265526533126831 0.7188374746615743 0.41506367921829224 0.7199317575297536 0.40685728192329407 0.7210259724300528
1 0.3715697228908539 0.47921039266947385 0.3846999704837799 0.4715511602388989 0.40357470512390137 0.46826854952194114 0.4232700765132904 0.463891825856504 0.4331177771091461 0.4573266723904684 0.4331177771091461 0.4409138906771993 0.4478892982006073 0.43981970976084006 0.457736998796463 0.44310225250991786 0.4790736734867096 0.45513831055774984 0.4856387972831726 0.47045691135465967 0.4864594340324402 0.48577554613550944 0.4856387972831726 0.5087534813148141 0.4897419810295105 0.5393907508765138 0.4922039210796356 0.5536152047410043 0.4897419810295105 0.5634629009561177 0.48153558373451233 0.5776873548206083 0.4684053361415863 0.5820640784860454 0.44870996475219727 0.588629163984201 0.4372209906578064 0.5908175937847996 0.43229714035987854 0.5754989250200098 0.42162880301475525 0.5601802902391599 0.40685728192329407 0.5426732936255916 0.3945476710796356 0.5328256653783582 0.38716191053390503 0.528448873745041 0.38305869698524475 0.5142244538644906 0.3781348466873169 0.5021883958166585 0.37321099638938904 0.4923406996015451
1 0.49466583132743835 0.4617034300398455 0.5077961087226868 0.4529499147410913 0.5201057195663452 0.45623252545804915 0.528312087059021 0.46279761095620475 0.5348772406578064 0.47045691135465967 0.5398010611534119 0.4923406996015451 0.5307740569114685 0.512036024063892 0.5233882665634155 0.5262605119123225 0.5201057195663452 0.5426732936255916 0.5143612027168274 0.5514268429082858 0.5004103183746338 0.5558036005576629 0.49466583132743835 0.5350139592431967 0.4922039210796356 0.5186011775299276 0.4897419810295105 0.49890581908364073 0.4897419810295105 0.47921039266947385
1 0.4585576355457306 0.3424369964939449 0.47004660964012146 0.33806023884456776 0.4856387972831726 0.33806023884456776 0.5004103183746338 0.34024860067728635 0.5036928653717041 0.3697916553386867 0.5069754719734192 0.4058998634661226 0.5110786557197571 0.4310661944620859 0.5135405659675598 0.44310225250991786 0.49466583132743835 0.4496673719920135 0.48728007078170776 0.4376312799602415 0.4749704599380493 0.41574755968123606 0.4585576355457306 0.39605216725100917 0.44870996475219727 0.38511029011953646 0.4478892982006073 0.37088583625504595 0.44870996475219727 0.3610381740238725
1 0.5389804244041443 0.45513831055774984 0.5512900352478027 0.4540440956574506 0.5709854364395142 0.45185573382473204 0.5808331370353699 0.4507615529083728 0.5882188677787781 0.4573266723904684 0.5988872051239014 0.4584208872907677 0.6103761792182922 0.44857319107565424 0.620223879814148 0.447479010159295 0.6152999997138977 0.4726453071713182 0.6070936322212219 0.4945290274503236 0.6005284786224365 0.512036024063892 0.5857569575309753 0.5229779351793047 0.5759092569351196 0.5295430886453404 0.5635996460914612 0.5328256653783582 0.5512900352478027 0.5372024230277352 0.5406216979026794 0.5437675085258908 0.5274914503097534 0.5558036005576629 0.5233882665634155 0.5547093856573636 0.5274914503097534 0.5382965699601545 0.5340566039085388 0.5262605119123225 0.5439043045043945 0.5098476962151135 0.5463662147521973 0.487963941952168 0.543083667755127 0.47373948808767746
1 0.6678210496902466 0.014180671929782111 0.6817719340324402 0.0174632348568243 0.6949021816253662 0.028405113050295142 0.7096737027168274 0.04481792662350797 0.723624587059021 0.05247723976594037 0.7433199882507324 0.05357142917828464 0.757270872592926 0.04700630544819651 0.7679392099380493 0.03715861348107557 0.7662979364395142 0.0174632348568243 0.7564502358436584 0.005427170968002625 0.7400374412536621 0.0022271714922048997 0.7088530659675598 0.003238795594807988 0.6891576647758484 0.003238795594807988 0.6776687502861023 0.0022271714922048997
0 0.633354127407074 0.0022271714922048997 0.640739917755127 0.0098039217143919 0.6530495285987854 0.013086483579435964 0.6604352593421936 0.007615546075697731 0.6628831028938293 0.0022271714922048997
1 0.30017396807670593 0.0022271714922048997 0.3050978183746338 0.024028361772906806 0.3124835789203644 0.03825279864542734 0.3215106427669525 0.04591211603585224 0.3329996168613434 0.060136557156365275 0.3387441039085388 0.08202030717131821 0.346950501203537 0.09952730378488656 0.35843947529792786 0.11375174915339209 0.3699284493923187 0.10280987202191937 0.3846999704837799 0.09077381397408738 0.39783021807670593 0.07217261945218977 0.41096046566963196 0.06123074656870955 0.4331177771091461 0.059042367744021 0.44542738795280457 0.060136557156365275 0.45363378524780273 0.04591211603585224 0.45937827229499817 0.03497023890437952 0.45691636204719543 0.02512254693725858 0.46019890904426575 0.008709733364045753 0.43557968735694885 0.0022271714922048997 0.38250064849853516 0.0022271714922048997 0.3354615271091461 0.0022271714922048997 0.32397255301475525 0.0022271714922048997
1 0.4684053361415863 0.0022271714922048997 0.4675846993923187 0.01965161049551847 0.47332918643951416 0.03934698805777161 0.49138328433036804 0.03934698805777161 0.49548646807670593 0.051383050353596096 0.4938451945781708 0.07107842579185299 0.48810070753097534 0.08202030717131821 0.48153558373451233 0.09624475253982374 0.47743237018585205 0.10280987202191937 0.4905626177787781 0.10718662117531146 0.5053341388702393 0.10828081058765573 0.5192850828170776 0.10499825084660791 0.535697877407074 0.09843313136451229 0.5422629714012146 0.08420868599600675 0.5299533605575562 0.06232493173306132 0.5217469930648804 0.03934698805777161 0.5127199292182922 0.024028361772906806 0.5069754719734192 0.006521358787349709 0.502051591873169 0.0022271714922048997 0.4889213442802429 0.0022271714922048997 0.4766117334365845 0.0022271714922048997
1 0.5594964623451233 0.08858543514939884 0.569344162940979 0.07545517919323758 0.582474410533905 0.08202030717131821 0.5898601412773132 0.07654937710156685 0.5972459316253662 0.08202030717131821 0.6013491153717041 0.0940563652191502 0.5980665683746338 0.10390406143426364 0.5890395045280457 0.10718662117531146 0.575088620185852 0.10718662117531146 0.5685235261917114 0.10828081058765573
1 0.5923221111297607 0.060136557156365275 0.6029903888702393 0.04153536688246016 0.612838089466095 0.028405113050295142 0.6218651533126831 0.0262167384735991 0.6276096105575562 0.04700630544819651 0.6382779479026794 0.04919468002489256 0.6489462852478027 0.03497023890437952 0.6612558960914612 0.02731092363795087 0.6711035966873169 0.02512254693725858 0.6875163912773132 0.03497023890437952 0.7014673352241516 0.05794817408368423 0.7154182195663452 0.07436099827687831 0.7219833135604858 0.08858543514939884 0.710494339466095 0.09952730378488656 0.6957228183746338 0.10499825084660791 0.6875163912773132 0.11265756823703281 0.6834132075309753 0.09843313136451229 0.6784893870353699 0.08092611775897393 0.667000412940979 0.07654937710156685 0.6563320755958557 0.07983193684261466 0.6432018280029297 0.08530286691236602 0.6317128539085388 0.08858543514939884 0.6218651533126831 0.09077381397408738 0.612838089466095 0.08749124573705457 0.6054523587226868 0.08202030717131821 0.5988872051239014 0.07217261945218977
1 0.44214484095573425 0.6017594709162722 0.4544544517993927 0.5984768941832544 0.4692259728908539 0.5951943174502367 0.4856387972831726 0.5930059556175181 0.4905626177787781 0.6061361945817093 0.49876904487609863 0.6323966725100919 0.5069754719734192 0.6520921329081988 0.515181839466095 0.6641281569720907 0.4905626177787781 0.6630339420717914 0.47825300693511963 0.6619397951393722 0.4684053361415863 0.6630339420717914 0.4684053361415863 0.6520921329081988 0.4692259728908539 0.636773464143409 0.46266084909439087 0.6236432251792177 0.4478892982006073 0.6225490102789184 0.4347590506076813 0.6236432251792177 0.438041627407074 0.6181722866134813
1 0.4922039210796356 0.5831582254184646 0.49794840812683105 0.572216416254872 0.5110786557197571 0.564557081872477 0.5201057195663452 0.5689337715539741 0.5299533605575562 0.5864408701193625 0.541442334651947 0.5908175937847996 0.5570345520973206 0.588629163984201 0.5685235261917114 0.5820640784860454 0.5767298936843872 0.588629163984201 0.5890395045280457 0.6192664335459006 0.5906807780265808 0.6313025255776726 0.5775505304336548 0.6728816722708449 0.5701647996902466 0.7024247269322452 0.5594964623451233 0.6882002730677548 0.5463662147521973 0.6838235494023176 0.5332359671592712 0.677258463904162 0.5258501768112183 0.6674106657372285 0.5192850828170776 0.6553746416733366 0.5094373822212219 0.6378676110758282 0.502051591873169 0.6170780717131821 0.4938451945781708 0.5973827472508352
1 0.5832950472831726 0.5328256653783582 0.595604658126831 0.5273546588447418 0.6046317219734192 0.5164127817132691 0.6144793629646301 0.4967174572509222 0.625968337059021 0.5153186347808498 0.6423811912536621 0.528448873745041 0.6489462852478027 0.5459559043425494 0.6317128539085388 0.5492384470916273 0.6161206960678101 0.5590861433067407 0.6120174527168274 0.5776873548206083 0.6152999997138977 0.6017594709162722 0.6120174527168274 0.6116071331474457 0.5988872051239014 0.6137954949801643 0.5915014147758484 0.6028536858165715 0.5832950472831726 0.5831582254184646 0.5800125002861023 0.572216416254872 0.5841156840324402 0.5634629009561177 0.5890395045280457 0.5448617234261901
1 0.6218651533126831 0.5689337715539741 0.6349954009056091 0.5590861433067407 0.6415605545043945 0.5579919284064414 0.6546908020973206 0.5634629009561177 0.6661797761917114 0.5754989250200098 0.6694623231887817 0.5919117407172189 0.6563320755958557 0.600665256015973 0.6399192214012146 0.6017594709162722 0.6251477003097534 0.6039478327489908 0.620223879814148 0.5919117407172189
1 0.6899783611297607 0.6072303415141286 0.7121356129646301 0.6017594709162722 0.723624587059021 0.5984768941832544 0.7416787147521973 0.5831582254184646 0.7556295990943909 0.5744047780875905 0.7687598466873169 0.5667454437051955 0.7810694575309753 0.5678396246215548 0.7835313677787781 0.5798757166533268 0.7745043039321899 0.5908175937847996 0.764656662940979 0.5984768941832544 0.7621946930885315 0.6072303415141286 0.7728630304336548 0.6236432251792177 0.777786910533905 0.6378676110758282 0.7876346111297607 0.648809488207301 0.8015854954719543 0.6586572184063544 0.8114331960678101 0.6882002730677548 0.7941997051239014 0.6958596414340896 0.7753250002861023 0.7177433277291551 0.757270872592926 0.7352502903587834 0.749885082244873 0.7472863823905554 0.7375754714012146 0.7593224744223274 0.7244452238082886 0.7571341125896088 0.7145975828170776 0.7450980205578368 0.7096737027168274 0.7221201193624721 0.7006466388702393 0.6783526108365813 0.697364091873169 0.6509979180078995 0.6899783611297607 0.6345851023106904 0.6858751177787781 0.6170780717131821
0 0.8368730545043945 0.4890581228685273 0.8459000587463379 0.4835871843027909 0.8598509430885315 0.48577554613550944 0.8705192804336548 0.4890581228685273 0.8844701647758484 0.4890581228685273 0.8967798352241516 0.4890581228685273 0.905806839466095 0.49562324235062294 0.9082687497138977 0.5196953584462869 0.9123719930648804 0.540484965776813 0.9148339033126831 0.5558036005576629 0.905806839466095 0.5700280204382134 0.8951385021209717 0.5623686860558185 0.8918559551239014 0.5426732936255916 0.8836495280265808 0.5393907508765138 0.8705192804336548 0.5437675085258908 0.8606716394424438 0.5623686860558185 0.8541064858436584 0.5678396246215548 0.8467206954956055 0.564557081872477 0.8409762382507324 0.5623686860558185 0.8368730545043945 0.5415791127092323 0.834411084651947 0.5186011775299276 0.8327698111534119 0.5021883958166585
0 0.7712217569351196 0.6039478327489908 0.7818900942802429 0.5962885323505359 0.7917377948760986 0.5853466552190631 0.808150589466095 0.5941001705178174 0.8303079009056091 0.6072303415141286 0.8532858490943909 0.6159839247807628 0.8705192804336548 0.6214548633464991 0.8779050707817078 0.6280200168125348 0.8852908611297607 0.6378676110758282 0.8943178653717041 0.6499037031076003 0.9099100828170776 0.6652223718723901 0.9197577238082886 0.6783526108365813 0.9066274762153625 0.6761641810359827 0.8951385021209717 0.6739758871711442 0.8852908611297607 0.6630339420717914 0.8779050707817078 0.6531862798406181 0.8696986436843872 0.6520921329081988 0.8614922761917114 0.6542804947409173 0.849182665348053 0.6553746416733366 0.8335904479026794 0.6553746416733366 0.8237428069114685 0.6499037031076003 0.8163570165634155 0.6400560408764268 0.8106124997138977 0.6280200168125348 0.8007648587226868 0.6236432251792177 0.7925584316253662 0.6214548633464991 0.7818900942802429 0.6203606484461999 0.7761456370353699 0.6137954949801643
0 0.7900965213775635 0.8577993686055818 0.8032267689704895 0.8479516384065284 0.8179982900619507 0.8435749147410914 0.8229221105575562 0.8621760922710189 0.8270253539085388 0.8764005461355094 0.8147157430648804 0.8796830549006472 0.8106124997138977 0.8895308530675807 0.8163570165634155 0.9048494538644906 0.8245634436607361 0.9048494538644906 0.8303079009056091 0.8950017236654371 0.8409762382507324 0.9037552389641913 0.8524652123451233 0.914697116095664 0.8590303063392639 0.9256389932271367 0.8672367334365845 0.9398634470916273 0.8746225237846375 0.9562762627888363 0.8738018870353699 0.9683123548206083 0.8614922761917114 0.9726890784860454 0.8483620285987854 0.9705007166533268 0.8303079009056091 0.9683123548206083 0.8163570165634155 0.955182047888537 0.8122538328170776 0.9300157168925738 0.8048680424690247 0.9201681226292804 0.7983028888702393 0.9179796928286817 0.7892758846282959 0.9125087542629454 0.7843520045280457 0.890625 0.7818900942802429 0.8818714847012459 0.7827107310295105 0.8720238224700724
0 0.764656662940979 0.8304446078090201 0.7810694575309753 0.8402924059759536 0.7892758846282959 0.850140068207127 0.7761456370353699 0.8753063992030902 0.777786910533905 0.9037552389641913 0.7859932780265808 0.931109931792873 0.7966616153717041 0.9475226795222021 0.8073299527168274 0.9617472013545727 0.8179982900619507 0.9847251705178174 0.8221014738082886 0.9967612625495894 0.8163570165634155 0.9967612625495894 0.7983028888702393 0.99566697968141 0.7835313677787781 0.991290256015973 0.7736836671829224 0.9891018941832544 0.7662979364395142 0.9847251705178174 0.7613740563392639 0.9923844029483923 0.7244452238082886 0.9978554094820087 0.7022879719734192 0.9978554094820087 0.6875163912773132 0.9978554094820087 0.6793100237846375 0.9978554094820087 0.6981847286224365 0.9726890784860454 0.7096737027168274 0.955182047888537 0.7187007665634155 0.9409575940240464 0.7351135611534119 0.9201681226292804 0.7424993515014648 0.8993785152987541 0.7507057785987854 0.8764005461355094 0.757270872592926 0.850140068207127
0 0.8844701647758484 0.9617472013545727 0.9000623822212219 0.9431460238246451 0.9140132665634155 0.9420518089243458 0.9271435141563416 0.9442401707570643 0.9378118515014648 0.9365808703586094 0.9501214623451233 0.9300157168925738 0.9616104364395142 0.9376750852589086 0.973099410533905 0.9562762627888363 0.9870502948760986 0.9748774403187639 0.9944360852241516 0.9858193174502367 0.9952567219734192 0.9967612625495894 0.965713620185852 0.9978554094820087 0.926322877407074 0.9978554094820087 0.9049862027168274 0.99566697968141 0.8869321346282959 0.9945728327489908 0.8787257075309753 0.9825368086850989
0 0.015625 0.9431460238246451 0.015625 0.931109931792873 0.024438681080937386 0.9234506313944182 0.0326450876891613 0.9234506313944182 0.040851496160030365 0.9365808703586094 0.04003085568547249 0.9573704776891355 0.040851496160030365 0.979254163984201 0.047416623681783676 0.9923844029483923 0.060546875 0.9923844029483923 0.06528197228908539 0.9986979393226266 0.033465731889009476 0.9986979393226266 0.019514836370944977 0.9986979393226266 0.015625 0.9770658021514824 0.015625 0.962841348286992
0 0.04823726415634155 0.9453343856573636 0.0638294368982315 0.9639356311551712 0.08106289058923721 0.9781599490839017 0.09173122048377991 0.9847251705178174 0.09829635173082352 0.9978554094820087 0.08024225383996964 0.9967612625495894 0.0712152048945427 0.9945728327489908 0.057264313101768494 0.9770658021514824 0.04905790463089943 0.967218139920309
1 0.11142659932374954 0.9048494538644906 0.10404083877801895 0.9190739077289811 0.10486147552728653 0.9365808703586094 0.1056821197271347 0.955182047888537 0.10896468162536621 0.979254163984201 0.11224724352359772 0.9869135323505359 0.10650275647640228 0.9923844029483923 0.10650275647640228 0.9986979393226266 0.13932839035987854 0.9986979393226266 0.14671415090560913 0.9967612625495894 0.1368664652109146 0.9869135323505359 0.13522517681121826 0.9562762627888363 0.1368664652109146 0.9442401707570643 0.13440454006195068 0.938769300159208 0.12291557341814041 0.9289215019922745 0.11799173057079315 0.9179796928286817
1 0.14507287740707397 0.9715948635857461 0.1549205631017685 0.9595587715539741 0.15984441339969635 0.9409575940240464 0.1721540242433548 0.9584646246215548 0.19184939563274384 0.9661239929878898 0.2000558078289032 0.9705007166533268 0.19431132078170776 0.9825368086850989 0.18692554533481598 0.9858193174502367 0.18528427183628082 0.9978554094820087 0.17011882364749908 0.9986979393226266 0.15656183660030365 0.99566697968141 0.14835543930530548 0.9869135323505359
1 0.8289691209793091 0.0056497174541244 0.8347623348236084 0.023305085825760807 0.8364174962043762 0.03875353076144688 0.8471762537956238 0.05309851291715966 0.8612453937530518 0.05530543422911374 0.8794524669647217 0.056408897009087036 0.8943491578102112 0.07296080047675389 0.9026251435279846 0.08840925390842497 0.905935525894165 0.11158192555994659 0.905935525894165 0.13475458021949818 0.9084182977676392 0.1435822654673145 0.9133839011192322 0.14909957511918848 0.924142599105835 0.14247880693533374 0.9456601142883301 0.12482345343167107 0.9696603417396545 0.1082715414680192 0.9870398640632629 0.09282309653233313 0.9990234375 0.07966465089793726 0.9990234375 0.024408544357741598 0.9886950254440308 0.01116701967201148 0.9746259450912476 0.004546257329146422 0.9506256580352783 0.0022271714922048997 0.9381124377250671 0.0022271714922048997 0.9075906872749329 0.0022271714922048997 0.8844180107116699 0.0022271714922048997 0.8637281656265259 0.0022271714922048997 0.8553860187530518 0.0022271714922048997
2 0.905935525894165 0.021098164513806722 0.9092459082603455 0.010063560078032564 0.9191770553588867 0.00344279667316938 0.9299357533454895 0.01116701967201148 0.9324185848236084 0.024408544357741598 0.9274529814720154 0.03875353076144688 0.9200046062469482 0.04206391060538175 0.9100735187530518 0.037650072229466085 0.905935525894165 0.03323622748156167
1 0.20910023152828217 0.8751765805522689 0.22896252572536469 0.8806938732121729 0.2504799962043762 0.8840043167759952 0.2620663344860077 0.8884181509039184 0.2670319080352783 0.9082804044795727 0.2670319080352783 0.9248322824592845 0.25875595211982727 0.9292461165872077 0.24137645959854126 0.9149010877035774 0.22234176099300385 0.9038665023837695 0.21241061389446259 0.890625 0.20744504034519196 0.8862111658720768
1 0.26868709921836853 0.8817973317441536 0.2802734375 0.8740731220202882 0.2951701581478119 0.8873146244040576 0.30841168761253357 0.8972456832240048 0.31751522421836853 0.9060734194477311 0.32082560658454895 0.9325564242152701 0.3266187906265259 0.9502118286948427 0.3282739818096161 0.9579360384187082 0.30841168761253357 0.949108438130742 0.2993081212043762 0.938073784843054 0.28937697410583496 0.9281425900873469 0.27530786395072937 0.9248322824592845 0.27448028326034546 0.9093838630115535 0.27282509207725525 0.9005561267878271
1 0.35227423906326294 0.9160046142034381 0.360550194978714 0.9115907800755151 0.3779296875 0.9071768779797118 0.395309180021286 0.9071768779797118 0.40192994475364685 0.9071768779797118 0.4102059006690979 0.9060734194477311 0.42013704776763916 0.9005561267878271 0.4275853931903839 0.9049699609157503 0.43503376841545105 0.9226253653953229 0.4242750406265259 0.9369703263110732 0.41930946707725525 0.9579360384187082 0.41682666540145874 0.9722810673023385 0.4251026213169098 0.9899364038140311 0.40358513593673706 0.9932467794099735 0.38786083459854126 0.9943502379419543 0.3638605773448944 0.9943502379419543 0.3439982831478119 0.9965572229737959 0.3439982831478119 0.9833157205900265 0.35558462142944336 0.9833157205900265 0.3613777756690979 0.970074150238377 0.35310181975364685 0.9457979945669196 0.3489638566970825 0.9292461165872077
1 0.44744768738746643 0.827727727741335 0.46399959921836853 0.8299346448052964 0.4739307463169098 0.8398658395610036 0.49793100357055664 0.8520038834127923 0.5144829154014587 0.8674523028605234 0.5244140625 0.8784869561482113 0.5244140625 0.8972456832240048 0.5219312906265259 0.9115907800755151 0.5235864520072937 0.9303495751191885 0.5194485187530518 0.9391772433750348 0.4937930405139923 0.9193149218315005 0.4788963198661804 0.9171080727354189 0.4623444080352783 0.9115907800755151 0.4424821138381958 0.9049699609157503 0.43089577555656433 0.8939353755959424 0.43172338604927063 0.8829007902761344 0.4391717314720154 0.8619350781684995 0.444137305021286 0.8509004248808115
1 0.5360003709793091 0.890625 0.5459315180778503 0.8707627464243458 0.5583454966545105 0.8531074099126531 0.5666214227676392 0.8453831322209076 0.5748973488807678 0.8387623130611428 0.5856561064720154 0.8486935757847299 0.5964148640632629 0.8531074099126531 0.5988976359367371 0.8674523028605234 0.5947596430778503 0.8829007902761344 0.5947596430778503 0.8983492097238656 0.5988976359367371 0.9193149218315005 0.6046907901763916 0.9325564242152701 0.6146219372749329 0.9469015210667804 0.6121391654014587 0.9634533310786122 0.5988976359367371 0.9777984279301225 0.5906217098236084 0.9766949014302617 0.5806905627250671 0.9568326478546074 0.5699318051338196 0.9369703263110732 0.5608282685279846 0.9248322824592845 0.5451039671897888 0.9171080727354189 0.5351728200912476 0.9093838630115535
1 0.5351728200912476 0.9259357409912653 0.5500695109367371 0.9270391995232461 0.5583454966545105 0.9391772433750348 0.5624834299087524 0.9546256628227658 0.5376555919647217 0.949108438130742 0.5302072167396545 0.9424876869388572
1 0.166892871260643 0.9347634092471117 0.18758276104927063 0.9281425900873469 0.20578986406326294 0.9248322824592845 0.22234176099300385 0.9248322824592845 0.23641088604927063 0.9336599507151309 0.24551443755626678 0.9424876869388572 0.22896252572536469 0.9557291893226266 0.2148934006690979 0.9667637066745546 0.20661745965480804 0.9623498725466314 0.1975139081478119 0.9557291893226266 0.17434123158454895 0.9513153551947036
1 0.21158301830291748 0.9965572229737959 0.20744504034519196 0.9822122620580457 0.22234176099300385 0.9733845258343193 0.23641088604927063 0.9634533310786122 0.2513076066970825 0.9524188137266842 0.25958356261253357 0.9446946040028188 0.27199748158454895 0.9391772433750348 0.28772178292274475 0.9424876869388572 0.30179092288017273 0.953522272258665 0.3100668787956238 0.9601430234505498 0.32413598895072937 0.9744880523341801 0.3315843343734741 0.9789018864621033 0.32248079776763916 0.985522569686108 0.3166876435279846 0.9921433888458727 0.2968253493309021 0.9943502379419543 0.2637215256690979 0.9976606135378967 0.22896252572536469 0.9976606135378967
1 0.4433097243309021 0.9921433888458727 0.43503376841545105 0.9733845258343193 0.43420615792274475 0.9469015210667804 0.4416545331478119 0.9314530336511693 0.45324087142944336 0.9204184483313613 0.46896517276763916 0.9215219068633421 0.48220670223236084 0.9358668677790924 0.48717227578163147 0.9612464819825306 0.492965430021286 0.9833157205900265 0.49875861406326294 0.9965572229737959 0.4788963198661804 0.9965572229737959 0.4598616361618042 0.9954537644418151
1 0.4424821138381958 0.7217955727354189 0.45324087142944336 0.7162782800755151 0.46565479040145874 0.7074505438517887 0.47062036395072937 0.7151747535756542 0.48137909173965454 0.7317266995232461 0.4921378493309021 0.7460716604389964 0.49958619475364685 0.7593131628227658 0.5012413859367371 0.7703478161104538 0.5012413859367371 0.790210069686108 0.4954482316970825 0.7924170547179497 0.4904826581478119 0.7758651087703577 0.48551708459854126 0.7626235384187082 0.4731031656265259 0.7526924795987612 0.4565512537956238 0.7471751869388572 0.44744768738746643 0.742761284843054
1 0.46979278326034546 0.6908986658720768 0.47062036395072937 0.6754502464243458 0.48055151104927063 0.6721398028605234 0.5045517683029175 0.6732432613925041 0.5219312906265259 0.6765536369884465 0.5318624377250671 0.6864848317441536 0.5451039671897888 0.6908986658720768 0.5575178861618042 0.6997263341279232 0.5608282685279846 0.7206921142034381 0.5566902756690979 0.7306232409912653 0.5459315180778503 0.7361405336511693 0.5442763566970825 0.7504854945669196 0.5508971214294434 0.7615201478546074 0.5517247319221497 0.7780720258343193 0.5417935848236084 0.7791755523341801 0.5293796062469482 0.7769685673023385 0.5144829154014587 0.7791755523341801 0.5070345401763916 0.7780720258343193 0.5078621506690979 0.7593131628227658 0.4946206212043762 0.7317266995232461 0.48634466528892517 0.7206921142034381 0.4788963198661804 0.7118643779797118 0.4739307463169098 0.7041401682558464
1 0.5012413859367371 0.8387623130611428 0.49710342288017273 0.8211069765494502 0.5028966069221497 0.8045550985697383 0.5128277540206909 0.7946239038140311 0.5285520553588867 0.790210069686108 0.5467591285705566 0.7935204452820503 0.5558626651763916 0.7913135961859689 0.5616558790206909 0.7791755523341801 0.5575178861618042 0.7593131628227658 0.5550351142883301 0.7471751869388572 0.5682766437530518 0.7405543677790924 0.5748973488807678 0.7416578263110732 0.5848284959793091 0.7548993286948427 0.5939320921897888 0.7758651087703577 0.5964148640632629 0.7968308888458727 0.5964148640632629 0.8155896838895462 0.5922768712043762 0.8332450204012388 0.582345724105835 0.8299346448052964 0.5691041946411133 0.827727727741335 0.5566902756690979 0.8387623130611428 0.5500695109367371 0.8531074099126531 0.5417935848236084 0.8674523028605234 0.5326899886131287 0.8817973317441536 0.5252416729927063 0.8740731220202882 0.515310525894165 0.8564177175407155
1 0.5475867390632629 0.9899364038140311 0.5467591285705566 0.9777984279301225 0.5575178861618042 0.9667637066745546 0.5674490332603455 0.9623498725466314 0.5724145770072937 0.9656603161104538 0.582345724105835 0.9777984279301225 0.5889664888381958 0.9921433888458727 0.5930631160736084 0.9986979393226266 0.5806905627250671 0.9986979393226266 0.5657938122749329 0.9986979393226266 0.5525522828102112 0.9986979393226266
1 0.6022080183029175 0.827727727741335 0.6046907901763916 0.8045550985697383 0.6096563935279846 0.7979342794099735 0.6220703125 0.7990377379419543 0.6394498348236084 0.8012447229737959 0.6634500622749329 0.8034515720698775 0.6808295845985413 0.7880032205900265 0.6948987245559692 0.7813824014302617 0.7114506363868713 0.7681408310786122 0.7172437906265259 0.774761650238377 0.7271749377250671 0.8034515720698775 0.7329680919647217 0.8189001274533686 0.7329680919647217 0.8354520054330804 0.7188989520072937 0.8564177175407155 0.7131057977676392 0.8829007902761344 0.7114506363868713 0.9082804044795727 0.7131057977676392 0.9182115312673997 0.7073126435279846 0.9402807019070156 0.6965538859367371 0.9546256628227658 0.6882779598236084 0.9667637066745546 0.6783468127250671 0.9833157205900265 0.6692432761192322 0.9932467794099735 0.6593121290206909 0.9877295547179497 0.6502085328102112 0.9766949014302617 0.6369670033454895 0.9546256628227658 0.6245530843734741 0.9402807019070156 0.608001172542572 0.9182115312673997 0.6030356287956238 0.8994526682558464 0.6055184006690979 0.8740731220202882 0.6038632392883301 0.8453831322209076
1 0.6013804078102112 0.991039930313892 0.612966775894165 0.9766949014302617 0.6237254738807678 0.9634533310786122 0.6328290700912476 0.9755914428982809 0.6419326066970825 0.985522569686108 0.6452429890632629 0.9965572229737959 0.6328290700912476 0.9976606135378967 0.6171047687530518 0.9965572229737959
1 0.7428992390632629 0.7703478161104538 0.7561407685279846 0.748278645470838 0.7718650698661804 0.7317266995232461 0.7892445921897888 0.7162782800755151 0.7991757392883301 0.7041401682558464 0.8091068863868713 0.700829792659904 0.8190379738807678 0.7074505438517887 0.8132448196411133 0.7350370751191885 0.8099344372749329 0.7615201478546074 0.8091068863868713 0.7880032205900265 0.8149000406265259 0.8067619476658199 0.8240035772323608 0.8189001274533686 0.8273139595985413 0.8299346448052964 0.8132448196411133 0.8343484789332196 0.7975205183029175 0.8354520054330804 0.7817962169647217 0.8310381713051573 0.7718650698661804 0.8200035180174694 0.7635891437530518 0.8012447229737959 0.7536579966545105 0.7880032205900265
1 0.8273139595985413 0.6875882902761344 0.8480038642883301 0.6853813732121729 0.8645557761192322 0.6842779826480722 0.8835904598236084 0.6853813732121729 0.8935216069221497 0.6931056509039184 0.9026251435279846 0.7030367097238656 0.9142114520072937 0.7217955727354189 0.9100735187530518 0.7383474507151309 0.9026251435279846 0.7626235384187082 0.8960043787956238 0.7813824014302617 0.8893836140632629 0.7913135961859689 0.8786248564720154 0.8045550985697383 0.8670385479927063 0.8155896838895462 0.8554521799087524 0.8255208106773734 0.8422106504440308 0.8244173521453926 0.8364174962043762 0.8177966689213878 0.8256587386131287 0.8001412644418151 0.8215208053588867 0.7802789428982809 0.8215208053588867 0.7548993286948427 0.8256587386131287 0.7361405336511693 0.826486349105835 0.7162782800755151
1 0.8190379738807678 0.11378884262390816 0.8231759667396545 0.10496115737609184 0.8331071138381958 0.1082715414680192 0.8438658714294434 0.12261652787172449 0.852141797542572 0.13585804724746398 0.8620729446411133 0.1435822654673145 0.8811076283454895 0.15461688477106242 0.8926939964294434 0.156823801835024 0.900969922542572 0.15351340924711163 0.9075906872749329 0.1557203433030432 0.9158666729927063 0.16234109449492795 0.9075906872749329 0.17447917233065666 0.9051079154014587 0.18661723317441536 0.9034527540206909 0.20096222807410566 0.8869008421897888 0.18551377464243457 0.8761420845985413 0.1722722552666951 0.8711764812469482 0.16344457001887877 0.8629005551338196 0.15461688477106242 0.8471762537956238 0.15461688477106242 0.8372451066970825 0.1601341774309664 0.8364174962043762 0.13916842284340636 0.8322795033454895 0.13144420462355583
1 0.7147610187530518 0.05751235978906032 0.7379336357116699 0.06302966094494927 0.7553131580352783 0.059719281101014404 0.7685546875 0.05199505863317137 0.7726926803588867 0.03985699354142017 0.7735202312469482 0.02771892632567272 0.7710374593734741 0.01116701967201148 0.7644166946411133 0.0022271714922048997 0.7834513783454895 0.0022271714922048997 0.7983481287956238 0.00344279667316938 0.7933825254440308 0.01889124320185264 0.7917273640632629 0.04206391060538175 0.7917273640632629 0.06302966094494927 0.7900721430778503 0.08178848572457023 0.777658224105835 0.08289195275253602 0.7611063122749329 0.08289195275253602 0.7420716285705566 0.0862023283484784 0.7313128709793091 0.08730579537644419 0.7255197167396545 0.07847810163264285 0.7222093343734741 0.07185734194477311
1 0.9150390625 0.22303141570569146 0.9274529814720154 0.20427262066201804 0.9332461357116699 0.19213454282628933 0.9448325037956238 0.18551377464243457 0.9605568051338196 0.17778954792659904 0.9696603417396545 0.17668608939461825 0.9771087169647217 0.18220339904649221 0.9845570921897888 0.19875531101014407 0.9862122535705566 0.22303141570569146 0.9820742607116699 0.24841101291715967 0.9771087169647217 0.2638594833408007 0.9696603417396545 0.2715837100566363 0.9539360404014587 0.2726871346046771 0.9431772828102112 0.2693767929926747 0.9340737462043762 0.2638594833408007 0.9257978200912476 0.2428937032652857
1 0.9349013566970825 0.3068944170639616 0.9440048933029175 0.28592867097238656 0.954763650894165 0.29917020734009603 0.9580740332603455 0.31572211930374794 0.9522808790206909 0.32454978755959424 0.9431772828102112 0.32454978755959424 0.9373841285705566 0.31792903636770947
0 0.9845570921897888 0.17668608939461825 0.9969710111618042 0.17999648198253063 0.9990234375 0.20572035349822523 0.9990234375 0.2726871346046771 0.9870398640632629 0.2693767929926747 0.9920054078102112 0.2439971787892365 0.9920054078102112 0.21641064752183672 0.9895226359367371 0.18882416723034695
1 0.9183494448661804 0.4944827413240361 0.9398669004440308 0.48675846363229053 0.9555912613868713 0.48234462950436735 0.9696603417396545 0.4757238783124826 0.9762811064720154 0.4768273368444634 0.9944882392883301 0.47903428789236496 0.9990234375 0.4797901247020288 0.9977986216545105 0.5463453602950132 0.9870398640632629 0.558483438130742 0.9696603417396545 0.5595868966627228 0.9440048933029175 0.5507591944229364 0.9257978200912476 0.5441384432310516 0.9158666729927063 0.5165519119636519
0 0.9564188122749329 0.28482521244040576 0.9746259450912476 0.2815148198524934 0.9771087169647217 0.3035840414680192 0.9804190993309021 0.3267567046235558 0.9721431136131287 0.32234287049563265 0.9671775698661804 0.31241170972386556 0.9622120261192322 0.3002736658720768
1 0.9829018712043762 0.2793079027885318 0.9990234375 0.2823786746154649 0.9990234375 0.3388947484753445 0.9990234375 0.3896539428982809 0.9990234375 0.40951623045787516 0.9928330183029175 0.38744702583431934 0.9903502464294434 0.35655011897097716 0.9853846430778503 0.3388947484753445 0.9853846430778503 0.31241170972386556 0.9837294816970825 0.29696329027613444
1 0.9257978200912476 0.35434320190701557 0.9299357533454895 0.3377913239273037 0.9431772828102112 0.3333774897993806 0.9605568051338196 0.33448091434742133 0.977936327457428 0.3422051580552269 0.9837294816970825 0.35875703603493875 0.9903502464294434 0.4028954792659904 0.9990234375 0.4207675313630986 0.9990234375 0.44372351291715967 0.9990234375 0.4691030931366579 0.9820742607116699 0.47020658565257867 0.9680051803588867 0.4691030931366579 0.9506256580352783 0.4757238783124826 0.9373841285705566 0.4746204197805018 0.9315909743309021 0.4657927515246555 0.9307633638381958 0.44593046396506125 0.9365565180778503 0.4348958446613133 0.9489704966545105 0.4282750934694286 0.9605568051338196 0.42275776682558464 0.9630395770072937 0.41172318150577675 0.9605568051338196 0.39296431849422325 0.9464876651763916 0.3797228161104538 0.9324185848236084 0.38082627464243457 0.9233149886131287 0.38082627464243457 0.9233149886131287 0.3664813137266843
1 0.8827628493309021 0.6081390720698775 0.8869008421897888 0.5772421652065354 0.8976595401763916 0.5761387746424346 0.9067631363868713 0.5783456917063962 0.9175218343734741 0.5673111063865882 0.9233149886131287 0.5595868966627228 0.9431772828102112 0.5606903551947036 0.9638671875 0.568414496950689 0.9762811064720154 0.5783456917063962 0.9845570921897888 0.600414930313892 0.9911778569221497 0.6169668082936038 0.9953157901763916 0.6412428959971812 0.9936606287956238 0.6555879248808115 0.9895226359367371 0.6710364122964226 0.9655223488807678 0.6842779826480722 0.954763650894165 0.6986228755959424 0.9423497319221497 0.7052436267878271 0.9299357533454895 0.7085540023837695 0.9109010696411133 0.6986228755959424 0.8993147611618042 0.689795207340096 0.9109010696411133 0.6875882902761344 0.9257978200912476 0.6831744561482113 0.924142599105835 0.6721398028605234 0.9142114520072937 0.6555879248808115 0.8960043787956238 0.6390359789332196 0.8902112245559692 0.6291049201132726
1 0.9183494448661804 0.7405543677790924 0.9357289671897888 0.7328300900873469 0.9555912613868713 0.7328300900873469 0.9589016437530518 0.742761284843054 0.9646947979927063 0.763726996950689 0.9489704966545105 0.7681408310786122 0.9340737462043762 0.7714512066745546 0.9166942238807678 0.7758651087703577 0.9150390625 0.7670373725466314
1 0.9605568051338196 0.7140713630115535 0.9713155627250671 0.6964159585319808 0.9837294816970825 0.6864848317441536 0.9961434006690979 0.6787606220202882 0.9990234375 0.6941206832240048 0.9990234375 0.7493821040028188 0.9990234375 0.774761650238377 0.9829018712043762 0.7571063137266842 0.9696603417396545 0.7328300900873469
1 0.8281415700912476 0.8464865907528883 0.8504866361618042 0.8365553959971812 0.8554521799087524 0.8663489122964226 0.8736593127250671 0.8862111658720768 0.9001423716545105 0.8895215414680192 0.9216598272323608 0.8718661369884465 0.9365565180778503 0.8520038834127923 0.9448325037956238 0.837658854529162 0.9489704966545105 0.8497969663488307 0.9514532685279846 0.8773834976162305 0.9580740332603455 0.9060734194477311 0.9580740332603455 0.9193149218315005 0.9423497319221497 0.9182115312673997 0.929108202457428 0.9270391995232461 0.9191770553588867 0.9369703263110732 0.9042803049087524 0.9358668677790924 0.8902112245559692 0.9413841604389964 0.8811076283454895 0.9513153551947036 0.8736593127250671 0.9336599507151309 0.8612453937530518 0.9126942386074959 0.8504866361618042 0.8972456832240048 0.8380727171897888 0.8873146244040576 0.831451952457428 0.8718661369884465
1 0.9382117390632629 0.8089689326976615 0.9506256580352783 0.8023481135378967 0.9589016437530518 0.8133828347934646 0.9555912613868713 0.8288311862733158 0.9456601142883301 0.8299346448052964
1 0.9663499593734741 0.8100723912296423 0.9936606287956238 0.8089689326976615 0.9990234375 0.8277387385378967 0.9990234375 0.9160046142034381 0.9990234375 0.9722810673023385 0.9903502464294434 0.9568326478546074 0.9746259450912476 0.9314530336511693 0.9696603417396545 0.9137976971394766 0.9605568051338196 0.8806938732121729 0.9597291946411133 0.8630384687326003 0.9589016437530518 0.8420727566249652 0.9638671875 0.8266243371772342
