1 0.07748614996671677 0.0013020833333333333 0.10103817284107208 0.0013020833333333333 0.1245901957154274 0.0013020833333333333 0.13306891918182373 0.0013020833333333333 0.1321268379688263 0.0013020833333333333 0.12270603328943253 0.0013020833333333333 0.1032363623380661 0.0013020833333333333 0.08219655603170395 0.0013020833333333333
0 0.2687285840511322 0.0827421098947525 0.28568604588508606 0.029360105593999226 0.3017013967037201 0.0013020833333333333 0.31583261489868164 0.0013020833333333333 0.3412688076496124 0.0013020833333333333 0.34409502148628235 0.0013020833333333333 0.3356163203716278 0.03280410667260488 0.3318479657173157 0.05002410709857941 0.3092380464076996 0.0586341122786204 0.30264347791671753 0.07585411270459493 0.288512259721756 0.09651811917622884 0.2781493663787842 0.10340611139933269
0 0.16698384284973145 0.05519010623296102 0.19995667040348053 0.05691210925579071 0.20466706156730652 0.09307412306467693 0.1839413046836853 0.0810201068719228
0 0.09726985543966293 0.2532201409339905 0.10574857145547867 0.2256681521733602 0.11516939103603363 0.21705814202626547 0.12364811450242996 0.24633212884267172 0.1274164468050003 0.2669961452484131 0.1321268379688263 0.2756061553955078 0.1453159600496292 0.2756061553955078 0.15944719314575195 0.27216213941574097 0.14154765009880066 0.29110413789749146 0.12930059432983398 0.31004613637924194 0.12082187086343765 0.3134901523590088 0.10857482254505157 0.3083241581916809 0.09726985543966293 0.2945481538772583 0.09538568556308746 0.27905015150705975
0 0.2065512239933014 0.04485810796419779 0.22162452340126038 0.03108210364977519 0.2376399040222168 0.03280410667260488 0.25365525484085083 0.04485810796419779 0.2677864730358124 0.05346811314423879 0.2583656907081604 0.09651811917622884 0.26684439182281494 0.12751412391662598 0.24611862003803253 0.14645612239837646 0.23104533553123474 0.16023212671279907 0.222566619515419 0.16367612282435098 0.2169141173362732 0.14473411440849304 0.20749330520629883 0.11201611161231995 0.21314579248428345 0.0913521150747935 0.20843538641929626 0.0689661055803299
0 0.3488054573535919 0.0013020833333333333 0.3431529700756073 0.0013020833333333333 0.34409502148628235 0.0013020833333333333 0.34974753856658936 0.0013020833333333333 0.371415376663208 0.0013020833333333333 0.3770678639411926 0.0013020833333333333 0.3817782700061798 0.0013020833333333333 0.3846045136451721 0.0013020833333333333 0.3846045136451721 0.0013020833333333333 0.36199459433555603 0.0013020833333333333
0 0.41851943731307983 0.0013020833333333333 0.4401873052120209 0.0013020833333333333 0.4609130620956421 0.0013020833333333333 0.47504428029060364 0.0013020833333333333 0.48258092999458313 0.0013020833333333333 0.49105966091156006 0.015584102521340052 0.4816388487815857 0.0276381050546964 0.4618551433086395 0.0121401014427344 0.4514922499656677 0.0013020833333333333 0.43641895055770874 0.0013020833333333333
0 0.48352301120758057 0.046580106019973755 0.4976542294025421 0.022472103436787922 0.5080171227455139 0.0069741010665893555 0.5221483111381531 0.0018081002247830231 0.5400478839874268 0.0013020833333333333 0.5475844740867615 0.0013020833333333333 0.5541790723800659 0.0013020833333333333 0.5758469104766846 0.0013020833333333333 0.5899781584739685 0.0013020833333333333 0.5946885347366333 0.0013020833333333333 0.5749048590660095 0.0013020833333333333 0.5598315596580505 0.024194103976090748 0.551352858543396 0.05346811314423879 0.5391057729721069 0.0844641129175822 0.5296849608421326 0.09479612112045288 0.5155537724494934 0.0982401172320048 0.5014225840568542 0.0913521150747935 0.49388587474823 0.0827421098947525
0 0.5306270718574524 0.0013020833333333333 0.5400478839874268 0.0013020833333333333 0.5532370209693909 0.0013020833333333333 0.5626577734947205 0.0013020833333333333 0.5739627480506897 0.0013020833333333333 0.5739627480506897 0.0013020833333333333 0.5560632348060608 0.0013020833333333333 0.5466424226760864 0.0013020833333333333 0.5419319868087769 0.0013020833333333333 0.536279559135437 0.0013020833333333333
0 0.5909202098846436 0.0013020833333333333 0.5843256711959839 0.0013020833333333333 0.5852677822113037 0.0013020833333333333 0.5928043723106384 0.0013020833333333333 0.6050513982772827 0.0013020833333333333 0.6210668087005615 0.0013020833333333333 0.6220088601112366 0.0013020833333333333 0.6107039451599121 0.0013020833333333333 0.6107039451599121 0.0013020833333333333 0.6116460561752319 0.0013020833333333333 0.5977973937988281 0.0013020833333333333
0 0.6210668087005615 0.0013020833333333333 0.6191826462745667 0.0013020833333333333 0.6220088601112366 0.0013020833333333333 0.6314296722412109 0.0013020833333333333 0.6389663815498352 0.0013020833333333333 0.6530975699424744 0.0013020833333333333 0.6653445959091187 0.0013020833333333333 0.6813600063323975 0.0013020833333333333 0.6888965964317322 0.0013020833333333333 0.6870124936103821 0.0013020833333333333 0.6615762710571289 0.0013020833333333333 0.6399084329605103 0.0013020833333333333
0 0.7962938547134399 0.0013020833333333333 0.8189037442207336 0.0013020833333333333 0.8424558043479919 0.0013020833333333333 0.8509345650672913 0.0013020833333333333 0.8575291037559509 0.0013020833333333333 0.8660078644752502 0.0013020833333333333 0.8726024031639099 0.0013020833333333333 0.8829652667045593 0.013862100740273794 0.8905019760131836 0.03624810775121053 0.8961544036865234 0.05691210925579071 0.8839073777198792 0.0672441025575002 0.8688340783119202 0.06035611033439636 0.8499925136566162 0.06035611033439636 0.8330349922180176 0.05519010623296102 0.8217300772666931 0.05691210925579071 0.8047725558280945 0.06552211443583171 0.8000621795654297 0.05002410709857941 0.8019463419914246 0.0276381050546964 0.8028883934020996 0.0069741010665893555 0.808540940284729 0.0013020833333333333 0.8179616928100586 0.0013020833333333333 0.812309205532074 0.0013020833333333333 0.8057146072387695 0.0013020833333333333 0.8019463419914246 0.0013020833333333333 0.7972359657287598 0.0013020833333333333
0 0.854702889919281 0.0013020833333333333 0.8678920269012451 0.0013020833333333333 0.8839073777198792 0.0013020833333333333 0.8989806771278381 0.0013020833333333333 0.9084014892578125 0.0013020833333333333 0.9121698141098022 0.0013020833333333333 0.9225326776504517 0.0013020833333333333 0.9357218146324158 0.0013020833333333333 0.9423163533210754 0.005252101148168246 0.9498530626296997 0.03452610472838084 0.9507951140403748 0.04830210407574972 0.9366639256477356 0.04830210407574972 0.9206485748291016 0.04830210407574972 0.9027489423751831 0.04485810796419779 0.8933281898498535 0.013862100740273794 0.8839073777198792 0.0013020833333333333 0.8726024031639099 0.0013020833333333333 0.8650657534599304 0.0013020833333333333 0.8603553175926208 0.0013020833333333333
0 0.9592738151550293 0.008696101605892181 0.9752892255783081 0.0013020833333333333 0.993188738822937 0.0013020833333333333 1.0 0.0013020833333333333 1.0 0.0013020833333333333 1.0 0.0013020833333333333 1.0 0.0013020833333333333 1.0 0.01902810235818227 1.0 0.03624810775121053 1.0 0.051746110121409096 1.0 0.07757611572742462 1.0 0.10857211550076802 1.0 0.13956812024116516 1.0 0.17573012908299765 1.0 0.19811612367630005 1.0 0.2239461342493693 0.9913046360015869 0.2446101506551107 0.9724629521369934 0.25838613510131836 0.9639842510223389 0.22222415606180826 0.9592738151550293 0.20328213771184286 0.9696367383003235 0.1774521271387736 0.9752892255783081 0.15162213643391928 0.9724629521369934 0.1326801379521688 0.9639842510223389 0.09479612112045288 0.9602159857749939 0.07413211464881897 0.9583317637443542 0.04485810796419779
0 0.9762313365936279 0.268718163172404 0.9884783625602722 0.2549421389897664 1.0 0.24288813273111978 1.0 0.22911212841669717 1.0 0.22050213813781738 1.0 0.20844813187917074 1.0 0.19811612367630005 1.0 0.22222415606180826 1.0 0.23600014050801596 1.0 0.24977614482243857 1.0 0.2652741273244222 1.0 0.29110413789749146 1.0 0.303158164024353 0.989420473575592 0.30488014221191406 0.9781154990196228 0.3066021203994751
0 0.5099012851715088 0.237722118695577 0.5212062001228333 0.2101701299349467 0.5391057729721069 0.20328213771184286 0.5626577734947205 0.20672613382339478 0.5918622612953186 0.21189212799072266 0.6163564324378967 0.19811612367630005 0.6370821595191956 0.1774521271387736 0.6465029716491699 0.14301212628682455 0.6549817323684692 0.12407012780507405 0.6615762710571289 0.15334412455558777 0.6483871340751648 0.196394145488739 0.642734706401825 0.22911212841669717 0.6436767578125 0.2549421389897664 0.6342559456825256 0.2652741273244222 0.6182405352592468 0.27732813358306885 0.6003410220146179 0.28249414761861164 0.5852677822113037 0.27905015150705975 0.5711365342140198 0.268718163172404 0.5457003712654114 0.26010815302530926 0.5296849608421326 0.2480541467666626
0 0.5494686365127563 0.378926157951355 0.5579473972320557 0.34276413917541504 0.5777310729026794 0.32554415861765545 0.5937464237213135 0.3083241581916809 0.6031672954559326 0.29799214998881024 0.624835193157196 0.2997141480445862 0.6342559456825256 0.3358761469523112 0.6399084329605103 0.3548181851704915 0.628603458404541 0.36342815558115643 0.6059935092926025 0.36342815558115643 0.5928043723106384 0.37203816572825116 0.5862098336219788 0.39614613850911456 0.5758469104766846 0.42197616895039874 0.56736820936203 0.4254201650619507 0.5588895082473755 0.40992220242818195
0 0.3911990821361542 0.5580141544342041 0.41098278760910034 0.5339061419169108 0.4307664632797241 0.5235741933186849 0.438303142786026 0.5304621458053589 0.4279402196407318 0.5511261622111002 0.4260560870170593 0.5735121965408325 0.42699816823005676 0.594176173210144 0.4053303003311157 0.5872882207234701 0.39779365062713623 0.5769561926523844
0 0.447723925113678 0.5442381699879965 0.4656234681606293 0.521852175394694 0.48352301120758057 0.4977441628774007 0.49388587474823 0.46847017606099445 0.5014225840568542 0.4271421829859416 0.5042487978935242 0.39786819616953534 0.524032473564148 0.39614613850911456 0.5400478839874268 0.39786819616953534 0.552294909954071 0.42197616895039874 0.5579473972320557 0.4391961892445882 0.5532370209693909 0.46502617994944256 0.5447582602500916 0.49602214495340985 0.5306270718574524 0.5287401676177979 0.5193220973014832 0.5562921762466431 0.5051908493041992 0.5804001490275065 0.4920017123222351 0.5993422269821167 0.48540714383125305 0.6131182511647543 0.4769284427165985 0.632060170173645 0.46279722452163696 0.6268942356109619 0.44489768147468567 0.6062301794687907 0.438303142786026 0.5976201693216959 0.4401873052120209 0.5769561926523844
0 0.48352301120758057 0.7302142779032389 0.5042487978935242 0.7095502217610677 0.5249745845794678 0.6940522193908691 0.5353374481201172 0.6733881632486979 0.5372216105461121 0.6458361943562826 0.5230904221534729 0.5821222066879272 0.5080171227455139 0.594176173210144 0.5033066868782043 0.6062301794687907 0.4967121481895447 0.6234501600265503 0.4901175796985626 0.6510022481282552 0.48823341727256775 0.6716662247975668 0.4863492250442505 0.6923302014668783
0 0.6549817323684692 0.09996211528778076 0.6615762710571289 0.07241011659304301 0.6794757843017578 0.06552211443583171 0.7020857334136963 0.07413211464881897 0.7181011438369751 0.0827421098947525 0.7152748703956604 0.10340611139933269 0.7397690415382385 0.11546011765797932 0.7567264437675476 0.12751412391662598 0.7633209824562073 0.14817812045415243 0.7567264437675476 0.18606213728586832 0.7548422813415527 0.20672613382339478 0.7360007166862488 0.23083412647247314 0.7256377935409546 0.24288813273111978 0.7086803913116455 0.26010815302530926 0.6954912543296814 0.27044016122817993 0.6832441687583923 0.27044016122817993 0.6709970831871033 0.26010815302530926 0.6559238433837891 0.2549421389897664 0.6530975699424744 0.23600014050801596 0.6549817323684692 0.21189212799072266 0.6634604334831238 0.1912281314531962 0.6691129803657532 0.1619541347026825 0.6681708693504333 0.13612411419550577 0.662518322467804 0.11201611161231995
0 0.6342559456825256 0.39614613850911456 0.6474450826644897 0.3858141501744588 0.6653445959091187 0.3875361680984497 0.674765408039093 0.41508813699086505 0.6794757843017578 0.4529721736907959 0.6672288179397583 0.4719141721725464 0.644618809223175 0.4770801862080892 0.6370821595191956 0.48913419246673584 0.6295455694198608 0.4977441628774007 0.628603458404541 0.4529721736907959 0.6304876208305359 0.42197616895039874
0 0.6888965964317322 0.4064781665802002 0.7096224427223206 0.4064781665802002 0.7322323322296143 0.413366158803304 0.7491897940635681 0.41853217283884686 0.7473056316375732 0.44952817757924396 0.7322323322296143 0.4753581682840983 0.7171590328216553 0.4908561706542969 0.7011436820030212 0.4856901963551839 0.6926649212837219 0.4667481581370036 0.690780758857727 0.43747417132059735
0 0.7576685547828674 0.4271421829859416 0.7746259570121765 0.4254201650619507 0.7840468287467957 0.44264018535614014 0.778394341468811 0.482246200243632 0.7831047177314758 0.516686201095581 0.7906413674354553 0.552848219871521 0.79346764087677 0.5804001490275065 0.7831047177314758 0.6045082410176595 0.7670893669128418 0.6113962332407633 0.7539002299308777 0.6027861833572388 0.7435373067855835 0.5752342542012533 0.7416531443595886 0.5373501777648926 0.7331744432449341 0.5132421652475992 0.7425952553749084 0.4856901963551839 0.7510740160942078 0.46847017606099445 0.7586106061935425 0.4460841814676921
0 0.8914440274238586 0.0810201068719228 0.9018068909645081 0.07068811357021332 0.9131118655204773 0.06035611033439636 0.9319535493850708 0.06035611033439636 0.9470268487930298 0.0672441025575002 0.9545634388923645 0.09307412306467693 0.9507951140403748 0.1171821157137553 0.9394901394844055 0.14129010836283365 0.9357218146324158 0.1653981407483419 0.9281851649284363 0.1912281314531962 0.9149960279464722 0.22050213813781738 0.9065173268318176 0.24288813273111978 0.8999227285385132 0.25666411717732746 0.8773128390312195 0.2532201409339905 0.8678920269012451 0.237722118695577 0.8650657534599304 0.22222415606180826 0.8726024031639099 0.20156011978785196 0.8876757025718689 0.1774521271387736 0.8952123522758484 0.14473411440849304 0.8970965147018433 0.11890412370363872 0.8980385661125183 0.09996211528778076
0 1.0 0.07413211464881897 1.0 0.0586341122786204 1.0 0.051746110121409096 1.0 0.06552211443583171 1.0 0.08790810902913411 1.0 0.12407012780507405 1.0 0.1653981407483419 1.0 0.18950613339742026 1.0 0.2101701299349467 1.0 0.21533612410227457 1.0 0.1877841353416443 1.0 0.15678813060124716 1.0 0.1326801379521688 1.0 0.11201611161231995
0 1.0 0.10512811938921611 1.0 0.08963010708491008 1.0 0.0913521150747935 1.0 0.10685011744499207 1.0 0.1309581200281779 1.0 0.1585101286570231 1.0 0.1877841353416443 1.0 0.21705814202626547 1.0 0.24116615454355875 1.0 0.24288813273111978 1.0 0.24633212884267172 1.0 0.2549421389897664 1.0 0.22911212841669717 1.0 0.2187801400820414 1.0 0.20328213771184286 1.0 0.17400813102722168 1.0 0.15162213643391928 1.0 0.12579211592674255
0 1.0 0.268718163172404 1.0 0.2532201409339905 1.0 0.2549421389897664 1.0 0.2652741273244222 1.0 0.27732813358306885 1.0 0.2928261359532674 1.0 0.2997141480445862
0 0.8961544036865234 0.46502617994944256 0.900864839553833 0.40820014476776123 0.9215906262397766 0.37203816572825116 0.9338377118110657 0.39442416032155353 0.9328956007957458 0.43403013547261554 0.9310113787651062 0.4667481581370036 0.9225326776504517 0.5097981691360474 0.9149960279464722 0.5373501777648926 0.9055752754211426 0.5132421652475992 0.8980385661125183 0.4925781885782878
0 0.9432584643363953 0.451250155766805 0.9545634388923645 0.44952817757924396 0.9677525758743286 0.4168101946512858 0.977173388004303 0.3995901743570964 0.989420473575592 0.3823701540629069 1.0 0.3927021821339925 1.0 0.40992220242818195 1.0 0.43058617909749347 1.0 0.4323081572850545 1.0 0.4288641611735026 1.0 0.44264018535614014 1.0 0.4788021643956502 1.0 0.4994661808013916 1.0 0.5149641831715902 1.0 0.5390721956888834 1.0 0.5580141544342041 0.993188738822937 0.5735121965408325 0.9828258752822876 0.5804001490275065 0.9696367383003235 0.5752342542012533 0.9479689002037048 0.5735121965408325 0.9376059770584106 0.5769561926523844 0.9281851649284363 0.5666241645812988 0.9234747886657715 0.5511261622111002 0.9300693273544312 0.5252962112426758 0.9357218146324158 0.4908561706542969
0 1.0 0.4288641611735026 1.0 0.41853217283884686 1.0 0.41508813699086505 1.0 0.41164414087931317 1.0 0.4064781665802002 1.0 0.39614613850911456 1.0 0.4271421829859416 1.0 0.4546941916147868 1.0 0.4701921542485555 1.0 0.4908561706542969 1.0 0.5063542127609253 1.0 0.49602214495340985 1.0 0.48396817843119305 1.0 0.4598601659138997
0 0.9837679266929626 0.594176173210144 1.0 0.5786782105763754 1.0 0.5614582300186157 1.0 0.5476822058359782 1.0 0.5390721956888834 1.0 0.5304621458053589 1.0 0.5252962112426758 1.0 0.5080761909484863 1.0 0.4788021643956502 1.0 0.4908561706542969 1.0 0.5270181894302368 1.0 0.5614582300186157 1.0 0.590732216835022 1.0 0.594176173210144 1.0 0.5890101591746012 1.0 0.6010642051696777 1.0 0.6113962332407633 1.0 0.6165622075398763 1.0 0.6148401896158854 1.0 0.6113962332407633 1.0 0.6045082410176595 1.0 0.6148401896158854 0.9978991746902466 0.6234501600265503 0.9913046360015869 0.6200062036514282
0 0.8660078644752502 0.6819981733957926 0.8905019760131836 0.6561682224273682 0.9074594378471375 0.6475581328074137 0.916880190372467 0.6819981733957926 0.9215906262397766 0.7112721602121989 0.9291272163391113 0.7336581548055013 0.9470268487930298 0.7594882647196451 0.9517372250556946 0.7887622515360514 0.9507951140403748 0.814592202504476 0.9442005157470703 0.8404222329457601 0.9263010025024414 0.8559202353159586 0.9131118655204773 0.8679742813110352 0.9018068909645081 0.9093022346496582 0.8980385661125183 0.945464293162028 0.8989806771278381 0.9730162620544434 0.8970965147018433 0.9971242745717367 0.8848494291305542 0.9936802387237549 0.8716602921485901 0.9816261927286783 0.8594132661819458 0.9781822363535563 0.8490504026412964 0.9609622160593668 0.8292666673660278 0.9213562806447347 0.8207879662513733 0.8869162400563558 0.8198459148406982 0.8610862096150717 0.8424558043479919 0.8473102251688639 0.854702889919281 0.8352562586466471 0.8631816506385803 0.8059822718302408 0.8650657534599304 0.7732642491658529 0.8631816506385803 0.737102190653483 0.8631816506385803 0.7164382139841715
0 0.9536213278770447 0.8369781970977783 0.9639842510223389 0.8335342407226562 0.9715209007263184 0.850754181543986 0.977173388004303 0.8765842119852701 0.9686946272850037 0.8851942221323649 0.9602159857749939 0.869696299235026 0.9564476013183594 0.8541982173919678
0 1.0 0.950630267461141 1.0 0.9420202573140463 1.0 0.9557962417602539 1.0 0.9557962417602539 1.0 0.9351322650909424 1.0 0.91274627049764 1.0 0.8938042322794596 1.0 0.8920822143554688 1.0 0.9196342627207438 1.0 0.9351322650909424 1.0 0.9543497562408447 1.0 0.9988462924957275 1.0 1.0 1.0 1.0 1.0 1.0 1.0 1.0 1.0 1.0 1.0 1.0 1.0 1.0 1.0 1.0 1.0 0.9850703080495199 1.0 0.9833482901255289 1.0 0.9816261927286783 1.0 0.9678502082824707
0 1.0 1.0 1.0 1.0 1.0 1.0 1.0 1.0 1.0 1.0 1.0 1.0 1.0 1.0 1.0 1.0 1.0 1.0 1.0 1.0 1.0 1.0 1.0 1.0 1.0 1.0 1.0 1.0 1.0 1.0 1.0 1.0 1.0 1.0 1.0 1.0 1.0 1.0 1.0 1.0 1.0 1.0 1.0 1.0 1.0 1.0
0 0.1349530816078186 0.7319362163543701 0.155678853392601 0.7422682444254557 0.17546255886554718 0.7543222109476725 0.19430416822433472 0.7801522413889567 0.20089873671531677 0.8214801947275797 0.20749330520629883 0.8593642711639404 0.23387157917022705 0.8920822143554688 0.25365525484085083 0.9093022346496582 0.26967063546180725 0.9282442728678385 0.27438104152679443 0.9523522059122721 0.27249690890312195 0.9747382799784342 0.2527132034301758 0.9781822363535563 0.23387157917022705 0.9661281903584799 0.2093774825334549 0.9575182596842448 0.18959377706050873 0.9523522059122721 0.17734673619270325 0.945464293162028 0.18488337099552155 0.9230782190958658 0.17263631522655487 0.9024141629536947 0.15850509703159332 0.8783062299092611 0.1500263810157776 0.8576422532399496 0.1424897313117981 0.8352562586466471 0.13118475675582886 0.8197582562764486 0.13024267554283142 0.7990942001342773 0.1321268379688263 0.7715422312418619 0.1321268379688263 0.7560442288716634
0 0.07183366268873215 0.9161902268727621 0.08408071845769882 0.9024141629536947 0.0991540178656578 0.9041362603505453 0.1142273023724556 0.9213562806447347 0.11611146479845047 0.9523522059122721 0.11234313994646072 0.9919583002726237 0.11234313994646072 1.0 0.1066906601190567 1.0 0.10480649769306183 1.0 0.09538568556308746 1.0 0.08313862979412079 1.0 0.07654407620429993 1.0 0.07089158892631531 0.9954022566477457 0.07371782511472702 0.945464293162028
0 0.12270603328943253 0.9230782190958658 0.14060556888580322 0.9437421957651774 0.1500263810157776 0.9850703080495199 0.155678853392601 1.0 0.15662094950675964 1.0 0.1453159600496292 1.0 0.1274164468050003 1.0 0.11234313994646072 1.0 0.11328522861003876 1.0 0.11799562722444534 1.0 0.11987978965044022 1.0 0.11987978965044022 0.9799042542775472 0.11987978965044022 0.9557962417602539
0 0.16415759921073914 1.0 0.18770961463451385 1.0 0.19713041186332703 1.0 0.20466706156730652 1.0 0.20372498035430908 1.0 0.19713041186332703 1.0 0.18676753342151642 1.0 0.17546255886554718 1.0 0.16604174673557281 1.0
0 0.26213401556015015 1.0 0.27438104152679443 0.9936802387237549 0.2894543409347534 1.0 0.2960489094257355 1.0 0.31112217903137207 0.9936802387237549 0.3224271833896637 0.9833482901255289 0.3327900469303131 0.9764602979024252 0.3431529700756073 0.9557962417602539 0.34974753856658936 0.94890824953715 0.3638787269592285 0.9695723056793213 0.3789520263671875 1.0 0.3638787269592285 1.0 0.35445794463157654 1.0 0.3478633761405945 1.0 0.3450371026992798 1.0 0.3375004529953003 1.0 0.3356163203716278 1.0 0.33655840158462524 1.0 0.3318479657173157 1.0 0.3177167475223541 1.0 0.3017013967037201 1.0 0.28757017850875854 1.0 0.2762652039527893 1.0 0.26496025919914246 1.0 0.2574235796928406 1.0 0.2687285840511322 1.0 0.26496025919914246 1.0
0 0.2819176912307739 0.18606213728586832 0.29039642214775085 0.15334412455558777 0.30264347791671753 0.14129010836283365 0.3120642900466919 0.12407012780507405 0.3299638330936432 0.12234811981519063 0.34221088886260986 0.1326801379521688 0.3450371026992798 0.15678813060124716 0.3412688076496124 0.1912281314531962 0.33467423915863037 0.2101701299349467 0.3224271833896637 0.22911212841669717 0.30075931549072266 0.2480541467666626 0.29039642214775085 0.27044016122817993 0.28285977244377136 0.27905015150705975 0.27720728516578674 0.26355214913686115 0.27720728516578674 0.23600014050801596 0.28474393486976624 0.21533612410227457
0 0.26967063546180725 0.0013020833333333333 0.2611919343471527 0.0013020833333333333 0.2611919343471527 0.0013020833333333333 0.27720728516578674 0.0013020833333333333 0.29510682821273804 0.0013020833333333333 0.3017013967037201 0.0013020833333333333 0.2969909906387329 0.0013020833333333333 0.29039642214775085 0.0013020833333333333 0.2819176912307739 0.0013020833333333333
0 0.3761257827281952 0.945464293162028 0.3808361887931824 0.8869162400563558 0.3940253257751465 0.8645302454630533 0.41851943731307983 0.8387002150217692 0.43924522399902344 0.8387002150217692 0.45997101068496704 0.8163142999013265 0.46750763058662415 0.8008162180582682 0.4769284427165985 0.8352562586466471 0.49388587474823 0.8628082275390625 0.5070750117301941 0.9058582782745361 0.5108433365821838 0.9351322650909424 0.5004804730415344 0.94890824953715 0.49105966091156006 0.9661281903584799 0.49294379353523254 0.9850703080495199 0.5014225840568542 1.0 0.5174379348754883 1.0 0.524032473564148 1.0 0.5221483111381531 1.0 0.5136696100234985 1.0 0.5004804730415344 1.0 0.4872913360595703 1.0 0.47504428029060364 1.0 0.46279722452163696 1.0 0.4458397924900055 1.0 0.4307664632797241 1.0 0.4147510826587677 1.0 0.402504026889801 0.9971242745717367 0.3940253257751465 0.986792246500651 0.38554659485816956 0.9678502082824707
0 0.07183366268873215 1.0 0.08502279967069626 1.0 0.10386441648006439 1.0 0.12270603328943253 1.0 0.13118475675582886 1.0 0.1396634876728058 1.0 0.14814221858978271 1.0 0.155678853392601 1.0 0.16509966552257538 1.0 0.17452047765254974 1.0 0.18299920856952667 1.0 0.18299920856952667 1.0 0.17923088371753693 1.0 0.16415759921073914 1.0 0.15379470586776733 1.0 0.14154765009880066 1.0 0.13024267554283142 1.0 0.12082187086343765 1.0 0.10951690375804901 1.0 0.10857482254505157 1.0 0.10480649769306183 1.0 0.09821192920207977 1.0 0.0784282311797142 1.0 0.07465991377830505 1.0 0.07183366268873215 1.0 0.07089158892631531 1.0 0.07062780112028122 1.0
0 0.21502995491027832 0.4202541510264079 0.22350868582725525 0.4047561486562093 0.23669782280921936 0.4202541510264079 0.24423447251319885 0.43058617909749347 0.25459736585617065 0.4409181276957194 0.2611919343471527 0.4581381479899089 0.2508290410041809 0.4770801862080892 0.24329237639904022 0.49602214495340985 0.23669782280921936 0.5270181894302368 0.22821909189224243 0.5373501777648926 0.22350868582725525 0.5029102166493734 0.22350868582725525 0.46847017606099445 0.2197403609752655 0.451250155766805
0 0.22539284825325012 0.6751101811726888 0.23669782280921936 0.6785542170206705 0.24423447251319885 0.6940522193908691 0.25177112221717834 0.7164382139841715 0.2574235796928406 0.7405462265014648 0.26967063546180725 0.7612102031707764 0.2762652039527893 0.793928305308024 0.28003352880477905 0.842144250869751 0.2819176912307739 0.8903601964314779 0.2819176912307739 0.9213562806447347 0.2715548276901245 0.9144682089487711 0.25648149847984314 0.8903601964314779 0.2404661476612091 0.869696299235026 0.22539284825325012 0.8490322430928549 0.21597205102443695 0.8249242305755615 0.21031954884529114 0.7835961977640787 0.20749330520629883 0.7491561571756998 0.21126163005828857 0.7181602319081625 0.222566619515419 0.6923302014668783
0 0.5457003712654114 0.8938042322794596 0.5494686365127563 0.8783062299092611 0.5617157220840454 0.869696299235026 0.5833836197853088 0.874862273534139 0.5937464237213135 0.8783062299092611 0.6041093468666077 0.8869162400563558 0.6144722700119019 0.9024141629536947 0.6201246976852417 0.9179122447967529 0.6229509711265564 0.94890824953715 0.6191826462745667 0.9678502082824707 0.6154143214225769 0.986792246500651 0.5899781584739685 0.9695723056793213 0.5786731243133545 0.9575182596842448 0.5654840469360352 0.9385762214660645 0.5541790723800659 0.9161902268727621
2 0.546875 0.7870132923126221 0.5573850870132446 0.7754867076873779 0.5636911392211914 0.7831710974375407 0.5643917918205261 0.7998207410176595 0.5601877570152283 0.8075051307678223 0.5552830696105957 0.8062244256337484
2 0.5699194669723511 0.8368589878082275 0.5741800665855408 0.8329650561014811 0.5776418447494507 0.8344252904256185 0.5749789476394653 0.8436733881632487 0.5712509155273438 0.8461070855458578
2 0.44936975836753845 1.0 0.45290470123291016 1.0 0.45542967319488525 1.0 0.45189473032951355 1.0
0 0.5344609022140503 1.0 0.554932713508606 1.0 0.570530354976654 1.0 0.5832033753395081 1.0 0.5900272727012634 0.991179625193278 0.6085494756698608 1.0 0.6221973299980164 1.0 0.6358451843261719 1.0 0.6397445797920227 1.0 0.6290212869644165 1.0 0.6163482069969177 1.0 0.6056249141693115 1.0 0.6017254590988159 1.0 0.5919769406318665 1.0 0.5685806274414062 1.0 0.5539578795433044 1.0 0.5442094206809998 1.0 0.5364106297492981 1.0 0.529586672782898 1.0
0 0.6163482069969177 0.8771382967631022 0.629996120929718 0.8575374285380045 0.642669141292572 0.8628830909729004 0.6504679322242737 0.889611562093099 0.6553422212600708 0.932377020517985 0.6631409525871277 0.9591054916381836 0.6797133684158325 0.992961565653483 0.6884870529174805 1.0 0.680688202381134 1.0 0.6670403480529785 1.0 0.6611912250518799 0.991179625193278 0.6494930982589722 0.9662330945332845 0.6377948522567749 0.9591054916381836 0.6329206824302673 0.941286563873291 0.6280463933944702 0.919903834660848 0.6241469979286194 0.902084747950236
0 0.6241469979286194 0.9965252876281738 0.6309709548950195 0.9751425584157308 0.6455937027931213 0.9769244988759359 0.6553422212600708 0.992961565653483 0.6582666635513306 1.0 0.653392493724823 1.0 0.642669141292572 1.0 0.6348702907562256 1.0
0 0.6621661186218262 1.0 0.6728894710540771 1.0 0.6816630959510803 1.0 0.6933612823486328 1.0 0.6992104053497314 1.0 0.7011600136756897 1.0 0.6992104053497314 1.0 0.6923864483833313 1.0 0.6826379299163818 1.0 0.6709397435188293 1.0 0.6621661186218262 1.0
1 0.7196822166442871 0.67934783299764 0.7216319441795349 0.722113291422526 0.7206570506095886 0.7559693654378256 0.7352797985076904 0.7755702336629232 0.7450283169746399 0.7951711018880209 0.750877320766449 0.8254632949829102 0.7664749622344971 0.8468460241953532 0.7830473780632019 0.8521917661031088 0.7996197938919067 0.8539736270904541 0.8083934783935547 0.8575374285380045 0.823991060256958 0.8415003617604574 0.8376389145851135 0.829027016957601 0.849337100982666 0.8147719701131185 0.8532364964485168 0.7933891614278158 0.8542113900184631 0.7470599015553793 0.8503119349479675 0.6829116344451904 0.8425131440162659 0.6579650640487671 0.8152173757553101 0.6544013023376465 0.7966952323913574 0.6330185731252035 0.7869467735290527 0.6276728312174479 0.7674498558044434 0.6258909702301025 0.7499024868011475 0.6294547319412231 0.7372294664382935 0.6526194413503011
2 0.6494930982589722 0.3051496744155884 0.653392493724823 0.2891126275062561 0.6641157865524292 0.2926763892173767 0.6650906801223755 0.31227727731068927 0.6582666635513306 0.31940484046936035
2 1.0 0.7837611039479574 1.0 0.7783861955006918 1.0 0.7877922852834066 1.0 0.792495330174764 1.0 0.7931671937306722
2 0.3634050786495209 1.0 0.3715926706790924 1.0 0.37600138783454895 1.0 0.3697032034397125 1.0 0.3634050786495209 1.0
0 1.0 0.703434149424235 1.0 0.6910684108734131 1.0 0.6840022404988607 1.0 0.6840022404988607 1.0 0.7263991038004557 1.0 0.7687959671020508 1.0 0.8076597054799398 1.0 0.8270915349324545 1.0 0.8394573529561361 1.0 0.8200254440307617 1.0 0.8041265805562338 1.0 0.8041265805562338 1.0 0.7864611943562826 1.0 0.7564302285512289 1.0 0.7299321492513021
0 0.3430880010128021 0.08161390821139018 0.36821556091308594 0.08338044087092082 0.3865779936313629 0.08161390821139018 0.38561156392097473 0.10104578733444214 0.3875444829463959 0.12401074171066284 0.3875444829463959 0.1452091634273529 0.38367870450019836 0.17170719305674234 0.3865779936313629 0.19820519288380942 0.38561156392097473 0.21587053934733072 0.3749806582927704 0.22117014726003012 0.3585510849952698 0.21057095130284628 0.34695374965667725 0.20527134339014688 0.3479202091693878 0.18230636914571127 0.3527524471282959 0.15404184659322104 0.3488866686820984 0.13637648026148477 0.33825576305389404 0.11871113379796346 0.3353564441204071 0.10281231999397278
0 0.2425776869058609 1.0 0.24547703564167023 1.0 0.25224214792251587 1.0 0.2667388319969177 1.0 0.29186639189720154 1.0 0.306363046169281 1.0 0.30732953548431396 1.0 0.31216174364089966 1.0 0.30732953548431396 1.0 0.2889670431613922 1.0 0.2764032781124115 1.0 0.2551414966583252 1.0
0 0.12177207320928574 1.0 0.15656408667564392 1.0 0.1913561075925827 1.0 0.2039198875427246 1.0 0.19715479016304016 1.0 0.18555743992328644 1.0 0.1778258979320526 1.0 0.16526208817958832 1.0 0.15559765696525574 1.0 0.1449667513370514 1.0 0.136268749833107 1.0 0.12950363755226135 1.0
0 0.38367870450019836 1.0 0.3962424695491791 1.0 0.41363847255706787 1.0 0.42620226740837097 1.0 0.4406989514827728 1.0 0.4503633975982666 1.0 0.46196073293685913 1.0 0.4754909574985504 1.0 0.4793567359447479 1.0 0.47065871953964233 1.0 0.45326271653175354 1.0 0.4455311596393585 1.0 0.4387660324573517 1.0 0.43200090527534485 1.0 0.4155713617801666 1.0 0.40590691566467285 1.0 0.3952760100364685 1.0
0 0.40977269411087036 1.0 0.4175042510032654 1.0 0.42620226740837097 1.0 0.4368331730365753 1.0 0.441665381193161 1.0 0.4426318109035492 1.0 0.43586668372154236 1.0 0.42716869711875916 1.0 0.4204035997390747 1.0 0.41363847255706787 1.0
0 0.5354105234146118 1.0 0.5460414290428162 1.0 0.5537729859352112 1.0 0.5692360997200012 1.0 0.5914643406867981 1.0 0.6069275140762329 1.0 0.6233570575714111 1.0 0.6320550441741943 1.0 0.6359208226203918 1.0 0.630122184753418 1.0 0.6175583600997925 1.0 0.6059610247612 1.0 0.5895314812660217 1.0 0.5769676566123962 1.0 0.5663368105888367 1.0 0.5653703212738037 1.0 0.568269670009613 1.0 0.5566723346710205 1.0 0.5383098721504211 1.0 0.5247796773910522 1.0 0.5363770127296448 1.0 0.5392763018608093 1.0 0.5402427911758423 1.0 0.5402427911758423 1.0
0 0.6465517282485962 1.0 0.6330214738845825 1.0 0.6233570575714111 1.0 0.6165919303894043 1.0 0.6107932329177856 1.0 0.6059610247612 1.0 0.6069275140762329 1.0 0.6165919303894043 1.0 0.6330214738845825 1.0 0.644618809223175 1.0 0.6494510769844055 1.0 0.6494510769844055 1.0 0.6533167958259583 1.0 0.6513839364051819 1.0
0 0.7171021699905396 1.0 0.7344982624053955 1.0 0.7538271546363831 1.0 0.7712231278419495 1.0 0.7886191606521606 1.0 0.7992500066757202 1.0 0.8098809719085693 1.0 0.8156795501708984 1.0 0.8031158447265625 1.0 0.783786952495575 1.0 0.7634915709495544 1.0 0.7431962490081787 1.0 0.7200015783309937 1.0 0.6968068480491638 1.0 0.669746458530426 1.0 0.6571826338768005 1.0 0.6417195200920105 1.0 0.6388201713562012 1.0 0.6397866010665894 1.0 0.6484846472740173 1.0 0.6581490635871887 1.0 0.6649141907691956 1.0 0.6639477610588074 1.0 0.6861760020256042 1.0 0.6977733373641968 1.0 0.7055048942565918 1.0 0.7084041833877563 1.0
0 0.7344982624053955 1.0 0.7489948868751526 1.0 0.7605922818183899 1.0 0.7721895575523376 1.0 0.7799211144447327 1.0 0.7992500066757202 1.0 0.8050487041473389 1.0 0.8147131204605103 1.0 0.8011829257011414 1.0 0.7779882550239563 1.0 0.766390860080719 1.0 0.7557600140571594 1.0 0.750927746295929 1.0 0.7451291084289551 1.0 0.7393304705619812 1.0
0 0.8253440856933594 1.0 0.8514381051063538 1.0 0.8630353808403015 1.0 0.8669012188911438 1.0 0.860136091709137 1.0 0.843706488609314 1.0 0.8330756425857544 1.0 0.8263105154037476 1.0 0.8224446773529053 1.0
0 0.8398407101631165 1.0 0.8417736291885376 1.0 0.8504716157913208 1.0 0.8611025214195251 1.0 0.8688340783119202 1.0 0.8784984946250916 1.0 0.8871965408325195 1.0 0.9016932249069214 1.0 0.9065254330635071 1.0 0.8949280977249146 1.0 0.8794649839401245 1.0 0.8630353808403015 1.0 0.8524045348167419 1.0 0.8446729779243469 1.0
0 0.5634374618530273 0.4932164748509725 0.5789005756378174 0.5214810371398926 0.6001623868942261 0.5532786846160889 0.6146590709686279 0.5815432071685791 0.6233570575714111 0.6274731953938802 0.6397866010665894 0.648671547571818 0.6562162041664124 0.6645703315734863 0.6726457476615906 0.6910684108734131 0.6842430830001831 0.7263991038004557 0.6939074993133545 0.7546636263529459 0.7006726264953613 0.7740954558054606 0.7016390562057495 0.7935274442036947 0.690041720867157 0.8182589213053385 0.677478015422821 0.8341577053070068 0.6668470501899719 0.8447569211324056 0.6581490635871887 0.8341577053070068 0.6504175066947937 0.7864611943562826 0.645585298538208 0.7405313650767008 0.6243234872817993 0.7140333652496338 0.6117596626281738 0.6840022404988607 0.5982294678688049 0.6663369337717692 0.5740683674812317 0.6433719396591187 0.5663368105888367 0.620406985282898 0.5557059049606323 0.6027416388193766 0.5344440937042236 0.5868428548177084 0.5296118855476379 0.5638779401779175 0.537343442440033 0.5338467756907145 0.5479742884635925 0.5055822531382242 0.5518401265144348 0.4949830373128255
0 0.9693443179130554 1.0 0.9809417128562927 1.0 0.9915726184844971 1.0 0.9983376860618591 1.0 1.0 1.0 1.0 1.0 1.0 1.0 1.0 1.0 1.0 1.0 1.0 1.0 1.0 1.0 1.0 1.0 1.0 1.0 1.0 1.0 1.0 1.0 1.0 1.0 1.0 1.0 1.0 1.0 1.0 1.0 1.0 1.0 0.9896396994590759 1.0 0.9809417128562927 1.0 0.9790088534355164 1.0 0.9770758748054504 1.0 0.9761094450950623 1.0 0.9732101559638977 1.0 0.9722437262535095 1.0
0 0.9239214658737183 1.0 0.9171563386917114 1.0 0.9248878955841064 1.0 0.936485230922699 1.0 0.9567806124687195 1.0 0.9703107476234436 1.0 0.9819081425666809 1.0 0.9886732697486877 1.0 0.9935054779052734 1.0
0 1.0 0.9984454313913981 1.0 1.0 1.0 1.0 1.0 1.0 1.0 1.0 1.0 1.0 1.0 1.0 1.0 1.0 1.0 1.0
1 0.0724833756685257 0.0013020833333333333 0.08601360768079758 0.0013020833333333333 0.09277871996164322 0.0013020833333333333 0.08408071845769882 0.0013020833333333333 0.07828204333782196 0.0013020833333333333 0.07151693105697632 0.0013020833333333333 0.07062780112028122 0.0013020833333333333 0.07062780112028122 0.0013020833333333333 0.07062780112028122 0.0013020833333333333
1 0.13916808366775513 0.0013020833333333333 0.15366476774215698 0.0013020833333333333 0.16719497740268707 0.0013020833333333333 0.17975878715515137 0.0013020833333333333 0.1826581060886383 0.0013020833333333333 0.17975878715515137 0.0013020833333333333 0.1575305461883545 0.0013020833333333333 0.14593319594860077 0.0013020833333333333 0.13820163905620575 0.0013020833333333333 0.13820163905620575 0.0013020833333333333
1 0.10244317352771759 0.0013020833333333333 0.12273851782083511 0.0013020833333333333 0.13723519444465637 0.0013020833333333333 0.13723519444465637 0.0013020833333333333 0.13916808366775513 0.01978519062201182 0.11693985015153885 0.01801865299542745 0.10340961813926697 0.014485585192839304 0.0937451645731926 0.0013020833333333333 0.09084583818912506 0.0013020833333333333 0.09567805379629135 0.0013020833333333333
1 0.14786608517169952 0.0013020833333333333 0.17106077075004578 0.0013020833333333333 0.1874903291463852 0.0013020833333333333 0.19715479016304016 0.0013020833333333333 0.21551723778247833 0.0013020833333333333 0.22228236496448517 0.009185981005430222 0.20681923627853394 0.025084796051184338 0.1952218860387802 0.040983607371648155 0.1739601045846939 0.042750140031178795 0.15559765696525574 0.03745053708553314 0.1488325297832489 0.023318258424599964 0.14593319594860077 0.0013020833333333333 0.14593319594860077 0.0013020833333333333
1 0.07151693105697632 0.0013020833333333333 0.08311427384614944 0.0013020833333333333 0.0937451645731926 0.02155172328154246 0.08987939357757568 0.049816280603408813 0.07731559872627258 0.09044658144315083 0.07062780112028122 0.08695389827092488 0.07151693105697632 0.0462832103172938 0.07062780112028122 0.03490672508875529 0.07062780112028122 0.0013020833333333333
1 0.0724833756685257 0.10811192790667216 0.07828204333782196 0.1116450031598409 0.08987939357757568 0.14344261089960733 0.10051028430461884 0.16817410786946616 0.09567805379629135 0.19290560483932495 0.09084583818912506 0.22117014726003012 0.08794649690389633 0.2635670105616252 0.09181228280067444 0.32539570331573486 0.09954383969306946 0.34836065769195557 0.09181228280067444 0.36072643597920734 0.08311427384614944 0.36602600415547687 0.07151693105697632 0.3324618339538574 0.07062780112028122 0.27395421266555786 0.07062780112028122 0.20880440870920816 0.07062780112028122 0.16817410786946616
1 0.10340961813926697 0.0356840044260025 0.12563784420490265 0.0356840044260025 0.13916808366775513 0.044516672690709434 0.15463119745254517 0.062182024121284485 0.17299365997314453 0.08161390821139018 0.19038967788219452 0.0992792546749115 0.20295345783233643 0.12577727437019348 0.20681923627853394 0.15227530399958292 0.18652388453483582 0.1558083693186442 0.16236276924610138 0.15757491191228232 0.14979898929595947 0.15934143463770548 0.12273851782083511 0.1611079772313436 0.1101747378706932 0.16287449995676676 0.09954383969306946 0.13990954558054605 0.09181228280067444 0.11694460113843282 0.08698005229234695 0.09751272201538086 0.09181228280067444 0.07101470232009888 0.0976109430193901 0.05158281326293945
1 0.19328899681568146 0.0013020833333333333 0.2039198875427246 0.0013020833333333333 0.22614812850952148 0.0013020833333333333 0.230013906955719 0.0013020833333333333 0.23291325569152832 0.0013020833333333333 0.2377454787492752 0.0013020833333333333 0.24161125719547272 0.0013020833333333333 0.23484614491462708 0.0013020833333333333 0.22614812850952148 0.0013020833333333333 0.21455079317092896 0.0013020833333333333 0.20488634705543518 0.0013020833333333333 0.1952218860387802 0.0013020833333333333 0.18942321836948395 0.0013020833333333333 0.18942321836948395 0.0013020833333333333
1 0.23677903413772583 0.0013020833333333333 0.24064481258392334 0.0013020833333333333 0.2425776869058609 0.0013020833333333333 0.24547703564167023 0.0013020833333333333 0.25224214792251587 0.0013020833333333333 0.2561079263687134 0.0013020833333333333 0.2667388319969177 0.0013020833333333333 0.280269056558609 0.0038863765075802803 0.28316840529441833 0.0013020833333333333 0.2928328514099121 0.0013020833333333333 0.30732953548431396 0.0013020833333333333 0.322792649269104 0.0013020833333333333 0.33438995480537415 0.0013020833333333333 0.33342352509498596 0.0013020833333333333 0.32859131693840027 0.0013020833333333333 0.315061092376709 0.0013020833333333333 0.3053966164588928 0.0013020833333333333 0.2986315190792084 0.0013020833333333333 0.28220194578170776 0.0013020833333333333 0.2677052617073059 0.0013020833333333333 0.25804081559181213 0.0013020833333333333 0.2512756884098053 0.0013020833333333333 0.2541750371456146 0.0013020833333333333
1 0.3015308380126953 0.0013020833333333333 0.30732953548431396 0.0013020833333333333 0.31602752208709717 0.0013020833333333333 0.322792649269104 0.0013020833333333333 0.3324570953845978 0.0013020833333333333 0.3353564441204071 0.0013020833333333333 0.33825576305389404 0.0013020833333333333 0.32859131693840027 0.0013020833333333333 0.31216174364089966 0.0013020833333333333
1 0.39237669110298157 0.0013020833333333333 0.39237669110298157 0.0013020833333333333 0.39334312081336975 0.0013020833333333333 0.40107467770576477 0.0013020833333333333 0.41073912382125854 0.0013020833333333333 0.4300680458545685 0.0013020833333333333 0.4377996027469635 0.0013020833333333333 0.4561620354652405 0.0013020833333333333 0.46969228982925415 0.0013020833333333333 0.4754909574985504 0.0013020833333333333 0.47355806827545166 0.0013020833333333333 0.46969228982925415 0.0013020833333333333 0.46196073293685913 0.0013020833333333333 0.45229625701904297 0.0013020833333333333 0.433933824300766 0.0013020833333333333 0.41943714022636414 0.0013020833333333333 0.4039739966392517 0.0013020833333333333
1 0.46969228982925415 0.0013020833333333333 0.48322251439094543 0.0013020833333333333 0.48805472254753113 0.0013020833333333333 0.4928869605064392 0.0013020833333333333 0.5141487717628479 0.0013020833333333333 0.5296118855476379 0.0013020833333333333 0.5334776639938354 0.0013020833333333333 0.5305783152580261 0.0013020833333333333 0.5238132476806641 0.0013020833333333333 0.5170481204986572 0.0013020833333333333 0.4986856281757355 0.0013020833333333333
1 0.4793567359447479 0.0013020833333333333 0.4928869605064392 0.0013020833333333333 0.5102829933166504 0.0013020833333333333 0.5257461071014404 0.0013020833333333333 0.5383098721504211 0.0013020833333333333 0.5402427911758423 0.0013020833333333333 0.5296118855476379 0.0013020833333333333 0.5238132476806641 0.0013020833333333333 0.5170481204986572 0.0013020833333333333 0.5064172148704529 0.0013020833333333333 0.4986856281757355 0.0013020833333333333 0.48998764157295227 0.0013020833333333333 0.4851553738117218 0.0013020833333333333
1 0.3517859876155853 0.0013020833333333333 0.35951757431030273 0.0013020833333333333 0.37594711780548096 0.0013020833333333333 0.3943095803260803 0.0013020833333333333 0.40590691566467285 0.0013020833333333333 0.40977269411087036 0.0013020833333333333 0.40977269411087036 0.0013020833333333333 0.40590691566467285 0.007419445862372716 0.39817535877227783 0.0356840044260025 0.391410231590271 0.060415491461753845 0.37594711780548096 0.06571509440739949 0.3614504337310791 0.06571509440739949 0.341155081987381 0.06571509440739949 0.3401886522769928 0.03745053708553314 0.3450208604335785 0.012719051291545233 0.3479202091693878 0.0013020833333333333 0.3498530983924866 0.0013020833333333333
1 0.4213700294494629 0.0013020833333333333 0.4165378212928772 0.016252119094133377 0.4088062644004822 0.05158281326293945 0.399141788482666 0.07808083295822144 0.4001082479953766 0.09397964676221211 0.4126720428466797 0.12931033968925476 0.41943714022636414 0.1558083693186442 0.42330291867256165 0.17347371578216553 0.43586668372154236 0.1770067811012268 0.4580949544906616 0.18230636914571127 0.4677594006061554 0.18230636914571127 0.47839030623435974 0.18230636914571127 0.49481984972953796 0.18937251965204874 0.5025513768196106 0.18407291173934937 0.5035178661346436 0.15404184659322104 0.5025513768196106 0.13460993766784668 0.4986856281757355 0.11517806847890218 0.48805472254753113 0.09044658144315083 0.4812896251678467 0.07278123497962952 0.4764573872089386 0.05688242117563883 0.4716251790523529 0.042750140031178795 0.46196073293685913 0.032150931656360626 0.44843047857284546 0.014485585192839304 0.4329673945903778 0.0013020833333333333
1 0.29476574063301086 0.29359809557596844 0.30443018674850464 0.26180046796798706 0.3179604113101959 0.247668186823527 0.33052417635917664 0.23176936308542886 0.3450208604335785 0.22117014726003012 0.3653162121772766 0.23530240853627524 0.3778800070285797 0.24236857891082764 0.3827122151851654 0.28299887975056964 0.38561156392097473 0.314796507358551 0.37208133935928345 0.3324618339538574 0.3537188768386841 0.35189374287923175 0.33728930354118347 0.37132561206817627 0.322792649269104 0.37839174270629883 0.3111953139305115 0.36072643597920734 0.3015308380126953 0.3324618339538574
1 0.0724833756685257 0.3942905267079671 0.08601360768079758 0.380158265431722 0.08794649690389633 0.42078860600789386 0.09664449840784073 0.4596523443857829 0.08408071845769882 0.4684850374857585 0.0724833756685257 0.4631854295730591 0.07344982028007507 0.434920867284139
1 0.09277871996164322 0.38369135061899823 0.10340961813926697 0.37132561206817627 0.11693985015153885 0.3942905267079671 0.1401345282793045 0.41902204354604083 0.14786608517169952 0.43845391273498535 0.13916808366775513 0.4490531285603841 0.11983918398618698 0.4419869581858317 0.1063089519739151 0.44728660583496094 0.09954383969306946 0.4402204751968384 0.09567805379629135 0.42078860600789386
1 0.07344982028007507 0.4808507760365804 0.0937451645731926 0.4808507760365804 0.10534250736236572 0.5055822531382242 0.12370496243238449 0.5621112982432047 0.13433586061000824 0.6133408546447754 0.1401345282793045 0.6575042009353638 0.13723519444465637 0.6946014563242594 0.12080562859773636 0.7263991038004557 0.1188727393746376 0.7811617056528727 0.1188727393746376 0.8076597054799398 0.10244317352771759 0.8182589213053385 0.08408071845769882 0.8200254440307617 0.07062780112028122 0.8036320209503174 0.07062780112028122 0.7175664107004801 0.07062780112028122 0.5921424627304077 0.07062780112028122 0.5232475996017456
1 0.10534250736236572 0.4720180829366048 0.12563784420490265 0.46141886711120605 0.1488325297832489 0.46141886711120605 0.161396324634552 0.4508196512858073 0.18555743992328644 0.4578858216603597 0.20488634705543518 0.47025156021118164 0.21841658651828766 0.5126484235127767 0.2251816987991333 0.5727105935414633 0.22614812850952148 0.620406985282898 0.21455079317092896 0.6433719396591187 0.19425545632839203 0.648671547571818 0.17299365997314453 0.6504380702972412 0.1488325297832489 0.6398389339447021 0.14110097289085388 0.622173547744751 0.13530230522155762 0.5850763320922852 0.12660430371761322 0.5373799006144205 0.1188727393746376 0.5126484235127767 0.11307406425476074 0.4949830373128255
1 0.12563784420490265 0.17347371578216553 0.16719497740268707 0.1752402385075887 0.19618834555149078 0.16817410786946616 0.20971857011318207 0.1787733236948649 0.2174501270055771 0.2017382780710856 0.2290474772453308 0.21410401662190756 0.24837636947631836 0.25120123227437335 0.25804081559181213 0.28476540247599286 0.2590072751045227 0.3094969193140666 0.24451060593128204 0.34659409523010254 0.23194679617881775 0.3677925268809001 0.21841658651828766 0.38545791308085126 0.20585280656814575 0.41018935044606525 0.20681923627853394 0.4419869581858317 0.19328899681568146 0.4402204751968384 0.1749265491962433 0.42962125937143963 0.16236276924610138 0.4172555208206177 0.13336941599845886 0.3907574812571208 0.1188727393746376 0.37309213479359943 0.10727539658546448 0.34836065769195557 0.11114118248224258 0.33069531122843426 0.136268749833107 0.31656304995218915 0.15173187851905823 0.30596381425857544 0.16332919895648956 0.2865319649378459 0.1662285476922989 0.26533353328704834 0.15656408667564392 0.2582673629124959 0.1449667513370514 0.25120123227437335 0.13916808366775513 0.2494347095489502 0.13240297138690948 0.23353588581085205 0.12273851782083511 0.21410401662190756 0.1150069534778595 0.2017382780710856 0.1063089519739151 0.19113906224568686 0.11307406425476074 0.1787733236948649
1 0.23677903413772583 0.3907574812571208 0.2464434802532196 0.39782361189524335 0.2561079263687134 0.4031232198079427 0.2686717212200165 0.3942905267079671 0.29089996218681335 0.38722439606984455 0.30346375703811646 0.37485869725545246 0.28800061345100403 0.33776148160298664 0.28703418374061584 0.300664226214091 0.27930259704589844 0.2882984479268392 0.2686717212200165 0.2547343174616496 0.2599737048149109 0.23353588581085205 0.2464434802532196 0.21057095130284628 0.24064481258392334 0.22117014726003012 0.25320860743522644 0.24590164422988892 0.26190662384033203 0.2723996639251709 0.26577240228652954 0.2988976836204529 0.2638395130634308 0.3236291805903117 0.2590072751045227 0.33776148160298664 0.2503092586994171 0.35719335079193115 0.2425776869058609 0.37485869725545246
1 0.26190662384033203 0.4225551287333171 0.2841348350048065 0.41018935044606525 0.3015308380126953 0.3995901743570964 0.3140946328639984 0.39605708916982013 0.322792649269104 0.43845391273498535 0.32859131693840027 0.4861503442128499 0.32955774664878845 0.5179479916890463 0.33728930354118347 0.5391464233398438 0.3517859876155853 0.5568118095397949 0.3430880010128021 0.5850763320922852 0.3314906656742096 0.6239400704701742 0.32182618975639343 0.6363058090209961 0.3015308380126953 0.6380723714828491 0.2841348350048065 0.6363058090209961 0.2638395130634308 0.6257065931955973 0.24740992486476898 0.6239400704701742 0.23581258952617645 0.6168739000956217 0.23194679617881775 0.5727105935414633 0.23194679617881775 0.5532786846160889 0.24740992486476898 0.5285471677780151 0.2561079263687134 0.5002826452255249 0.2638395130634308 0.4808507760365804 0.26963815093040466 0.4578858216603597
1 0.14979898929595947 0.6557377179463705 0.16816143691539764 0.6663369337717692 0.18169167637825012 0.6663369337717692 0.21068501472473145 0.6592708428700765 0.21551723778247833 0.6681034564971924 0.2126179039478302 0.6893018086751302 0.20585280656814575 0.7069671948750814 0.20295345783233643 0.7316986719767252 0.2000541239976883 0.7493640581766764 0.19038967788219452 0.7475975354512533 0.17106077075004578 0.7334652741750082 0.15946343541145325 0.7263991038004557 0.1449667513370514 0.715799887975057 0.14689964056015015 0.6981345812479655 0.14689964056015015 0.6787026723225912
1 0.22324879467487335 0.6575042009353638 0.23194679617881775 0.6363058090209961 0.24740992486476898 0.6398389339447021 0.2686717212200165 0.6504380702972412 0.2764032781124115 0.6575042009353638 0.2628730535507202 0.6769360701243082 0.24451060593128204 0.6663369337717692
1 0.26094016432762146 0.6981345812479655 0.2764032781124115 0.6787026723225912 0.2899335026741028 0.6575042009353638 0.30926239490509033 0.6522046327590942 0.32859131693840027 0.6663369337717692 0.3363228738307953 0.6981345812479655 0.3479202091693878 0.7263991038004557 0.3662826716899872 0.7511305809020996 0.37304776906967163 0.7846947511037191 0.3662826716899872 0.8041265805562338 0.3556517958641052 0.8270915349324545 0.34598731994628906 0.8447569211324056 0.3353564441204071 0.8624222278594971 0.3179604113101959 0.8818541367848715 0.30732953548431396 0.8853872617085775 0.29476574063301086 0.8836207389831543 0.28703418374061584 0.8535896142323812 0.2841348350048065 0.7935274442036947 0.2764032781124115 0.761729876200358 0.2667388319969177 0.7352317174275717 0.26190662384033203 0.7210995356241862
1 0.2860677242279053 0.9507489999135336 0.2899335026741028 0.9260175228118896 0.29959797859191895 0.9083521366119385 0.31312817335128784 0.8995195229848226 0.3324570953845978 0.8818541367848715 0.3479202091693878 0.8624222278594971 0.3653162121772766 0.8200254440307617 0.3817457854747772 0.7846947511037191 0.3865779936313629 0.7740954558054606 0.4126720428466797 0.7687959671020508 0.4349002540111542 0.7670293649037679 0.4513298273086548 0.7723290125528971 0.4551956057548523 0.7882278760274252 0.4561620354652405 0.8076597054799398 0.4387660324573517 0.8200254440307617 0.4165378212928772 0.8217919667561849 0.40204113721847534 0.8341577053070068 0.3875444829463959 0.8606557051340739 0.37208133935928345 0.8871537844340006 0.3711148798465729 0.9525155226389567 0.3575846552848816 0.9489824771881104 0.341155081987381 0.9436828295389811 0.3276248872280121 0.9560486475626627 0.3189268708229065 0.9684143861134847 0.30443018674850464 0.9754804770151774 0.29476574063301086 0.9825466473897299 0.28703418374061584 0.9807801246643066
1 0.0724833756685257 0.8217919667561849 0.08794649690389633 0.8323911825815836 0.1101747378706932 0.8323911825815836 0.12273851782083511 0.8323911825815836 0.13530230522155762 0.848289966583252 0.14979898929595947 0.8765545686086019 0.1662285476922989 0.9065856138865153 0.1739601045846939 0.9242510000864664 0.1749265491962433 0.9401497840881348 0.16912788152694702 0.9595816930135092 0.15849697589874268 0.9666478633880615 0.15076541900634766 0.9436828295389811 0.1401345282793045 0.9207178751627604 0.12370496243238449 0.9083521366119385 0.11114118248224258 0.8959863980611166 0.09084583818912506 0.8836207389831543 0.07538270950317383 0.8924533526102701 0.07062780112028122 0.8982475598653158 0.07344982028007507 0.8730214436848959 0.07062780112028122 0.8506689071655273 0.07062780112028122 0.8323911825815836
1 0.3952760100364685 0.13284340500831604 0.4039739966392517 0.13460993766784668 0.4117056131362915 0.15934143463770548 0.4126720428466797 0.18230636914571127 0.4039739966392517 0.20350482066472372 0.39334312081336975 0.219403604666392 0.39237669110298157 0.18230636914571127 0.39334312081336975 0.1611079772313436
1 0.3875444829463959 0.25120123227437335 0.40107467770576477 0.23176936308542886 0.4155713617801666 0.20350482066472372 0.42233648896217346 0.19290560483932495 0.4455311596393585 0.19113906224568686 0.4725916087627411 0.1999717354774475 0.48708829283714294 0.20527134339014688 0.4928869605064392 0.23706895112991333 0.4928869605064392 0.28299887975056964 0.48998764157295227 0.31656304995218915 0.48322251439094543 0.341294527053833 0.4638935923576355 0.34659409523010254 0.4474640488624573 0.3324618339538574 0.4242693781852722 0.3218626379966736 0.4030075669288635 0.3094969193140666 0.39334312081336975 0.2918315331141154
1 0.32859131693840027 0.4013567368189494 0.3401886522769928 0.3819247881571452 0.3624168634414673 0.3642594814300537 0.38464513421058655 0.33952796459198 0.3962424695491791 0.32539570331573486 0.4165378212928772 0.33069531122843426 0.4368331730365753 0.34836065769195557 0.4542291760444641 0.3554267883300781 0.4754909574985504 0.3554267883300781 0.48612186312675476 0.3642594814300537 0.4938534200191498 0.39782361189524335 0.48805472254753113 0.43845391273498535 0.4793567359447479 0.473784605662028 0.46872586011886597 0.49851612250010174 0.45712849497795105 0.5179479916890463 0.4426318109035492 0.5214810371398926 0.4213700294494629 0.5126484235127767 0.40107467770576477 0.5214810371398926 0.38851091265678406 0.5356132984161377 0.3749806582927704 0.5426794290542603 0.3566182255744934 0.5426794290542603 0.34598731994628906 0.5338467756907145 0.33728930354118347 0.5055822531382242 0.3324570953845978 0.4490531285603841
1 0.5044842958450317 0.25650084018707275 0.5325112342834473 0.26533353328704834 0.5576387643814087 0.2776992718378703 0.5750347971916199 0.2918315331141154 0.5702025890350342 0.3130299647649129 0.5557059049606323 0.3324618339538574 0.5431420803070068 0.3624929189682007 0.5363770127296448 0.3819247881571452 0.5122158527374268 0.380158265431722 0.4986856281757355 0.37485869725545246 0.4928869605064392 0.35366026560465497 0.4928869605064392 0.3359948794047038 0.49965208768844604 0.30596381425857544 0.5015849471092224 0.2812323172887166
1 0.5151152014732361 0.11871113379796346 0.5180145502090454 0.16464104255040488 0.5315448045730591 0.19113906224568686 0.5537729859352112 0.19467214743296304 0.5798670053482056 0.19467214743296304 0.5991959571838379 0.19290560483932495 0.622390627861023 0.17170719305674234 0.637853741645813 0.14344261089960733 0.645585298538208 0.10634539524714152 0.6388201713562012 0.055115883549054466 0.6291557550430298 0.005652911340196927 0.6214241981506348 0.0013020833333333333 0.6020952463150024 0.0013020833333333333 0.5972630381584167 0.0013020833333333333 0.5837327837944031 0.0013020833333333333 0.5653703212738037 0.0462832103172938 0.5537729859352112 0.07984737555185954 0.5402427911758423 0.10811192790667216 0.5276790261268616 0.11517806847890218
1 0.6272228360176086 0.0013020833333333333 0.6359208226203918 0.0013020833333333333 0.6494510769844055 0.0013020833333333333 0.6600819230079651 0.0013020833333333333 0.677478015422821 0.0013020833333333333 0.6948739886283875 0.0013020833333333333 0.7084041833877563 0.0013020833333333333 0.7171021699905396 0.0013020833333333333 0.714202880859375 0.0013020833333333333 0.7026055455207825 0.0013020833333333333 0.6910082101821899 0.0013020833333333333 0.6745786070823669 0.0013020833333333333 0.6533167958259583 0.0013020833333333333 0.6388201713562012 0.0013020833333333333 0.630122184753418 0.0013020833333333333 0.6262563467025757 0.0013020833333333333
1 0.645585298538208 0.0013020833333333333 0.6678134799003601 0.0013020833333333333 0.6919746398925781 0.0013020833333333333 0.7045384645462036 0.0013020833333333333 0.7200015783309937 0.0013020833333333333 0.7248337268829346 0.0013020833333333333 0.7354646921157837 0.0013020833333333333 0.7528606653213501 0.0013020833333333333 0.7750889658927917 0.0013020833333333333 0.7799211144447327 0.0013020833333333333 0.7799211144447327 0.0013020833333333333 0.774122416973114 0.0013020833333333333 0.7683238387107849 0.0013020833333333333 0.7634915709495544 0.02861786385377248 0.7538271546363831 0.053349350889523826 0.7335317730903625 0.06571509440739949 0.7113035917282104 0.05688242117563883 0.6929410696029663 0.053349350889523826 0.677478015422821 0.049816280603408813 0.6562162041664124 0.053349350889523826 0.6475181579589844 0.0462832103172938 0.6397866010665894 0.026851328710714977 0.637853741645813 0.002119841519743204
1 0.7770218253135681 0.016252119094133377 0.7934513688087463 0.016252119094133377 0.7924849390983582 0.060415491461753845 0.7953842878341675 0.08338044087092082 0.7886191606521606 0.1116450031598409 0.7799211144447327 0.13637648026148477 0.7654244303703308 0.12401074171066284 0.7518942356109619 0.10811192790667216 0.7422297596931458 0.09574617942174275 0.7422297596931458 0.08338044087092082 0.7518942356109619 0.07278123497962952 0.7644580006599426 0.05688242117563883 0.7683238387107849 0.039217074712117515
1 0.7625251412391663 0.0013020833333333333 0.7702566981315613 0.0013020833333333333 0.7876526713371277 0.0013020833333333333 0.8050487041473389 0.0013020833333333333 0.8301762342453003 0.0013020833333333333 0.8485387563705444 0.0013020833333333333 0.8659347891807556 0.0013020833333333333 0.8997603058815002 0.0013020833333333333 0.9055590033531189 0.0013020833333333333 0.8958945274353027 0.0013020833333333333 0.867867648601532 0.0013020833333333333 0.8350085020065308 0.0013020833333333333 0.8040822744369507 0.0013020833333333333 0.7876526713371277 0.0013020833333333333 0.7779882550239563 0.0013020833333333333
1 0.6736121773719788 0.28476540247599286 0.6881088614463806 0.2882984479268392 0.6910082101821899 0.3236291805903117 0.6890752911567688 0.3695590893427531 0.6852095127105713 0.3889909585316976 0.6707128882408142 0.3695590893427531 0.6542832851409912 0.35189374287923175 0.644618809223175 0.327162226041158 0.63688725233078 0.29536457856496173 0.6388201713562012 0.2812323172887166 0.6504175066947937 0.27416618665059406
1 0.7006726264953613 0.2882984479268392 0.7190351486206055 0.26533353328704834 0.7402969002723694 0.24060205618540445 0.7557600140571594 0.2247032324473063 0.7644580006599426 0.219403604666392 0.7799211144447327 0.22823627789815268 0.798283576965332 0.24413510163625082 0.806015133857727 0.26003390550613403 0.8098809719085693 0.300664226214091 0.8089144825935364 0.33422839641571045 0.7973171472549438 0.3554267883300781 0.790552020072937 0.3642594814300537 0.7634915709495544 0.3624929189682007 0.7441626787185669 0.3677925268809001 0.7277331352233887 0.380158265431722 0.7122700214385986 0.38369135061899823 0.7016390562057495 0.38369135061899823 0.698739767074585 0.3589598337809245 0.7006726264953613 0.32892876863479614
1 0.7770218253135681 0.15404184659322104 0.7886191606521606 0.14344261089960733 0.798283576965332 0.11694460113843282 0.8021493554115295 0.09574617942174275 0.8137466907501221 0.07808083295822144 0.8272769451141357 0.07454776763916016 0.8543373942375183 0.0763143002986908 0.8726999163627625 0.0763143002986908 0.883330762386322 0.10457885265350342 0.883330762386322 0.1452091634273529 0.8746327757835388 0.18230636914571127 0.860136091709137 0.1999717354774475 0.8553038239479065 0.22823627789815268 0.8504716157913208 0.25120123227437335 0.8495051860809326 0.2776992718378703 0.8495051860809326 0.3112634023030599 0.8388742804527283 0.32892876863479614 0.8185789585113525 0.32009609540303546 0.8156795501708984 0.2723996639251709 0.8089144825935364 0.24413510163625082 0.798283576965332 0.22823627789815268 0.7760553956031799 0.21057095130284628 0.7644580006599426 0.20527134339014688 0.7702566981315613 0.18230636914571127
1 0.7866862416267395 0.4013567368189494 0.798283576965332 0.37662521998087567 0.8118138313293457 0.3554267883300781 0.8263105154037476 0.34306104977925617 0.8398407101631165 0.34306104977925617 0.8524045348167419 0.341294527053833 0.8659347891807556 0.3642594814300537 0.8794649839401245 0.37662521998087567 0.8881629705429077 0.3995901743570964 0.8881629705429077 0.4402204751968384 0.891062319278717 0.473784605662028 0.8871965408325195 0.4914499918619792 0.860136091709137 0.5055822531382242 0.8456394076347351 0.5267806847890218 0.8292098045349121 0.5426794290542603 0.8127802610397339 0.5603448152542114 0.8002164959907532 0.5656444231669108 0.7924849390983582 0.5250141620635986 0.7876526713371277 0.48791690667470294 0.7886191606521606 0.4578858216603597 0.790552020072937 0.4278546969095866
1 0.860136091709137 0.25120123227437335 0.8726999163627625 0.26533353328704834 0.8871965408325195 0.27063314119974774 0.9016932249069214 0.2688665986061096 0.9171563386917114 0.24236857891082764 0.9268207550048828 0.22117014726003012 0.9384181499481201 0.19113906224568686 0.9432503581047058 0.17170719305674234 0.9461497068405151 0.15050876140594482 0.9538812041282654 0.13637648026148477 0.9606463313102722 0.1204776664574941 0.9635457396507263 0.15050876140594482 0.9645121693611145 0.16464104255040488 0.9548476934432983 0.18937251965204874 0.9538812041282654 0.219403604666392 0.9616127610206604 0.2582673629124959 0.9654785990715027 0.2882984479268392 0.9645121693611145 0.3130299647649129 0.951948344707489 0.3359948794047038 0.9413174390792847 0.35719335079193115 0.9335858821868896 0.3589598337809245 0.9142569899559021 0.35366026560465497 0.90749192237854 0.37132561206817627 0.8978274464607239 0.3889909585316976 0.8862300515174866 0.37485869725545246 0.8794649839401245 0.34659409523010254 0.8620689511299133 0.33422839641571045 0.8543373942375183 0.3218626379966736 0.8572367429733276 0.2918315331141154 0.8591696619987488 0.27063314119974774
1 0.9432503581047058 0.37839174270629883 0.951948344707489 0.3589598337809245 0.9625792503356934 0.33952796459198 0.9712772965431213 0.33069531122843426 0.9848074913024902 0.32892876863479614 0.9935054779052734 0.3448275725046794 0.9848074913024902 0.37132561206817627 0.9761094450950623 0.38722439606984455 0.9606463313102722 0.41018935044606525 0.9500154852867126 0.434920867284139 0.9422838687896729 0.4260881741841634 0.9422838687896729 0.3995901743570964
1 0.9993041753768921 0.3218626379966736 1.0 0.300664226214091 1.0 0.28476540247599286 1.0 0.2635670105616252 1.0 0.26180046796798706 1.0 0.28476540247599286 1.0 0.3218626379966736 1.0 0.35366026560465497 1.0 0.380158265431722 1.0 0.41018935044606525 1.0 0.41018935044606525 1.0 0.3995901743570964 1.0 0.38722439606984455 0.9993041753768921 0.3695590893427531 1.0 0.3448275725046794
1 1.0 0.24413510163625082 1.0 0.2264697551727295 1.0 0.22117014726003012 1.0 0.2264697551727295 1.0 0.23530240853627524 1.0 0.24236857891082764 1.0 0.26533353328704834 1.0 0.27946579456329346 1.0 0.29536457856496173 1.0 0.314796507358551 1.0 0.32539570331573486 1.0 0.3589598337809245 1.0 0.37839174270629883 1.0 0.38722439606984455 1.0 0.39605708916982013 1.0 0.39782361189524335 1.0 0.39605708916982013 1.0 0.37309213479359943 1.0 0.3359948794047038 1.0 0.300664226214091 1.0 0.2759327292442322 1.0 0.26180046796798706
1 0.33052417635917664 0.648671547571818 0.34212154150009155 0.6027416388193766 0.3537188768386841 0.5744770765304565 0.3691819906234741 0.5585783322652181 0.38077935576438904 0.57094407081604 0.3827122151851654 0.5886093775431315 0.37691357731819153 0.6115743319193522 0.36821556091308594 0.6469050645828247 0.3527524471282959 0.6628038088480631 0.3401886522769928 0.6628038088480631
1 0.34695374965667725 0.6840022404988607 0.35951757431030273 0.712266763051351 0.3691819906234741 0.7369983196258545 0.3788464367389679 0.7599631945292155 0.40107467770576477 0.7599631945292155 0.4291015863418579 0.7546636263529459 0.4455311596393585 0.7528971036275228 0.46099430322647095 0.7581966718037924 0.46582651138305664 0.7440644900004069 0.47065871953964233 0.7316986719767252 0.4725916087627411 0.7016676266988119 0.4754909574985504 0.6698699792226156 0.47839030623435974 0.6557377179463705 0.46582651138305664 0.6416054566701254 0.4513298273086548 0.6310061613718668 0.4242693781852722 0.6151074171066284 0.4117056131362915 0.6062747240066528 0.4001082479953766 0.6027416388193766 0.391410231590271 0.6062747240066528 0.3827122151851654 0.6345392862955729 0.3740142285823822 0.6592708428700765 0.3614504337310791 0.6734031041463217
1 0.15849697589874268 1.0 0.1749265491962433 0.9807801246643066 0.18555743992328644 0.9701808293660482 0.20681923627853394 0.9737140337626139 0.21841658651828766 0.9807801246643066 0.24354414641857147 0.9931458632151285 0.2503092586994171 1.0 0.2503092586994171 1.0 0.25804081559181213 1.0 0.2735039293766022 1.0 0.28316840529441833 1.0 0.29186639189720154 1.0 0.31312817335128784 1.0 0.31699395179748535 1.0 0.3179604113101959 1.0 0.31699395179748535 1.0 0.30926239490509033 1.0 0.29186639189720154 1.0 0.2764032781124115 1.0 0.2561079263687134 1.0 0.23967836797237396 1.0 0.22614812850952148 1.0 0.20585280656814575 1.0 0.2077856808900833 1.0 0.21455079317092896 1.0 0.21068501472473145 1.0 0.20295345783233643 1.0 0.19618834555149078 1.0 0.18362456560134888 1.0 0.16912788152694702 1.0 0.16236276924610138 1.0 0.1662285476922989 1.0 0.16526208817958832 1.0 0.16236276924610138 1.0
1 0.11210761964321136 1.0 0.1401345282793045 1.0 0.15463119745254517 1.0 0.15463119745254517 1.0 0.13240297138690948 1.0 0.11693985015153885 1.0 0.10244317352771759 1.0 0.1063089519739151 1.0
1 0.1952218860387802 1.0 0.21165145933628082 1.0 0.230013906955719 1.0 0.23677903413772583 1.0 0.23194679617881775 1.0 0.22808101773262024 1.0 0.2203494757413864 1.0 0.20971857011318207 1.0 0.19425545632839203 1.0 0.18459099531173706 1.0 0.1913561075925827 1.0
1 0.31602752208709717 1.0 0.3314906656742096 1.0 0.3450208604335785 1.0 0.3643497824668884 1.0 0.3711148798465729 1.0 0.3865779936313629 1.0 0.3962424695491791 1.0 0.399141788482666 1.0 0.4175042510032654 1.0 0.4204035997390747 1.0 0.3817457854747772 1.0 0.36338335275650024 1.0 0.3363228738307953 1.0 0.322792649269104 1.0 0.31699395179748535 1.0 0.31699395179748535 1.0
1 0.4368331730365753 1.0 0.44456472992897034 1.0 0.45229625701904297 1.0 0.44843047857284546 1.0 0.4542291760444641 1.0 0.46969228982925415 1.0 0.4851553738117218 1.0 0.4967527389526367 1.0 0.5131822824478149 1.0 0.5247796773910522 1.0 0.5296118855476379 1.0 0.5296118855476379 1.0 0.5218803286552429 1.0 0.5151152014732361 1.0 0.5040203928947449 1.0 0.4764573872089386 1.0 0.4638935923576355 1.0
1 0.38947734236717224 1.0 0.41073912382125854 1.0 0.43200090527534485 1.0 0.433933824300766 1.0 0.43200090527534485 1.0 0.43103447556495667 1.0 0.4291015863418579 1.0 0.4030075669288635 1.0 0.391410231590271 1.0 0.3749806582927704 1.0 0.3566182255744934 1.0 0.341155081987381 1.0 0.33052417635917664 1.0 0.3266583979129791 1.0 0.3363228738307953 1.0 0.34695374965667725 1.0 0.3479202091693878 1.0 0.3517859876155853 1.0 0.3566182255744934 1.0 0.37208133935928345 1.0 0.37981289625167847 1.0
1 0.44359827041625977 1.0 0.4638935923576355 1.0 0.4851553738117218 1.0 0.5044842958450317 1.0 0.5228467583656311 1.0 0.5363770127296448 1.0 0.5489407777786255 1.0 0.5431420803070068 1.0 0.5334776639938354 1.0 0.5257461071014404 1.0 0.5054507255554199 1.0 0.49578630924224854 1.0 0.4754909574985504 1.0 0.4580949544906616 1.0 0.4426318109035492 1.0 0.43973249197006226 1.0 0.441665381193161 1.0
1 0.46872586011886597 0.7740954558054606 0.4764573872089386 0.7511305809020996 0.5054507255554199 0.7369983196258545 0.5238132476806641 0.712266763051351 0.5383098721504211 0.6875353654225668 0.5431420803070068 0.6433719396591187 0.537343442440033 0.6186405022939047 0.537343442440033 0.6062747240066528 0.5566723346710205 0.622173547744751 0.5673032402992249 0.6522046327590942 0.5827663540840149 0.6751696268717448 0.5991959571838379 0.6981345812479655 0.6117596626281738 0.7175664107004801 0.6291557550430298 0.7493640581766764 0.637853741645813 0.770562489827474 0.63688725233078 0.7864611943562826 0.6117596626281738 0.7864611943562826 0.5943636894226074 0.7740954558054606 0.5750347971916199 0.761729876200358 0.552806556224823 0.7652628421783447 0.5441085696220398 0.7723290125528971 0.5325112342834473 0.797060489654541 0.5344440937042236 0.8094262282053629 0.5412092208862305 0.8341577053070068 0.5421756505966187 0.851823091506958 0.5354105234146118 0.8853872617085775 0.5344440937042236 0.9101187388102213 0.5238132476806641 0.9171849091847738 0.5170481204986572 0.9171849091847738 0.5073836445808411 0.8853872617085775 0.4977191984653473 0.8553560574849447 0.48612186312675476 0.8200254440307617 0.4793567359447479 0.8058931032816569
1 0.5025513768196106 0.9878462155659994 0.5044842958450317 0.9560486475626627 0.5189809799194336 0.9401497840881348 0.5286454558372498 0.9348502159118652 0.5412092208862305 0.933083693186442 0.552806556224823 0.9436828295389811 0.5644038915634155 0.9595816930135092 0.5779340863227844 0.9772469997406006 0.5769676566123962 0.9984454313913981 0.5702025890350342 1.0 0.5624710321426392 1.0 0.5508736371994019 1.0 0.5363770127296448 1.0 0.5267125368118286 1.0 0.5141487717628479 1.0 0.5083500742912292 1.0
1 0.5731019377708435 0.7740954558054606 0.5914643406867981 0.7864611943562826 0.6098268032073975 0.7988270123799642 0.6320550441741943 0.8076597054799398 0.6436523795127869 0.8076597054799398 0.6542832851409912 0.848289966583252 0.6552497744560242 0.8588892618815104 0.6388201713562012 0.8465234438578287 0.6272228360176086 0.8447569211324056 0.6117596626281738 0.8571226596832275 0.5962965488433838 0.8606557051340739 0.5837327837944031 0.8588892618815104 0.5586051940917969 0.8553560574849447 0.5479742884635925 0.8465234438578287 0.5421756505966187 0.8147257963816324 0.5395916700363159 0.7969154516855875 0.5407717823982239 0.7872087955474854 0.5502123832702637 0.7753450870513916 0.5614231824874878 0.7688740094502767
1 0.657599687576294 0.8745686213175455 0.6652702689170837 0.8702545166015625 0.6835614442825317 0.8842751979827881 0.6959523558616638 0.8929034074147543 0.7089331746101379 0.9026099840799967 0.7065730690956116 0.9241803487141927 0.6977224349975586 0.9565357367197672 0.6935921311378479 0.9856557051340739 0.6906419396400452 1.0 0.6782511472702026 0.9694779713948568 0.6682204008102417 0.9489862124125162 0.6605498790740967 0.9231018225351969 0.657599687576294 0.9004529317220052
1 0.669990599155426 0.8573123613993326 0.6800212264060974 0.8400561014811198 0.6959523558616638 0.8217213153839111 0.704802930355072 0.8044650554656982 0.7112933993339539 0.7828947703043619 0.7189639210700989 0.7688740094502767 0.728994607925415 0.7785806655883789 0.7354850172996521 0.8012295564015707 0.7402053475379944 0.8227998415629069 0.7449256777763367 0.8476057052612305 0.7372551560401917 0.8659404118855795 0.724274218082428 0.8853538036346436 0.7142435908317566 0.8972174326578776 0.7030328512191772 0.890746275583903 0.697132408618927 0.8853538036346436 0.6829714179039001 0.8767255942026774 0.6782511472702026 0.8724115689595541
1 0.7891786694526672 0.0013020833333333333 0.784458339214325 0.0013020833333333333 0.784458339214325 0.0013020833333333333 0.7815081477165222 0.0013020833333333333 0.7761977910995483 0.0013020833333333333 0.7779679298400879 0.007441760351260503 0.7891786694526672 0.0020491802133619785 0.7992092967033386 0.0013020833333333333 0.808650016784668 0.0013020833333333333 0.8039296865463257 0.0013020833333333333 0.7980292439460754 0.0013020833333333333 0.79212886095047 0.0013020833333333333
1 0.562603235244751 0.47551767031351727 0.5696837306022644 0.44639774163564044 0.5820745825767517 0.43345558643341064 0.5891550779342651 0.41404227415720624 0.5980057120323181 0.37952979405721027 0.6115765571594238 0.37521568934122723 0.6257375478744507 0.3816867669423421 0.6263275742530823 0.3957075277964274 0.622787356376648 0.4237488905588786 0.6221973299980164 0.45071180661519367 0.6221973299980164 0.4787532488505046 0.6216073036193848 0.5057161649068197 0.6145268082618713 0.5229724248250326 0.602135956287384 0.531600554784139 0.5926952958106995 0.5305219888687134 0.5803045034408569 0.5003235340118408 0.5685036778450012 0.48522432645161945
1 0.609806478023529 0.5445427099863688 0.6239674091339111 0.5305219888687134 0.6387184262275696 0.5423856576283773 0.6552395820617676 0.5758196512858073 0.6635001301765442 0.6006255149841309 0.6735308170318604 0.6254314184188843 0.6888718605041504 0.650237242380778 0.7018526792526245 0.6696505546569824 0.7130634784698486 0.6815142631530762 0.7136535048484802 0.7160267035166422 0.7130634784698486 0.742989699045817 0.712473452091217 0.7537748018900553 0.6965423822402954 0.7289689381917318 0.6847415566444397 0.6987704435984293 0.6735308170318604 0.6685720284779867 0.6611399054527283 0.6534728209177653 0.6481590867042542 0.6426876783370972 0.6345881223678589 0.6340595483779907 0.6257375478744507 0.609253724416097 0.6216073036193848 0.5812122821807861 0.6174769997596741 0.5661129951477051
1 0.6351781487464905 0.5132657289505005 0.6511092782020569 0.4960094690322876 0.6658602952957153 0.4830673138300578 0.6782511472702026 0.4798317750295003 0.6888718605041504 0.48630285263061523 0.7018526792526245 0.504637598991394 0.7154236435890198 0.5111087163289388 0.7254543304443359 0.520815372467041 0.7307646870613098 0.5466996828715006 0.7348949909210205 0.5704270601272583 0.740795373916626 0.5963114500045776 0.7437456250190735 0.6135677099227905 0.7413854002952576 0.6297454833984375 0.7295846343040466 0.6437661647796631 0.7201439738273621 0.661022424697876 0.7107033729553223 0.6653364896774292 0.6994925737380981 0.6523942947387695 0.6865116953849792 0.6297454833984375 0.6764810085296631 0.609253724416097 0.6670403480529785 0.5855263471603394 0.6599598526954651 0.5628774960835775 0.6511092782020569 0.5456212361653646 0.6428487300872803 0.5348360538482666 0.638128399848938 0.5262079238891602
1 0.7974392175674438 0.6146461963653564 0.8015695214271545 0.582290768623352 0.8092400431632996 0.57258407274882 0.8298914432525635 0.5596419175465902 0.8422822952270508 0.5445427099863688 0.8605735301971436 0.5305219888687134 0.8759145736694336 0.5111087163289388 0.8883053660392761 0.5003235340118408 0.8989261388778687 0.5078731775283813 0.9071866869926453 0.532679001490275 0.9130871295928955 0.5542493661244711 0.9195775389671326 0.5661129951477051 0.9242978692054749 0.5844477812449137 0.9231178164482117 0.6027826070785522 0.9136771559715271 0.6232744057973226 0.9036464095115662 0.6319024562835693 0.8894855380058289 0.6480802297592163 0.875324547290802 0.6567083597183228 0.8629336357116699 0.6642580032348633 0.8570333123207092 0.6621009111404419 0.8458225131034851 0.6513158082962036 0.8304814696311951 0.6480802297592163 0.8169105648994446 0.6394521395365397 0.8068798184394836 0.6319024562835693
1 0.7142435908317566 0.916630744934082 0.7254543304443359 0.8982959588368734 0.7413854002952576 0.878882646560669 0.7478758692741394 0.8659404118855795 0.7555463910102844 0.8583908875783285 0.7862284779548645 0.8734900951385498 0.8056997656822205 0.878882646560669 0.815140426158905 0.8875107765197754 0.8257611393928528 0.9328084786732992 0.8369718790054321 0.96084992090861 0.8464125394821167 0.9878128369649252 0.8269412517547607 0.9996764659881592 0.8127802610397339 1.0 0.7980292439460754 1.0 0.7868185043334961 1.0 0.7691172957420349 1.0 0.7520061731338501 1.0 0.733124852180481 1.0 0.7189639210700989 1.0 0.7059829831123352 1.0 0.7012626528739929 0.99428391456604 0.7053929567337036 0.9619283676147461 0.7101133465766907 0.9403580824534098
1 0.8080599904060364 1.0 0.8186807036399841 1.0 0.8316615223884583 1.0 0.843462347984314 1.0 0.8564432859420776 0.9996764659881592 0.8605735301971436 1.0 0.8652938604354858 1.0 0.8611635565757751 1.0 0.8405120968818665 1.0 0.8251711130142212 1.0 0.8169105648994446 1.0 0.8110101819038391 1.0
1 0.9183974266052246 0.6362165609995524 0.9290181398391724 0.6124892234802246 0.9384588599205017 0.5919974644978842 0.9537999033927917 0.5898403326670328 0.9750412702560425 0.5952329635620117 0.9827117919921875 0.6189603010813395 0.9833018779754639 0.6513158082962036 0.9803516864776611 0.6836713155110677 0.9803516864776611 0.7203408082326254 0.9838919043540955 0.749460776646932 0.9933325052261353 0.7742665608723959 1.0 0.8066221078236898 1.0 0.8357419967651367 1.0 0.8540767033894857 0.9980528950691223 0.8529982566833496 0.9833018779754639 0.8551553090413412 0.969140887260437 0.8292709191640218 0.9585201740264893 0.8195642630259196 0.9585201740264893 0.7936798731486002 0.9537999033927917 0.7548533280690511 0.937278687953949 0.734361489613851 0.9290181398391724 0.7138697306315104 0.925477921962738 0.6653364896774292 0.9201675653457642 0.6480802297592163
1 0.9951027035713196 0.6459232568740845 1.0 0.6319024562835693 1.0 0.6221958796183268 1.0 0.6232744057973226 1.0 0.6297454833984375 1.0 0.6405306657155355 1.0 0.6491587162017822 1.0 0.7020060221354166 1.0 0.7397540410359701 1.0 0.7624029318491617 1.0 0.7882873217264811 1.0 0.8109361330668131 1.0 0.8249568144480387 1.0 0.8248017628987631 1.0 0.8422130743662516 1.0 0.8556063969930013 1.0 0.8730177879333496 1.0 0.8931078116099039 1.0 0.9145371119181315 1.0 0.9252518018086752 1.0 0.9346272150675455 1.0 0.9252518018086752 1.0 0.926591157913208 1.0 0.9225731690724691 1.0 0.9038225015004476 1.0 0.8850718339284261 1.0 0.8676604429880778 1.0 0.8234624067942301 1.0 0.7672104040781657 0.9915662407875061 0.7216731707255045 0.9893681406974792 0.6814931233723959
1 1.0 0.12165166934331258 1.0 0.141741673151652 1.0 0.16584966580073038 1.0 0.21138699849446616 1.0 0.22344102462132773 1.0 0.15500912070274353 1.0 0.12165166934331258 1.0 0.11897299687067668 1.0 0.11897299687067668
1 1.0 0.3680890401204427 1.0 0.3292483687400818 1.0 0.3078190088272095 1.0 0.2971043586730957 1.0 0.3090273141860962 1.0 0.3868397076924642 1.0 0.4444310665130615 1.0 0.4939863681793213 1.0 0.5355056921641032 1.0 0.5502383708953857 1.0 0.5689890384674072 1.0 0.5944364070892334 1.0 0.6038117408752441 1.0 0.6105083624521891 1.0 0.6038117408752441 1.0 0.5770250558853149 1.0 0.5448810259501139 1.0 0.5127370357513428 1.0 0.4752357403437297 1.0 0.45112772782643634 1.0 0.4216624101003011 1.0 0.392197052637736
1 1.0 0.2515670458475749 1.0 0.2368343472480774 1.0 0.2368343472480774 1.0 0.2689783573150635 1.0 0.29308634996414185 1.0 0.2783537308375041
1 1.0 0.6359557310740153 1.0 0.6172050635019938 1.0 0.607829729715983 1.0 0.6145263910293579 1.0 0.6158657868703207 1.0 0.6158657868703207 1.0 0.6225624084472656 1.0 0.646670420964559 1.0 0.6654210885365804 1.0 0.6721177895863851 1.0 0.6774751345316569 1.0 0.6814931233723959 1.0 0.6841718355814616 1.0 0.6747964223225912 1.0 0.6614030996958414
1 1.0 0.6265803972880045 1.0 0.6212230920791626 1.0 0.6305984258651733 1.0 0.6560457547505697 1.0 0.6640817324320475 1.0 0.6667604446411133 1.0 0.6439917882283529
1 1.0 0.609169085820516 1.0 0.5837217171986898 1.0 0.5649710496266683 1.0 0.5561667680740356 1.0 0.6064903736114502 1.0 0.6319377422332764 1.0 0.6319377422332764 1.0 0.6225624084472656
1 1.0 0.6881897449493408 1.0 0.676135778427124 1.0 0.6694390773773193 1.0 0.6614030996958414 1.0 0.6493490934371948 1.0 0.6493490934371948 1.0 0.6908684571584066 1.0 0.7042617797851562 1.0 0.6948864459991455 1.0 0.6895291010538737
1 1.0 0.7002437909444174 1.0 0.7002437909444174 1.0 0.7056010564168295 1.0 0.7149764696756998 1.0 0.7364057699839274 1.0 0.7506562868754069 1.0 0.7819430828094482 1.0 0.7980151176452637 1.0 0.8047117392222086 1.0 0.8087298075358073 1.0 0.7779250939687093 1.0 0.7484597365061442 1.0 0.7270304361979166
1 1.0 0.8676604429880778 1.0 0.8448917865753174 1.0 0.828819751739502 1.0 0.822123130162557 1.0 0.8167657852172852 1.0 0.8100690841674805 1.0 0.7943681875864664 1.0 0.8154264291127523 1.0 0.8850718339284261 1.0 0.926591157913208 1.0 0.9091798464457194 1.0 0.8944471677144369 1.0 0.8810537656148275
1 0.7849365472793579 1.0 0.8003239035606384 1.0 0.8120476007461548 1.0 0.8223057389259338 1.0 0.8318312168121338 1.0 0.8362275958061218 1.0 0.8406239748001099 1.0 0.8376930952072144 1.0 0.8208402395248413 1.0 0.8135129809379578 1.0 0.8025220632553101 1.0 0.7929965853691101 1.0 0.7864019870758057 1.0
1 0.5805050134658813 1.0 0.5746431946754456 1.0 0.5739104151725769 1.0 0.582703173160553 1.0 0.5929614305496216 1.0 0.6024868488311768 1.0 0.6112796068191528 1.0 0.6178742051124573 1.0 0.6222705841064453 1.0 0.6273996829986572 1.0 0.6339942812919617 1.0 0.6449851989746094 1.0 0.656266987323761 1.0 0.6237360239028931 1.0 0.6032196283340454 1.0 0.5878323316574097 1.0
1 0.07418886572122574 1.0 0.08664527535438538 1.0 0.09543802589178085 1.0 0.10423077642917633 1.0 0.11082534492015839 1.0 0.1049635112285614 1.0 0.08005070686340332 1.0 0.0727234035730362 1.0 0.0727234035730362 1.0 0.0727234035730362 1.0
1 0.6325287818908691 1.0 0.6420542597770691 1.0 0.6486488580703735 1.0 0.6552433967590332 1.0 0.6742943525314331 1.0 0.6911472082138062 1.0 0.7050690054893494 1.0 0.7226545214653015 1.0 0.7365763783454895 1.0 0.7453691363334656 1.0 0.7578255534172058 1.0 0.7768765687942505 1.0 0.7951947450637817 1.0 0.8171766400337219 1.0 0.8332967162132263 1.0 0.8479512929916382 1.0 0.858209490776062 1.0 0.8699331879615784 1.0 0.8735967874526978 1.0 0.8699331879615784 1.0 0.8464858531951904 1.0 0.7263181805610657 1.0 0.7065345048904419 1.0 0.6940780878067017 1.0 0.685856819152832 1.0 0.6684325337409973 1.0 0.6530452370643616 1.0 0.6405888199806213 1.0
1 0.8193747997283936 1.0 0.8296329975128174 1.0 0.8435549139976501 1.0 0.853813111782074 1.0 0.86260586977005 1.0 0.8692004084587097 1.0 0.8779931664466858 1.0 0.876527726650238 1.0 0.86260586977005 1.0 0.8472185134887695 1.0 0.8347621560096741 1.0 0.8252366185188293 1.0
1 0.8743295669555664 1.0 0.8816568851470947 1.0 0.8845877647399902 1.0 0.8933805227279663 1.0 0.9029060006141663 1.0 0.9204915165901184 1.0 0.9446715712547302 1.0 0.9607916474342346 1.0 0.9666534662246704 1.0 0.9666534662246704 1.0 0.9681189060211182 1.0 0.9688516855239868 1.0 0.962989866733551 1.0 0.9432061314582825 1.0 0.9307497143745422 1.0 0.9160951375961304 1.0 0.9021732807159424 1.0 0.8882514238357544 1.0 0.8853204846382141 1.0 0.8838550448417664 1.0 0.8794586658477783 1.0
1 0.8640713691711426 0.9989151159922282 0.8728641271591187 0.9908791383107504 0.8823895454406738 1.0 0.8970441818237305 1.0 0.9036387801170349 1.0 0.9065696597099304 1.0 0.899975061416626 1.0 0.8955786824226379 1.0 0.8816568851470947 1.0 0.8750622868537903 1.0 0.8692004084587097 1.0 0.867734968662262 1.0
1 0.9014405608177185 1.0 0.9065696597099304 1.0 0.912431538105011 1.0 0.9175605773925781 1.0 0.9366115927696228 1.0 0.9578607082366943 1.0 0.9747135043144226 1.0 0.9901008009910583 1.0 1.0 1.0 1.0 1.0 0.9966953992843628 1.0 0.9886353611946106 1.0 0.9813080430030823 1.0 0.9703171253204346 1.0 0.9607916474342346 1.0 0.9424734115600586 1.0 0.9256206154823303 1.0 0.9175605773925781 1.0 0.908767819404602 1.0
1 0.904371440410614 0.9948971271514893 0.9073023796081543 0.9560564359029134 0.9073023796081543 0.9131978352864584 0.9160951375961304 0.8864111105600992 0.9270860552787781 0.8703391551971436 0.9402751922607422 0.8569458325703939 0.9483352303504944 0.862303098042806 0.958593487739563 0.8864111105600992 0.9725152850151062 0.8917684555053711 0.9820408225059509 0.8837324778238932 0.986437201499939 0.8716785113016764 0.9966953992843628 0.8689997990926107 1.0 0.8689997990926107 1.0 0.8743570645650228 1.0 0.8917684555053711 1.0 0.9065011342366537 1.0 0.9319485028584799 1.0 0.9587351481119791 1.0 0.9855217933654785 0.9996263384819031 1.0 0.9820408225059509 1.0 0.9681189060211182 1.0 0.9468697905540466 1.0 0.9234224557876587 1.0 0.9138969779014587 1.0
1 1.0 0.9239124457041422 1.0 0.9185551007588705 1.0 0.9306091467539469 1.0 0.9426631132761637 1.0 0.9573957920074463 1.0 0.9908791383107504 1.0 1.0 1.0 1.0 1.0 1.0 1.0 1.0 1.0 1.0 1.0 1.0 1.0 1.0 1.0 0.9962364832560221 1.0 0.9694497585296631 1.0 0.9493597348531088 1.0 0.937305768330892
1 1.0 1.0 1.0 1.0 1.0 1.0 1.0 1.0 1.0 1.0 1.0 1.0 1.0 1.0 1.0 1.0 1.0 1.0 0.9966953992843628 1.0 0.9893681406974792 1.0 0.9922990202903748 1.0 0.9988935589790344 1.0 1.0 1.0
1 1.0 1.0 1.0 1.0 1.0 1.0 1.0 1.0 1.0 1.0 1.0 1.0 1.0 1.0 1.0 1.0 1.0 1.0 1.0 1.0 1.0 1.0 1.0 1.0 1.0 1.0 1.0 1.0 1.0 1.0 1.0 1.0 1.0 1.0 1.0 1.0 1.0 1.0 1.0 1.0 1.0 1.0 1.0 1.0 1.0 1.0 1.0 1.0 1.0 1.0 1.0 1.0
1 1.0 1.0 1.0 1.0 1.0 1.0 1.0 1.0 1.0 1.0 1.0 1.0 1.0 1.0
0 1.0 1.0 1.0 1.0 1.0 1.0 1.0 1.0 1.0 1.0 1.0 1.0 1.0 1.0
1 1.0 0.005966731036702792 1.0 0.03459498782952627 1.0 0.04664898912111918 1.0 0.06774349013964336 1.0 0.07829074561595917 1.0 0.07226373751958211 1.0 0.06322324275970459 1.0 0.03459498782952627 1.0 0.015007232626279196 1.0 0.005966731036702792 1.0 0.00898023135960102 1.0 0.007473481198151906
1 1.0 0.016513983408610027 1.0 0.04062198847532272 1.0 0.06623674432436626 1.0 0.08281099796295166 1.0 0.10239874323209126 1.0 0.1069190005461375 1.0 0.1069190005461375 1.0 0.1054122547308604 1.0 0.1069190005461375 1.0 0.06020974119504293 1.0 0.011993731061617533 1.0 0.00898023135960102 1.0 0.013500483085711798
1 1.0 1.0 1.0 1.0 1.0 1.0 1.0 1.0 1.0 1.0 1.0 1.0 1.0 1.0 1.0 1.0 1.0 1.0 1.0 1.0 1.0 1.0 1.0 1.0 1.0 1.0 1.0 1.0 1.0 1.0 1.0 1.0 1.0 1.0 1.0 1.0 1.0 1.0 1.0 1.0 1.0 1.0
1 1.0 0.5499035517374674 1.0 0.5453833341598511 1.0 0.5257955392201742 1.0 0.5227820873260498 1.0 0.5107280413309733 1.0 0.49716730912526447 1.0 0.49566058317820233 1.0 0.507714589436849 1.0 0.5197685956954956 1.0 0.5333293279012045
1 0.916880190372467 0.0013020833333333333 0.9140539765357971 0.0013020833333333333 0.9131118655204773 0.0013020833333333333 0.9281851649284363 0.0013020833333333333 0.9376059770584106 0.0013020833333333333 0.9442005157470703 0.0013020833333333333 0.9507951140403748 0.0013020833333333333 0.9668104648590088 0.0013020833333333333 0.9686946272850037 0.0013020833333333333 0.9639842510223389 0.0013020833333333333 0.9592738151550293 0.0013020833333333333 0.9602159857749939 0.0013020833333333333 0.9413743019104004 0.0013020833333333333 0.9300693273544312 0.0013020833333333333
1 0.9715209007263184 0.0013020833333333333 0.9677525758743286 0.0013020833333333333 0.9743471741676331 0.0013020833333333333 0.9790575504302979 0.0013020833333333333 0.9847100377082825 0.0013020833333333333 1.0 0.0013020833333333333 1.0 0.0013020833333333333 1.0 0.0013020833333333333 1.0 0.0013020833333333333 1.0 0.0013020833333333333 1.0 0.0013020833333333333 1.0 0.0013020833333333333 1.0 0.0013020833333333333 1.0 0.0013020833333333333 1.0 0.0013020833333333333 1.0 0.0013020833333333333 1.0 0.0013020833333333333 1.0 0.0013020833333333333 1.0 0.0013020833333333333 1.0 0.0013020833333333333 1.0 0.0013020833333333333 1.0 0.0013020833333333333 0.9837679266929626 0.0013020833333333333
1 1.0 0.0013020833333333333 1.0 0.0013020833333333333 1.0 0.0013020833333333333 1.0 0.0013020833333333333 1.0 0.0013020833333333333 1.0 0.0013020833333333333 1.0 0.0013020833333333333
