1 0.007640894502401352 0.043334772189458214 0.0457642525434494 0.03173665702342987 0.07334285229444504 0.038062905271848045 0.09524350613355637 0.05598726371924082 0.10578826069831848 0.09183597564697266 0.1220109611749649 0.10765159130096436 0.16094546020030975 0.11608658234278361 0.1966354101896286 0.12663032611211142 0.2063690423965454 0.13822844624519348 0.2031244933605194 0.16353341937065125 0.20799130201339722 0.19938214619954428 0.21853606402873993 0.22468713919321695 0.23394763469696045 0.2341764767964681 0.23881444334983826 0.26264458894729614 0.23800331354141235 0.292167067527771 0.24935919046401978 0.3227439324061076 0.2688264548778534 0.3522663911183675 0.2866714298725128 0.3775713841120402 0.30694979429244995 0.38916945457458496 0.31587228178977966 0.40498507022857666 0.30776092410087585 0.42080068588256836 0.2793712019920349 0.43977944056193036 0.24611467123031616 0.45664942264556885 0.21204698085784912 0.48090000947316486 0.2015022188425064 0.5104225476582845 0.1860906481742859 0.5431081056594849 0.18284611403942108 0.5547061761220297 0.14958956837654114 0.5610324144363403 0.13985595107078552 0.5747393369674683 0.1260666400194168 0.5916093190511068 0.11471075564622879 0.615859866142273 0.10578826069831848 0.6316754817962646 0.08388760685920715 0.6380017598470052 0.06766489893198013 0.6358929872512817 0.047386523336172104 0.625349203745524 0.0417085736989975 0.6074248949686686 0.049008794128894806 0.5494343439737955 0.0441419780254364 0.4988243579864502 0.032786086201667786 0.4587581555048625 0.018185652792453766 0.4155288537343343 0.006829758640378714 0.40076760450998944 0.005791505798697472 0.3902707099914551 0.005791505798697472 0.3902707099914551 0.007640894502401352 0.2984933058420817 0.02873041108250618 0.2847864230473836 0.06360922753810883 0.24472024043401083 0.06685376912355423 0.1793490250905355 0.06117582321166992 0.14244594176610312 0.030352680012583733 0.11819533507029216 0.012507705949246883 0.11186907688776652 0.00601862370967865 0.09499910473823547 0.007640894502401352 0.0739116221666336
1 0.008452029898762703 0.12663032611211142 0.040897440165281296 0.13611969351768494 0.04981992766261101 0.15088093280792236 0.056309010833501816 0.18145777781804404 0.055497877299785614 0.21308900912602743 0.0457642525434494 0.24788333972295126 0.026297006756067276 0.273188312848409 0.011696570552885532 0.2837320566177368 0.006829758640378714 0.24577458699544272 0.006829758640378714 0.21414337555567423 0.00926316436380148 0.15826155742009482
1 0.00601862370967865 0.4144744078318278 0.018185652792453766 0.43767062822977704 0.02873041108250618 0.46930185953776044 0.031163815408945084 0.49249807993570965 0.03765289857983589 0.5220205783843994 0.03603062778711319 0.562086820602417 0.03603062778711319 0.6000442504882812 0.03684176504611969 0.6306211153666178 0.03521949425339699 0.6474910974502563 0.00926316436380148 0.614805539449056 0.01007429976016283 0.5694674253463745 0.010885436087846756 0.518857479095459 0.007640894502401352 0.45664942264556885 0.00601862370967865 0.42923565705617267
1 0.1309334635734558 0.010649178177118301 0.13661140203475952 0.044389148553212486 0.13580025732517242 0.07602036992708842 0.13661140203475952 0.09605347116788228 0.16905680298805237 0.10765159130096436 0.1958242803812027 0.11714095870653789 0.21366925537586212 0.14033718903859457 0.21448038518428802 0.15720717112223306 0.21691378951072693 0.17724027236302695 0.21853606402873993 0.18883840243021646 0.22664740681648254 0.20887150367101034 0.23638103902339935 0.22468713919321695 0.24611467123031616 0.24155710140864053 0.24530352652072906 0.267916480700175 0.25098147988319397 0.28267769018809 0.2550371289253235 0.2932214339574178 0.2728821039199829 0.3037651777267456 0.30694979429244995 0.30587391058603924 0.32398363947868347 0.30165642499923706 0.3361506760120392 0.29005831480026245 0.3499399721622467 0.2805689573287964 0.3515622317790985 0.2668620745340983 0.344262033700943 0.23101335763931274 0.3329061269760132 0.19621900717417398 0.32073909044265747 0.16564216216405234 0.30208298563957214 0.1108147104581197 0.2842380106449127 0.07285724580287933 0.2769378125667572 0.034899781147638954 0.2688264548778534 0.009594804296890894 0.2576976716518402 0.007528231168786685 0.2576976716518402 0.007528231168786685 0.17960157990455627 0.007528231168786685 0.15364523231983185 0.007528231168786685
0 0.00926316436380148 0.6285123825073242 0.039275169372558594 0.6622523466746012 0.07090944051742554 0.6548717816670736 0.10659939795732498 0.6411648591359457 0.1236332356929779 0.614805539449056 0.13985595107078552 0.5905548731486002 0.17149022221565247 0.571576197942098 0.2047467678785324 0.5641955534617106 0.21123583614826202 0.5937180519104004 0.21042470633983612 0.6126967668533325 0.21366925537586212 0.6401104927062988 0.22096946835517883 0.658034880956014 0.22178061306476593 0.6717417240142822 0.20961357653141022 0.68228546778361 0.18041270971298218 0.697046677271525 0.13417799770832062 0.7023185888926188 0.10092144459486008 0.7044274012247721 0.05874241515994072 0.7086447874704996 0.023052463307976723 0.710753599802653 0.005791505798697472 0.7076939741770426
1 0.046575386077165604 0.7318410078684489 0.00926316436380148 0.7255147298177084 0.00601862370967865 0.7676897843678793 0.012507705949246883 0.7908860047658285 0.046575386077165604 0.7813966274261475 0.07577625662088394 0.7634722391764323 0.09118782728910446 0.7634722391764323 0.09524350613355637 0.7360585530598959 0.08550988137722015 0.7234060764312744 0.05793128162622452 0.7234060764312744
1 0.007640894502401352 0.7982666492462158 0.0417085736989975 0.7919403711954752 0.07739853113889694 0.7771790822347006 0.10335485637187958 0.7761247158050537 0.11146620661020279 0.7940491040547689 0.122822105884552 0.826734701792399 0.121199831366539 0.8636377652486166 0.1260666400194168 0.9047582944234213 0.1317445933818817 0.9321721394856771 0.14147821068763733 0.9648577372233073 0.1447024643421173 0.9698870976765951 0.09605463594198227 0.9690752824147543 0.05046072229743004 0.9698870976765951 0.00601862370967865 0.9648577372233073 0.007640894502401352 0.8604747454325358 0.00601862370967865 0.8098646799723307
1 0.10659939795732498 0.7255147298177084 0.16743454337120056 0.7139166196187338 0.21285812556743622 0.7086447874704996 0.23151423037052155 0.7255147298177084 0.23881444334983826 0.7476566632588705 0.24368125200271606 0.7655810515085856 0.22178061306476593 0.7750703493754069 0.1974465548992157 0.7845598061879476 0.17230135202407837 0.7898315588633219 0.15526752173900604 0.7940491040547689 0.14066708087921143 0.795103391011556 0.1220109611749649 0.783505360285441 0.11146620661020279 0.7697985172271729 0.10092144459486008 0.7487110296885172
1 0.3604847490787506 0.28162330389022827 0.4026637673377991 0.2890039285024007 0.4399759769439697 0.2963845332463582 0.47972163558006287 0.31009141604105633 0.4983777403831482 0.3322332700093587 0.5113558769226074 0.36702760060628253 0.5186561346054077 0.40076760450998944 0.5267674326896667 0.4345075289408366 0.5332565307617188 0.4682474931081136 0.5389344692230225 0.4977699915568034 0.5405567288398743 0.5199118852615356 0.5413678884506226 0.5378361940383911 0.5040556788444519 0.556814988454183 0.46998798847198486 0.5757936636606852 0.4302423596382141 0.5968811511993408 0.4075305759906769 0.6137511730194092 0.38806331157684326 0.6348386605580648 0.37914085388183594 0.6717417240142822 0.37102949619293213 0.7128623326619467 0.36940720677375793 0.7339498202006022 0.3507511019706726 0.7466022173563639 0.278560072183609 0.7297322750091553 0.2550371289253235 0.7255147298177084 0.23556989431381226 0.7139166196187338 0.23394763469696045 0.6675241788228353 0.23070310056209564 0.6295667886734009 0.22421401739120483 0.5926636457443237 0.21204698085784912 0.5610324144363403 0.1966354101896286 0.5431081056594849 0.22745855152606964 0.4882806142171224 0.2631485164165497 0.46930185953776044 0.2850491404533386 0.45243191719055176 0.32236137986183167 0.4281812906265259 0.32641705870628357 0.3997131983439128 0.31425002217292786 0.3775713841120402 0.2939716577529907 0.3522663911183675 0.2826157510280609 0.32168954610824585 0.31587228178977966 0.3153632879257202 0.3345284163951874 0.3079826831817627 0.347506582736969 0.2932214339574178
1 0.2777489423751831 0.013812301059563955 0.28991594910621643 0.047552267710367836 0.29640504717826843 0.07496599853038788 0.31100550293922424 0.11714095870653789 0.3247947692871094 0.15615280469258627 0.3418286442756653 0.1951646407445272 0.3548067808151245 0.2331221103668213 0.36778494715690613 0.2647533416748047 0.39049673080444336 0.2721339464187622 0.4326757788658142 0.28162330389022827 0.4886440932750702 0.30165642499923706 0.5056779384613037 0.3090370297431946 0.5219006538391113 0.30692827701568604 0.5511015057563782 0.2763514518737793 0.5746244192123413 0.22890462478001913 0.5916582942008972 0.19621900717417398 0.6022030115127563 0.16880528132120767 0.5648908019065857 0.1319021979967753 0.5129781365394592 0.05387851595878601 0.4837772846221924 0.012757925937573114 0.45295414328575134 0.009594804296890894 0.40834173560142517 0.009594804296890894 0.337772935628891 0.01170355329910914 0.2944096326828003 0.007528231168786685
0 0.4967554807662964 0.010649178177118301 0.5235229134559631 0.0464978963136673 0.5511015057563782 0.0739116221666336 0.5770578384399414 0.12241283059120178 0.6005807518959045 0.14877218008041382 0.6370818614959717 0.1624790628751119 0.7141396999359131 0.16985968748728433 0.7619966864585876 0.17407717307408652 0.7798416614532471 0.16353341937065125 0.7506408095359802 0.10659722487131755 0.7214398980140686 0.06547663609186809 0.6914279460906982 0.0517697681983312 0.6581713557243347 0.01170355329910914 0.6157717108726501 0.007528231168786685 0.6157717108726501 0.007528231168786685 0.5219006538391113 0.01170355329910914
1 0.5178449749946594 0.31852638721466064 0.5502904057502747 0.2890039285024007 0.5819246768951416 0.2531552314758301 0.5973362326622009 0.20570838451385498 0.6127477884292603 0.1751315196355184 0.6297816634178162 0.18040339152018228 0.684127688407898 0.19411027431488037 0.7149508595466614 0.19727341334025064 0.7295512557029724 0.19621900717417398 0.7725414633750916 0.18567528327306113 0.7936309576034546 0.16880528132120767 0.8122870922088623 0.18040339152018228 0.8285097479820251 0.19305588801701865 0.8439213633537292 0.2183608611424764 0.856088399887085 0.2552639643351237 0.8666331171989441 0.27424269914627075 0.8820447325706482 0.29111266136169434 0.8869115114212036 0.31009141604105633 0.877177894115448 0.35015761852264404 0.8731222152709961 0.37019073963165283 0.8650108575820923 0.40603943665822345 0.869066596031189 0.4387250741322835 0.8747444748878479 0.47984564304351807 0.8925895094871521 0.5104225476582845 0.9039453268051147 0.5325643221537272 0.9007008075714111 0.5652499993642172 0.8747444748878479 0.5979355573654175 0.8658219575881958 0.6179686387379965 0.8536549806594849 0.6548717816670736 0.8479770421981812 0.6801766554514567 0.8422990441322327 0.6949379444122314 0.8139093518257141 0.697046677271525 0.7944420576095581 0.6896661122639974 0.7157619595527649 0.6622523466746012 0.6703383922576904 0.6401104927062988 0.6484377384185791 0.6369473934173584 0.6338373422622681 0.6401104927062988 0.6184257864952087 0.6126967668533325 0.5973362326622009 0.5663043260574341 0.5762466788291931 0.5367818673451742 0.5608351230621338 0.5230749845504761 0.5462347269058228 0.44505127271016437 0.5332565307617188 0.38600635528564453 0.5259563326835632 0.3469945192337036 0.5259563326835632 0.3311789035797119
1 0.14228934049606323 0.811973492304484 0.1901463270187378 0.797212282816569 0.23151423037052155 0.7845598061879476 0.2558482885360718 0.7803422609965006 0.2647707760334015 0.8077559471130371 0.2882936894893646 0.8277891476949056 0.30289411544799805 0.8499309221903483 0.31668344140052795 0.8731271425882975 0.3345284163951874 0.8942147095998129 0.3272281885147095 0.9195195833841959 0.31749457120895386 0.9374440511067709 0.30776092410087585 0.9595858256022135 0.29883846640586853 0.966966470082601 0.2728821039199829 0.966966470082601 0.24692580103874207 0.9690752824147543 0.1998799592256546 0.9680208365122477 0.1869017779827118 0.9690752824147543 0.15688978135585785 0.9659120241800944 0.14634503424167633 0.9543139934539795 0.13742254674434662 0.9205739498138428 0.13661140203475952 0.885779619216919 0.13580025732517242 0.8341153462727865 0.13904480636119843 0.8225172360738119
0 0.2915382385253906 0.7518741289774576 0.31100550293922424 0.7476566632588705 0.32966160774230957 0.7592547734578451 0.3450731635093689 0.7634722391764323 0.3588624894618988 0.7655810515085856 0.37427401542663574 0.7655810515085856 0.39374127984046936 0.7624178727467855 0.4180753231048584 0.7708528836568197 0.4383537173271179 0.7708528836568197 0.47972163558006287 0.7782334486643473 0.5210895538330078 0.7866684595743815 0.5348788499832153 0.7877229054768881 0.5470458269119263 0.7961579163869222 0.5705687999725342 0.826734701792399 0.586791455745697 0.8678553104400635 0.5924694538116455 0.8826165199279785 0.5989584922790527 0.9068671862284342 0.5965250730514526 0.9216283957163492 0.5884137153625488 0.9269002278645834 0.5421789884567261 0.9247914950052897 0.5202783942222595 0.9121390183766683 0.4975666105747223 0.8931602636973063 0.47809934616088867 0.885779619216919 0.45782095193862915 0.8921058972676595 0.4351091682910919 0.8931602636973063 0.4140196740627289 0.8942147095998129 0.37508517503738403 0.8878883520762125 0.3434509038925171 0.8794534206390381 0.32966160774230957 0.8741815884908041 0.31506115198135376 0.8562571207682291 0.2931605279445648 0.8067015806833903 0.2874825596809387 0.7740160624186198
1 0.31262776255607605 0.966966470082601 0.3304727375507355 0.9311176935831705 0.3466954529285431 0.9131933848063151 0.3669738173484802 0.9047582944234213 0.38400766253471375 0.907921552658081 0.39860808849334717 0.9121390183766683 0.4213198721408844 0.9089759190877279 0.4432205557823181 0.907921552658081 0.44970962405204773 0.9121390183766683 0.44808733463287354 0.9332264264424642 0.44970962405204773 0.9490420818328857 0.4573458731174469 0.9698870976765951 0.39698582887649536 0.9698870976765951 0.37427401542663574 0.9698870976765951 0.344262033700943 0.9698870976765951 0.31992796063423157 0.9698870976765951
1 0.46431005001068115 0.9680208365122477 0.46025437116622925 0.9458789825439453 0.46268779039382935 0.9247914950052897 0.4821550250053406 0.910030206044515 0.4951332211494446 0.9142477512359619 0.5170338153839111 0.9237372080485026 0.5373122096061707 0.9321721394856771 0.5608351230621338 0.938498338063558 0.5778689384460449 0.9406071503957113 0.5940917134284973 0.941661516825358 0.6078810095787048 0.9448245366414388 0.6184257864952087 0.9680208365122477 0.5789437294006348 0.9698870976765951 0.5397456288337708 0.9698870976765951 0.5113558769226074 0.9680208365122477 0.48910239338874817 0.9698870976765951
1 0.55272376537323 0.5504887104034424 0.5673242807388306 0.5641955534617106 0.5819246768951416 0.5789567629496256 0.5973362326622009 0.6074248949686686 0.6070698499679565 0.6369473934173584 0.6086921095848083 0.6527629693349203 0.5989584922790527 0.6791222890218099 0.5835469365119934 0.7170797983805338 0.5608351230621338 0.7476566632588705 0.5478569865226746 0.7666354179382324 0.519467294216156 0.7666354179382324 0.4967554807662964 0.7634722391764323 0.46512117981910706 0.7645266850789388 0.4302423596382141 0.7518741289774576 0.39536356925964355 0.7497654755910238 0.38481879234313965 0.7497654755910238 0.37346288561820984 0.7466022173563639 0.38725218176841736 0.6843942006429037 0.40104150772094727 0.6464367707570394 0.4261867105960846 0.6190230051676432 0.44970962405204773 0.5979355573654175 0.4862107038497925 0.5779024362564087 0.5129781365394592 0.5694674253463745 0.5438013076782227 0.5547061761220297
1 0.698728084564209 0.010649178177118301 0.74577397108078 0.009594804296890894 0.7952532172203064 0.013812301059563955 0.8358100056648254 0.018029796580473583 0.8382434248924255 0.0464978963136673 0.8447325229644775 0.09605347116788228 0.8487881422042847 0.12979344526926676 0.8358100056648254 0.16669654846191406 0.8171538710594177 0.16458779573440552 0.7936309576034546 0.14771780371665955 0.7676746249198914 0.12452157338460286 0.7490185499191284 0.08761849006017049 0.7295512557029724 0.06231350700060526 0.7019727230072021 0.043334772189458214 0.7019727230072021 0.021192918221155804
1 0.8528438210487366 0.041226024429003395 0.8796112537384033 0.06653100252151489 0.9023230671882629 0.09078160921732585 0.9047565460205078 0.1203040877978007 0.8966451287269592 0.1340109407901764 0.8625774383544922 0.12557593981424967 0.8520327210426331 0.11714095870653789 0.8504104614257812 0.08234660824139912 0.845543622970581 0.05598726371924082
1 0.8406767845153809 0.010649178177118301 0.8528438210487366 0.029627911746501923 0.8714999556541443 0.04228040079275767 0.8950228691101074 0.06125913063685099 0.9088121652603149 0.09499910473823547 0.9136789441108704 0.1319021979967753 0.9380130171775818 0.1435003081957499 0.9574803113937378 0.15509841839472452 0.9810032248497009 0.16775091489156088 0.9931702017784119 0.17302278677622476 0.9931702017784119 0.14244594176610312 0.9923590421676636 0.028573537866274517 0.9891210198402405 0.007528231168786685 0.9542357921600342 0.012757925937573114 0.911245584487915 0.008540430416663488 0.8668602108955383 0.007528231168786685 0.8463547825813293 0.007528231168786685
1 0.8577106595039368 0.13928280274073282 0.8479770421981812 0.16775091489156088 0.8447325229644775 0.18883840243021646 0.856088399887085 0.2183608611424764 0.8698776960372925 0.2521008253097534 0.8861004114151001 0.28162330389022827 0.8990785479545593 0.29427580038706463 0.9282793998718262 0.2837320566177368 0.9445021152496338 0.2594814697901408 0.963969349861145 0.22468713919321695 0.9785698056221008 0.19411027431488037 0.9680250883102417 0.18145777781804404 0.9461243748664856 0.16564216216405234 0.9234126210212708 0.14666342735290527 0.9071899056434631 0.14033718903859457 0.8869115114212036 0.14033718903859457
1 0.9915479421615601 0.19200152158737183 0.9826254844665527 0.20359963178634644 0.9688361883163452 0.2267958720525106 0.9599136710166931 0.24155710140864053 0.9412575960159302 0.2774058183034261 0.9282793998718262 0.29111266136169434 0.9055676460266113 0.3037651777267456 0.8974562883377075 0.31325453519821167 0.8893449306488037 0.34172264734903973 0.8836669921875 0.3712451060612996 0.877177894115448 0.40920257568359375 0.8763667345046997 0.43345316251118976 0.8796112537384033 0.45664942264556885 0.8925895094871521 0.49249807993570965 0.9088121652603149 0.5178031126658121 0.921790361404419 0.5367818673451742 0.9436910152435303 0.5357274214426676 0.9672139286994934 0.5452167987823486 0.9866811633110046 0.556814988454183 0.9932432174682617 0.5591412782669067 0.9932432174682617 0.43661630153656006 0.9932432174682617 0.32168954610824585 0.9932432174682617 0.2236327330271403
1 0.9144901037216187 0.5589237213134766 0.9412575960159302 0.5547061761220297 0.9672139286994934 0.562086820602417 0.98911452293396 0.5736849308013916 0.9932432174682617 0.6069588661193848 0.9866811633110046 0.6706873575846354 0.9720807075500488 0.686503012975057 0.9453132748603821 0.7033729553222656 0.9063788056373596 0.7139166196187338 0.8804224729537964 0.710753599802653 0.8609551787376404 0.6949379444122314 0.8577106595039368 0.6759592692057291 0.8706888556480408 0.6411648591359457 0.8869115114212036 0.6042617956797282 0.8990785479545593 0.5821199417114258
1 0.6265370845794678 0.6590892473856608 0.6451932191848755 0.6506541967391968 0.6808831691741943 0.6601436138153076 0.7027838230133057 0.6791222890218099 0.7352291941642761 0.6949379444122314 0.7530742287635803 0.7054816881815592 0.7871419191360474 0.7118078867594401 0.811475932598114 0.7086447874704996 0.8447325229644775 0.7086447874704996 0.8666331171989441 0.7191885312398275 0.8658219575881958 0.7339498202006022 0.8479770421981812 0.7613635063171387 0.8349989056587219 0.7803422609965006 0.8212096095085144 0.8182996908823649 0.8139093518257141 0.8488766352335612 0.804986834526062 0.8720727761586508 0.790386438369751 0.8720727761586508 0.7392849326133728 0.8372784455617269 0.7044060826301575 0.8204085032145182 0.6711495518684387 0.8204085032145182 0.646004319190979 0.8256803353627523 0.6095032691955566 0.8351696332295736 0.5924694538116455 0.8351696332295736 0.5730021595954895 0.7982666492462158 0.5632685422897339 0.768744150797526 0.5803024172782898 0.7392217318216959 0.6070698499679565 0.701264222462972 0.6168034672737122 0.6801766554514567
1 0.5949028134346008 0.8457134564717611 0.624914824962616 0.8404415448506674 0.658982515335083 0.8330609798431396 0.6776386499404907 0.8330609798431396 0.6971058249473572 0.8330609798431396 0.7214398980140686 0.8436047236124674 0.7530742287635803 0.859420379002889 0.7798416614532471 0.8762903213500977 0.790386438369751 0.8910515308380127 0.7887641787528992 0.9131933848063151 0.7814639210700989 0.9353352387746176 0.7879530191421509 0.9606401920318604 0.7563187479972839 0.9638032913208008 0.7157619595527649 0.966966470082601 0.6662827134132385 0.966966470082601 0.6330261826515198 0.9659120241800944 0.624914824962616 0.9638032913208008 0.611936628818512 0.934280792872111 0.6095032691955566 0.9026496410369873 0.6038253307342529 0.8773446877797445 0.6005807518959045 0.8646921316782633
1 0.9907367825508118 0.7307866414388021 0.9591025710105896 0.7487110296885172 0.9477466344833374 0.7582004070281982 0.9404464960098267 0.7877229054768881 0.9461243748664856 0.8193541367848715 0.9574803113937378 0.8446590900421143 0.9647805094718933 0.855202833811442 0.9874922633171082 0.8499309221903483 0.9932432174682617 0.8476882775624593 0.9932432174682617 0.783505360285441
1 0.8788001537322998 0.7276235421498617 0.9096233248710632 0.7234060764312744 0.9355796575546265 0.7234060764312744 0.9477466344833374 0.7444934844970703 0.9388241767883301 0.768744150797526 0.9339573979377747 0.8140823046366373 0.9469355344772339 0.8499309221903483 0.9615359306335449 0.8689096768697103 0.9932432174682617 0.8707415262858073 0.9932432174682617 0.9638032913208008 0.9453132748603821 0.9659120241800944 0.9228881001472473 0.9698870976765951 0.864199697971344 0.9698870976765951 0.8147204518318176 0.9690752824147543 0.8009312152862549 0.9648577372233073 0.796875536441803 0.934280792872111 0.8106648325920105 0.8762903213500977 0.8374322652816772 0.8309522469838461 0.849599301815033 0.8014297485351562 0.8585218191146851 0.7655810515085856 0.869066596031189 0.7476566632588705
