1 0.013828519731760025 0.23772176106770834 0.04844006896018982 0.23875919977823892 0.09432049095630646 0.176512082417806 0.12249267846345901 0.1557630499204 0.16434849798679352 0.1588753859202067 0.18527641892433167 0.18688660860061646 0.19252067804336548 0.22942215204238892 0.21505844593048096 0.261583149433136 0.2561093270778656 0.24602137009302774 0.2657683789730072 0.1848116914431254 0.27462247014045715 0.07795414328575134 0.29152581095695496 0.047868033250172935 0.2893349528312683 0.027160493036111195 0.2893349528312683 0.027160493036111195 0.16112881898880005 0.03230625887711843 0.12519721686840057 0.027160493036111195 0.08949097245931625 0.027160493036111195 0.029121994972229004 0.050980394085248314 0.013828519731760025 0.06446726620197296 0.009578543715178967 0.08911712964375813 0.010608840733766556 0.16302520036697388
1 0.011413760483264923 0.2532835404078166 0.05246466398239136 0.25743335485458374 0.053269583731889725 0.27714494864145917 0.05085482448339462 0.305156151453654 0.03475642949342728 0.3155306577682495 0.016243278980255127 0.31968045234680176 0.010608840733766556 0.31760555505752563 0.009578543715178967 0.30499013264973956 0.009803921915590763 0.2667704224586487
0 0.009803921915590763 0.32901755968729657 0.028317073360085487 0.32590516408284503 0.04844006896018982 0.3414669434229533 0.06534337997436523 0.3632534344991048 0.08144176751375198 0.3860774040222168 0.09029588848352432 0.4047514994939168 0.07983192801475525 0.4338001807530721 0.0685630589723587 0.4669986565907796 0.04924498498439789 0.4856727917989095 0.02751215361058712 0.5147214730580648 0.012218681164085865 0.516796350479126 0.011413760483264923 0.4794480800628662 0.012218681164085865 0.4099387725194295
1 0.07017289847135544 0.2366842826207479 0.09995492547750473 0.1899989446004232 0.13617630302906036 0.1816993554433187 0.15790913999080658 0.20037349065144858 0.1844715029001236 0.23564684391021729 0.19735020399093628 0.2709202170372009 0.19091084599494934 0.2864820162455241 0.19574035704135895 0.3217553695042928 0.19252067804336548 0.3528789281845093 0.1723977029323578 0.3622159957885742 0.13698123395442963 0.37674033641815186 0.10880904644727707 0.3850399653116862 0.0959303230047226 0.3850399653116862 0.07661225646734238 0.36117855707804364 0.0613187812268734 0.33731714884440106 0.0637335404753685 0.30930594603220624 0.07258765399456024 0.27195767561594647
1 0.30359959602355957 0.5323580900828043 0.2802569270133972 0.5780060291290283 0.26415854692459106 0.6049797534942627 0.2456454038619995 0.620541493097941 0.20861908793449402 0.6423280239105225 0.1772272139787674 0.6724141438802084 0.15066486597061157 0.6859010060628256 0.13939599692821503 0.700425386428833 0.1281271129846573 0.7149496873219808 0.12249267846345901 0.7450358072916666 0.1257123500108719 0.7637098630269369 0.15146979689598083 0.7792717615763346 0.174812451004982 0.8155825138092041 0.1965452879667282 0.8643428484598795 0.2045944780111313 0.900653600692749 0.2287420630455017 0.9048034350077311 0.2561093270778656 0.9131030241648356 0.273012638092041 0.9110281467437744 0.31889307498931885 0.8570806185404459 0.3277471959590912 0.8529308636983236 0.3172832131385803 0.8332192103068033 0.3076241910457611 0.7937960624694824 0.2875012159347534 0.7637098630269369 0.273012638092041 0.7273991107940674 0.2883061468601227 0.6776014169057211 0.32613736391067505 0.6122419039408366 0.3470652401447296 0.5811183452606201 0.3277471959590912 0.5541446208953857 0.3124537169933319 0.5458450317382812
1 0.3454554080963135 0.03230625887711843 0.3575292229652405 0.08729121088981628 0.37765222787857056 0.12878928581873575 0.4106539189815521 0.15991286436716715 0.42272770404815674 0.1848116914431254 0.4291670620441437 0.2314970294634501 0.44204577803611755 0.2916692892710368 0.4356064200401306 0.3082684874534607 0.4106539189815521 0.32590516408284503 0.3945555090904236 0.3476916551589966 0.3768472671508789 0.3445793390274048 0.3543095588684082 0.3082684874534607 0.33338162302970886 0.28336966037750244 0.3052094280719757 0.26780784130096436 0.2834766209125519 0.26469552516937256 0.2681831419467926 0.2429090142250061 0.270597904920578 0.20867307980855307 0.2762323319911957 0.13605145613352457 0.2762323319911957 0.09351592262585957 0.28428152203559875 0.07069198290506999 0.2947455048561096 0.05513019859790802 0.2947455048561096 0.02919389804204305 0.3168324828147888 0.027160493036111195
1 0.4653884470462799 0.0312688002983729 0.49114587903022766 0.050980394085248314 0.5241475701332092 0.06654216845830281 0.5426607728004456 0.08002905547618866 0.5531246662139893 0.11219005783398946 0.5579542517662048 0.15472559134165445 0.5579542517662048 0.18792406717936197 0.5088541507720947 0.17858699957529703 0.46860814094543457 0.17443718512852988 0.450094997882843 0.176512082417806 0.4307768940925598 0.18273679415384927 0.41789817810058594 0.15368815263112387 0.39536046981811523 0.12671438852945963 0.37604236602783203 0.10181554158528645 0.36557844281196594 0.08002905547618866 0.3526996970176697 0.03645606338977814 0.353355348110199 0.027160493036111195 0.353355348110199 0.027160493036111195 0.409044086933136 0.030231351653734844 0.44204577803611755 0.028156449397404987
1 0.47343766689300537 0.028156449397404987 0.49597543478012085 0.02919389804204305 0.5273672342300415 0.028156449397404987 0.5362213850021362 0.02919389804204305 0.5297819972038269 0.05928000807762146 0.5144885182380676 0.05305529634157816 0.5008049011230469 0.046830584605534874 0.48551145195961 0.040605867902437844
1 0.5458804368972778 0.028156449397404987 0.5788821578025818 0.030231351653734844 0.5995309948921204 0.027160493036111195 0.6392511129379272 0.030231351653734844 0.6682282090187073 0.03230625887711843 0.6835216879844666 0.028156449397404987 0.6923757791519165 0.033343710005283356 0.6964004039764404 0.0572051058212916 0.6955954432487488 0.0852163036664327 0.6794970631599426 0.12463949124018352 0.6424707770347595 0.16510011752446493 0.6215428709983826 0.176512082417806 0.6086641550064087 0.1962236762046814 0.5949805378913879 0.2159352699915568 0.5788821578025818 0.1962236762046814 0.5668083429336548 0.18896150588989258 0.5643935799598694 0.16302520036697388 0.561978816986084 0.12360203266143799 0.5531246662139893 0.08625376224517822 0.5394410490989685 0.05928000807762146 0.5410508513450623 0.04890548686186472
1 0.20861908793449402 0.35599128405253094 0.23920603096485138 0.3808901309967041 0.25691425800323486 0.4068264166514079 0.2714028060436249 0.45039939880371094 0.2778421640396118 0.47633572419484455 0.2883061468601227 0.5095342000325521 0.28669628500938416 0.5396202802658081 0.26737821102142334 0.5676314830780029 0.25449949502944946 0.5966801643371582 0.23518143594264984 0.6122419039408366 0.20861908793449402 0.6298786401748657 0.1820567399263382 0.6506276925404867 0.15871405601501465 0.6661895116170248 0.1353713870048523 0.679676373799642 0.11846807599067688 0.6921257177988688 0.11363855749368668 0.7346612612406412 0.10880904644727707 0.7522979577382406 0.10156476497650146 0.7512604395548502 0.07822208851575851 0.7367361386617025 0.06775813549757004 0.7180620829264323 0.06212369725108147 0.696275552113851 0.04361054673790932 0.6713767051696777 0.017853116616606712 0.6464778184890747 0.009578543715178967 0.6325312852859497 0.011413760483264923 0.5323580900828043 0.032341670244932175 0.5199086666107178 0.0637335404753685 0.4981222152709961 0.08707620948553085 0.4483245213826497 0.09754016250371933 0.4140886068344116 0.10236968100070953 0.39748938878377277 0.12088283896446228 0.3923021157582601 0.1546894609928131 0.3871148427327474 0.1772272139787674 0.37155306339263916 0.1965452879667282 0.3622159957885742
1 0.2142535299062729 0.282332181930542 0.2504749000072479 0.26573296387990314 0.26657330989837646 0.25950825214385986 0.285086452960968 0.27195767561594647 0.31647831201553345 0.282332181930542 0.3293570280075073 0.3010063171386719 0.3454554080963135 0.32901755968729657 0.3575292229652405 0.3497665723164876 0.37523743510246277 0.3570287227630615 0.4009948670864105 0.3622159957885742 0.42514246702194214 0.33212989568710327 0.4460703730583191 0.3134557604789734 0.4774622321128845 0.31968045234680176 0.5080491900444031 0.34042946497599286 0.5354164838790894 0.36117855707804364 0.5402459502220154 0.3808901309967041 0.5338066220283508 0.3964518706003825 0.5201230049133301 0.40371406078338623 0.5040245652198792 0.3943769931793213 0.4879262149333954 0.4140886068344116 0.47182780504226685 0.44728704293568927 0.44929006695747375 0.4835979143778483 0.42514246702194214 0.50538436571757 0.4017997980117798 0.5323580900828043 0.38731124997138977 0.5551820993423462 0.3671882748603821 0.5624442100524902 0.3526996970176697 0.5634816884994507 0.3366013169288635 0.5396202802658081 0.31164881587028503 0.5157588720321655 0.3027946650981903 0.4981222152709961 0.29233071208000183 0.44936196009318036 0.27945199608802795 0.40371406078338623 0.2609388530254364 0.36947814623514813 0.23035190999507904 0.3476916551589966 0.21264368295669556 0.3362797101338704 0.21264368295669556 0.3134557604789734
1 0.36074891686439514 0.5769685506820679 0.3913358449935913 0.5697063604990641 0.409044086933136 0.5935677687327067 0.423532634973526 0.6122419039408366 0.44285067915916443 0.6288411617279053 0.45733925700187683 0.6516651312510172 0.44285067915916443 0.6859010060628256 0.438021183013916 0.7087248961130778 0.3865063190460205 0.7336238225301107 0.3599439859390259 0.7574852307637533 0.34626033902168274 0.783421516418457 0.332576721906662 0.8052080472310384 0.29394057393074036 0.7637098630269369 0.2875012159347534 0.7222118377685547 0.2947455048561096 0.6817512512207031 0.3148684799671173 0.6516651312510172 0.3366013169288635 0.6163917382558187 0.3526996970176697 0.5904554526011149
1 0.5 0.42135079701741535 0.5281721949577332 0.41927584012349445 0.5321968197822571 0.4514368772506714 0.5426607728004456 0.47011101245880127 0.549905002117157 0.493972380956014 0.5555394887924194 0.5261334180831909 0.5651984810829163 0.558294415473938 0.5635886192321777 0.5904554526011149 0.549905002117157 0.6143168210983276 0.5257574319839478 0.624691367149353 0.4935606122016907 0.6267662843068441 0.4702179729938507 0.6298786401748657 0.4533146619796753 0.6267662843068441 0.4203129708766937 0.588380495707194 0.4066292941570282 0.5686689615249634 0.4017997980117798 0.5572570164998373 0.41709327697753906 0.5365079641342163 0.4412408471107483 0.507459282875061 0.4710228741168976 0.47114845116933185 0.4847065210342407 0.4514368772506714 0.4927557110786438 0.43587509791056317
1 0.4710228741168976 0.6464778184890747 0.5104639530181885 0.6381782293319702 0.5547345876693726 0.6267662843068441 0.5692231059074402 0.6101670265197754 0.5949805378913879 0.6278036832809448 0.6038346290588379 0.6475152174631754 0.6223477721214294 0.6630770365397135 0.6247625350952148 0.6744890213012695 0.6014198660850525 0.6672269503275553 0.5845165848731995 0.6744890213012695 0.5684182047843933 0.6973129908243815 0.5555394887924194 0.7325863838195801 0.5515148639678955 0.7605975468953451 0.5482951998710632 0.7948335011800131 0.5410508513450623 0.8269944985707601 0.53783118724823 0.8529308636983236 0.5249525308609009 0.8726423581441244 0.5080491900444031 0.8529308636983236 0.4991950988769531 0.7937960624694824 0.46860814094543457 0.7502230008443197 0.45170482993125916 0.7180620829264323 0.4581441879272461 0.6910882790883383 0.46941304206848145 0.6610021591186523
1 0.334991455078125 0.8612303733825684 0.35591939091682434 0.8716049194335938 0.37282270193099976 0.8850918610890707 0.3792620599269867 0.900653600692749 0.37845712900161743 0.9390393098195394 0.38972601294517517 0.9722378253936768 0.35591939091682434 0.9680879910786947 0.31164881587028503 0.9660131136576334 0.2528896629810333 0.9732752641042074 0.19735020399093628 0.9701628684997559 0.17642229795455933 0.9670504728953043 0.19976496696472168 0.9203651746114095 0.22713223099708557 0.9162153402964274 0.2577191889286041 0.9224400520324707 0.27220773696899414 0.9255524476369222 0.2907208800315857 0.9068783124287924 0.3100389540195465 0.8830169041951498 0.3229176700115204 0.8716049194335938
1 0.34626033902168274 0.8435937563578287 0.35833412408828735 0.7958709398905436 0.38087189197540283 0.7668222586313883 0.40501946210861206 0.7491856416066488 0.42755722999572754 0.7294739882151285 0.4404359459877014 0.7273991107940674 0.4508998990058899 0.7388110955556234 0.46699827909469604 0.7595601876576742 0.4758524000644684 0.7771968046824137 0.4879262149333954 0.7948335011800131 0.4927557110786438 0.8186949094136556 0.5016098022460938 0.8529308636983236 0.5144885182380676 0.8767921924591064 0.5354164838790894 0.8757546742757162 0.5555394887924194 0.8311442534128824 0.5571492910385132 0.7875713507334391 0.5740525722503662 0.7356986999511719 0.5837116241455078 0.7035377025604248 0.6014198660850525 0.679676373799642 0.6223477721214294 0.6910882790883383 0.6473003029823303 0.7128748099009196 0.6577642560005188 0.7346612612406412 0.6601790189743042 0.7574852307637533 0.6537396907806396 0.7823840777079264 0.644080638885498 0.8197323481241862 0.6303970217704773 0.8695300420125326 0.619933009147644 0.8985787232716879 0.6126887202262878 0.9369643529256185 0.6094690561294556 0.9587509632110596 0.6102739572525024 0.9712003072102865 0.5716270804405212 0.9740740458170573 0.5281721949577332 0.9732752641042074 0.4935606122016907 0.9722378253936768 0.4557294249534607 0.9701628684997559 0.4162883460521698 0.9701628684997559 0.4042145609855652 0.9691254297892252 0.3945555090904236 0.9546010494232178 0.3889210820198059 0.9224400520324707 0.38811615109443665 0.8923539320627848 0.37765222787857056 0.8716049194335938 0.36074891686439514 0.8591554959615072
1 0.7229627966880798 0.03645606338977814 0.7124987840652466 0.0582425594329834 0.7036446928977966 0.10907771190007527 0.6947905421257019 0.15265068411827087 0.6915708780288696 0.16821247339248657 0.7237676978111267 0.17236228783925375 0.743890643119812 0.16821247339248657 0.7624038457870483 0.1557630499204 0.7865514159202576 0.10181554158528645 0.8098940849304199 0.06757961710294087 0.8332367539405823 0.040605867902437844 0.83001708984375 0.03230625887711843 0.788966178894043 0.03230625887711843 0.7680382132530212 0.03230625887711843
1 0.8533597588539124 0.033343710005283356 0.834846556186676 0.06757961710294087 0.8058695197105408 0.09455337127049764 0.7929907441139221 0.12048967679341634 0.7760874629020691 0.15265068411827087 0.7632087469100952 0.18273679415384927 0.7672333121299744 0.20141092936197916 0.788966178894043 0.21904762585957846 0.8026497960090637 0.22942215204238892 0.8074793219566345 0.20659820238749185 0.814723551273346 0.18273679415384927 0.8292121291160583 0.1713248093922933 0.8509449362754822 0.1754746437072754 0.8767023682594299 0.1848116914431254 0.8992401361465454 0.18896150588989258 0.9024598598480225 0.20037349065144858 0.8992401361465454 0.21282289425532022 0.8815319538116455 0.23460940519968668 0.8597990870475769 0.25535841782887775 0.8565794229507446 0.26469552516937256 0.8694581389427185 0.2698827584584554 0.8775073289871216 0.2750700116157532 0.89682537317276 0.27403255303700763 0.9161434769630432 0.27195767561594647 0.9354615211486816 0.28336966037750244 0.949950098991394 0.284407099088033 0.9676583409309387 0.2812947432200114 0.9805370569229126 0.2667704224586487 0.9894636273384094 0.2380070686340332 0.9894636273384094 0.060317461689313255 0.9894636273384094 0.0312688002983729 0.9459254741668701 0.03230625887711843 0.9233877062797546 0.03541860977808634
1 0.43158185482025146 0.19518621762593588 0.45411956310272217 0.18584915002187094 0.4895360469818115 0.1848116914431254 0.52897709608078 0.19207386175791422 0.5780772566795349 0.20971053838729858 0.5885411500930786 0.22630979617436728 0.5949805378913879 0.2512086232503255 0.6167133450508118 0.25743335485458374 0.6134936213493347 0.28336966037750244 0.6006149053573608 0.31449321905771893 0.5804919600486755 0.3383546272913615 0.5651984810829163 0.36636583010355633 0.5555394887924194 0.3746654192606608 0.5402459502220154 0.3570287227630615 0.516903281211853 0.33212989568710327 0.4967803359031677 0.31760555505752563 0.4726327061653137 0.31241830190022785 0.45894908905029297 0.305156151453654 0.44768020510673523 0.2875194549560547 0.43963101506233215 0.25743335485458374 0.43480148911476135 0.2159352699915568
1 0.6247625350952148 0.24394647280375162 0.6473003029823303 0.20971053838729858 0.6666183471679688 0.19207386175791422 0.6851314902305603 0.19103642304738364 0.7116938829421997 0.20659820238749185 0.7253775000572205 0.21282289425532022 0.7398660778999329 0.20971053838729858 0.7535496950149536 0.2159352699915568 0.7825268507003784 0.2366842826207479 0.8042595982551575 0.2532835404078166 0.8155285120010376 0.26573296387990314 0.8364564180374146 0.2792198260625203 0.8597990870475769 0.28855689366658527 0.8694581389427185 0.3030812342961629 0.8710679411888123 0.32901755968729657 0.8952155709266663 0.4068264166514079 0.8887761831283569 0.44728704293568927 0.8767023682594299 0.4867102305094401 0.8549696207046509 0.5333956082661947 0.8340416550636292 0.5665940046310425 0.8115038871765137 0.5904554526011149 0.8018448352813721 0.6298786401748657 0.7672333121299744 0.6329909960428873 0.7245725989341736 0.6309160391489664 0.6851314902305603 0.6298786401748657 0.6746675968170166 0.6018674373626709 0.6593740582466125 0.5645190874735514 0.6625937819480896 0.5105715990066528 0.6521298289299011 0.4690735737482707 0.6312019228935242 0.42965038617451984 0.6134936213493347 0.4016391436258952 0.6022248268127441 0.3798526922861735 0.6167133450508118 0.3425043821334839 0.619933009147644 0.3155306577682495 0.623957633972168 0.2761074900627136
1 0.5434656739234924 0.42342567443847656 0.5611739158630371 0.4016391436258952 0.5901510119438171 0.4016391436258952 0.6022248268127441 0.41305116812388104 0.6336166262626648 0.4483245213826497 0.6400560140609741 0.47011101245880127 0.6456904411315918 0.49604729811350506 0.6497150659561157 0.5416951974232992 0.6545445919036865 0.5759311517079672 0.665008544921875 0.5987550417582194 0.6778872609138489 0.6350659132003784 0.6312019228935242 0.6537400484085083 0.615103542804718 0.6329909960428873 0.5869312882423401 0.5914928913116455 0.5700280070304871 0.5344330072402954 0.5660034418106079 0.47114845116933185 0.5523197650909424 0.42965038617451984
0 0.8106989860534668 0.22008506457010904 0.8227728009223938 0.24602137009302774 0.8356515169143677 0.2584708134333293 0.8622138500213623 0.23460940519968668 0.8823368549346924 0.22008506457010904 0.8879712820053101 0.20452328523000082 0.8726778030395508 0.19518621762593588 0.8493351340293884 0.18688660860061646 0.8412859439849854 0.18273679415384927 0.826797366142273 0.1899989446004232 0.817943274974823 0.20141092936197916
0 0.6690331101417542 0.3393920660018921 0.7382562160491943 0.3425043821334839 0.7567693591117859 0.3674032688140869 0.7575743198394775 0.3871148427327474 0.7422807812690735 0.3933395544687907 0.6947905421257019 0.3943769931793213 0.6730576753616333 0.3736279805501302 0.6658134460449219 0.3549538453420003
1 0.8847516179084778 0.3165680964787801 0.9064844250679016 0.2978939612706502 0.9475353360176086 0.305156151453654 0.9579992890357971 0.3476916551589966 0.9732927680015564 0.41823840141296387 0.9749026298522949 0.44417468706766766 0.9692681431770325 0.4804855187733968 0.9378763437271118 0.5001970926920573 0.9008499383926392 0.4981222152709961 0.8911910057067871 0.493972380956014 0.8984352350234985 0.4566241105397542 0.9000450372695923 0.40060170491536456 0.8911910057067871 0.3622159957885742 0.8807269930839539 0.3425043821334839
0 0.953974723815918 0.3103434244791667 0.9789271950721741 0.2864820162455241 0.9894636273384094 0.28014453252156574 0.9893910884857178 0.36429087320963544 0.9894636273384094 0.3661116361618042 0.9894636273384094 0.4348376194636027 0.9765124320983887 0.399564266204834 0.9716829061508179 0.3788152535756429 0.9660484790802002 0.35391636689503986 0.9596090912818909 0.32901755968729657
1 0.6344215869903564 0.6641145944595337 0.669838011264801 0.6444029013315836 0.6988151669502258 0.645440419514974 0.7366464138031006 0.6506276925404867 0.7455005049705505 0.662039597829183 0.7302070260047913 0.6879759629567465 0.7036446928977966 0.7076875368754069 0.6867414116859436 0.721174399058024 0.6714478731155396 0.7201369603474935 0.6505200266838074 0.7035377025604248 0.6336166262626648 0.6807138125101725
1 0.8791171908378601 0.507459282875061 0.85899418592453 0.5396202802658081 0.842090904712677 0.5697063604990641 0.826797366142273 0.6070547103881836 0.8259924650192261 0.6278036832809448 0.8412859439849854 0.6568523645401001 0.8646286129951477 0.6765638987223307 0.891995906829834 0.6848635673522949 0.949950098991394 0.6817512512207031 0.987781286239624 0.6558149655659994 0.9885861873626709 0.4742608467737834 0.9668533802032471 0.5001970926920573 0.9241926670074463 0.5147214730580648 0.8960204720497131 0.5147214730580648
1 0.7543545961380005 0.649590253829956 0.7833317518234253 0.6475152174631754 0.7937957048416138 0.6506276925404867 0.8026497960090637 0.678638776143392 0.809089183807373 0.7097624142964681 0.8139186501502991 0.7315489451090494 0.8195531368255615 0.7502230008443197 0.8308219909667969 0.7585226694742838 0.8485302329063416 0.7782342433929443 0.8670433759689331 0.8031331698099772 0.8807269930839539 0.8290693759918213 0.8879712820053101 0.8446311950683594 0.8791171908378601 0.8529308636983236 0.846920371055603 0.8467060724894205 0.8219678997993469 0.8425563176472982 0.8002350330352783 0.8404814402262369 0.7785021662712097 0.8186949094136556 0.7583792209625244 0.7844589551289877 0.731816828250885 0.7533353169759115 0.6996200680732727 0.7346612612406412 0.7052544951438904 0.7190994421641032 0.7374513149261475 0.6973129908243815 0.7519398331642151 0.6713767051696777
1 0.6706429719924927 0.737773577372233 0.7285971641540527 0.7740844090779623 0.7487201690673828 0.7979458173116049 0.7760874629020691 0.8259570598602295 0.7841366529464722 0.8446311950683594 0.7833317518234253 0.8705674807230631 0.7632087469100952 0.8830169041951498 0.7245725989341736 0.8861292203267416 0.7004250288009644 0.889241615931193 0.6730576753616333 0.9182902971903483 0.6609839200973511 0.955638567606608 0.6561543941497803 0.9701628684997559 0.6360313892364502 0.9712003072102865 0.6247625350952148 0.9712003072102865 0.6255674362182617 0.9400766690572103 0.6336166262626648 0.9027284781138102 0.652934730052948 0.8425563176472982 0.665008544921875 0.7979458173116049 0.6722527742385864 0.7740844090779623 0.6722527742385864 0.7512604395548502
1 0.6690331101417542 0.9722378253936768 0.6875463128089905 0.9307397206624349 0.7052544951438904 0.9110281467437744 0.7430857419967651 0.900653600692749 0.7809169292449951 0.8913165728251139 0.8050644993782043 0.8643428484598795 0.8082842230796814 0.8529308636983236 0.8445056080818176 0.8560431798299154 0.863823652267456 0.8612303733825684 0.8823368549346924 0.8819794654846191 0.8895811438560486 0.9037659168243408 0.8911910057067871 0.9214026133219401 0.8863614201545715 0.946301539738973 0.879922091960907 0.9670504728953043 0.8614089488983154 0.9732752641042074 0.8058695197105408 0.9732752641042074 0.7455005049705505 0.9712003072102865 0.7116938829421997 0.9691254297892252
1 0.8066744208335876 0.654777447382609 0.817943274974823 0.6381782293319702 0.8412859439849854 0.6734515825907389 0.8597990870475769 0.6879759629567465 0.8783122897148132 0.6921257177988688 0.908899188041687 0.6942006746927897 0.9410960078239441 0.6910882790883383 0.962023913860321 0.6859010060628256 0.9837567210197449 0.6713767051696777 0.9894636273384094 0.6740514437357584 0.9894636273384094 0.7273991107940674 0.9894636273384094 0.7969083786010742 0.9894636273384094 0.8508559862772623 0.9894636273384094 0.8830169041951498 0.9837567210197449 0.900653600692749 0.9410960078239441 0.9037659168243408 0.9072893261909485 0.889241615931193 0.9032647609710693 0.8550057411193848 0.9040696620941162 0.8487810293833414 0.8807269930839539 0.8052080472310384 0.863823652267456 0.7751219272613525 0.8501400351524353 0.7491856416066488 0.8259924650192261 0.7232492764790853 0.817943274974823 0.6993878682454427 0.814723551273346 0.679676373799642
1 0.9048746228218079 0.9182902971903483 0.9193631410598755 0.9162153402964274 0.941900908946991 0.9172528584798177 0.9563894271850586 0.9245149294535319 0.970878005027771 0.9276274045308431 0.9861714243888855 0.9307397206624349 0.9845616221427917 0.9639381567637125 0.9874212741851807 0.9740740458170573 0.9330467581748962 0.9732752641042074 0.9105089902877808 0.9732752641042074 0.8911910057067871 0.9691254297892252 0.9056795239448547 0.9411142667134603 0.9032647609710693 0.9286648432413737
1 0.012218681164085865 0.6589272816975912 0.031536754220724106 0.6838261286417643 0.05165974423289299 0.7159871260325114 0.06453845649957657 0.7450358072916666 0.09995492547750473 0.7554102738698324 0.09754016250371933 0.7761593659718832 0.08144176751375198 0.7865338325500488 0.04522038623690605 0.7927586237589518 0.025097396224737167 0.8010581334431967 0.016243278980255127 0.8031331698099772 0.013023599982261658 0.7522979577382406 0.009578543715178967 0.7182556788126627 0.009803921915590763 0.6765638987223307
1 0.013023599982261658 0.8207697868347168 0.047635145485401154 0.8124701182047526 0.07580734044313431 0.7969083786010742 0.1007598415017128 0.78964630762736 0.12007791548967361 0.7937960624694824 0.13456647098064423 0.8072829246520996 0.16354358196258545 0.8301068941752116 0.17642229795455933 0.8508559862772623 0.18608132004737854 0.8788670698801676 0.18769116699695587 0.9027284781138102 0.16595833003520966 0.955638567606608 0.15549437701702118 0.9722378253936768 0.12249267846345901 0.9712003072102865 0.06695321947336197 0.9701628684997559 0.010608840733766556 0.9680879910786947 0.012218681164085865 0.8985787232716879 0.011413760483264923 0.8363316059112549
