1 0.037721600383520126 0.08217611908912659 0.10699217766523361 0.07863974571228027 0.10422800481319427 0.10360870758692424 0.09522192925214767 0.1134319802125295 0.06612537801265717 0.1205761730670929 0.05019155517220497 0.11879012982050578 0.039799924939870834 0.1098598837852478
1 0.03564327582716942 0.11879012982050578 0.05296265333890915 0.13039944569269815 0.05573375150561333 0.1527250607808431 0.05919763073325157 0.1732646425565084 0.057119302451610565 0.18933908144632974 0.048806000500917435 0.2027344306310018 0.035449299961328506 0.21056059996287027 0.03633604943752289 0.1741576592127482 0.037028826773166656 0.1429017980893453
1 0.06058317795395851 0.12861339251200357 0.08967972546815872 0.12414827942848206 0.1014569103717804 0.126827339331309 0.11392686516046524 0.13932969172795615 0.13609565794467926 0.15183204412460327 0.14510174095630646 0.1652273933092753 0.1395595371723175 0.1723715861638387 0.11669795960187912 0.18040883541107178 0.10907743126153946 0.18755300839742026 0.10007135570049286 0.19737629095713297 0.09037250280380249 0.20362746715545654 0.06820370256900787 0.19201813141504923 0.06266149878501892 0.19023209810256958 0.06681815534830093 0.16701346635818481 0.06196872889995575 0.14736692110697427
1 0.10561355203390121 0.11789711316426595 0.11600517481565475 0.13129248221715292 0.12224015593528748 0.1384366750717163 0.13401733338832855 0.14647390445073447 0.14371618628501892 0.15093901753425598 0.15064392983913422 0.16165530681610107 0.15618613362312317 0.1714785893758138 0.1665777564048767 0.16076229015986124 0.17004163563251495 0.1500459909439087 0.17281273007392883 0.12146920959154765 0.17974048852920532 0.10450174411137898 0.17696937918663025 0.08753426869710286 0.16727052628993988 0.0839621623357137 0.14718006551265717 0.07949705421924591 0.12778235971927643 0.08039007584253947 0.11600517481565475 0.08217611908912659 0.10977020859718323 0.09735754132270813
1 0.17766216397285461 0.1527250607808431 0.18528267741203308 0.15986927350362143 0.18320436775684357 0.17058555285135904 0.17766216397285461 0.1830879052480062 0.17211996018886566 0.18933908144632974 0.16519221663475037 0.17683672904968262 0.16934886574745178 0.16790648301442465
1 0.18528267741203308 0.09021333853403728 0.21576479077339172 0.0884272853533427 0.23169861733913422 0.09021333853403728 0.24070468544960022 0.10003661115964253 0.24971076846122742 0.11253896355628967 0.245554119348526 0.12593433260917664 0.24001191556453705 0.13932969172795615 0.23724080622196198 0.1491529643535614 0.2185359001159668 0.15183204412460327 0.21091535687446594 0.1554041306177775 0.20190928876399994 0.15808322032292685 0.19428876042366028 0.15629717707633972 0.1845899075269699 0.14647390445073447 0.17835493385791779 0.1402227282524109 0.17835493385791779 0.12593433260917664 0.18181881308555603 0.11432500680287679 0.18666823208332062 0.10360870758692424
2 0.866973340511322 0.3447253704071045 0.8752865791320801 0.34026022752126056 0.8739010691642761 0.3482974370320638
1 0.8773649334907532 0.2027344306310018 0.8510395288467407 0.2116646965344747 0.8420334458351135 0.2223809758822123 0.8309490084648132 0.24917171398798624 0.8191718459129333 0.27239036560058594 0.813629686832428 0.2866787513097127 0.8240212798118591 0.30811134974161786 0.8378767967224121 0.3357950846354167 0.8454973101615906 0.3482974370320638 0.8690516352653503 0.3536556164423625 0.878812849521637 0.3536556164423625
2 0.6475483775138855 0.43051127592722577 0.6425142288208008 0.42599058151245117 0.6466708779335022 0.42063244183858234 0.6529058218002319 0.42599058151245117
1 0.03607558831572533 0.2169224421183268 0.053969595581293106 0.20538930098215738 0.06099938228726387 0.2012703021367391 0.08081059902906418 0.20621307690938315 0.09295295923948288 0.2185700535774231 0.0916748195886612 0.24657917022705078 0.08975759893655777 0.2704693078994751 0.08656224608421326 0.28117867310841876 0.07314173877239227 0.2943594455718994 0.0705854520201683 0.30754023790359497 0.06930731236934662 0.3289589484532674 0.07122452557086945 0.349553902943929 0.07250267267227173 0.3594394524892171 0.062916599214077 0.3709726730982463 0.050774235278367996 0.3858009974161784 0.047578874975442886 0.3956865866978963 0.035449299961328506 0.40536582469940186 0.035449299961328506 0.32648758093516034 0.035449299961328506 0.26552653312683105
1 0.10062181204557419 0.21362725893656412 0.11404231190681458 0.19138471285502115 0.12618467211723328 0.18726573387781778 0.14088332653045654 0.21033207575480142 0.14983032643795013 0.2243366241455078 0.15877732634544373 0.23092703024546304 0.173475980758667 0.2457553744316101 0.1721978336572647 0.2548171679178874 0.16261175274848938 0.2647027373313904 0.1447177529335022 0.27129310369491577 0.12554560601711273 0.27211689949035645 0.10573438555002213 0.2696455121040344 0.09550924599170685 0.2647027373313904 0.09742645919322968 0.23998878399531046 0.10126089304685593 0.22351282835006714
1 0.0948701724410057 0.27541208267211914 0.11020789295434952 0.27541208267211914 0.11787674576044083 0.2770596742630005 0.11340324580669403 0.285297691822052 0.10509531944990158 0.29271185398101807 0.0993436723947525 0.295183261235555 0.09423109889030457 0.28447385629018146
1 0.08144966512918472 0.2918880581855774 0.09742645919322968 0.3042450547218323 0.10701253265142441 0.32072099049886066 0.11532046645879745 0.33884453773498535 0.11979395896196365 0.35120149453481037 0.12235025316476822 0.36355845133463544 0.11468138545751572 0.36602989832560223 0.1038171723484993 0.3685012658437093 0.09039667248725891 0.3619108994801839 0.07889338582754135 0.344611128171285 0.07697617262601852 0.32401617368062335 0.08081059902906418 0.3050688107808431
1 0.13001911342144012 0.35696808497111004 0.13449262082576752 0.3643823067347209 0.1357707530260086 0.37426785628000897 0.1281019002199173 0.37344404061635333 0.12682375311851501 0.3643823067347209
1 0.05524773523211479 0.40721972783406574 0.06866823881864548 0.41792913277943927 0.07889338582754135 0.41298635800679523 0.09742645919322968 0.3948628107706706 0.10062181204557419 0.3775630791982015 0.0872013121843338 0.3685012658437093 0.08208874613046646 0.3652060826619466 0.07186359167098999 0.37344404061635333 0.06163845211267471 0.3858009974161784
1 0.03607558831572533 0.41463390986124676 0.04566166177392006 0.40969117482503253 0.05205237865447998 0.41710535685221356 0.059721238911151886 0.42451949914296466 0.06866823881864548 0.4319337209065755 0.07250267267227173 0.4418192704518636 0.06930731236934662 0.45417626698811847 0.059082161635160446 0.4615904490152995 0.0463007353246212 0.4714759985605876 0.037992801517248154 0.47229981422424316 0.03735373169183731 0.4525286356608073 0.037992801517248154 0.4352289040883382
1 0.07889338582754135 0.42369572321573895 0.0872013121843338 0.41381017367045086 0.09550924599170685 0.4055721362431844 0.10445624589920044 0.3915676275889079 0.10701253265142441 0.3808582623799642 0.11787674576044083 0.3750916322072347 0.12426746636629105 0.3800344069798787 0.13513168692588806 0.38662485281626385 0.1447177529335022 0.3956865866978963 0.1523866057395935 0.40969117482503253 0.15622104704380035 0.4187529484430949 0.14855217933654785 0.4286385377248128 0.13896611332893372 0.4426430861155192 0.13385352492332458 0.4525286356608073 0.1293800324201584 0.4591190020243327 0.11851581931114197 0.47312359015146893 0.10701253265142441 0.4739474058151245 0.09423109889030457 0.46323804060618085 0.082727812230587 0.45582381884257 0.07761523872613907 0.4525286356608073 0.07697617262601852 0.43934790293375653
1 0.10573438555002213 0.30012603600819904 0.1204330325126648 0.2885928750038147 0.12874096632003784 0.2820025086402893 0.14216147363185883 0.28035491704940796 0.15622104704380035 0.2770596742630005 0.1721978336572647 0.26882171630859375 0.17858855426311493 0.2737644910812378 0.18242298066616058 0.2885928750038147 0.18306204676628113 0.3009498119354248 0.18306204676628113 0.312483012676239 0.17858855426311493 0.31824958324432373 0.16069453954696655 0.3281351923942566 0.1479131132364273 0.33307796716690063 0.13513168692588806 0.3429635365804036 0.13065817952156067 0.3454349438349406 0.11915489286184311 0.32978278398513794 0.11212510615587234 0.31165921688079834
1 0.1312972456216812 0.1831467350323995 0.1459958851337433 0.1831467350323995 0.15366476774215698 0.18149914344151816 0.16325083374977112 0.18479434649149576 0.16836340725421906 0.20374168952306113 0.17475411295890808 0.22021764516830444 0.18178389966487885 0.2383411924044291 0.1779494732618332 0.24081257979075113 0.16964153945446014 0.2325746218363444 0.15877732634544373 0.21939384937286377 0.1447177529335022 0.20291789372762045 0.13832703232765198 0.19303232431411743
1 0.1402442455291748 0.3520253499348958 0.18242298066616058 0.324839989344279 0.19648253917694092 0.33060654004414874 0.20031698048114777 0.34790631135304767 0.2009560465812683 0.3808582623799642 0.19648253917694092 0.39403899510701496 0.173475980758667 0.39321521917978924 0.15430383384227753 0.3882724444071452 0.1447177529335022 0.3849772612253825 0.14152240753173828 0.37014885743459064
1 0.1900918334722519 0.16667077938715616 0.20798583328723907 0.1625518004099528 0.23227053880691528 0.16337559620539346 0.24057850241661072 0.18891332546869913 0.2418566346168518 0.20291789372762045 0.22843612730503082 0.2185700535774231 0.22396261990070343 0.225984255472819 0.1900918334722519 0.2325746218363444 0.18497927486896515 0.23010321458180746 0.1811448335647583 0.21527485052744547 0.17539319396018982 0.19879889488220215 0.18497927486896515 0.18397053082784018
1 0.23738312721252441 0.16008040308952332 0.24569106101989746 0.15349002679189047 0.25591620802879333 0.16172800461451212 0.26230689883232117 0.16831839084625244 0.2642241418361664 0.17655636866887411 0.25911158323287964 0.1864419380823771 0.24824734032154083 0.19220850865046182 0.24377383291721344 0.18232293923695883 0.23993940651416779 0.1724373698234558
1 0.23227053880691528 0.08264340460300446 0.24696919322013855 0.09911935528119405 0.259750634431839 0.11230011781056722 0.27317115664482117 0.11312392354011536 0.28914791345596313 0.11312392354011536 0.29681679606437683 0.10900493462880452 0.2980949282646179 0.08923378586769104 0.29683053493499756 0.07863974571228027 0.27700555324554443 0.07863974571228027 0.24888642132282257 0.08099580804506938
1 0.3025684356689453 0.08017201224962871 0.30320751667022705 0.10570975144704182 0.30320751667022705 0.11477152506510417 0.31662800908088684 0.11724291245142619 0.3326047956943512 0.12300949295361836 0.3447471559047699 0.12383328874905904 0.34858158230781555 0.12383328874905904 0.35305508971214294 0.1065335472424825 0.3536941409111023 0.09088137745857239 0.34858158230781555 0.08099580804506938 0.33324384689331055 0.07934820652008057
1 0.35944581031799316 0.08429100116093953 0.36072394251823425 0.10159075260162354 0.35880669951438904 0.12548089027404785 0.361363023519516 0.13454267382621765 0.36647558212280273 0.14607584476470947 0.3767007291316986 0.14278064171473184 0.38500866293907166 0.136190265417099 0.39523380994796753 0.12053809563318889 0.3997073173522949 0.11477152506510417 0.3945947289466858 0.09500036636988322 0.39015254378318787 0.07863974571228027 0.3722272217273712 0.07934820652008057
1 0.2552771270275116 0.11724291245142619 0.24760828912258148 0.14360445737838745 0.2565552592277527 0.15019482374191284 0.26678040623664856 0.16008040308952332 0.2750883400440216 0.15349002679189047 0.2859525680541992 0.13454267382621765 0.29553863406181335 0.11971429983774821 0.28211814165115356 0.12053809563318889 0.2648632228374481 0.12053809563318889
1 0.30129027366638184 0.12300949295361836 0.29426050186157227 0.13536646962165833 0.28467443585395813 0.1526662309964498 0.2782837152481079 0.160904198884964 0.27125391364097595 0.16749457518259683 0.27125391364097595 0.18232293923695883 0.2872307300567627 0.19056091705958048 0.29873400926589966 0.1864419380823771 0.3140717148780823 0.17655636866887411 0.32174059748649597 0.1650231877962748 0.3383564352989197 0.1650231877962748 0.35177692770957947 0.15760900576909384 0.35497230291366577 0.14937102794647217 0.3524160087108612 0.136190265417099 0.3466643691062927 0.1312474807103475 0.3313266634941101 0.12959988911946616 0.3147107660770416 0.12548089027404785
1 0.3249359130859375 0.18067534764607748 0.33643922209739685 0.18397053082784018 0.35625043511390686 0.1864419380823771 0.35433322191238403 0.17490875720977783 0.35177692770957947 0.16749457518259683 0.3338829278945923 0.16831839084625244 0.326214075088501 0.17078977823257446
1 0.36391928791999817 0.15184243520100912 0.35944581031799316 0.16337559620539346 0.36200207471847534 0.17820396025975546 0.3645583689212799 0.19056091705958048 0.3709490895271301 0.1897371212641398 0.3767007291316986 0.18561814228693643 0.37861794233322144 0.16337559620539346 0.37861794233322144 0.15019482374191284
1 0.39523380994796753 0.08264340460300446 0.40481987595558167 0.10159075260162354 0.4086543023586273 0.11312392354011536 0.41951853036880493 0.11477152506510417 0.432299941778183 0.11477152506510417 0.4444423019886017 0.10735734303792317 0.45594561100006104 0.09664796789487202 0.471922367811203 0.0851147969563802 0.4783130884170532 0.08181960880756378 0.452111154794693 0.08099580804506938 0.42399200797080994 0.08099580804506938 0.4041808247566223 0.08099580804506938
1 0.4067370891571045 0.12136190136273702 0.4188794493675232 0.12383328874905904 0.432299941778183 0.12877607345581055 0.44124695658683777 0.14442825317382812 0.44572046399116516 0.1559614141782125 0.447637677192688 0.1699659824371338 0.4495548605918884 0.18149914344151816 0.4572237730026245 0.19550371170043945 0.46041908860206604 0.20374168952306113 0.45466747879981995 0.2144510547320048 0.4463595151901245 0.21939384937286377 0.43677347898483276 0.22021764516830444 0.42590925097465515 0.22104144096374512 0.41504502296447754 0.22104144096374512 0.41057151556015015 0.21033207575480142 0.4003463685512543 0.19879889488220215 0.3901212215423584 0.18891332546869913 0.38500866293907166 0.17326116561889648 0.3843695819377899 0.15184243520100912 0.3869258761405945 0.1411330501238505 0.39715099334716797 0.13042368491490683
1 0.19200904667377472 0.23916498819986978 0.21054212749004364 0.23669360081354776 0.22587984800338745 0.23669360081354776 0.23354871571063995 0.24905057748158774 0.23482684791088104 0.258112370967865 0.22524075210094452 0.26223134994506836 0.21373748779296875 0.2638789415359497 0.20479048788547516 0.26552653312683105 0.1977607011795044 0.2696455121040344 0.19073089957237244 0.2737644910812378 0.18178389966487885 0.26305514574050903 0.17986668646335602 0.25399335225423175
1 0.23354871571063995 0.23010321458180746 0.24121755361557007 0.21280346314112344 0.25272083282470703 0.19797509908676147 0.2642241418361664 0.19220850865046182 0.27444928884506226 0.19467991590499878 0.28211814165115356 0.19962269067764282 0.2859525680541992 0.21362725893656412 0.29106512665748596 0.2243366241455078 0.2872307300567627 0.2325746218363444 0.27253207564353943 0.2424601912498474 0.25272083282470703 0.25893616676330566 0.24505198001861572 0.25728853543599445 0.23930035531520844 0.24410778284072876
1 0.2929823696613312 0.2004464864730835 0.31343263387680054 0.18726573387781778 0.31982335448265076 0.18808952967325845 0.33643922209739685 0.19138471285502115 0.3556113839149475 0.1938561201095581 0.34985974431037903 0.2144510547320048 0.34282994270324707 0.22680803140004477 0.326214075088501 0.22763184706370035 0.3102372884750366 0.22680803140004477 0.3019293546676636 0.22516043980916342 0.29681679606437683 0.21939384937286377 0.2948995530605316 0.21197966734568277
1 0.25591620802879333 0.2679979205131531 0.2706148624420166 0.2556409438451131 0.28467443585395813 0.24822678168614706 0.29681679606437683 0.23339841763178507 0.3070419430732727 0.2317508061726888 0.31790614128112793 0.2350460092226664 0.334522008895874 0.23751739660898843 0.346025288105011 0.24410778284072876 0.34730345010757446 0.260583758354187 0.35177692770957947 0.27541208267211914 0.34858158230781555 0.28365010023117065 0.3370783030986786 0.295183261235555 0.3249359130859375 0.3050688107808431 0.3140717148780823 0.31413060426712036 0.3038465678691864 0.3256637652715047 0.29745587706565857 0.3314303755760193 0.2859525680541992 0.324839989344279 0.27253207564353943 0.31413060426712036 0.26230689883232117 0.3091878294944763 0.25911158323287964 0.29600703716278076 0.2584725022315979 0.2828262646993001
1 0.18945276737213135 0.2820025086402893 0.20159512758255005 0.2745883067448934 0.21373748779296875 0.2704693078994751 0.22843612730503082 0.2679979205131531 0.2418566346168518 0.26552653312683105 0.24696919322013855 0.2787073254585266 0.2508036196231842 0.2976546287536621 0.25016456842422485 0.31165921688079834 0.23802219331264496 0.3190733790397644 0.21948911249637604 0.32401617368062335 0.20159512758255005 0.3281351923942566 0.19136998057365417 0.31165921688079834
1 0.20351232588291168 0.33884453773498535 0.22907520830631256 0.33390172322591144 0.24505198001861572 0.3289589484532674 0.25016456842422485 0.33884453773498535 0.25335991382598877 0.349553902943929 0.25272083282470703 0.3652060826619466 0.24888642132282257 0.3750916322072347 0.2309924066066742 0.3800344069798787 0.21054212749004364 0.38744862874348956 0.20415142178535461 0.3890961805979411 0.20479048788547516 0.3643823067347209
1 0.16388989984989166 0.4154577652613322 0.19264812767505646 0.40886735916137695 0.19839976727962494 0.4022769530614217 0.18753555417060852 0.401453177134196 0.17411504685878754 0.401453177134196 0.16261175274848938 0.398981769879659 0.15174753963947296 0.3948628107706706 0.15877732634544373 0.4080435434977214
1 0.03671466186642647 0.4863043626149495 0.05141330882906914 0.47559499740600586 0.06355566531419754 0.4648856321970622 0.07889338582754135 0.46735699971516925 0.0948701724410057 0.47312359015146893 0.10956881940364838 0.48383299509684247 0.11659860610961914 0.4887757698694865 0.11915489286184311 0.5027803182601929 0.1204330325126648 0.514313538869222 0.11979395896196365 0.5200800895690918 0.11723767966032028 0.5250228643417358 0.1038171723484993 0.5340846379597982 0.08784038573503494 0.5423226356506348 0.07122452557086945 0.5472654104232788 0.04885701835155487 0.5464416344960531 0.035449299961328506 0.5448703765869141
1 0.037992801517248154 0.5522081851959229 0.05716495215892792 0.5555034478505453 0.06547287851572037 0.558798631032308 0.06419473886489868 0.5736269156138102 0.053969595581293106 0.5760983228683472 0.04246630519628525 0.5719793637593588 0.035449299961328506 0.5695124467213949
1 0.04374444857239723 0.5826886892318726 0.06036030873656273 0.5826886892318726 0.06802916526794434 0.5901028315226237 0.07761523872613907 0.5983408689498901 0.08017152547836304 0.6065789063771566 0.07569802552461624 0.618935743967692 0.06994638592004776 0.6279975573221842 0.06099938228726387 0.6337641477584839 0.04885701835155487 0.6214071909586588 0.04374444857239723 0.5999885400136312
1 0.03927094489336014 0.6074026823043823 0.044383518397808075 0.6181120077768961 0.04821794852614403 0.6321166356404623 0.05269145220518112 0.6362355947494507 0.05524773523211479 0.6428259611129761 0.05269145220518112 0.655182957649231 0.053969595581293106 0.6691874663035074 0.056525882333517075 0.6873110135396322 0.062277521938085556 0.700491746266683 0.0705854520201683 0.7169677416483561 0.07441987842321396 0.7285010019938151 0.05780402198433876 0.7400341033935547 0.03991001844406128 0.7375627358754476 0.03735373169183731 0.6980203787485758 0.035449299961328506 0.6661065419514974 0.035449299961328506 0.6403545538584391 0.035449299961328506 0.6197596391042074
1 0.07378081232309341 0.5555034478505453 0.08975759893655777 0.5497368176778158 0.10445624589920044 0.5431464513142904 0.11723767966032028 0.5390273729960123 0.12746281921863556 0.5414988199869791 0.13385352492332458 0.5456177393595377 0.14855217933654785 0.5513843695322672 0.15494289994239807 0.556327223777771 0.160055473446846 0.5711554686228434 0.16069453954696655 0.5802172819773356 0.15174753963947296 0.5826886892318726 0.1357707530260086 0.5793935060501099 0.11723767966032028 0.5843363602956136 0.10765159875154495 0.590926726659139 0.0948701724410057 0.5950456857681274 0.08592317253351212 0.5975170930226644 0.0750589519739151 0.5859838724136353 0.07186359167098999 0.5785697301228842 0.0705854520201683 0.5695079565048218
1 0.12490653246641159 0.48136154810587567 0.14088332653045654 0.45417626698811847 0.15558196604251862 0.43275749683380127 0.16261175274848938 0.42451949914296466 0.18370111286640167 0.4162815411885579 0.19712162017822266 0.4154577652613322 0.21182027459144592 0.4426430861155192 0.2143765538930893 0.45500004291534424 0.20734676718711853 0.46982840696970624 0.20670770108699799 0.49454236030578613 0.20798583328723907 0.5068992773691813 0.20479048788547516 0.5209039052327474 0.18434017896652222 0.5307894547780355 0.16708526015281677 0.5414988199869791 0.15749917924404144 0.5472654104232788 0.14216147363185883 0.5398512681325277 0.12746281921863556 0.5266704559326172 0.12746281921863556 0.510194460550944 0.12746281921863556 0.4986613194147746 0.12554560601711273 0.49042336146036786
1 0.2099030464887619 0.398981769879659 0.23610499501228333 0.3882724444071452 0.25272083282470703 0.3833295901616414 0.2629459798336029 0.3890961805979411 0.27253207564353943 0.398981769879659 0.2763664722442627 0.40639599164326984 0.27572742104530334 0.4220481316248576 0.2750883400440216 0.4401716391245524 0.26997578144073486 0.4459382692972819 0.25463807582855225 0.44346686204274494 0.23674404621124268 0.44346686204274494 0.22268447279930115 0.44429067770640057 0.20798583328723907 0.4253433148066203 0.20287325978279114 0.41298635800679523
1 0.25783342123031616 0.3166019916534424 0.27253207564353943 0.32648758093516034 0.2859525680541992 0.33637317021687824 0.29745587706565857 0.34708253542582196 0.29745587706565857 0.3619108994801839 0.28786978125572205 0.3783868153889974 0.27700555324554443 0.3890961805979411 0.26358506083488464 0.3808582623799642 0.25783342123031616 0.3750916322072347 0.259750634431839 0.36026326815287274 0.2571943402290344 0.337196946144104 0.25144270062446594 0.32978278398513794
1 0.3083200752735138 0.33802072207132977 0.3249359130859375 0.3166019916534424 0.34219086170196533 0.302597443262736 0.3466643691062927 0.302597443262736 0.35497230291366577 0.31083542108535767 0.35944581031799316 0.32319239775339764 0.3504987955093384 0.3429635365804036 0.34219086170196533 0.3643823067347209 0.3383564352989197 0.37014885743459064 0.32429686188697815 0.3709726730982463 0.30576378107070923 0.36355845133463544 0.3038465678691864 0.35037771860758465
1 0.361363023519516 0.19879889488220215 0.37414446473121643 0.20209409793217978 0.3824523687362671 0.21609864632288614 0.3869258761405945 0.23751739660898843 0.3856477439403534 0.2614075541496277 0.38181328773498535 0.27129310369491577 0.36519744992256165 0.2737644910812378 0.35944581031799316 0.2704693078994751 0.3556113839149475 0.25728853543599445 0.3504987955093384 0.24081257979075113 0.34858158230781555 0.2350460092226664 0.3556113839149475 0.22021764516830444 0.35944581031799316 0.20950827995936075
1 0.381174236536026 0.19467991590499878 0.3869258761405945 0.19303232431411743 0.3977901041507721 0.20291789372762045 0.40481987595558167 0.21527485052744547 0.4086543023586273 0.22351282835006714 0.3977901041507721 0.23010321458180746 0.38948217034339905 0.2218652367591858 0.3856477439403534 0.21033207575480142 0.381174236536026 0.20374168952306113
1 0.43613436818122864 0.12053809563318889 0.45338931679725647 0.11230011781056722 0.47256144881248474 0.09829555948575337 0.48023033142089844 0.09335277477900188 0.48470383882522583 0.10488595565160115 0.48789918422698975 0.12218569715817769 0.4840647280216217 0.136190265417099 0.4808693826198578 0.1452520489692688 0.4751177430152893 0.14772343635559082 0.46233633160591125 0.1485472321510315 0.45147213339805603 0.14772343635559082 0.443164199590683 0.13536646962165833 0.4399688243865967 0.12877607345581055
1 0.3958728611469269 0.23916498819986978 0.41057151556015015 0.2317508061726888 0.42718738317489624 0.2292794386545817 0.44380322098731995 0.22845562299092612 0.45019394159317017 0.22845562299092612 0.452111154794693 0.24410778284072876 0.45594561100006104 0.26305514574050903 0.4572237730026245 0.27129310369491577 0.44380322098731995 0.2828262646993001 0.4265483021736145 0.3009498119354248 0.41951853036880493 0.31165921688079834 0.4054589569568634 0.3083639939626058 0.3977901041507721 0.287769079208374 0.39267751574516296 0.2737644910812378 0.39267751574516296 0.25893616676330566 0.39523380994796753 0.24905057748158774
1 0.2827572226524353 0.3956865866978963 0.2961777150630951 0.379210631052653 0.3006511926651001 0.371796449025472 0.30640286207199097 0.3726202646891276 0.31790614128112793 0.3759154478708903 0.3338829278945923 0.3800344069798787 0.3434689939022064 0.38744862874348956 0.3479425013065338 0.39733417828877765 0.3536941409111023 0.41051499048868817 0.3524160087108612 0.4228719075520833 0.34858158230781555 0.4311099052429199 0.334522008895874 0.44346686204274494 0.32301872968673706 0.4525286356608073 0.30768099427223206 0.4451144536336263 0.29234328866004944 0.4344051281611125 0.2827572226524353 0.4319337209065755 0.2827572226524353 0.4154577652613322
1 0.22140634059906006 0.45170485973358154 0.24760828912258148 0.4492334524790446 0.2603897154331207 0.45170485973358154 0.26550227403640747 0.45417626698811847 0.2674194872379303 0.4624141852060954 0.26230689883232117 0.47641881306966144 0.25463807582855225 0.49124717712402344 0.24696919322013855 0.5011327266693115 0.2386612743139267 0.5085469086964926 0.23163148760795593 0.5110182762145996 0.2220454216003418 0.5052517255147299 0.21565468609333038 0.5044279098510742 0.213098406791687 0.4863043626149495 0.213098406791687 0.4706522226333618 0.21693283319473267 0.4615904490152995
1 0.3511378765106201 0.29271185398101807 0.3600848913192749 0.28035491704940796 0.37286630272865295 0.2795310815175374 0.38500866293907166 0.28035491704940796 0.38948217034339905 0.287769079208374 0.39395567774772644 0.3017736275990804 0.3945947289466858 0.312483012676239 0.38820400834083557 0.32319239775339764 0.3824523687362671 0.324839989344279 0.3722272217273712 0.3190733790397644 0.36328020691871643 0.3157781958580017 0.35752856731414795 0.3009498119354248
1 0.3658365309238434 0.32648758093516034 0.3798961043357849 0.3314303755760193 0.38948217034339905 0.337196946144104 0.39715099334716797 0.3454349438349406 0.400985449552536 0.3553205331166585 0.40162450075149536 0.3685012658437093 0.4003463685512543 0.3849772612253825 0.3990682363510132 0.39321521917978924 0.38628679513931274 0.3956865866978963 0.37733978033065796 0.39733417828877765 0.36519744992256165 0.39733417828877765 0.35625043511390686 0.3956865866978963 0.3466643691062927 0.3800344069798787 0.3466643691062927 0.3693250815073649 0.35433322191238403 0.35037771860758465 0.361363023519516 0.337196946144104
1 0.3920384347438812 0.32978278398513794 0.400985449552536 0.31742578744888306 0.4112105965614319 0.3166019916534424 0.4201575815677643 0.32401617368062335 0.4220748245716095 0.33554935455322266 0.42271390557289124 0.34378735224405926 0.41632315516471863 0.35120149453481037 0.40801525115966797 0.35779186089833576 0.4035417437553406 0.34708253542582196 0.3997073173522949 0.33802072207132977
1 0.427826464176178 0.3157781958580017 0.4418860375881195 0.29353564977645874 0.45275023579597473 0.2828262646993001 0.46233633160591125 0.27788348992665607 0.471922367811203 0.28447385629018146 0.4783130884170532 0.28694528341293335 0.4795912504196167 0.3083639939626058 0.482786625623703 0.32648758093516034 0.48534291982650757 0.3462587197621663 0.48598194122314453 0.3528490861256917 0.4763959050178528 0.3553205331166585 0.4642535150051117 0.35367290178934735 0.44699859619140625 0.34790631135304767 0.43357810378074646 0.34378735224405926 0.427826464176178 0.33884453773498535 0.4284655451774597 0.32731135686238605
1 0.3581676483154297 0.4253433148066203 0.35944581031799316 0.41133872667948407 0.3626411557197571 0.4055721362431844 0.3754225969314575 0.4047483603159587 0.3913993835449219 0.4022769530614217 0.40609800815582275 0.4080435434977214 0.40162450075149536 0.4187529484430949 0.39076030254364014 0.42699090639750165 0.38181328773498535 0.43687645594278973 0.3715881407260895 0.4344051281611125
1 0.40801525115966797 0.36602989832560223 0.423352986574173 0.35449667771657306 0.43038272857666016 0.35037771860758465 0.4482767581939697 0.3586157162984212 0.4751177430152893 0.3619108994801839 0.48470383882522583 0.36355845133463544 0.48470383882522583 0.371796449025472 0.47447869181632996 0.3808582623799642 0.4642535150051117 0.39321521917978924 0.44891583919525146 0.40639599164326984 0.4374125599861145 0.41463390986124676 0.4284655451774597 0.41463390986124676 0.4156840741634369 0.40639599164326984 0.4112105965614319 0.39733417828877765 0.40801525115966797 0.3890961805979411 0.40737617015838623 0.379210631052653
1 0.452111154794693 0.15349002679189047 0.4815084636211395 0.15349002679189047 0.48470383882522583 0.16831839084625244 0.48470383882522583 0.18067534764607748 0.47895216941833496 0.18808952967325845 0.467448890209198 0.19550371170043945 0.46233633160591125 0.19550371170043945 0.4553065299987793 0.17820396025975546 0.45466747879981995 0.16667077938715616
1 0.48598194122314453 0.0851147969563802 0.4904554784297943 0.0958241621653239 0.4962071180343628 0.11230011781056722 0.507071316242218 0.11806670824686687 0.5256044268608093 0.11559532086054485 0.5524454116821289 0.11724291245142619 0.558197021484375 0.11724291245142619 0.5658658742904663 0.10406214992205302 0.5728957056999207 0.08840999007225037 0.5677831172943115 0.08429100116093953 0.5518063306808472 0.08429100116093953 0.5287997126579285 0.08676238854726155 0.5064322352409363 0.0851147969563802 0.4936508238315582 0.08264340460300446
1 0.49684619903564453 0.12630468606948853 0.5109057426452637 0.12218569715817769 0.5287997126579285 0.12218569715817769 0.5473328232765198 0.12300949295361836 0.5556407570838928 0.12548089027404785 0.5594751834869385 0.13454267382621765 0.5562798380851746 0.14195684591929117 0.546693742275238 0.15678520997365317 0.5415812134742737 0.1699659824371338 0.5326341986656189 0.18149914344151816 0.5198527574539185 0.18891332546869913 0.5089884996414185 0.19220850865046182 0.5006805658340454 0.18561814228693643 0.4949289560317993 0.17161357402801514 0.48917731642723083 0.15431382258733115 0.4885382652282715 0.14278064171473184
1 0.4885382652282715 0.18808952967325845 0.5013197064399719 0.1971513032913208 0.5109057426452637 0.21197966734568277 0.5121839046478271 0.22516043980916342 0.5134620666503906 0.24410778284072876 0.5077103972434998 0.2523457606633504 0.4930117428302765 0.2679979205131531 0.48214754462242126 0.2737644910812378 0.4738396108150482 0.272940715154012 0.46553167700767517 0.2671741247177124 0.4585018754005432 0.2457553744316101 0.4572237730026245 0.225984255472819 0.46041908860206604 0.21527485052744547 0.4687270522117615 0.20291789372762045 0.4751177430152893 0.19632750749588013
1 0.4840647280216217 0.2795310815175374 0.5006805658340454 0.27129310369491577 0.5096275806427002 0.2614075541496277 0.5224090814590454 0.258112370967865 0.5307170152664185 0.2638789415359497 0.5371077060699463 0.27211689949035645 0.5358295440673828 0.28694528341293335 0.5364686250686646 0.3042450547218323 0.5262434482574463 0.312483012676239 0.5121839046478271 0.3281351923942566 0.49684619903564453 0.34378735224405926 0.49237266182899475 0.3487301270167033 0.48917731642723083 0.33637317021687824 0.48598194122314453 0.31824958324432373 0.48470383882522583 0.3042450547218323 0.48470383882522583 0.29271185398101807
1 0.27253207564353943 0.4566476345062256 0.2853134870529175 0.44346686204274494 0.3051247000694275 0.45170485973358154 0.3172670900821686 0.46076663335164386 0.31982335448265076 0.4854805866877238 0.3204624354839325 0.5044279098510742 0.3095982074737549 0.5192562739054362 0.29681679606437683 0.5398512681325277 0.28786978125572205 0.5480891863505045 0.2648632228374481 0.5555034478505453 0.25016456842422485 0.558798631032308 0.2463301420211792 0.556327223777771 0.2418566346168518 0.5340846379597982 0.23802219331264496 0.5209039052327474 0.2539989948272705 0.5044279098510742 0.26550227403640747 0.4854805866877238 0.2693367004394531 0.47559499740600586 0.27125391364097595 0.46653322378794354
1 0.3236577808856964 0.46323804060618085 0.3383564352989197 0.448409636815389 0.35497230291366577 0.43687645594278973 0.3747835159301758 0.448409636815389 0.3856477439403534 0.45994285742441815 0.3901212215423584 0.4714759985605876 0.38820400834083557 0.48300917943318683 0.381174236536026 0.4863043626149495 0.3690318763256073 0.4863043626149495 0.3504987955093384 0.49124717712402344 0.3402736485004425 0.49701372782389325 0.3249359130859375 0.5019565423329672 0.3236577808856964 0.4772425889968872
1 0.16388989984989166 0.5538557767868042 0.18497927486896515 0.5414988199869791 0.2022341936826706 0.5283180475234985 0.21501563489437103 0.5176087220509847 0.22524075210094452 0.5167849063873291 0.22907520830631256 0.5209039052327474 0.23227053880691528 0.536556084950765 0.23802219331264496 0.5489130020141602 0.23930035531520844 0.5637413263320923 0.23354871571063995 0.5736269156138102 0.22268447279930115 0.5785697301228842 0.20159512758255005 0.5818649530410767 0.18370111286640167 0.581041177113851 0.16644619405269623 0.5818649530410767 0.16516803205013275 0.5695079565048218
1 0.11212510615587234 0.5958694616953532 0.12618467211723328 0.5892790953318278 0.13513168692588806 0.5876315434773763 0.14216147363185883 0.5876315434773763 0.15174753963947296 0.5901028315226237 0.15877732634544373 0.5925742785135905 0.16197268664836884 0.6148168245951334 0.15877732634544373 0.6296451886494955 0.14727404713630676 0.6403545538584391 0.13960517942905426 0.6461211442947388 0.13065817952156067 0.6428259611129761 0.12490653246641159 0.6378831068674723 0.11659860610961914 0.6255262692769369 0.11468138545751572 0.6139930486679077
1 0.08784038573503494 0.6057550112406412 0.10637345910072327 0.5999885400136312 0.10765159875154495 0.6181120077768961 0.11340324580669403 0.635411818822225 0.11468138545751572 0.6444734732309977 0.10189995914697647 0.6560066938400269 0.08911853283643723 0.6658922831217448 0.07953245937824249 0.6757778326670328 0.06611195206642151 0.6807206471761068 0.059721238911151886 0.6798969109853109 0.06036030873656273 0.6502401034037272 0.06163845211267471 0.6403545538584391 0.07186359167098999 0.6304689645767212 0.08017152547836304 0.6205834150314331
1 0.06163845211267471 0.689782460530599 0.08081059902906418 0.6840159098307291 0.09231388568878174 0.6741302808125814 0.10892975330352783 0.6617733240127563 0.11979395896196365 0.6518877347310384 0.13513168692588806 0.655182957649231 0.14088332653045654 0.6609495480855306 0.13960517942905426 0.6774254639943441 0.13640981912612915 0.6881348292032877 0.1312972456216812 0.6988442738850912 0.12298932671546936 0.7062584559122721 0.11404231190681458 0.7153201897939047 0.10509531944990158 0.7235581080118815 0.09295295923948288 0.7268533706665039 0.08081059902906418 0.7260295550028483 0.07569802552461624 0.7136725584665934 0.07186359167098999 0.7029631932576498
1 0.1447177529335022 0.6889586448669434 0.15813826024532318 0.7037870089213053 0.16325083374977112 0.7153201897939047 0.16964153945446014 0.7276771863301595 0.17155875265598297 0.7408579190572103 0.16644619405269623 0.7515672047932943 0.15430383384227753 0.7631004651387533 0.13960517942905426 0.7812240123748779 0.1281019002199173 0.7878143787384033 0.11084696650505066 0.7894619305928549 0.09678738564252853 0.7812240123748779 0.08975759893655777 0.7696908315022787 0.09231388568878174 0.7532149155934652 0.09998274594545364 0.7425054709116617 0.10765159875154495 0.7359150250752767 0.11532046645879745 0.7293246587117513 0.12554560601711273 0.7112011909484863 0.13896611332893372 0.6988442738850912
1 0.037992801517248154 0.7449768384297689 0.056525882333517075 0.7474482854207357 0.06994638592004776 0.7523910999298096 0.07953245937824249 0.761452833811442 0.08144966512918472 0.7754574616750082 0.0916748195886612 0.7869905630747477 0.12107209861278534 0.7935810089111328 0.1357707530260086 0.7902858257293701 0.1491912603378296 0.7853430112202963 0.1523866057395935 0.7977000077565511 0.15877732634544373 0.8084093729654948 0.15558196604251862 0.813352108001709 0.1293800324201584 0.813352108001709 0.10637345910072327 0.8141759236653646 0.08464502543210983 0.8158235549926758 0.053969595581293106 0.8125283718109131 0.041827235370874405 0.813352108001709 0.035449299961328506 0.8108856678009033 0.035449299961328506 0.7771050135294596 0.037992801517248154 0.7581575711568197
1 0.1645289659500122 0.590926726659139 0.17731039226055145 0.586807648340861 0.19648253917694092 0.5876315434773763 0.22332355380058289 0.5859838724136353 0.23354871571063995 0.586807648340861 0.2354659140110016 0.6098740895589193 0.2431347817182541 0.6181120077768961 0.25144270062446594 0.6337641477584839 0.2571943402290344 0.6527115106582642 0.2539989948272705 0.6790730158487955 0.2431347817182541 0.6971966425577799 0.22907520830631256 0.7095535596211752 0.21693283319473267 0.7252057393391927 0.2054295539855957 0.7416817347208658 0.18817462027072906 0.744153102238973 0.17922762036323547 0.7466245492299398 0.17539319396018982 0.7285010019938151 0.1658071130514145 0.7079060077667236 0.15302567183971405 0.689782460530599 0.14535681903362274 0.6798969109853109 0.1479131132364273 0.6560066938400269 0.15622104704380035 0.6395307779312134 0.16836340725421906 0.6214071909586588 0.16836340725421906 0.6049312353134155
1 0.23993940651416779 0.5777459939320883 0.24824734032154083 0.5686841805775961 0.2642241418361664 0.564565102259318 0.29234328866004944 0.5546795527140299 0.30320751667022705 0.5555034478505453 0.30768099427223206 0.5744508107503256 0.31343263387680054 0.588455319404602 0.3140717148780823 0.6016360521316528 0.3127935826778412 0.6238785982131958 0.31343263387680054 0.6452973683675131 0.3140717148780823 0.6625970999399821 0.30768099427223206 0.6733065446217855 0.29745587706565857 0.6848395665486654 0.2885088622570038 0.6963728268941244 0.2763664722442627 0.6996680100758871 0.25272083282470703 0.6963728268941244 0.26230689883232117 0.6658922831217448 0.2616678476333618 0.6436497370402018 0.2520817816257477 0.6205834150314331 0.24377383291721344 0.6065789063771566 0.23993940651416779 0.5958694616953532
1 0.3140717148780823 0.5571509599685669 0.3268531560897827 0.5555034478505453 0.34091272950172424 0.5571509599685669 0.35497230291366577 0.5637413263320923 0.3600848913192749 0.5670365492502848 0.36072394251823425 0.5769220987955729 0.3536941409111023 0.588455319404602 0.3466643691062927 0.590926726659139 0.3358001708984375 0.590926726659139 0.3249359130859375 0.586807648340861 0.31662800908088684 0.5769220987955729 0.3127935826778412 0.5662127733230591
1 0.30320751667022705 0.5456177393595377 0.3172670900821686 0.5250228643417358 0.3249359130859375 0.512665867805481 0.34282994270324707 0.5019565423329672 0.3645583689212799 0.49783754348754883 0.381174236536026 0.49783754348754883 0.3945947289466858 0.536556084950765 0.3920384347438812 0.556327223777771 0.38756492733955383 0.5653889973958334 0.36839279532432556 0.5662127733230591 0.35752856731414795 0.5546795527140299 0.3338829278945923 0.5480891863505045 0.3147107660770416 0.5505605936050415
1 0.38756492733955383 0.4451144536336263 0.40290266275405884 0.426167090733846 0.4156840741634369 0.41710535685221356 0.427826464176178 0.4253433148066203 0.43357810378074646 0.4377003113428752 0.43357810378074646 0.45500004291534424 0.427826464176178 0.46323804060618085 0.40481987595558167 0.4690045913060506 0.3965119421482086 0.46735699971516925
1 0.3913993835449219 0.48795191446940106 0.3997073173522949 0.47971399625142414 0.4131278097629547 0.4772425889968872 0.43038272857666016 0.47559499740600586 0.43932974338531494 0.47559499740600586 0.4495548605918884 0.47889018058776855 0.4597800374031067 0.4928947687149048 0.462975412607193 0.5027803182601929 0.4572237730026245 0.5134896437327067 0.4553065299987793 0.5291418234507242 0.43485620617866516 0.5307894547780355 0.4201575815677643 0.536556084950765 0.40737617015838623 0.5398512681325277 0.3990682363510132 0.5283180475234985 0.3958728611469269 0.510194460550944
1 0.4386906623840332 0.42122431596120197 0.4386906623840332 0.44676204522450763 0.44252511858940125 0.46406181653340656 0.4553065299987793 0.47641881306966144 0.4642535150051117 0.48795191446940106 0.4732005298137665 0.49783754348754883 0.48214754462242126 0.49124717712402344 0.48917731642723083 0.48136154810587567 0.5045150518417358 0.4533524513244629 0.5083494782447815 0.4459382692972819 0.5109057426452637 0.43275749683380127 0.5128229856491089 0.4080435434977214 0.5121839046478271 0.39321521917978924 0.5045150518417358 0.3858009974161784 0.49237266182899475 0.379210631052653 0.4783130884170532 0.39074381192525226 0.4751177430152893 0.3948628107706706 0.46233633160591125 0.40639599164326984 0.4495548605918884 0.41710535685221356
1 0.4930117428302765 0.35779186089833576 0.5045150518417358 0.344611128171285 0.5160183310508728 0.33307796716690063 0.5236871838569641 0.32319239775339764 0.5358295440673828 0.31742578744888306 0.5415812134742737 0.31083542108535767 0.5434983968734741 0.34131590525309247 0.5422202944755554 0.35779186089833576 0.5409421324729919 0.36685363451639813 0.5339123606681824 0.3775630791982015 0.5211309194564819 0.3833295901616414 0.5166574120521545 0.3833295901616414 0.5064322352409363 0.3775630791982015 0.49876338243484497 0.371796449025472 0.49428990483283997 0.3693250815073649
1 0.5217700004577637 0.39321521917978924 0.5409421324729919 0.3816819985707601 0.5530844926834106 0.3800344069798787 0.566504955291748 0.38744862874348956 0.5741738080978394 0.40392454465230304 0.5760910511016846 0.4162815411885579 0.5722566246986389 0.4344051281611125 0.5658658742904663 0.4459382692972819 0.5594751834869385 0.45582381884257 0.5441374778747559 0.4525286356608073 0.5256044268608093 0.448409636815389 0.5172964334487915 0.4418192704518636 0.5172964334487915 0.42781468232472736 0.5172964334487915 0.4162815411885579 0.5179355144500732 0.40639599164326984
1 0.549250066280365 0.31083542108535767 0.5633096098899841 0.3091878294944763 0.5799254775047302 0.3157781958580017 0.5850380659103394 0.3322541316350301 0.5882334113121033 0.35367290178934735 0.5895115733146667 0.3676774899164836 0.5799254775047302 0.37673922379811603 0.569061279296875 0.3816819985707601 0.5543625950813293 0.3759154478708903 0.549250066280365 0.371796449025472 0.5479719042778015 0.3586157162984212 0.5511673092842102 0.33802072207132977 0.5511673092842102 0.32319239775339764
1 0.5588361024856567 0.24410778284072876 0.5754519701004028 0.2515219847361247 0.5882334113121033 0.258112370967865 0.5990976691246033 0.26552653312683105 0.6054883003234863 0.2762358983357747 0.5965413451194763 0.28941667079925537 0.5895115733146667 0.2984784444173177 0.5792864561080933 0.3009498119354248 0.5652268528938293 0.30012603600819904 0.5511673092842102 0.30012603600819904 0.5447765588760376 0.29930222034454346 0.5460546612739563 0.2770596742630005 0.5473328232765198 0.26305514574050903 0.5518063306808472 0.25399335225423175
1 0.5160183310508728 0.2004464864730835 0.5243262648582458 0.19303232431411743 0.5377467274665833 0.18891332546869913 0.546693742275238 0.19220850865046182 0.5543625950813293 0.2325746218363444 0.5518063306808472 0.24410778284072876 0.5447765588760376 0.2556409438451131 0.5396639704704285 0.2647027373313904 0.5281606912612915 0.2548171679178874 0.5204918384552002 0.24822678168614706 0.5192136764526367 0.2325746218363444 0.5192136764526367 0.21609864632288614
1 0.5524454116821289 0.18397053082784018 0.5601142644882202 0.1757325530052185 0.5735347867012024 0.16667077938715616 0.5837599039077759 0.16419939200083414 0.6112399697303772 0.18232293923695883 0.6182698011398315 0.22021764516830444 0.6176307201385498 0.2358698050181071 0.6137962937355042 0.25399335225423175 0.6099618673324585 0.26305514574050903 0.5760910511016846 0.24493157863616943 0.5639486908912659 0.23751739660898843 0.5543625950813293 0.19303232431411743
1 0.5767301321029663 0.09911935528119405 0.5882334113121033 0.10323835412661235 0.5856770873069763 0.12465708454449971 0.5773691534996033 0.13701406121253967 0.5671440362930298 0.13207127650578818 0.5626705884933472 0.12630468606948853 0.5677831172943115 0.11065252621968587
1 0.5652268528938293 0.1394854485988617 0.578008234500885 0.14689964056015015 0.5786473751068115 0.15760900576909384 0.5575579404830933 0.1699659824371338 0.549250066280365 0.17902775605519614 0.5518063306808472 0.16419939200083414 0.5588361024856567 0.15101861953735352
1 0.4751177430152893 0.5036040941874186 0.48662102222442627 0.49701372782389325 0.49237266182899475 0.5011327266693115 0.4962071180343628 0.5093706846237183 0.49876338243484497 0.5340846379597982 0.5019587874412537 0.5489130020141602 0.4962071180343628 0.558798631032308 0.48534291982650757 0.5703317324320475 0.47895216941833496 0.5785697301228842 0.46936607360839844 0.5629175901412964 0.4610581696033478 0.5406750440597534 0.46233633160591125 0.5283180475234985 0.4687270522117615 0.5159610907236735
1 0.5147401690483093 0.45582381884257 0.5275216102600098 0.45417626698811847 0.5537235736846924 0.4624141852060954 0.5677831172943115 0.47312359015146893 0.5709785223007202 0.48383299509684247 0.5658658742904663 0.49783754348754883 0.5434983968734741 0.5003089110056559 0.5198527574539185 0.5044279098510742 0.5045150518417358 0.5077230930328369 0.4962071180343628 0.49042336146036786 0.5051541328430176 0.4714759985605876 0.5089884996414185 0.45994285742441815
1 0.5990976691246033 0.2984784444173177 0.6227432489395142 0.2976546287536621 0.631690263748169 0.29930222034454346 0.639359176158905 0.31742578744888306 0.6419154405593872 0.32978278398513794 0.6425544619560242 0.3404921293258667 0.639359176158905 0.3487301270167033 0.6310511827468872 0.3619108994801839 0.6214651465415955 0.3726202646891276 0.6118790507316589 0.37426785628000897 0.5990976691246033 0.36685363451639813 0.5952631831169128 0.35120149453481037 0.5882334113121033 0.32401617368062335 0.5875943303108215 0.31413060426712036 0.5914287567138672 0.30754023790359497
1 0.620186984539032 0.260583758354187 0.628494918346405 0.25975996255874634 0.6323293447494507 0.2770596742630005 0.6348856091499329 0.2918880581855774 0.6189088821411133 0.29024046659469604 0.6048492789268494 0.29271185398101807 0.6131572127342224 0.2745883067448934
1 0.588872492313385 0.09005758166313171 0.6067664623260498 0.10406214992205302 0.628494918346405 0.10900493462880452 0.6457498669624329 0.0974717636903127 0.6572531461715698 0.08593859275182088 0.6361637711524963 0.0851147969563802 0.6163525581359863 0.08676238854726155 0.5971804261207581 0.08676238854726155
1 0.5959022641181946 0.10900493462880452 0.620186984539032 0.11312392354011536 0.6291339993476868 0.13289507230122885 0.6291339993476868 0.15513761838277182 0.6246604919433594 0.16337559620539346 0.6131572127342224 0.1699659824371338 0.5959022641181946 0.15843280156453451 0.588872492313385 0.15184243520100912 0.5843989849090576 0.136190265417099 0.5907897353172302 0.12795227766036987 0.5927069187164307 0.11641911665598552
1 0.6157134771347046 0.17820396025975546 0.631690263748169 0.16584698359171549 0.6572531461715698 0.19138471285502115 0.6495842933654785 0.2325746218363444 0.6297730803489685 0.24987439314524332 0.6233823299407959 0.2243366241455078 0.6182698011398315 0.19303232431411743
1 0.6642829179763794 0.19138471285502115 0.6719517707824707 0.19303232431411743 0.678981602191925 0.23010321458180746 0.6764253377914429 0.2383411924044291 0.6655610799789429 0.23998878399531046 0.6572531461715698 0.2325746218363444 0.6559750437736511 0.2169224421183268 0.6578922271728516 0.20291789372762045
1 0.631690263748169 0.1139477292696635 0.6489452123641968 0.10241454839706421 0.6649219989776611 0.09994315107663472 0.6828159689903259 0.10900493462880452 0.6879285573959351 0.12630468606948853 0.691123902797699 0.14442825317382812 0.6732299327850342 0.1831467350323995 0.6585313081741333 0.17902775605519614 0.6406372785568237 0.16008040308952332 0.6348856091499329 0.15101861953735352
1 0.6719517707824707 0.08429100116093953 0.6764253377914429 0.09994315107663472 0.6872895359992981 0.10241454839706421 0.7122132778167725 0.0958241621653239 0.7262728810310364 0.0851147969563802 0.7071007490158081 0.08346720536549886 0.6828159689903259 0.08429100116093953
1 0.3965119421482086 0.5670365492502848 0.40481987595558167 0.5505605936050415 0.4354952871799469 0.5414988199869791 0.4495548605918884 0.5390273729960123 0.4578627943992615 0.5555034478505453 0.467448890209198 0.5793935060501099 0.46808797121047974 0.586807648340861 0.45338931679725647 0.5991646448771158 0.43613436818122864 0.610697865486145 0.41696223616600037 0.6024598280588785 0.40162450075149536 0.5876315434773763
1 0.3204624354839325 0.5958694616953532 0.3370783030986786 0.5983408689498901 0.3600848913192749 0.5901028315226237 0.36967095732688904 0.5760983228683472 0.3779788613319397 0.5744508107503256 0.3888430893421173 0.5769220987955729 0.3990682363510132 0.5950456857681274 0.4099324345588684 0.6115216016769409 0.4265483021736145 0.6230548222859701 0.42910462617874146 0.6477688153584799 0.42590925097465515 0.6667160987854004 0.423352986574173 0.6766017278035482 0.41184964776039124 0.6749540964762369 0.39715099334716797 0.6757778326670328 0.38500866293907166 0.6815444628397623 0.3709490895271301 0.6939013799031576 0.36391928791999817 0.7037870089213053 0.35752856731414795 0.7112011909484863 0.3511378765106201 0.7079060077667236 0.341551810503006 0.6831920941670736 0.32429686188697815 0.6642447312672933 0.31982335448265076 0.6362355947494507 0.319184273481369 0.6098740895589193 0.3204624354839325 0.6049312353134155
1 0.43613436818122864 0.6214071909586588 0.45338931679725647 0.6082264184951782 0.4706442654132843 0.5958694616953532 0.4795912504196167 0.588455319404602 0.4974852204322815 0.5933980147043864 0.5141011476516724 0.6082264184951782 0.5064322352409363 0.6312927405039469 0.507071316242218 0.655182957649231 0.5096275806427002 0.6691874663035074 0.5025978684425354 0.6757778326670328 0.48662102222442627 0.6757778326670328 0.462975412607193 0.6733065446217855 0.4418860375881195 0.6708350976308187 0.43677347898483276 0.667539914449056 0.43357810378074646 0.6477688153584799
1 0.28914791345596313 0.7070821126302084 0.30129027366638184 0.6906062761942545 0.31343263387680054 0.6790730158487955 0.32110151648521423 0.6757778326670328 0.3281312882900238 0.6823681990305582 0.33643922209739685 0.6930776437123617 0.34219086170196533 0.7070821126302084 0.346025288105011 0.7169677416483561 0.33771735429763794 0.7293246587117513 0.32429686188697815 0.7350913683573405 0.31087633967399597 0.7359150250752767 0.29873400926589966 0.7243820031483968 0.29234328866004944 0.7153201897939047
1 0.15622104704380035 0.7771050135294596 0.17475411295890808 0.7581575711568197 0.19648253917694092 0.7515672047932943 0.21373748779296875 0.7515672047932943 0.22524075210094452 0.7631004651387533 0.22843612730503082 0.7762811978658041 0.2220454216003418 0.7878143787384033 0.21693283319473267 0.8051141103108724 0.21501563489437103 0.8149997393290201 0.19392625987529755 0.8158235549926758 0.173475980758667 0.8149997393290201 0.1658071130514145 0.8125283718109131 0.160055473446846 0.7944048245747884
1 0.23993940651416779 0.7079060077667236 0.2508036196231842 0.7054346402486166 0.26805856823921204 0.7087298234303793 0.28211814165115356 0.7128488222757975 0.2917042076587677 0.7293246587117513 0.30640286207199097 0.7416817347208658 0.3006511926651001 0.7606290181477865 0.2948995530605316 0.7762811978658041 0.2693367004394531 0.7738097508748373 0.25272083282470703 0.7655718326568604 0.24121755361557007 0.7606290181477865 0.23163148760795593 0.758981466293335 0.2175719141960144 0.744153102238973 0.2297142595052719 0.7285010019938151
1 0.5735347867012024 0.39074381192525226 0.588872492313385 0.379210631052653 0.6067664623260498 0.379210631052653 0.6118790507316589 0.3858009974161784 0.6061273813247681 0.4080435434977214 0.5933459997177124 0.40969117482503253 0.5843989849090576 0.40969117482503253
1 0.23610499501228333 0.7655718326568604 0.25144270062446594 0.7721622784932455 0.2629459798336029 0.7795764605204264 0.28211814165115356 0.7845191955566406 0.2980949282646179 0.788638194402059 0.3147107660770416 0.7952285607655843 0.3236577808856964 0.8026426633199056 0.3223796486854553 0.8125283718109131 0.2904260754585266 0.8125283718109131 0.26678040623664856 0.8117044766743978 0.25144270062446594 0.798523743947347 0.23482684791088104 0.7878143787384033 0.2341877669095993 0.7795764605204264
1 0.22268447279930115 0.8100569248199463 0.2463301420211792 0.8141759236653646 0.2584725022315979 0.813352108001709 0.24057850241661072 0.8009951909383138 0.22843612730503082 0.7919333775838217
1 0.30320751667022705 0.7804001172383627 0.31215450167655945 0.7869905630747477 0.3268531560897827 0.7861668268839518 0.34091272950172424 0.7762811978658041 0.35752856731414795 0.7606290181477865 0.37286630272865295 0.758981466293335 0.38500866293907166 0.7548624674479166 0.39076030254364014 0.7540386517842611 0.4022635817527771 0.7301485538482666 0.38373053073883057 0.7235581080118815 0.3703100085258484 0.7070821126302084 0.36200207471847534 0.7161439259847006 0.34985974431037903 0.7268533706665039 0.34538623690605164 0.7342675526936849 0.3370783030986786 0.7408579190572103 0.3249359130859375 0.7433292865753174 0.3159889280796051 0.7499197324117025 0.3102372884750366 0.7598052819569906 0.30576378107070923 0.7713384628295898
1 0.3313266634941101 0.8001713752746582 0.34282994270324707 0.783695379892985 0.36328020691871643 0.7688670953114828 0.38309144973754883 0.7647480169932047 0.3913993835449219 0.7655718326568604 0.40162450075149536 0.7795764605204264 0.40801525115966797 0.7919333775838217 0.41632315516471863 0.8001713752746582 0.41824039816856384 0.809233029683431 0.400985449552536 0.8100569248199463 0.381174236536026 0.8100569248199463 0.3626411557197571 0.8100569248199463 0.33643922209739685 0.8125283718109131 0.33068758249282837 0.8125283718109131
1 0.37606164813041687 0.6996680100758871 0.38500866293907166 0.6906062761942545 0.3977901041507721 0.6831920941670736 0.41376689076423645 0.6831920941670736 0.4176013171672821 0.6930776437123617 0.4099324345588684 0.7169677416483561 0.4041808247566223 0.7260295550028483 0.3888430893421173 0.7186153729756674 0.3792570233345032 0.7103773752848307
1 0.42718738317489624 0.6881348292032877 0.43677347898483276 0.67824920018514 0.45338931679725647 0.6790730158487955 0.47000518441200256 0.6823681990305582 0.48534291982650757 0.6840159098307291 0.5006805658340454 0.6856634616851807 0.5045150518417358 0.6971966425577799 0.5013197064399719 0.7235581080118815 0.4994024932384491 0.7301485538482666 0.48662102222442627 0.736738920211792 0.4815084636211395 0.7433292865753174 0.46936607360839844 0.7639242808024088 0.4572237730026245 0.7746336460113525 0.44124695658683777 0.7812240123748779 0.43038272857666016 0.7894619305928549 0.42271390557289124 0.7919333775838217 0.4067370891571045 0.7746336460113525 0.3997073173522949 0.7573339144388834 0.4067370891571045 0.7400341033935547 0.41696223616600037 0.7210868199666342 0.42143571376800537 0.7046107451121012 0.42271390557289124 0.6955490907033285
1 0.42718738317489624 0.8100569248199463 0.4540283977985382 0.8084093729654948 0.4962071180343628 0.8108807404836019 0.5128229856491089 0.8100569248199463 0.5172964334487915 0.8001713752746582 0.5160183310508728 0.783695379892985 0.5147401690483093 0.7631004651387533 0.5147401690483093 0.7433292865753174 0.5064322352409363 0.7342675526936849 0.4994024932384491 0.7375627358754476 0.4904554784297943 0.7474482854207357 0.482786625623703 0.761452833811442 0.47128334641456604 0.7729860146840414 0.4553065299987793 0.783695379892985 0.44252511858940125 0.791109561920166 0.43038272857666016 0.8001713752746582
1 0.4930117428302765 0.5752745469411215 0.5032368898391724 0.5579747358957926 0.5128229856491089 0.5596224069595337 0.5236871838569641 0.5686841805775961 0.5319951176643372 0.581041177113851 0.526882529258728 0.590926726659139 0.5217700004577637 0.5950456857681274 0.5134620666503906 0.5991646448771158 0.5051541328430176 0.5901028315226237
1 0.5057932138442993 0.5332609017690023 0.5064322352409363 0.5159610907236735 0.5192136764526367 0.510194460550944 0.5396639704704285 0.5093706846237183 0.558197021484375 0.5052517255147299 0.5684221982955933 0.5068992773691813 0.5792864561080933 0.5167849063873291 0.5799254775047302 0.5357321898142496 0.5812036395072937 0.5530320008595785 0.5728957056999207 0.5629175901412964 0.5594751834869385 0.5670365492502848 0.5403030514717102 0.5785697301228842 0.5326341986656189 0.5670365492502848 0.5243262648582458 0.5579747358957926 0.5141011476516724 0.5522081851959229 0.5096275806427002 0.5472654104232788
1 0.566504955291748 0.4582952658335368 0.5748128890991211 0.47641881306966144 0.6048492789268494 0.4615904490152995 0.6265777349472046 0.45170485973358154 0.6323293447494507 0.44429067770640057 0.6246604919433594 0.43358127276102704 0.6144353151321411 0.42451949914296466 0.6074055433273315 0.4154577652613322 0.5901506543159485 0.4187529484430949 0.580564558506012 0.4286385377248128 0.5760910511016846 0.4459382692972819
1 0.5760910511016846 0.5003089110056559 0.5773691534996033 0.4863043626149495 0.5920678377151489 0.478066364924113 0.6016539335250854 0.4714759985605876 0.6246604919433594 0.4591190020243327 0.6368028521537781 0.45500004291534424 0.6489452123641968 0.4566476345062256 0.6585313081741333 0.4681808153788249 0.6546968221664429 0.48300917943318683 0.6527796387672424 0.4887757698694865 0.6348856091499329 0.4928947687149048 0.6240214109420776 0.5011327266693115 0.6061273813247681 0.5052517255147299 0.5901506543159485 0.5093706846237183
1 0.588872492313385 0.5192562739054362 0.6080446839332581 0.5159610907236735 0.6368028521537781 0.5060755014419556 0.6527796387672424 0.5052517255147299 0.659170389175415 0.512665867805481 0.6662001609802246 0.5307894547780355 0.6719517707824707 0.5472654104232788 0.671312689781189 0.5546795527140299 0.6578922271728516 0.5538557767868042 0.6470280289649963 0.5513843695322672 0.6323293447494507 0.556327223777771 0.619547963142395 0.5637413263320923 0.6106009483337402 0.5760983228683472 0.6074055433273315 0.5826886892318726 0.5990976691246033 0.5793935060501099 0.5882334113121033 0.5711554686228434 0.5850380659103394 0.5629175901412964 0.5850380659103394 0.5414988199869791
1 0.5447765588760376 0.5843363602956136 0.5684221982955933 0.5695079565048218 0.5786473751068115 0.5662127733230591 0.5869552493095398 0.5793935060501099 0.5990976691246033 0.588455319404602 0.6010148525238037 0.5942219098409017 0.5939850807189941 0.6082264184951782 0.5869552493095398 0.613169272740682 0.5760910511016846 0.6074026823043823 0.5645877718925476 0.5958694616953532 0.5537235736846924 0.5892790953318278
1 0.5192136764526367 0.6057550112406412 0.5332732796669006 0.5975170930226644 0.5403030514717102 0.5942219098409017 0.5575579404830933 0.6032837231953939 0.5703394412994385 0.6139930486679077 0.5799254775047302 0.6222310860951742 0.5786473751068115 0.6378831068674723 0.5697003602981567 0.6452973683675131 0.5575579404830933 0.6560066938400269 0.5441374778747559 0.6749540964762369 0.5358295440673828 0.6749540964762369 0.518574595451355 0.667539914449056 0.5128229856491089 0.6469449202219645 0.5147401690483093 0.6279975573221842
1 0.5128229856491089 0.6774254639943441 0.5287997126579285 0.6815444628397623 0.5422202944755554 0.6848395665486654 0.5454156398773193 0.7029631932576498 0.5479719042778015 0.7169677416483561 0.5403030514717102 0.7235581080118815 0.5256044268608093 0.7293246587117513 0.5172964334487915 0.7317961057027181 0.5089884996414185 0.7260295550028483 0.5096275806427002 0.7136725584665934 0.5121839046478271 0.692253828048706
1 0.5249653458595276 0.7383864720662435 0.5428593158721924 0.7317961057027181 0.5594751834869385 0.7252057393391927 0.5728957056999207 0.7260295550028483 0.5843989849090576 0.7350913683573405 0.5946241021156311 0.7425054709116617 0.600375771522522 0.7507434686024984 0.6048492789268494 0.7639242808024088 0.5997366905212402 0.7738097508748373 0.5959022641181946 0.783695379892985 0.5920678377151489 0.7952285607655843 0.5895115733146667 0.8009951909383138 0.5792864561080933 0.809233029683431 0.5562798380851746 0.8084093729654948 0.5409421324729919 0.8067617416381836 0.5287997126579285 0.8034665584564209 0.5243262648582458 0.7993475596110026 0.5224090814590454 0.788638194402059 0.5192136764526367 0.7696908315022787 0.5192136764526367 0.7581575711568197 0.5198527574539185 0.7474482854207357
1 0.6342465281486511 0.25646475950876874 0.6463889479637146 0.24328398704528809 0.6527796387672424 0.24081257979075113 0.6610875725746155 0.24493157863616943 0.6610875725746155 0.26223134994506836 0.6566140651702881 0.28035491704940796 0.6534187197685242 0.28941667079925537 0.6451107859611511 0.29024046659469604 0.6406372785568237 0.28694528341293335 0.6380810141563416 0.2762358983357747
1 0.6412763595581055 0.3009498119354248 0.6495842933654785 0.2943594455718994 0.6578922271728516 0.3017736275990804 0.6617266535758972 0.3190733790397644 0.6572531461715698 0.32648758093516034 0.6502233743667603 0.32731135686238605
1 0.6860113739967346 0.23998878399531046 0.7064616680145264 0.25069816907246906 0.7160477638244629 0.25975996255874634 0.7243556976318359 0.27788348992665607 0.7243556976318359 0.29600703716278076 0.7179649472236633 0.3083639939626058 0.7083788514137268 0.31742578744888306 0.690484881401062 0.3190733790397644 0.6687564253807068 0.31742578744888306 0.6610875725746155 0.295183261235555 0.6610875725746155 0.28365010023117065 0.668117344379425 0.2614075541496277 0.670673668384552 0.24987439314524332 0.6802597045898438 0.2457553744316101
1 0.6438326239585876 0.35367290178934735 0.6610875725746155 0.3693250815073649 0.678981602191925 0.3858009974161784 0.6866504549980164 0.3890961805979411 0.6885676383972168 0.41051499048868817 0.6840941309928894 0.42781468232472736 0.6764253377914429 0.44346686204274494 0.6668392419815063 0.4533524513244629 0.6610875725746155 0.4615904490152995 0.651501476764679 0.4500572681427002 0.6425544619560242 0.44676204522450763 0.6368028521537781 0.43687645594278973 0.6246604919433594 0.4195767243703206 0.6157134771347046 0.40886735916137695 0.6157134771347046 0.3948628107706706 0.6227432489395142 0.3800344069798787 0.6374419331550598 0.3685012658437093
1 0.6508623957633972 0.33884453773498535 0.6604484915733337 0.33060654004414874 0.6732299327850342 0.32319239775339764 0.6975146532058716 0.32319239775339764 0.7090179324150085 0.324839989344279 0.7154086828231812 0.35120149453481037 0.7141305208206177 0.35779186089833576 0.7058225870132446 0.3652060826619466 0.690484881401062 0.3808582623799642 0.6802597045898438 0.37673922379811603 0.6636438369750977 0.36273467540740967 0.651501476764679 0.3520253499348958
1 0.690484881401062 0.1098287304242452 0.7090179324150085 0.10323835412661235 0.7262728810310364 0.0958241621653239 0.7352198958396912 0.09005758166313171 0.7422496676445007 0.09664796789487202 0.7396933436393738 0.1139477292696635 0.7384152412414551 0.13289507230122885 0.721799373626709 0.13289507230122885 0.7071007490158081 0.1312474807103475 0.6987928152084351 0.12959988911946616 0.6924020648002625 0.12136190136273702
1 0.701988160610199 0.14030924439430237 0.7256338000297546 0.13866165280342102 0.7403324246406555 0.14030924439430237 0.7531139254570007 0.15019482374191284 0.7601436376571655 0.16831839084625244 0.7511966228485107 0.19632750749588013 0.7486403584480286 0.22516043980916342 0.7454450130462646 0.23998878399531046 0.7352198958396912 0.2457553744316101 0.710296094417572 0.24163639545440674 0.691123902797699 0.23339841763178507 0.6860113739967346 0.2169224421183268 0.6783425211906433 0.18891332546869913 0.6885676383972168 0.16419939200083414 0.6975146532058716 0.15019482374191284
1 0.744166910648346 0.08593859275182088 0.750557541847229 0.09500036636988322 0.7710078954696655 0.09005758166313171 0.7767595052719116 0.0851147969563802 0.7620608806610107 0.08264340460300446
1 0.7486403584480286 0.10159075260162354 0.7678124904632568 0.09664796789487202 0.7793157696723938 0.09829555948575337 0.7882627844810486 0.10818113883336385 0.792097270488739 0.12877607345581055 0.7952926158905029 0.1452520489692688 0.783789336681366 0.1485472321510315 0.7671734690666199 0.1526662309964498 0.7588655352592468 0.1452520489692688 0.7467231750488281 0.13536646962165833 0.744166910648346 0.12300949295361836
1 0.7710078954696655 0.15678520997365317 0.792097270488739 0.15431382258733115 0.7997661232948303 0.16914218664169312 0.8067958950996399 0.18397053082784018 0.8208554983139038 0.19962269067764282 0.8361931443214417 0.21280346314112344 0.8291634321212769 0.23092703024546304 0.8214945197105408 0.24905057748158774 0.8112694025039673 0.2696455121040344 0.8087130784988403 0.2770596742630005 0.7895409464836121 0.2737644910812378 0.7780376672744751 0.272940715154012 0.772286057472229 0.2647027373313904 0.7563092112541199 0.2457553744316101 0.7518357634544373 0.2358698050181071 0.7563092112541199 0.2169224421183268 0.761421799659729 0.1897371212641398 0.7652562260627747 0.17326116561889648
1 0.7895409464836121 0.08676238854726155 0.7908191084861755 0.10570975144704182 0.7991269826889038 0.12959988911946616 0.8010442852973938 0.13783785700798035 0.8170210123062134 0.1312474807103475 0.8400276303291321 0.12877607345581055 0.852169930934906 0.12877607345581055 0.8617560267448425 0.12136190136273702 0.8681467771530151 0.10735734303792317 0.8777328729629517 0.09829555948575337 0.878812849521637 0.08785392840703328 0.8572825193405151 0.08593859275182088 0.8259680271148682 0.08758618434270223 0.7984879612922668 0.08593859275182088
1 0.7211602926254272 0.24987439314524332 0.7358589768409729 0.2515219847361247 0.749918520450592 0.24905057748158774 0.7550311088562012 0.25728853543599445 0.7448059320449829 0.25646475950876874 0.7358589768409729 0.2614075541496277 0.7313854098320007 0.2679979205131531 0.7249947190284729 0.26552653312683105
1 0.6949583888053894 0.42369572321573895 0.7071007490158081 0.4220481316248576 0.7173258662223816 0.42122431596120197 0.7345808148384094 0.4294623136520386 0.7531139254570007 0.4385240872701009 0.761421799659729 0.448409636815389 0.7626999616622925 0.4566476345062256 0.7448059320449829 0.4648856321970622 0.7262728810310364 0.4747711817423503 0.710296094417572 0.4772425889968872 0.6968755722045898 0.46653322378794354 0.6860113739967346 0.4591190020243327 0.6853722929954529 0.4451144536336263 0.6866504549980164 0.4344051281611125
1 0.6674783229827881 0.46076663335164386 0.6757862567901611 0.45417626698811847 0.678981602191925 0.4624141852060954 0.671312689781189 0.4681808153788249
1 0.6649219989776611 0.478066364924113 0.6840941309928894 0.47229981422424316 0.6987928152084351 0.48218536376953125 0.7096570134162903 0.48712817827860516 0.7128523588180542 0.5052517255147299 0.7211602926254272 0.5225514570871989 0.7224384546279907 0.5307894547780355 0.721799373626709 0.536556084950765 0.7064616680145264 0.5439702272415161 0.6930411458015442 0.5447940031687418 0.679620623588562 0.5464416344960531 0.6687564253807068 0.5192562739054362 0.6623656749725342 0.4994851350784302
1 0.7198821306228638 0.36273467540740967 0.7288291454315186 0.36273467540740967 0.733302652835846 0.3808582623799642 0.7358589768409729 0.39321521917978924 0.7281900644302368 0.4055721362431844 0.7186040282249451 0.41298635800679523 0.7039054036140442 0.41298635800679523 0.6955974698066711 0.4080435434977214 0.6936802268028259 0.39321521917978924 0.7013490796089172 0.3783868153889974 0.7077397704124451 0.3726202646891276
1 0.741610586643219 0.26635032892227173 0.7492794394493103 0.26305514574050903 0.761421799659729 0.26305514574050903 0.7658953070640564 0.2671741247177124 0.7665343880653381 0.28035491704940796 0.7569482922554016 0.2910642623901367 0.7448059320449829 0.3009498119354248 0.7352198958396912 0.302597443262736 0.7313854098320007 0.2943594455718994 0.7313854098320007 0.28447385629018146 0.7345808148384094 0.2762358983357747 0.7364979982376099 0.27211689949035645
1 0.730107307434082 0.3100115855534871 0.7198821306228638 0.322368582089742 0.7173258662223816 0.3281351923942566 0.7186040282249451 0.3429635365804036 0.721799373626709 0.35120149453481037 0.730107307434082 0.3528490861256917 0.7352198958396912 0.34213972091674805 0.7358589768409729 0.32319239775339764 0.739054262638092 0.31495440006256104
1 0.8010442852973938 0.14772343635559082 0.8221336007118225 0.1394854485988617 0.8425838947296143 0.13536646962165833 0.8572825193405151 0.14442825317382812 0.8681467771530151 0.1625518004099528 0.8777328729629517 0.1773801644643148 0.874537467956543 0.1971513032913208 0.8528090715408325 0.20374168952306113 0.8413057923316956 0.20538930098215738 0.8285242915153503 0.19220850865046182 0.8131865859031677 0.17902775605519614 0.8055177330970764 0.16831839084625244 0.8016833066940308 0.15678520997365317
1 0.8764546513557434 0.11312392354011536 0.8687857985496521 0.12383328874905904 0.8687857985496521 0.14195684591929117 0.8758156299591064 0.15760900576909384 0.8783718943595886 0.1625518004099528
1 0.7556701898574829 0.3009498119354248 0.7773985862731934 0.29930222034454346 0.7850674390792847 0.30671640237172443 0.7933753728866577 0.32978278398513794 0.8074349164962769 0.3561442693074544 0.8208554983139038 0.3825058142344157 0.8240508437156677 0.39733417828877765 0.8208554983139038 0.41051499048868817 0.8099912405014038 0.42040054003397626 0.792097270488739 0.426167090733846 0.7805939316749573 0.4294623136520386 0.7710078954696655 0.42040054003397626 0.7620608806610107 0.40639599164326984 0.7531139254570007 0.39403899510701496 0.7467231750488281 0.39074381192525226 0.7428887486457825 0.3890961805979411 0.739054262638092 0.3685012658437093 0.7358589768409729 0.3610870838165283 0.7377761602401733 0.35120149453481037 0.7422496676445007 0.33307796716690063 0.7428887486457825 0.3215447664260864 0.7473622560501099 0.3100115855534871 0.7492794394493103 0.3058926463127136
1 0.7793157696723938 0.2820025086402893 0.8023223876953125 0.28447385629018146 0.8099912405014038 0.29271185398101807 0.8182991743087769 0.3100115855534871 0.8272461295127869 0.3256637652715047 0.834915041923523 0.34213972091674805 0.8406667113304138 0.35120149453481037 0.8381103873252869 0.3643823067347209 0.831719696521759 0.3825058142344157 0.8304415345191956 0.38662485281626385 0.8240508437156677 0.3750916322072347 0.8170210123062134 0.3594394524892171 0.8106303215026855 0.3429635365804036 0.8004052042961121 0.3215447664260864 0.7901800274848938 0.3009498119354248 0.7857065200805664 0.295183261235555
1 0.8470573425292969 0.3561442693074544 0.862395167350769 0.3586157162984212 0.8783718943595886 0.36026326815287274 0.878812849521637 0.36310537656148273 0.8777328729629517 0.40721972783406574 0.878812849521637 0.4301913579305013 0.8758156299591064 0.4426430861155192 0.8579216003417969 0.4426430861155192 0.8393885493278503 0.43358127276102704 0.8259680271148682 0.4228719075520833 0.8304415345191956 0.4080435434977214 0.8336368799209595 0.39403899510701496 0.8374713063240051 0.3808582623799642 0.8413057923316956 0.37014885743459064
1 0.7882627844810486 0.43687645594278973 0.8010442852973938 0.4286385377248128 0.8163819313049316 0.42699090639750165 0.823411762714386 0.4294623136520386 0.8298025131225586 0.4418192704518636 0.8298025131225586 0.4566476345062256 0.8221336007118225 0.46735699971516925 0.8151038289070129 0.47971399625142414 0.8023223876953125 0.4681808153788249 0.7972097992897034 0.45747145016988117
1 0.7710078954696655 0.4319337209065755 0.7786767482757568 0.44429067770640057 0.7927363514900208 0.46406181653340656 0.7978488802909851 0.47641881306966144 0.7850674390792847 0.4805377721786499 0.772286057472229 0.48218536376953125 0.7690906524658203 0.46735699971516925 0.7678124904632568 0.4508810838063558
1 0.7409715056419373 0.398981769879659 0.7537529468536377 0.4047483603159587 0.761421799659729 0.42122431596120197 0.7626999616622925 0.4385240872701009 0.7537529468536377 0.43275749683380127 0.744166910648346 0.42369572321573895 0.7288291454315186 0.4187529484430949 0.7339417338371277 0.40721972783406574
1 0.7198821306228638 0.4895995457967122 0.7281900644302368 0.47889018058776855 0.7428887486457825 0.4739474058151245 0.7582264542579651 0.46735699971516925 0.7633390426635742 0.46735699971516925 0.7658953070640564 0.47889018058776855 0.7658953070640564 0.4863043626149495 0.7633390426635742 0.49783754348754883 0.749918520450592 0.5093706846237183 0.7422496676445007 0.5225514570871989 0.739054262638092 0.5291418234507242 0.7288291454315186 0.5233752727508545 0.7237166166305542 0.5118420918782552 0.7186040282249451 0.5003089110056559
1 0.6118790507316589 0.588455319404602 0.6240214109420776 0.5695079565048218 0.6419154405593872 0.5620938142140707 0.6578922271728516 0.558798631032308 0.6662001609802246 0.5711554686228434 0.6700345873832703 0.5876315434773763 0.6687564253807068 0.6016360521316528 0.6553359031677246 0.610697865486145 0.6457498669624329 0.6156405607859293 0.6310511827468872 0.6024598280588785 0.6214651465415955 0.5950456857681274
1 0.5479719042778015 0.6848395665486654 0.5658658742904663 0.6617733240127563 0.5773691534996033 0.6560066938400269 0.5863161683082581 0.6617733240127563 0.5971804261207581 0.6741302808125814 0.6048492789268494 0.6807206471761068 0.6106009483337402 0.6947251955668131 0.6112399697303772 0.714496374130249 0.6131572127342224 0.722734292348226 0.6054883003234863 0.7317961057027181 0.5978195071220398 0.7375627358754476 0.5843989849090576 0.7276771863301595 0.5741738080978394 0.7194391886393229 0.5575579404830933 0.7161439259847006 0.5537235736846924 0.7136725584665934 0.5524454116821289 0.7037870089213053 0.5518063306808472 0.692253828048706
1 0.5824818015098572 0.6485925515492758 0.5843989849090576 0.6304689645767212 0.588872492313385 0.6222310860951742 0.5984585881233215 0.6090501944224039 0.6099618673324585 0.6008122762044271 0.6144353151321411 0.5999885400136312 0.6240214109420776 0.6041074593861898 0.6329684257507324 0.6156405607859293 0.6419154405593872 0.6222310860951742 0.6470280289649963 0.635411818822225 0.6495842933654785 0.6485925515492758 0.6502233743667603 0.6560066938400269 0.6387200951576233 0.6658922831217448 0.628494918346405 0.6733065446217855 0.6144353151321411 0.6790730158487955 0.6016539335250854 0.667539914449056 0.5920678377151489 0.6568304697672526
1 0.8368322253227234 0.4525286356608073 0.8553652763366699 0.448409636815389 0.8751764893531799 0.448409636815389 0.8783718943595886 0.46982840696970624 0.8770937323570251 0.49701372782389325 0.8770937323570251 0.5134896437327067 0.871342122554779 0.5217276811599731 0.8598388433456421 0.5274942715962728 0.8438620567321777 0.5184324979782104 0.8323587775230408 0.5167849063873291 0.8240508437156677 0.5184324979782104 0.8208554983139038 0.48795191446940106 0.8272461295127869 0.47229981422424316 0.8329977989196777 0.46406181653340656
1 0.7448059320449829 0.5464416344960531 0.7435278296470642 0.5357321898142496 0.752474844455719 0.5225514570871989 0.7626999616622925 0.5093706846237183 0.7742032408714294 0.49701372782389325 0.7825111746788025 0.48795191446940106 0.7984879612922668 0.48383299509684247 0.8112694025039673 0.4854805866877238 0.8163819313049316 0.5027803182601929 0.8189382553100586 0.5217276811599731 0.8195773363113403 0.5357321898142496 0.8202164173126221 0.556327223777771 0.8259680271148682 0.5777459939320883 0.823411762714386 0.5859838724136353 0.8151038289070129 0.5950456857681274 0.8061568140983582 0.6016360521316528 0.7889018654823303 0.6032837231953939 0.7786767482757568 0.6008122762044271 0.7690906524658203 0.5851601362228394 0.7582264542579651 0.5629175901412964
1 0.6770643591880798 0.5571509599685669 0.6924020648002625 0.5530320008595785 0.710935115814209 0.5522081851959229 0.7294682264328003 0.5489130020141602 0.7403324246406555 0.5522081851959229 0.7377761602401733 0.5678602854410807 0.7358589768409729 0.5901028315226237 0.7396933436393738 0.6024598280588785 0.7364979982376099 0.6115216016769409 0.7186040282249451 0.6139930486679077 0.7051835060119629 0.618935743967692 0.6885676383972168 0.6049312353134155 0.6783425211906433 0.5975170930226644 0.6745080947875977 0.5793935060501099 0.6725908517837524 0.5678602854410807
1 0.6508623957633972 0.6222310860951742 0.6636438369750977 0.613169272740682 0.6757862567901611 0.6090501944224039 0.679620623588562 0.6082264184951782 0.6853722929954529 0.6090501944224039 0.6930411458015442 0.6197596391042074 0.6968755722045898 0.6279975573221842 0.699431836605072 0.6444734732309977 0.6879285573959351 0.6535352865854899 0.6815378665924072 0.6617733240127563 0.6764253377914429 0.6658922831217448 0.6630047559738159 0.6543591817220052 0.6559750437736511 0.6510639985402426 0.6534187197685242 0.6362355947494507
1 0.6163525581359863 0.6856634616851807 0.631690263748169 0.6798969109853109 0.6387200951576233 0.6733065446217855 0.648306131362915 0.6667160987854004 0.6566140651702881 0.6601256529490153 0.6642829179763794 0.663420836130778 0.6745080947875977 0.6716588338216146 0.6777034401893616 0.67824920018514 0.6757862567901611 0.6939013799031576 0.6668392419815063 0.7087298234303793 0.6604484915733337 0.7202629248301188 0.6546968221664429 0.7235581080118815 0.6355246901512146 0.722734292348226 0.6233823299407959 0.7194391886393229 0.6169916391372681 0.7062584559122721
1 0.6054883003234863 0.7425054709116617 0.6157134771347046 0.7326199213663737 0.6214651465415955 0.7276771863301595 0.628494918346405 0.7285010019938151 0.639998197555542 0.7301485538482666 0.6540577411651611 0.7293246587117513 0.6585313081741333 0.7309723695119222 0.6604484915733337 0.7466245492299398 0.659170389175415 0.7556862831115723 0.6470280289649963 0.7639242808024088 0.6368028521537781 0.7771050135294596 0.6259385943412781 0.7696908315022787 0.6112399697303772 0.7672193845113119 0.6093227863311768 0.7540386517842611
1 0.6074055433273315 0.7729860146840414 0.6169916391372681 0.7779288291931152 0.628494918346405 0.783695379892985 0.6329684257507324 0.7968761920928955 0.631690263748169 0.8075855573018392 0.6233823299407959 0.8125283718109131 0.6112399697303772 0.8117044766743978 0.5978195071220398 0.8034665584564209 0.6029320359230042 0.7894619305928549
1 0.6828159689903259 0.6667160987854004 0.6949583888053894 0.6560066938400269 0.701988160610199 0.6535352865854899 0.7051835060119629 0.6708350976308187 0.7026271820068359 0.6749540964762369 0.6936802268028259 0.6749540964762369 0.6847332119941711 0.6774254639943441
1 0.7083788514137268 0.6312927405039469 0.7186040282249451 0.6214071909586588 0.7339417338371277 0.6156405607859293 0.7473622560501099 0.6139930486679077 0.763978123664856 0.6222310860951742 0.769729733467102 0.6362355947494507 0.7678124904632568 0.6428259611129761 0.7582264542579651 0.6518877347310384 0.7486403584480286 0.6658922831217448 0.7467231750488281 0.6774254639943441 0.7339417338371277 0.6848395665486654 0.7205212116241455 0.6823681990305582 0.710935115814209 0.6741302808125814 0.7071007490158081 0.6518877347310384 0.7071007490158081 0.6395307779312134
1 0.7467231750488281 0.5571509599685669 0.7550311088562012 0.5686841805775961 0.763978123664856 0.5826886892318726 0.769729733467102 0.5983408689498901 0.772286057472229 0.6074026823043823 0.7671734690666199 0.6139930486679077 0.7531139254570007 0.6074026823043823 0.7454450130462646 0.6041074593861898 0.7422496676445007 0.5917505025863647 0.7409715056419373 0.5793935060501099 0.7428887486457825 0.5678602854410807
1 0.7805939316749573 0.6098740895589193 0.7952926158905029 0.6098740895589193 0.8055177330970764 0.6115216016769409 0.8074349164962769 0.6255262692769369 0.8048786520957947 0.6403545538584391 0.7978488802909851 0.6461211442947388 0.7863456010818481 0.6444734732309977 0.7767595052719116 0.6387070020039877 0.7742032408714294 0.6247023741404215 0.7735641598701477 0.6164644559224447
1 0.8278852105140686 0.5274942715962728 0.8361931443214417 0.5233752727508545 0.8476964831352234 0.5266704559326172 0.8566434383392334 0.5340846379597982 0.8579216003417969 0.5513843695322672 0.8534480929374695 0.5728031396865845 0.8502527475357056 0.5793935060501099 0.8368322253227234 0.5802172819773356 0.831719696521759 0.5752745469411215 0.8272461295127869 0.5596224069595337 0.8246898651123047 0.5414988199869791
1 0.8643123507499695 0.536556084950765 0.8751764893531799 0.5266704559326172 0.878812849521637 0.5239919424057007 0.878812849521637 0.5464416344960531 0.878812849521637 0.581041177113851 0.878812849521637 0.6098740895589193 0.8694249391555786 0.6041074593861898 0.8598388433456421 0.5876315434773763 0.8585606813430786 0.5777459939320883 0.8611170053482056 0.5620938142140707 0.8649513721466064 0.5464416344960531
1 0.8131865859031677 0.6082264184951782 0.8221336007118225 0.5950456857681274 0.8336368799209595 0.586807648340861 0.8508918881416321 0.5851601362228394 0.8598388433456421 0.6041074593861898 0.8668686151504517 0.6164644559224447 0.8668686151504517 0.6271737813949585 0.862395167350769 0.6395307779312134 0.8572825193405151 0.6444734732309977 0.8425838947296143 0.6494163274765015 0.8323587775230408 0.6576543649037679 0.8208554983139038 0.6502401034037272 0.8131865859031677 0.6420021851857504 0.8131865859031677 0.6296451886494955 0.8144647479057312 0.6181120077768961
1 0.772286057472229 0.6461211442947388 0.7908191084861755 0.6543591817220052 0.7876237034797668 0.6724826494852701 0.7767595052719116 0.6988442738850912 0.7703688144683838 0.6980203787485758 0.7531139254570007 0.6840159098307291 0.7556701898574829 0.6700112819671631 0.7646171450614929 0.6584781408309937
1 0.7952926158905029 0.6601256529490153 0.8048786520957947 0.6510639985402426 0.8208554983139038 0.6584781408309937 0.8285242915153503 0.667539914449056 0.8336368799209595 0.6840159098307291 0.8438620567321777 0.7079060077667236 0.8464183211326599 0.7177915573120117 0.8413057923316956 0.7301485538482666 0.8298025131225586 0.7400341033935547 0.8125475645065308 0.7458006540934244 0.7901800274848938 0.7482721010843912 0.7773985862731934 0.7631004651387533 0.7742032408714294 0.7342675526936849 0.7754814028739929 0.7112011909484863 0.7850674390792847 0.6971966425577799 0.7895409464836121 0.6823681990305582 0.7933753728866577 0.6708350976308187
1 0.8342759609222412 0.6642447312672933 0.8425838947296143 0.6593018770217896 0.854726254940033 0.6560066938400269 0.8611170053482056 0.6518877347310384 0.8700639605522156 0.6658922831217448 0.8758156299591064 0.6757778326670328 0.8707031011581421 0.712025006612142 0.854087233543396 0.7112011909484863 0.8419448137283325 0.6848395665486654
1 0.871342122554779 0.6288214524586996 0.8758156299591064 0.6156405607859293 0.878812849521637 0.6388223171234131 0.878812849521637 0.665068507194519 0.8707031011581421 0.6485925515492758 0.8694249391555786 0.641178290049235
1 0.6853722929954529 0.6856634616851807 0.7000709176063538 0.6815444628397623 0.7128523588180542 0.6856634616851807 0.721799373626709 0.6914300123850504 0.7154086828231812 0.7136725584665934 0.7147696018218994 0.7359150250752767 0.7134914398193359 0.761452833811442 0.7051835060119629 0.7639242808024088 0.6917629837989807 0.758981466293335 0.6745080947875977 0.7490959167480469 0.6674783229827881 0.7490959167480469 0.6655610799789429 0.7317961057027181 0.6751471757888794 0.7103773752848307 0.6808987855911255 0.6996680100758871
1 0.7269119620323181 0.6939013799031576 0.7371370792388916 0.6914300123850504 0.7486403584480286 0.6889586448669434 0.7588655352592468 0.6980203787485758 0.769729733467102 0.7054346402486166 0.7678124904632568 0.7317961057027181 0.7703688144683838 0.7548624674479166 0.769729733467102 0.7622766494750977 0.761421799659729 0.7696908315022787 0.7531139254570007 0.7746336460113525 0.7377761602401733 0.7680432796478271 0.7230775356292725 0.7581575711568197 0.7186040282249451 0.7523910999298096 0.7205212116241455 0.7293246587117513 0.7230775356292725 0.7087298234303793
1 0.6662001609802246 0.758981466293335 0.6828159689903259 0.7606290181477865 0.6949583888053894 0.7672193845113119 0.6968755722045898 0.7853430112202963 0.6943193078041077 0.8051141103108724 0.691123902797699 0.8108807404836019 0.668117344379425 0.8117044766743978 0.6521405577659607 0.8117044766743978 0.6374419331550598 0.8125283718109131 0.639998197555542 0.7894619305928549 0.6431935429573059 0.7771050135294596 0.651501476764679 0.7696908315022787
1 0.7032662630081177 0.7713384628295898 0.7115741968154907 0.7705146471659342 0.7160477638244629 0.7919333775838217 0.7198821306228638 0.8075855573018392 0.7039054036140442 0.809233029683431 0.6987928152084351 0.809233029683431 0.699431836605072 0.7993475596110026 0.7007099986076355 0.7812240123748779
1 0.7205895781517029 0.7671337127685547 0.7401273846626282 0.7788049379984537 0.7539469003677368 0.7849477926890055 0.7429866194725037 0.8003047307332357 0.7396509051322937 0.8095188140869141 0.7301202416419983 0.810133139292399 0.7248783707618713 0.8076759974161783 0.7167773246765137 0.7794192632039388
1 0.7615714073181152 0.7861763636271158 0.780632734298706 0.7960047721862793 0.7906399369239807 0.803990364074707 0.8011236786842346 0.8125902811686198 0.7801561951637268 0.8132045269012451 0.7582356929779053 0.8132045269012451 0.7429866194725037 0.8132045269012451 0.7501345872879028 0.803990364074707
1 0.8540188074111938 0.7192200819651285 0.868314802646637 0.7210628986358643 0.8768924474716187 0.7278199990590414 0.8787985444068909 0.7382627328236898 0.8787985444068909 0.7505482037862142 0.8721270561218262 0.7548481623331705 0.8645025491714478 0.758533795674642 0.8540188074111938 0.7462483247121176 0.8473473787307739 0.735191265741984 0.8502065539360046 0.7259771823883057
1 0.8645025491714478 0.765290896097819 0.8773689270019531 0.759148120880127 0.8778454661369324 0.7874048550923666 0.8773689270019531 0.803376038869222 0.864979088306427 0.7874048550923666 0.8606902956962585 0.7788049379984537
1 0.8249503374099731 0.8089045683542887 0.8373401761054993 0.7898619969685873 0.8435350656509399 0.7788049379984537 0.8521126508712769 0.7794192632039388 0.8611668348312378 0.792319138844808 0.8726036548614502 0.8052189350128174 0.8749862909317017 0.810133139292399 0.8616434335708618 0.8113616307576498 0.8463943004608154 0.8113616307576498 0.8325748443603516 0.8107473850250244
1 0.7749143242835999 0.7806478341420492 0.7715786099433899 0.7720479170481364 0.7749143242835999 0.7665193875630697 0.785874605178833 0.7634480794270834 0.7982644438743591 0.7597624460856119 0.81399005651474 0.7542339960734049 0.8259033560752869 0.7542339960734049 0.8287625908851624 0.762219508488973 0.8292391300201416 0.7738907337188721 0.8297156095504761 0.7904761632283529 0.8268564343452454 0.7996904055277506 0.8211380839347839 0.8070617516835531 0.8149431347846985 0.8107473850250244 0.8049359321594238 0.810133139292399 0.7939756512641907 0.803376038869222
1 0.835434079170227 0.7517767747243246 0.838769793510437 0.7425626118977865 0.8459177613258362 0.7450197537740072 0.8540188074111938 0.7573053042093912 0.8587841987609863 0.7671337127685547 0.8554484248161316 0.7732764879862467 0.8463943004608154 0.7738907337188721 0.8401994109153748 0.7695908546447754 0.8340044617652893 0.762219508488973
