1 0.0009765625 0.015531805654366812 0.00938955508172512 0.023292166491349537 0.018505627289414406 0.04768186807632446 0.02927916683256626 0.07428881525993347 0.03756650537252426 0.09091816345850627 0.02762169949710369 0.1075475017229716 0.00938955508172512 0.12528546651204428 0.0009765625 0.13304583231608072 0.0009765625 0.13105663657188416 0.0009765625 0.09424402316411336 0.0009765625 0.053224985798199974 0.0009765625 0.03548701852560043
1 0.02099183015525341 0.02218354493379593 0.0408814400434494 0.008880069479346275 0.06242852285504341 0.0013020833333333333 0.07900319993495941 0.004445577661196391 0.08066067099571228 0.017749052494764328 0.07568826526403427 0.0443559984366099 0.0715445950627327 0.06431121627489726 0.05248371511697769 0.07096295058727264 0.040052708238363266 0.07207157214482625 0.030107900500297546 0.05765947699546814 0.02264929749071598 0.03770426412423452
1 0.09226293861865997 0.02661803364753723 0.11215255409479141 0.025509412089983623 0.12458355724811554 0.039921507239341736 0.13701456785202026 0.05876809855302175 0.15110304951667786 0.07650606334209442 0.15773291885852814 0.0920267899831136 0.1519317775964737 0.11974236369132996 0.1453019082546234 0.13748031854629517 0.1287272423505783 0.13526306549708048 0.1096663549542427 0.12195960680643718 0.0906054675579071 0.08980953693389893 0.07900319993495941 0.07096295058727264 0.08729053288698196 0.051007737716039024
1 0.09392040222883224 0.0013020833333333333 0.14364443719387054 0.0013020833333333333 0.19171100854873657 0.0013020833333333333 0.22651782631874084 0.0013020833333333333 0.23894883692264557 0.0066628238807121916 0.23149022459983826 0.024400790532430012 0.20994314551353455 0.04546462496121725 0.18425241112709045 0.055442233880360924 0.16436278820037842 0.06541983286539714 0.1519317775964737 0.06320258975028992 0.13618583977222443 0.03659564256668091 0.11961115896701813 0.021074920892715454 0.10635142028331757 0.016640428453683853 0.09309167414903641 0.016640428453683853 0.08563306927680969 0.0055542004605134325
1 0.17430758476257324 0.07983192801475525 0.19502593576908112 0.06320258975028992 0.2207166850566864 0.0487904946009318 0.23894883692264557 0.038812885681788124 0.25055110454559326 0.04768186807632446 0.25718098878860474 0.06652845442295074 0.25966718792915344 0.08870091040929158 0.272098183631897 0.10865612824757893 0.2679544985294342 0.1319372057914734 0.2613246440887451 0.1585441529750824 0.24972237646579742 0.16630450884501138 0.23397643864154816 0.1784993807474772 0.22486035525798798 0.19623732566833496 0.2041420191526413 0.19180283943812051 0.18342366814613342 0.1884769598642985 0.17016392946243286 0.17960798740386963 0.16270533204078674 0.16187003254890442 0.15773291885852814 0.1363717019557953 0.16519151628017426 0.11309061447779338 0.16767771542072296 0.09756990273793538
1 0.11381001770496368 0.17073901494344076 0.1237548291683197 0.1563269098599752 0.13452836871147156 0.14634929100672403 0.14861685037612915 0.14856656392415366 0.1544179767370224 0.16187003254890442 0.16187657415866852 0.18071661392847696 0.16519151628017426 0.19291146596272787 0.14613063633441925 0.19512871901194254 0.1328708976507187 0.1940200924873352 0.12043989449739456 0.19180283943812051 0.11298128962516785 0.18293384710947672
1 0.24309250712394714 0.0013020833333333333 0.26878324151039124 0.0013020833333333333 0.28191038966178894 0.0013020833333333333 0.30939120054244995 0.0013020833333333333 0.29364529252052307 0.02883528172969818 0.2803855240345001 0.03770426412423452 0.26878324151039124 0.04768186807632446 0.2613246440887451 0.051007737716039024 0.24392123520374298 0.027726660172144573 0.24143503606319427 0.021074920892715454 0.24557869136333466 0.012205938498179117
1 0.31850728392601013 0.0013020833333333333 0.34502676129341125 0.0013020833333333333 0.36906006932258606 0.0013020833333333333 0.37403246760368347 0.0055542004605134325 0.37403246760368347 0.02994390328725179 0.3839772641658783 0.0487904946009318 0.38066232204437256 0.06763708591461182 0.37568992376327515 0.09646127621332805 0.3773473799228668 0.13415445884068808 0.3748612105846405 0.14634929100672403 0.36408764123916626 0.15521828333536783 0.3533141016960144 0.1563269098599752 0.3392256200313568 0.13748031854629517 0.3367394506931305 0.10533026854197185 0.3359106779098511 0.07650606334209442 0.3276233673095703 0.06320258975028992 0.3135348856449127 0.051007737716039024 0.30193260312080383 0.0443559984366099 0.28867286443710327 0.043247381846110024 0.3060762882232666 0.02883528172969818 0.3110486567020416 0.015531805654366812
1 0.3674025535583496 0.16630450884501138 0.3773473799228668 0.1607613960901896 0.3964082598686218 0.16852176189422607 0.4146403968334198 0.17073901494344076 0.43038636445999146 0.17960798740386963 0.4453035593032837 0.20288906494776407 0.4569058418273926 0.22395290931065878 0.462706983089447 0.24279950062433878 0.462706983089447 0.25942885875701904 0.4527621567249298 0.2793840567270915 0.4403311610221863 0.28714438279469806 0.42375651001930237 0.28714438279469806 0.40635308623313904 0.2816012700398763 0.3914358615875244 0.26940643787384033 0.37568992376327515 0.2538857062657674 0.3607726991176605 0.2516684929529826 0.348341703414917 0.24390812714894614 0.3392256200313568 0.2283873955408732 0.33756816387176514 0.2195184032122294 0.34668421745300293 0.2128666639328003 0.3599439561367035 0.20178045829137167 0.3624301850795746 0.18625972668329874
1 0.38563472032546997 0.0013020833333333333 0.4071817994117737 0.015531805654366812 0.4461323022842407 0.025509412089983623 0.4734805226325989 0.024400790532430012 0.4983425438404083 0.033269770443439484 0.5049723982810974 0.04546462496121725 0.5198896527290344 0.0565508504708608 0.5455803871154785 0.07872331142425537 0.5613263249397278 0.0875922938187917 0.5779009461402893 0.0809405545393626 0.5969618558883667 0.07096295058727264 0.6151939630508423 0.06652845442295074 0.6267962455749512 0.0609853466351827 0.6325974464416504 0.043247381846110024 0.6301112174987793 0.02661803364753723 0.6201664209365845 0.011097315698862076 0.6093928813934326 0.0013020833333333333 0.577072262763977 0.0013020833333333333 0.5488952994346619 0.0013020833333333333 0.5149171948432922 0.0013020833333333333 0.4834253191947937 0.0013020833333333333 0.4527621567249298 0.0013020833333333333 0.42044153809547424 0.0013020833333333333 0.4080105423927307 0.0013020833333333333 0.3955795466899872 0.0013020833333333333
1 0.6218239068984985 0.0013020833333333333 0.6383985280990601 0.0013020833333333333 0.6475146412849426 0.0013020833333333333 0.66657555103302 0.013314560055732727 0.6450284123420715 0.024400790532430012 0.6276249885559082 0.009988692899545034
1 0.6450284123420715 0.03659564256668091 0.6574594378471375 0.02661803364753723 0.6732053756713867 0.021074920892715454 0.675691545009613 0.039921507239341736 0.6831501722335815 0.055442233880360924 0.7104983925819397 0.0731801986694336 0.7303880453109741 0.0820491760969162 0.7453052401542664 0.09091816345850627 0.750277578830719 0.1075475017229716 0.7370178699493408 0.12528546651204428 0.7030397653579712 0.13415445884068808 0.6814927458763123 0.1297199527422587 0.6624318361282349 0.12085098028182983 0.6541445255279541 0.11087337136268616 0.6450284123420715 0.07761468489964803 0.637569785118103 0.06541983286539714 0.6392272710800171 0.04657324651877085
1 0.7867419123649597 0.0013020833333333333 0.7825982570648193 0.007771446059147517 0.7718247175216675 0.021074920892715454 0.764366090297699 0.039921507239341736 0.766023576259613 0.04768186807632446 0.7900568842887878 0.04103013128042221 0.8091177344322205 0.04103013128042221 0.8281786441802979 0.04103013128042221 0.8439245820045471 0.043247381846110024 0.8488969206809998 0.03548701852560043 0.8464107513427734 0.019966299335161846 0.8422670960426331 0.0055542004605134325 0.8339797258377075 0.0013020833333333333 0.8132613897323608 0.0013020833333333333 0.7966867089271545 0.0013020833333333333
1 0.8538693785667419 0.0013020833333333333 0.8737589716911316 0.0013020833333333333 0.8886762261390686 0.0013020833333333333 0.8886762261390686 0.016640428453683853 0.8812175989151001 0.03216115136941274 0.8712727427482605 0.033269770443439484 0.8629854321479797 0.021074920892715454
1 0.9044221639633179 0.0013020833333333333 0.9251404404640198 0.0013020833333333333 0.9547760486602783 0.0013020833333333333 0.9773507118225098 0.0013020833333333333 1.0 0.0013020833333333333 1.0 0.007771446059147517 1.0 0.0310525248448054 0.991439163684845 0.05433360735575358 0.9806656241416931 0.06320258975028992 0.9665771722793579 0.0731801986694336 0.9500024914741516 0.0831577976544698 0.9359139800071716 0.0809405545393626 0.916853129863739 0.06652845442295074 0.8977922201156616 0.053224985798199974 0.8878474235534668 0.04546462496121725 0.8911623954772949 0.0310525248448054 0.8977922201156616 0.017749052494764328
1 0.9616047143936157 0.0920267899831136 0.9707208275794983 0.0820491760969162 0.9823231101036072 0.07761468489964803 0.9906104803085327 0.0731801986694336 1.0 0.059876720110575356 1.0 0.07667512694994609 1.0 0.11087337136268616 1.0 0.1286113460858663 0.991439163684845 0.1263940930366516 0.9773507118225098 0.11419924100240071 0.9574610590934753 0.11087337136268616 0.9516599774360657 0.10865612824757893 0.9508312344551086 0.10200438896814983 0.9508312344551086 0.09646127621332805
1 0.7817695140838623 0.055442233880360924 0.803316593170166 0.04989911119143168 0.8215487599372864 0.05211635927359263 0.8323222994804382 0.0565508504708608 0.8381233811378479 0.08980953693389893 0.8381233811378479 0.11752511064211528 0.8381233811378479 0.15189242362976074 0.8331509828567505 0.18515112002690634 0.825692355632782 0.20288906494776407 0.8132613897323608 0.2195184032122294 0.7950292825698853 0.23282188177108765 0.7817695140838623 0.23614776134490967 0.7701672315597534 0.2306046485900879 0.7560787796974182 0.22173567612965903 0.7527638673782349 0.19956320524215698 0.7610511779785156 0.19069421291351318 0.7842556834220886 0.18182524045308432 0.8024879097938538 0.16630450884501138 0.8091177344322205 0.1596527894337972 0.8190625309944153 0.14856656392415366 0.8091177344322205 0.1408061981201172 0.7958579659461975 0.1308285892009735 0.788399338722229 0.11419924100240071 0.7825982570648193 0.09091816345850627 0.7817695140838623 0.07207157214482625
1 0.8430958390235901 0.05876809855302175 0.8538693785667419 0.04546462496121725 0.8646429181098938 0.039921507239341736 0.8828750252723694 0.05211635927359263 0.8977922201156616 0.06652845442295074 0.916024386882782 0.07872331142425537 0.9325990676879883 0.08648366729418437 0.9408864378929138 0.10200438896814983 0.9334278106689453 0.12306822339693706 0.9135382175445557 0.14302343130111694 0.9035934209823608 0.15743553638458252 0.8878474235534668 0.1629786491394043 0.8663004040718079 0.16408726572990417 0.8522118926048279 0.1596527894337972 0.8447532653808594 0.15521828333536783 0.8455820083618164 0.1297199527422587 0.8455820083618164 0.11309061447779338 0.8455820083618164 0.09424402316411336 0.8455820083618164 0.0809405545393626 0.8439245820045471 0.07428881525993347
1 0.7966867089271545 0.25499435265858966 0.8082889914512634 0.28714438279469806 0.8356372117996216 0.3015565077463786 0.8513832092285156 0.32594621181488037 0.8629854321479797 0.34922730922698975 0.8646429181098938 0.37472561995188397 0.8696153163909912 0.3847032388051351 0.8820462822914124 0.3869204521179199 0.8961347937583923 0.39024635155995685 0.9085657596588135 0.3691825071970622 0.9309415817260742 0.3647480408350627 0.9392289519309998 0.36253074804941815 0.9508312344551086 0.35255316893259686 0.9458588361740112 0.3237289587656657 0.9524887204170227 0.2937961419423421 0.9375714659690857 0.27827543020248413 0.917681872844696 0.25942885875701904 0.9035934209823608 0.2306046485900879 0.8936485648155212 0.18293384710947672 0.8944773077964783 0.17406487464904785 0.8745876550674438 0.1762821078300476 0.8580130338668823 0.17295626799265543 0.8497256636619568 0.17073901494344076 0.8422670960426331 0.17960798740386963 0.840609610080719 0.19734597206115723 0.8290073871612549 0.21508391698201498 0.8198912739753723 0.2283873955408732 0.8074602484703064 0.23947362105051676 0.8000016212463379 0.2416908542315165
1 0.9093945026397705 0.17295626799265543 0.9201680421829224 0.15078380703926086 0.9334278106689453 0.13304583231608072 0.9442013502120972 0.12085098028182983 0.9582898020744324 0.11974236369132996 0.9756932854652405 0.1319372057914734 0.991439163684845 0.14302343130111694 1.0 0.15807964404424033 0.9964115619659424 0.19180283943812051 0.991439163684845 0.2128666639328003 0.9839805364608765 0.24390812714894614 0.9790081977844238 0.2660805583000183 0.9632622599601746 0.27273231744766235 0.954146146774292 0.2738409439722697 0.9400576949119568 0.27051504453023273 0.9267979860305786 0.252777099609375 0.916024386882782 0.2306046485900879 0.9102232456207275 0.21064943075180054 0.9069083333015442 0.19069421291351318
0 0.9607760310173035 0.29047028223673504 0.9748645424842834 0.2816012700398763 0.9839805364608765 0.26940643787384033 0.9897817373275757 0.24501673380533853 0.9980690479278564 0.21508391698201498 1.0 0.20565176010131836 1.0 0.25942885875701904 1.0 0.3037737210591634 1.0 0.3392496903737386 0.9939253926277161 0.3691825071970622 0.9856380224227905 0.381377379099528 0.9856380224227905 0.40798433621724445 0.9856380224227905 0.4412430127461751 0.9848092794418335 0.4634154637654622 0.9765219688415527 0.4634154637654622 0.9657484292984009 0.44235161940256756 0.9574610590934753 0.4102015495300293 0.954146146774292 0.3791600863138835 0.954974889755249 0.36253074804941815 0.9649196863174438 0.3281634449958801
1 0.4312151074409485 0.15521828333536783 0.4502759575843811 0.14191481471061707 0.4668506681919098 0.12195960680643718 0.47762417793273926 0.10422163208325703 0.4883977174758911 0.07761468489964803 0.5016574859619141 0.05765947699546814 0.5174033641815186 0.07096295058727264 0.5339781045913696 0.08870091040929158 0.5530389547348022 0.10422163208325703 0.5596688389778137 0.1119819978872935 0.5563539266586304 0.1408061981201172 0.5538676977157593 0.16741315523783365 0.5480665564537048 0.18625972668329874 0.5290056467056274 0.19734597206115723 0.5099447965621948 0.21730117003122965 0.49668505787849426 0.2306046485900879 0.47762417793273926 0.23282188177108765 0.4668506681919098 0.21619254350662231 0.45359089970588684 0.19734597206115723 0.43950241804122925 0.17517348130544028
1 0.5729286074638367 0.09756990273793538 0.5895032286643982 0.08980953693389893 0.6060779690742493 0.08426642417907715 0.6243100762367249 0.0831577976544698 0.6342548727989197 0.0820491760969162 0.6433709859848022 0.09646127621332805 0.6458571553230286 0.12195960680643718 0.651658296585083 0.14745792746543884 0.650829553604126 0.16187003254890442 0.6317687034606934 0.17406487464904785 0.6110503077507019 0.18293384710947672 0.5969618558883667 0.19512871901194254 0.5828734040260315 0.1884769598642985 0.5696136951446533 0.17739075422286987 0.5654699802398682 0.16187003254890442 0.5679562091827393 0.13969757159550986 0.5696136951446533 0.11863372723261516
1 0.47762417793273926 0.2516684929529826 0.49171265959739685 0.23947362105051676 0.5066298842430115 0.23836501439412436 0.5198896527290344 0.2516684929529826 0.5240333080291748 0.26275471846262616 0.5107735395431519 0.2816012700398763 0.5 0.2937961419423421 0.48508280515670776 0.2982306480407715 0.4718230366706848 0.2982306480407715 0.46519315242767334 0.2993392546971639 0.4709942936897278 0.2804926633834839 0.4718230366706848 0.26829783121744794
1 0.5223758220672607 0.22617016235987344 0.5348068475723267 0.2095408042271932 0.5472378134727478 0.20178045829137167 0.5571826696395874 0.1940200924873352 0.5646412372589111 0.19180283943812051 0.5779009461402893 0.2006718317667643 0.5853595733642578 0.20843217770258585 0.5895032286643982 0.22617016235987344 0.577072262763977 0.24390812714894614 0.5712711215019226 0.25942885875701904 0.5546963810920715 0.26275471846262616 0.5439229011535645 0.2583202123641968 0.5323206186294556 0.2516684929529826 0.5256907343864441 0.24058224757512411
1 0.6035916805267334 0.20843217770258585 0.6118790507316589 0.19956320524215698 0.6301112174987793 0.19069421291351318 0.6524869799613953 0.1873683532079061 0.66657555103302 0.18958560625712076 0.6657467484474182 0.218409796555837 0.6640892624855042 0.23614776134490967 0.6549732685089111 0.2671892046928406 0.6466858983039856 0.2982306480407715 0.6450284123420715 0.3170772194862366 0.6408847570419312 0.33148932456970215 0.6251388192176819 0.33259793122609455 0.6077353954315186 0.33038071791330975 0.5911607146263123 0.31264275312423706 0.5828734040260315 0.29601341485977173 0.5820446610450745 0.2749495506286621 0.5837021470069885 0.256102979183197 0.5903319716453552 0.24058224757512411 0.5986193418502808 0.22617016235987344
1 0.6698904633522034 0.17517348130544028 0.688951313495636 0.18958560625712076 0.7063547372817993 0.20843217770258585 0.726244330406189 0.22617016235987344 0.7345317006111145 0.2416908542315165 0.7395040392875671 0.25942885875701904 0.7328742146492004 0.2838185429573059 0.727073073387146 0.3082082271575928 0.7162995934486389 0.3204030990600586 0.6930950284004211 0.32594621181488037 0.6798352599143982 0.33259793122609455 0.66657555103302 0.33038071791330975 0.6533157229423523 0.3292720913887024 0.6566306948661804 0.3070996205012004 0.6624318361282349 0.27716680367787677 0.6698904633522034 0.2572116057078044 0.6748628616333008 0.23393050829569498 0.6748628616333008 0.2195184032122294 0.6748628616333008 0.20399769147237143 0.6740341186523438 0.19291146596272787
1 0.6872938275337219 0.16741315523783365 0.70469731092453 0.16187003254890442 0.7104983925819397 0.1596527894337972 0.7237581610679626 0.1596527894337972 0.7370178699493408 0.16630450884501138 0.7444764971733093 0.1784993807474772 0.7461339831352234 0.1940200924873352 0.7461339831352234 0.22173567612965903 0.7494488954544067 0.23947362105051676 0.7328742146492004 0.22395290931065878 0.7154707908630371 0.20399769147237143 0.70469731092453 0.19623732566833496 0.6922662854194641 0.18515112002690634 0.6864650845527649 0.1784993807474772
1 0.00193094986025244 0.25942885875701904 0.025135496631264687 0.24058224757512411 0.04751131311058998 0.23393050829569498 0.07568826526403427 0.2416908542315165 0.08563306927680969 0.25499435265858966 0.06988712400197983 0.2660805583000183 0.04916878044605255 0.2616460919380188 0.035080306231975555 0.26275471846262616 0.023478029295802116 0.2760581970214844 0.007732087280601263 0.2882530291875203 0.0009765625 0.28603577613830566
1 0.09392040222883224 0.27827543020248413 0.11961115896701813 0.27827543020248413 0.13038469851016998 0.271623690923055 0.15027432143688202 0.2671892046928406 0.16519151628017426 0.2671892046928406 0.17927999794483185 0.2749495506286621 0.1850811392068863 0.29490476846694946 0.17182140052318573 0.3070996205012004 0.14778810739517212 0.31818586587905884 0.13369962573051453 0.32262033224105835 0.11381001770496368 0.32705481847127277 0.10137900710105896 0.321511705716451 0.088119275867939 0.31042548020680744 0.08314686268568039 0.3070996205012004 0.08480434119701385 0.2838185429573059
1 0.0009765625 0.37472561995188397 0.03342283517122269 0.3459014097849528 0.06408599019050598 0.321511705716451 0.08066067099571228 0.3204030990600586 0.09226293861865997 0.3281634449958801 0.09143421053886414 0.3470100164413452 0.08148939907550812 0.37805147965749103 0.0715445950627327 0.4068756898244222 0.0690583884716034 0.4334826072057088 0.06822966039180756 0.4545464515686035 0.06077105551958084 0.48558791478474933 0.05165497958660126 0.5099775791168213 0.03756650537252426 0.5277155637741089 0.01767689362168312 0.5243896643320719 0.004417151212692261 0.5210638840993246 0.0009765625 0.5077769756317139 0.0009765625 0.4356998602549235 0.0009765625 0.4068756898244222 0.0009765625 0.3847032388051351
1 0.10220775008201599 0.3558790286382039 0.11132381856441498 0.34811870257059735 0.11298128962516785 0.3847032388051351 0.11381001770496368 0.4235050280888875 0.11463875323534012 0.4556550979614258 0.09723534435033798 0.46563271681467694 0.08148939907550812 0.47006718317667645 0.07071585953235626 0.4711758295694987 0.07485952973365784 0.4334826072057088 0.08066067099571228 0.40244118372599286 0.0906054675579071 0.37583422660827637 0.09392040222883224 0.36363935470581055
1 0.12789849936962128 0.3436841567357381 0.14778810739517212 0.33038071791330975 0.1660202592611313 0.3192944924036662 0.18093745410442352 0.3148599863052368 0.19502593576908112 0.3192944924036662 0.1991696059703827 0.3425755500793457 0.20745694637298584 0.3736170132954915 0.21740174293518066 0.3957894643147786 0.2232028841972351 0.4102015495300293 0.21160061657428741 0.43459121386210126 0.19834087789058685 0.4567637046178182 0.18590986728668213 0.4722844362258911 0.17265012860298157 0.4767189025878906 0.15027432143688202 0.4722844362258911 0.12955597043037415 0.46230681737263996 0.12458355724811554 0.4368085066477458 0.1237548291683197 0.39911532402038574 0.12292609363794327 0.3680738608042399 0.1237548291683197 0.35366177558898926
1 0.19088228046894073 0.26829783121744794 0.19999834895133972 0.27051504453023273 0.21491554379463196 0.27051504453023273 0.22237415611743927 0.26386332511901855 0.22651782631874084 0.27827543020248413 0.2182305008172989 0.29157888889312744 0.20579949021339417 0.30044788122177124 0.19834087789058685 0.3037737210591634 0.1925397366285324 0.2937961419423421 0.187567338347435 0.28270991643269855
1 0.2041420191526413 0.3170772194862366 0.215744286775589 0.3037737210591634 0.23149022459983826 0.2893616557121277 0.24392123520374298 0.27827543020248413 0.24972237646579742 0.2838185429573059 0.2555235028266907 0.30044788122177124 0.24474996328353882 0.32262033224105835 0.24557869136333466 0.34035833676656085 0.24723617732524872 0.37250836690266925 0.24392123520374298 0.3869204521179199 0.2323189675807953 0.39468081792195636 0.21905922889709473 0.37694287300109863 0.2091144174337387 0.35366177558898926 0.2041420191526413 0.3337065776189168
1 0.24806490540504456 0.26275471846262616 0.25966718792915344 0.2616460919380188 0.26878324151039124 0.2660805583000183 0.27375563979148865 0.2804926633834839 0.2778993248939514 0.30044788122177124 0.2679544985294342 0.2993392546971639 0.26215335726737976 0.2926875352859497 0.253866046667099 0.2793840567270915
1 0.2803855240345001 0.25942885875701904 0.30027514696121216 0.24723398685455322 0.31850728392601013 0.23947362105051676 0.33010953664779663 0.23947362105051676 0.3392256200313568 0.2538857062657674 0.3508279025554657 0.2660805583000183 0.348341703414917 0.29157888889312744 0.34502676129341125 0.324837605158488 0.3441980481147766 0.35366177558898926 0.3367394506931305 0.3569876352945964 0.32099348306655884 0.34479276339213055 0.30524754524230957 0.33038071791330975 0.2969602048397064 0.3237289587656657 0.2895016074180603 0.3159685929616292 0.28287172317504883 0.29157888889312744 0.2803855240345001 0.2738409439722697
1 0.39723700284957886 0.2993392546971639 0.4179553687572479 0.3015565077463786 0.443646103143692 0.30488236745198566 0.4527621567249298 0.31264275312423706 0.4569058418273926 0.32705481847127277 0.44696101546287537 0.3558790286382039 0.4386737048625946 0.3736170132954915 0.4262426793575287 0.39246360460917157 0.4162978529930115 0.40465839703877765 0.40220940113067627 0.39246360460917157 0.39226460456848145 0.381377379099528 0.386463463306427 0.3647480408350627 0.3914358615875244 0.3381410439809163 0.3914358615875244 0.324837605158488
1 0.33093830943107605 0.3835945924123128 0.3441980481147766 0.37583422660827637 0.3582864999771118 0.3858118454615275 0.36657384037971497 0.39357221126556396 0.3790048360824585 0.39468081792195636 0.3906071186065674 0.39911532402038574 0.4030381441116333 0.4090929428736369 0.40883925557136536 0.4356998602549235 0.40635308623313904 0.4567637046178182 0.3955795466899872 0.4600895643234253 0.37817612290382385 0.4534378449122111 0.3607726991176605 0.4567637046178182 0.34668421745300293 0.4589809576670329 0.33342450857162476 0.4490033785502116 0.3251371681690216 0.42572228113810223 0.3251371681690216 0.4013325373331706 0.3251371681690216 0.39357221126556396
1 0.0009765625 0.5321501096089681 0.006903353147208691 0.53769318262736 0.013533223420381546 0.5609742403030396 0.018505627289414406 0.5886898835500082 0.012704489752650261 0.6031019687652588 0.0009765625 0.6119709014892578 0.0009765625 0.6090441544850668 0.0009765625 0.5809294382731119 0.0009765625 0.5587569872538248
1 0.46767938137054443 0.30931687355041504 0.48508280515670776 0.3115341067314148 0.48508280515670776 0.33259793122609455 0.4718230366706848 0.3459014097849528 0.4668506681919098 0.3436841567357381 0.4643644392490387 0.3292720913887024 0.46353569626808167 0.3204030990600586
1 0.5331493616104126 0.26940643787384033 0.5588400959968567 0.27051504453023273 0.5737572908401489 0.27716680367787677 0.5820446610450745 0.3148599863052368 0.5803872346878052 0.3425755500793457 0.57624351978302 0.3614221413930257 0.5720998644828796 0.39246360460917157 0.5571826696395874 0.40465839703877765 0.5430941581726074 0.427939494450887 0.536464273929596 0.44456883271535236 0.5190609097480774 0.43902575969696045 0.5082873702049255 0.4113101561864217 0.500828742980957 0.38026873270670575 0.4950276017189026 0.3514445622762044 0.49419885873794556 0.33148932456970215 0.49917125701904297 0.3082082271575928 0.5157459378242493 0.29157888889312744 0.5256907343864441 0.2760581970214844
1 0.018505627289414406 0.5354758898417155 0.043367642909288406 0.53769318262736 0.048340048640966415 0.553213914235433 0.04585384577512741 0.5753863652547201 0.036737773567438126 0.5842553377151489 0.026792965829372406 0.5809294382731119 0.01933436095714569 0.5620828866958618 0.018505627289414406 0.5476707617441813
1 0.0574561208486557 0.51884659131368 0.06822966039180756 0.4944568872451782 0.08480434119701385 0.48226205507914227 0.1071801483631134 0.477827509244283 0.12043989449739456 0.477827509244283 0.12541230022907257 0.5044345060984293 0.1237548291683197 0.5321501096089681 0.12292609363794327 0.55653977394104 0.11795368790626526 0.5853639443715414 0.11546748876571655 0.6031019687652588 0.09226293861865997 0.5964502096176147 0.07320205867290497 0.5964502096176147 0.05911358818411827 0.5875812371571859 0.05828485265374184 0.5687345663706461 0.056627385318279266 0.5487794081370035 0.056627385318279266 0.5310414632161459
1 0.45856329798698425 0.36031349500020343 0.46767938137054443 0.35477038224538165 0.48259657621383667 0.35366177558898926 0.4900551736354828 0.37694287300109863 0.500828742980957 0.4135274092356364 0.5016574859619141 0.4368085066477458 0.4859115183353424 0.4567637046178182 0.4643644392490387 0.4722844362258911 0.44696101546287537 0.4745016892751058 0.4287288784980774 0.4711758295694987 0.4162978529930115 0.4611981709798177 0.4196128249168396 0.4368085066477458 0.4287288784980774 0.4135274092356364 0.4378449618816376 0.39911532402038574 0.44861850142478943 0.37694287300109863
1 0.28784415125846863 0.5886898835500082 0.3035900592803955 0.5421276887257894 0.32099348306655884 0.506651759147644 0.33508196473121643 0.48226205507914227 0.34254056215286255 0.477827509244283 0.3582864999771118 0.4745016892751058 0.37320369482040405 0.47006718317667645 0.3889496624469757 0.47561029593149823 0.3939220607280731 0.48558791478474933 0.38977840542793274 0.5166293382644653 0.38563472032546997 0.5365845362345377 0.3823198080062866 0.5509966611862183 0.3607726991176605 0.5776035785675049 0.3533141016960144 0.5964502096176147 0.34999918937683105 0.6152967611948649 0.3359106779098511 0.6286002397537231 0.3176785409450531 0.6286002397537231 0.29364529252052307 0.6263829867045084 0.28867286443710327 0.6263829867045084
1 0.1453019082546234 0.5144120852152506 0.16353406012058258 0.4944568872451782 0.17927999794483185 0.48891377449035645 0.19751214981079102 0.5055431127548218 0.20828567445278168 0.5321501096089681 0.21325808763504028 0.5487794081370035 0.19336847960948944 0.5720605055491129 0.178451269865036 0.5953415632247925 0.16436278820037842 0.6186226606369019 0.1519317775964737 0.6308175325393677 0.13701456785202026 0.6297088861465454 0.12706975638866425 0.6230571269989014 0.12209735810756683 0.6008846759796143 0.1287272423505783 0.5687345663706461 0.13369962573051453 0.5321501096089681
1 0.22651782631874084 0.4323740005493164 0.21491554379463196 0.4490033785502116 0.2041420191526413 0.4645241101582845 0.19502593576908112 0.48447926839192706 0.20082707703113556 0.4966741402943929 0.20828567445278168 0.5099775791168213 0.21491554379463196 0.5266069173812866 0.22154542803764343 0.5399104356765747 0.23149022459983826 0.5321501096089681 0.2281752973794937 0.5199552377065023 0.2232028841972351 0.5077603658040365 0.2207166850566864 0.4866965214411418 0.22486035525798798 0.45787231127421063
1 0.1237548291683197 0.6396864652633667 0.14447318017482758 0.6463382244110107 0.15358924865722656 0.6552072366078695 0.15027432143688202 0.702877918879191 0.1378432959318161 0.6773796876271566 0.13121342658996582 0.6574244499206543
1 0.1569041907787323 0.6419037183125814 0.1709926575422287 0.6175140142440796 0.18590986728668213 0.5975588162740072 0.20082707703113556 0.5731691122055054 0.21325808763504028 0.5643001397450765 0.21242935955524445 0.5920156637827555 0.20828567445278168 0.6208399136861166 0.20745694637298584 0.6540985902150472 0.215744286775589 0.6784883340199789 0.2182305008172989 0.7084210713704427 0.21988795697689056 0.7405711809794108 0.21988795697689056 0.7727212905883789 0.19834087789058685 0.7560919125874838 0.18342366814613342 0.7461142539978027 0.16436278820037842 0.7328108151753744 0.1593903750181198 0.7195072968800863 0.1593903750181198 0.694008986155192 0.16021911799907684 0.6707278887430826
1 0.28287172317504883 0.647446870803833 0.31187739968299866 0.640795111656189 0.3325957655906677 0.640795111656189 0.34502676129341125 0.640795111656189 0.3342532217502594 0.6795969009399414 0.329280823469162 0.7084210713704427 0.3226509392261505 0.7261590957641602 0.2969602048397064 0.7195072968800863 0.2795567810535431 0.7128555774688721 0.2638108730316162 0.702877918879191 0.26961198449134827 0.6807055473327637 0.27624186873435974 0.6674020290374756
1 0.34502676129341125 0.6973349253336588 0.36657384037971497 0.6829227606455485 0.3881209194660187 0.6773796876271566 0.40386685729026794 0.6674020290374756 0.4162978529930115 0.6685106754302979 0.4171266257762909 0.6784883340199789 0.41381168365478516 0.6995521386464437 0.4295576214790344 0.7161814371744791 0.42044153809547424 0.7339193820953369 0.3823198080062866 0.747222900390625 0.3599439561367035 0.7583091259002686 0.3441980481147766 0.7649609247843424 0.3367394506931305 0.7494401137034098 0.33508196473121643 0.7339193820953369 0.34254056215286255 0.7128555774688721
1 0.405524343252182 0.4789361159006755 0.4262426793575287 0.48226205507914227 0.45441964268684387 0.48891377449035645 0.4709942936897278 0.5033258597056071 0.48425403237342834 0.5321501096089681 0.48922646045684814 0.5620828866958618 0.48425403237342834 0.5753863652547201 0.45856329798698425 0.5809294382731119 0.43287256360054016 0.5776035785675049 0.4096679985523224 0.5609742403030396 0.3988944888114929 0.5521052678426107 0.3980657160282135 0.5221724510192871 0.3980657160282135 0.5022172133127848
1 0.4693368375301361 0.48558791478474933 0.481767863035202 0.4733930428822835 0.4983425438404083 0.45787231127421063 0.5066298842430115 0.450111985206604 0.5207183361053467 0.45232923825581867 0.5339781045913696 0.4634154637654622 0.5430941581726074 0.4911309878031413 0.5538676977157593 0.5210638840993246 0.56215500831604 0.5454535484313965 0.5679562091827393 0.5687345663706461 0.5662986636161804 0.5820380846659342 0.5265194773674011 0.5776035785675049 0.4975138008594513 0.5698432127634684 0.49585631489753723 0.553213914235433 0.49171265959739685 0.53769318262736 0.48508280515670776 0.51884659131368 0.48011040687561035 0.5077603658040365
1 0.5439229011535645 0.44456883271535236 0.56215500831604 0.41796191533406574 0.574586033821106 0.40354979038238525 0.5928182005882263 0.39911532402038574 0.6035916805267334 0.39911532402038574 0.6259675621986389 0.3968980709711711 0.6392272710800171 0.39246360460917157 0.6657467484474182 0.40465839703877765 0.6707192063331604 0.427939494450887 0.6632605791091919 0.46674132347106934 0.6574594378471375 0.5033258597056071 0.651658296585083 0.5310414632161459 0.6632605791091919 0.5609742403030396 0.6649180054664612 0.5764950116475424 0.6558020114898682 0.5886898835500082 0.6077353954315186 0.5809294382731119 0.5812159180641174 0.5809294382731119 0.5720998644828796 0.5631915330886841 0.56215500831604 0.5254983107248942 0.5522102117538452 0.4966741402943929 0.5464091300964355 0.4789361159006755 0.5397791862487793 0.4600895643234253
1 0.6906087398529053 0.34811870257059735 0.703868567943573 0.33259793122609455 0.726244330406189 0.32705481847127277 0.7320454716682434 0.33481518427530926 0.7237581610679626 0.35477038224538165 0.713813304901123 0.3669652541478475 0.7212719321250916 0.3968980709711711 0.7320454716682434 0.42683088779449463 0.7080122232437134 0.4157446622848511 0.6856364011764526 0.40465839703877765 0.6732053756713867 0.40022393067677814 0.6814927458763123 0.38026873270670575 0.6856364011764526 0.3647480408350627
1 0.8621566891670227 0.4013325373331706 0.8803888559341431 0.40022393067677814 0.8878474235534668 0.40798433621724445 0.8977922201156616 0.431265393892924 0.9011071920394897 0.450111985206604 0.8986209630966187 0.48226205507914227 0.891991138458252 0.4955654939015706 0.8729302287101746 0.5022172133127848 0.8439245820045471 0.5110862255096436 0.826521098613739 0.5199552377065023 0.8323222994804382 0.5044345060984293 0.8430958390235901 0.49334824085235596 0.8513832092285156 0.477827509244283 0.8538693785667419 0.44013436635335285 0.8580130338668823 0.421287735303243
1 0.9002784490585327 0.40354979038238525 0.916024386882782 0.3880290587743123 0.9317703247070312 0.3791600863138835 0.9450300931930542 0.40798433621724445 0.9599472880363464 0.43459121386210126 0.9640910029411316 0.4634154637654622 0.9715495705604553 0.47561029593149823 0.9897817373275757 0.4789361159006755 0.9980690479278564 0.4789361159006755 1.0 0.5044345060984293 1.0 0.5365845362345377 0.9980690479278564 0.5465621948242188 0.9740357398986816 0.5476707617441813 0.9533174633979797 0.5365845362345377 0.9276266694068909 0.5277155637741089 0.9085657596588135 0.5110862255096436 0.8969635367393494 0.5011086463928223 0.9093945026397705 0.477827509244283 0.9093945026397705 0.4600895643234253 0.9027646780014038 0.43459121386210126 0.8994497060775757 0.4190705219904582
1 0.8273499011993408 0.5354758898417155 0.8505544066429138 0.5266069173812866 0.8820462822914124 0.5232810974121094 0.9102232456207275 0.5254983107248942 0.9284554123878479 0.5421276887257894 0.9524887204170227 0.5476707617441813 0.9657484292984009 0.5598656336466471 0.9649196863174438 0.5842553377151489 0.968234658241272 0.599776029586792 0.9458588361740112 0.609753688176473 0.9276266694068909 0.6385778586069742 0.8953060507774353 0.6341433525085449 0.8588417768478394 0.6263829867045084 0.8356372117996216 0.6341433525085449 0.817405104637146 0.6241657733917236 0.8074602484703064 0.6141881148020426 0.8099464774131775 0.5842553377151489 0.817405104637146 0.5554311275482178
1 0.7212719321250916 0.6319261391957601 0.7386753559112549 0.6363606452941895 0.751106321811676 0.637469212214152 0.7593936920166016 0.6319261391957601 0.7585649490356445 0.6463382244110107 0.7577362656593323 0.6596416632334391 0.7676810622215271 0.6807055473327637 0.7569075226783752 0.6851399739583334 0.7444764971733093 0.6795969009399414 0.7353603839874268 0.6674020290374756 0.7229294180870056 0.656315803527832 0.712984561920166 0.6540985902150472 0.7146420478820801 0.6441209316253662
1 0.6798352599143982 0.5698432127634684 0.688951313495636 0.5654087861378988 0.7005535960197449 0.5698432127634684 0.7030397653579712 0.5798208713531494 0.6872938275337219 0.5831466913223267 0.6831501722335815 0.5942329168319702 0.6839789152145386 0.6130795478820801 0.6773490309715271 0.6164053678512573 0.667404294013977 0.6086450417836508 0.667404294013977 0.5986674626668295 0.6732053756713867 0.5842553377151489
1 0.8132613897323608 0.6396864652633667 0.8306648135185242 0.6441209316253662 0.8488969206809998 0.6430123647054037 0.8621566891670227 0.6385778586069742 0.8828750252723694 0.6419037183125814 0.9002784490585327 0.6452296574910482 0.9151957035064697 0.647446870803833 0.9284554123878479 0.6496640841166178 0.9367427229881287 0.6529899835586548 0.9259692430496216 0.6884658336639404 0.916024386882782 0.6873572667439779 0.8903336524963379 0.6851399739583334 0.8770739436149597 0.6973349253336588 0.8654716610908508 0.7106383641560873 0.8372946381568909 0.705095132191976 0.825692355632782 0.6973349253336588 0.8066315650939941 0.6873572667439779 0.7917143106460571 0.6862486203511556 0.8024879097938538 0.6685106754302979 0.8099464774131775 0.6552072366078695
1 0.6019342541694641 0.6773796876271566 0.6234813332557678 0.6740538279215494 0.650000810623169 0.6906832059224447 0.6591169238090515 0.7139642238616943 0.6549732685089111 0.7361366748809814 0.6433709859848022 0.7594177722930908 0.6350836157798767 0.766069491704305 0.6185089945793152 0.7505487600962321 0.6044204235076904 0.7217245101928711 0.5944756865501404 0.6973349253336588 0.5961331129074097 0.6873572667439779
1 0.6707192063331604 0.7228332360585531 0.688951313495636 0.7250504493713379 0.7063547372817993 0.7172900835673014 0.7287305593490601 0.7017693519592285 0.7386753559112549 0.6929004192352295 0.7569075226783752 0.6984434922536215 0.7693384885787964 0.702877918879191 0.7751396298408508 0.7261590957641602 0.779283344745636 0.7538746198018392 0.7685098052024841 0.7804815769195557 0.7461339831352234 0.800436814626058 0.7345317006111145 0.8270437717437744 0.7204431891441345 0.841455856959025 0.6947524547576904 0.8292609850565592 0.6723766326904297 0.8148488998413086 0.6533157229423523 0.8037625948588053 0.6491720676422119 0.7815902233123779 0.6574594378471375 0.7538746198018392 0.6657467484474182 0.7361366748809814
1 0.6168514490127563 0.7638522783915201 0.6284537315368652 0.7793730099995931 0.6334261894226074 0.7993281682332357 0.6301112174987793 0.8226092656453451 0.6160227060317993 0.8458903630574545 0.60027676820755 0.8824748992919922 0.5878458023071289 0.9068646430969238 0.574586033821106 0.9112990697224935 0.5530389547348022 0.9157335758209229 0.53812175989151 0.90021284421285 0.5273482203483582 0.8880180517832438 0.5455803871154785 0.8636282285054525 0.5646412372589111 0.8359127044677734 0.5853595733642578 0.8104144732157389 0.60027676820755 0.7904592355092367
1 0.5140884518623352 0.8447817166646322 0.5223758220672607 0.8359127044677734 0.537293016910553 0.8292609850565592 0.5513814687728882 0.818174680074056 0.5522102117538452 0.8292609850565592 0.538950502872467 0.850324789683024 0.5298343896865845 0.8680628140767416 0.5207183361053467 0.8680628140767416 0.5165746808052063 0.856976588567098
1 0.5049723982810974 0.705095132191976 0.5240333080291748 0.7272676626841227 0.5298343896865845 0.7461142539978027 0.5314919352531433 0.7705039183298746 0.5215470790863037 0.7638522783915201 0.5116022825241089 0.7383538881937662 0.5041436553001404 0.7239418824513754 0.49668505787849426 0.7150727907816569
1 0.36408764123916626 0.7705039183298746 0.38314852118492126 0.7560919125874838 0.405524343252182 0.7483315467834473 0.424585223197937 0.7438970406850179 0.43535876274108887 0.7339193820953369 0.44696101546287537 0.7361366748809814 0.4552483856678009 0.7649609247843424 0.45607709884643555 0.7860247294108073 0.44198864698410034 0.8037625948588053 0.4295576214790344 0.8226092656453451 0.41381168365478516 0.837021271387736 0.40883925557136536 0.856976588567098 0.3988944888114929 0.8680628140767416 0.3798336088657379 0.8713886737823486 0.36823132634162903 0.856976588567098 0.3599439561367035 0.8248265584309896 0.3558003306388855 0.800436814626058 0.3607726991176605 0.784916083017985
1 0.2679544985294342 0.7239418824513754 0.2986176609992981 0.7294848759969076 0.3226509392261505 0.7361366748809814 0.33010953664779663 0.7549832661946615 0.3325957655906677 0.7682867050170898 0.31933602690696716 0.7826987902323405 0.29364529252052307 0.791567881902059 0.27126947045326233 0.7948936621348063 0.2555235028266907 0.7960023085276285 0.253866046667099 0.7716125647226969 0.2563522160053253 0.7350280284881592
1 0.03176536783576012 0.599776029586792 0.0574561208486557 0.6008846759796143 0.07485952973365784 0.6108622550964355 0.07817446440458298 0.6319261391957601 0.07071585953235626 0.6696193218231201 0.07320205867290497 0.705095132191976 0.074030801653862 0.7239418824513754 0.056627385318279266 0.6917917728424072 0.04585384577512741 0.6552072366078695 0.035080306231975555 0.6219485600789388 0.03342283517122269 0.6119709014892578
1 0.13701456785202026 0.7638522783915201 0.14613063633441925 0.7616349856058756 0.1593903750181198 0.7505487600962321 0.16933520138263702 0.7494401137034098 0.19088228046894073 0.766069491704305 0.21408681571483612 0.7838074366251627 0.2182305008172989 0.7948936621348063 0.20994314551353455 0.8115230401357015 0.19419720768928528 0.8237179120381674 0.18093745410442352 0.8270437717437744 0.1685064435005188 0.8081971804300944 0.1593903750181198 0.7904592355092367 0.14861685037612915 0.7771557172139486
1 0.10883761942386627 0.7904592355092367 0.12043989449739456 0.7716125647226969 0.12789849936962128 0.7693953514099121 0.13950076699256897 0.7860247294108073 0.1544179767370224 0.7993281682332357 0.16436278820037842 0.8170661131540934 0.17513632774353027 0.8314782778422037 0.16519151628017426 0.8425644238789877 0.14778810739517212 0.8514334360758463 0.1287272423505783 0.8547593752543131 0.11795368790626526 0.8458903630574545 0.10800888389348984 0.8303696314493815 0.1046939417719841 0.8226092656453451 0.1096663549542427 0.8081971804300944
1 0.06077105551958084 0.838129997253418 0.0715445950627327 0.8159574667612711 0.08480434119701385 0.8126316865285238 0.09806407988071442 0.8314782778422037 0.11215255409479141 0.850324789683024 0.11712495982646942 0.8636282285054525 0.11381001770496368 0.8824748992919922 0.10552268475294113 0.8957783381144205 0.09143421053886414 0.884692112604777 0.07734573632478714 0.8680628140767416 0.0690583884716034 0.8536506493886312
1 0.01767689362168312 0.9733819961547852 0.023478029295802116 0.9622956911722819 0.035080306231975555 0.9778164227803549 0.05082624778151512 0.9877940813700358 0.06491472572088242 0.9866854349772135 0.0690583884716034 0.9966630140940348 0.06988712400197983 1.0 0.056627385318279266 1.0 0.04419637471437454 1.0 0.03259409964084625 0.999988873799642 0.020163094624876976 0.9900113741556803
1 0.09889281541109085 0.9667301972707113 0.11132381856441498 0.9733819961547852 0.12955597043037415 0.9700561364491781 0.15276050567626953 0.9622956911722819 0.1593903750181198 0.9789250691731771 0.16767771542072296 0.9977716604868571 0.15027432143688202 1.0 0.13369962573051453 1.0 0.11712495982646942 0.999988873799642 0.1046939417719841 0.99444580078125 0.09723534435033798 0.9811422824859619
1 0.16270533204078674 0.95675261815389 0.1759650558233261 0.9390146732330322 0.19171100854873657 0.9268198013305664 0.20082707703113556 0.9257112344106039 0.20331327617168427 0.9401233196258545 0.1925397366285324 0.9556439717610677 0.19088228046894073 0.9800337155659994 0.18342366814613342 0.9977716604868571 0.17265012860298157 0.984468142191569 0.16353406012058258 0.9689474105834961
1 0.18922479450702667 0.8702800273895264 0.20082707703113556 0.8525420824686686 0.21325808763504028 0.8492161432902018 0.21988795697689056 0.8614110151926676 0.2281752973794937 0.8691713809967041 0.2207166850566864 0.8880180517832438 0.21657301485538483 0.9124077161153158 0.20994314551353455 0.9223853747049967 0.20331327617168427 0.9068646430969238 0.20331327617168427 0.8858006795247396 0.19171100854873657 0.884692112604777 0.187567338347435 0.8824748992919922
1 0.2397775799036026 0.8603024482727051 0.25055110454559326 0.8525420824686686 0.2704407274723053 0.8403472105662028 0.2845292091369629 0.8325868447621664 0.30690503120422363 0.818174680074056 0.3317670226097107 0.8048712412516276 0.34502676129341125 0.7948936621348063 0.349170446395874 0.8148488998413086 0.3533141016960144 0.8403472105662028 0.3607726991176605 0.8636282285054525 0.36823132634162903 0.8791490395863851 0.34999918937683105 0.90021284421285 0.3367394506931305 0.9190594355265299 0.3251371681690216 0.9390146732330322 0.3201647698879242 0.9545354048411051 0.3011038899421692 0.9578612645467123 0.28370046615600586 0.9534266789754232 0.2745843827724457 0.9534266789754232 0.26463958621025085 0.9190594355265299 0.26215335726737976 0.8991042772928873 0.2679544985294342 0.8736058870951334 0.2654683291912079 0.8636282285054525 0.2613246440887451 0.8614110151926676
1 0.779283344745636 0.6951176325480143 0.7991728782653809 0.694008986155192 0.8099464774131775 0.7006607055664062 0.8116039037704468 0.7206159432729086 0.8091177344322205 0.747222900390625 0.8107751607894897 0.7605264186859131 0.7975154519081116 0.766069491704305 0.788399338722229 0.7627436319986979 0.7842556834220886 0.7361366748809814 0.7809407711029053 0.7195072968800863 0.779283344745636 0.7084210713704427
1 0.7337029576301575 0.8547593752543131 0.7494488954544067 0.8259351253509521 0.7651948928833008 0.7993281682332357 0.780112087726593 0.7838074366251627 0.7942005395889282 0.7771557172139486 0.8140901327133179 0.7738298575083414 0.8223774433135986 0.7682867050170898 0.8314935564994812 0.7826987902323405 0.8488969206809998 0.7926764488220215 0.8654716610908508 0.8037625948588053 0.8696153163909912 0.8159574667612711 0.8497256636619568 0.837021271387736 0.8439245820045471 0.8558680216471354 0.8439245820045471 0.8736058870951334 0.8464107513427734 0.8835834662119547 0.8298360705375671 0.8891266187032064 0.8198912739753723 0.8968869845072428 0.8132613897323608 0.9068646430969238 0.8074602484703064 0.9157335758209229 0.7925430536270142 0.9201680819193522 0.7718247175216675 0.9246025880177816 0.7593936920166016 0.9190594355265299 0.7494488954544067 0.9079732100168864 0.7370178699493408 0.8802576859792074 0.7337029576301575 0.865845521291097
1 0.4295576214790344 0.8348040580749512 0.4527621567249298 0.8403472105662028 0.4784529209136963 0.8492161432902018 0.4975138008594513 0.8481075763702393 0.5049723982810974 0.8536506493886312 0.5132597088813782 0.8724973201751709 0.5165746808052063 0.8880180517832438 0.5016574859619141 0.8957783381144205 0.4734805226325989 0.9013214906056722 0.45441964268684387 0.9068646430969238 0.43950241804122925 0.9013214906056722 0.42375651001930237 0.8813662528991699 0.41546913981437683 0.8736058870951334 0.4196128249168396 0.8603024482727051 0.4220989942550659 0.850324789683024
1 0.3342532217502594 0.9534266789754232 0.35165664553642273 0.9124077161153158 0.36906006932258606 0.894669771194458 0.38314852118492126 0.884692112604777 0.39972320199012756 0.8835834662119547 0.4162978529930115 0.8869093259175619 0.43535876274108887 0.904647429784139 0.44861850142478943 0.923494021097819 0.44447484612464905 0.9423405329386393 0.4411598742008209 0.9667301972707113 0.44696101546287537 0.9911199410756429 0.43950241804122925 1.0 0.3930933475494385 0.9977716604868571 0.37071752548217773 0.9988802274068197 0.3558003306388855 0.9955544471740723 0.3433693051338196 0.9789250691731771
1 0.291159063577652 0.9689474105834961 0.31187739968299866 0.9678388436635336 0.32182222604751587 0.9678388436635336 0.3359106779098511 0.97559920946757 0.3458555042743683 0.9933371543884277 0.34005436301231384 0.9988802274068197 0.31684979796409607 1.0 0.3011038899421692 0.999988873799642 0.28784415125846863 0.9988802274068197 0.2845292091369629 0.9855767885843912
1 0.4602207839488983 0.923494021097819 0.4834253191947937 0.9124077161153158 0.5058010816574097 0.9112990697224935 0.5157459378242493 0.9124077161153158 0.5314919352531433 0.9223853747049967 0.5472378134727478 0.9301456610361735 0.5563539266586304 0.9445578257242838 0.5563539266586304 0.9711647828420004 0.5497240424156189 0.9966630140940348 0.5384553670883179 1.0 0.5041436553001404 1.0 0.4784529209136963 1.0 0.4593920409679413 0.999988873799642 0.4552483856678009 0.97559920946757 0.4527621567249298 0.95675261815389 0.45359089970588684 0.9390146732330322
1 0.5704423785209656 0.941231886545817 0.5861883163452148 0.9301456610361735 0.5944756865501404 0.9323628743489584 0.6077353954315186 0.9456663926442465 0.6234813332557678 0.9667301972707113 0.6342548727989197 0.9789250691731771 0.6441997289657593 0.9911199410756429 0.6441997289657593 0.999988873799642 0.6193376779556274 1.0 0.5928182005882263 1.0 0.5638124942779541 1.0 0.5588400959968567 0.9988802274068197 0.5588400959968567 0.984468142191569 0.5613263249397278 0.9634043375651041 0.56215500831604 0.9478836059570312
1 0.6483433842658997 0.8226092656453451 0.6790065169334412 0.8303696314493815 0.7005535960197449 0.846998929977417 0.7162995934486389 0.856976588567098 0.7254155874252319 0.8791490395863851 0.7320454716682434 0.90021284421285 0.7378466129302979 0.9201680819193522 0.7386753559112549 0.9334715207417806 0.7237581610679626 0.952318032582601 0.7005535960197449 0.9634043375651041 0.6823214888572693 0.9767077763875326 0.667404294013977 0.988902727762858 0.6558020114898682 0.9866854349772135 0.6433709859848022 0.9689474105834961 0.6193376779556274 0.9467750390370687 0.6044204235076904 0.9257112344106039 0.5936469435691833 0.9146249294281006 0.6085641384124756 0.8902352650960287 0.6185089945793152 0.865845521291097 0.6267962455749512 0.8492161432902018 0.6359123587608337 0.8348040580749512
1 0.66657555103302 0.9977716604868571 0.6906087398529053 0.9977716604868571 0.7055259943008423 0.9911199410756429 0.727073073387146 0.9767077763875326 0.7486201524734497 0.9667301972707113 0.7610511779785156 0.9678388436635336 0.7809407711029053 0.9800337155659994 0.7875706553459167 0.9933371543884277 0.778454601764679 0.9634043375651041 0.7685098052024841 0.9434491793314616 0.7585649490356445 0.9334715207417806 0.7469626665115356 0.9390146732330322 0.7328742146492004 0.952318032582601 0.7212719321250916 0.9622956911722819 0.70469731092453 0.9733819961547852 0.6922662854194641 0.9811422824859619 0.6823214888572693 0.9855767885843912
1 0.9649196863174438 0.8093058268229166 0.9823231101036072 0.7982195218404134 0.9947541356086731 0.7993281682332357 0.9997265338897705 0.8170661131540934 1.0 0.8425644238789877 0.9997265338897705 0.850324789683024 0.9806656241416931 0.8436730702718099 0.9715495705604553 0.8348040580749512 0.9640910029411316 0.8237179120381674
1 0.9350852370262146 0.8458903630574545 0.9442013502120972 0.8359127044677734 0.9582898020744324 0.838129997253418 0.9715495705604553 0.8547593752543131 0.9814943671226501 0.8591938018798828 0.9897817373275757 0.8625196615854899 0.9980690479278564 0.8669541676839193 1.0 0.8957783381144205 0.9997265338897705 0.923494021097819 0.9790081977844238 0.9246025880177816 0.9624335169792175 0.923494021097819 0.9524887204170227 0.9168421427408854 0.9392289519309998 0.9057559967041016 0.9342565536499023 0.8813662528991699 0.9309415817260742 0.8558680216471354
1 0.9698920845985413 0.9445578257242838 0.9823231101036072 0.9301456610361735 0.993096649646759 0.9323628743489584 1.0 0.9356887340545654 1.0 0.9512094656626383 1.0 0.951858123143514 1.0 0.9911199410756429 0.9881242513656616 0.9911199410756429 0.9790081977844238 0.9855767885843912 0.9707208275794983 0.97559920946757 0.9674059152603149 0.9611871242523193
1 0.9185106158256531 0.9977716604868571 0.9350852370262146 0.984468142191569 0.9475162625312805 0.9789250691731771 0.954974889755249 0.9789250691731771 0.9674059152603149 0.9877940813700358 0.9814943671226501 0.9955544471740723 0.9872955679893494 1.0 0.9698885679244995 1.0 0.9392289519309998 1.0 0.9226542711257935 1.0
1 0.9756932854652405 0.5620828866958618 0.9964115619659424 0.5576483408610026 1.0 0.5677257776260376 1.0 0.5931243101755778 0.9939253926277161 0.6152967611948649 0.9798368811607361 0.6219485600789388 0.955803632736206 0.6219485600789388 0.9591185450553894 0.6141881148020426 0.9756932854652405 0.606427788734436 0.9790081977844238 0.5897984504699707
0 0.0009765625 0.14634929100672403 0.023478029295802116 0.1319372057914734 0.035080306231975555 0.11752511064211528 0.05082624778151512 0.09646127621332805 0.05911358818411827 0.08426642417907715 0.07568826526403427 0.09313540657361348 0.09309167414903641 0.1075475017229716 0.10552268475294113 0.13304583231608072 0.11049508303403854 0.14524068435033163 0.10055027902126312 0.165195902188619 0.09972154349088669 0.18958560625712076 0.08397560566663742 0.20843217770258585 0.06740092486143112 0.21730117003122965 0.04502511024475098 0.22062702973683676 0.030107900500297546 0.2283873955408732 0.01519069168716669 0.24058224757512411 0.0009765625 0.25055984656016034 0.0009765625 0.21619254350662231 0.0009765625 0.17406487464904785
0 0.0009765625 0.0013020833333333333 0.02099183015525341 0.0013020833333333333 0.038395240902900696 0.0013020833333333333 0.025135496631264687 0.008880069479346275 0.01104702241718769 0.009988692899545034
0 0.09806407988071442 0.2062149445215861 0.1262410283088684 0.20510629812876383 0.14364443719387054 0.20843217770258585 0.1519317775964737 0.21508391698201498 0.15276050567626953 0.2461253603299459 0.14861685037612915 0.2572116057078044 0.1262410283088684 0.26275471846262616 0.10635142028331757 0.2671892046928406 0.09557788074016571 0.2671892046928406 0.08977673947811127 0.25055984656016034 0.088119275867939 0.23171325524648032 0.09392040222883224 0.21730117003122965
0 0.1569041907787323 0.20510629812876383 0.17430758476257324 0.20399769147237143 0.19336847960948944 0.2062149445215861 0.2041420191526413 0.2128666639328003 0.2182305008172989 0.21730117003122965 0.22154542803764343 0.23393050829569498 0.21905922889709473 0.2538857062657674 0.20662821829319 0.2616460919380188 0.18839606642723083 0.2583202123641968 0.1709926575422287 0.2538857062657674 0.1593903750181198 0.252777099609375 0.15773291885852814 0.23282188177108765
0 0.26712578535079956 0.06652845442295074 0.2754131257534027 0.0565508504708608 0.29364529252052307 0.05433360735575358 0.3085624873638153 0.06209396322568258 0.3201647698879242 0.0731801986694336 0.3243083953857422 0.0809405545393626 0.3251371681690216 0.11863372723261516 0.3342532217502594 0.14745792746543884 0.34502676129341125 0.16741315523783365 0.34751296043395996 0.17739075422286987 0.34668421745300293 0.19845457871754965 0.32845208048820496 0.21064943075180054 0.3085624873638153 0.22173567612965903 0.2944740056991577 0.23171325524648032 0.2745843827724457 0.24723398685455322 0.24806490540504456 0.2516684929529826 0.23812009394168854 0.2583202123641968 0.2323189675807953 0.26497193177541095 0.22734656929969788 0.24834259351094565 0.2281752973794937 0.22506151596705118 0.2323189675807953 0.20399769147237143 0.2422637641429901 0.19180283943812051 0.25800973176956177 0.18071661392847696 0.27375563979148865 0.1585441529750824 0.2803855240345001 0.1308285892009735 0.28121426701545715 0.10533026854197185 0.27375563979148865 0.08980953693389893
0 0.3632589280605316 0.26386332511901855 0.3748612105846405 0.2671892046928406 0.38480597734451294 0.2793840567270915 0.3839772641658783 0.2993392546971639 0.37568992376327515 0.33481518427530926 0.3765186667442322 0.381377379099528 0.3607726991176605 0.37250836690266925 0.34999918937683105 0.3614221413930257 0.3558003306388855 0.3204030990600586 0.35911524295806885 0.29157888889312744
0 0.2563522160053253 0.3137513796488444 0.28535792231559753 0.321511705716451 0.29530274868011475 0.3436841567357381 0.3151923418045044 0.3669652541478475 0.31436362862586975 0.3913549582163493 0.31933602690696716 0.427939494450887 0.3251371681690216 0.46230681737263996 0.3243083953857422 0.48004480202992755 0.31436362862586975 0.4988913933436076 0.3035900592803955 0.5144120852152506 0.2845292091369629 0.5476707617441813 0.2770705819129944 0.5964502096176147 0.27624186873435974 0.6330347855885824 0.272926926612854 0.6596416632334391 0.2563522160053253 0.6773796876271566 0.2513798475265503 0.7006607055664062 0.2323189675807953 0.7039865652720133 0.22237415611743927 0.6895744800567627 0.22403161227703094 0.6685106754302979 0.21740174293518066 0.6507726907730103 0.2182305008172989 0.6197313070297241 0.2232028841972351 0.5853639443715414 0.22486035525798798 0.5598656336466471 0.2323189675807953 0.5543225606282552 0.24557869136333466 0.543236255645752 0.24557869136333466 0.51884659131368 0.2323189675807953 0.5033258597056071 0.22900402545928955 0.48115340868632 0.2372913658618927 0.4456774393717448 0.24060630798339844 0.4157446622848511 0.2513798475265503 0.39800671736399335 0.25718098878860474 0.3791600863138835 0.25469475984573364 0.3569876352945964 0.25469475984573364 0.34035833676656085 0.25469475984573364 0.324837605158488
0 0.0009765625 0.6274915933609009 0.01519069168716669 0.6241657733917236 0.023478029295802116 0.6308175325393677 0.03590903803706169 0.656315803527832 0.046682581305503845 0.6917917728424072 0.05828485265374184 0.7139642238616943 0.06988712400197983 0.7339193820953369 0.074030801653862 0.757200558980306 0.06740092486143112 0.7760470708211263 0.06740092486143112 0.800436814626058 0.06325726211071014 0.8192833264668783 0.05248371511697769 0.8248265584309896 0.03756650537252426 0.8226092656453451 0.01767689362168312 0.8048712412516276 0.001102216076105833 0.791567881902059 0.0009765625 0.7867253621419271 0.0035884175449609756 0.7206159432729086 0.004417151212692261 0.6751623948415121 0.0027596838772296906 0.6441209316253662
0 0.088119275867939 0.6075364351272583 0.10220775008201599 0.6152967611948649 0.11132381856441498 0.6286002397537231 0.1237548291683197 0.6685106754302979 0.13950076699256897 0.7106383641560873 0.15027432143688202 0.737245241800944 0.1428157091140747 0.7505487600962321 0.12043989449739456 0.7538746198018392 0.10800888389348984 0.7649609247843424 0.09889281541109085 0.7826987902323405 0.09972154349088669 0.8015453815460205 0.07983192801475525 0.800436814626058 0.07817446440458298 0.7826987902323405 0.08314686268568039 0.7627436319986979 0.088119275867939 0.7361366748809814 0.08480434119701385 0.6962262789408366 0.08314686268568039 0.6629675626754761 0.08729053288698196 0.6441209316253662 0.088119275867939 0.6252743403116862
0 0.0009765625 0.8170661131540934 0.010218288749456406 0.8148488998413086 0.021820563822984695 0.8259351253509521 0.02762169949710369 0.8403472105662028 0.028450433164834976 0.8580852349599203 0.011875756084918976 0.8680628140767416 0.0009765625 0.8769318262736002 0.0009765625 0.8657568295796713 0.0009765625 0.8336954911549886
0 0.0009765625 0.891343911488851 0.01601942628622055 0.8802576859792074 0.026792965829372406 0.8724973201751709 0.041710175573825836 0.8558680216471354 0.046682581305503845 0.8514334360758463 0.056627385318279266 0.8625196615854899 0.0715445950627327 0.8813662528991699 0.08563306927680969 0.8979956309000651 0.08646180480718613 0.9068646430969238 0.07817446440458298 0.9223853747049967 0.0906054675579071 0.952318032582601 0.08729053288698196 0.9711647828420004 0.09226293861865997 0.9900113741556803 0.09640660881996155 1.0 0.08729053288698196 1.0 0.07900319993495941 0.9955544471740723 0.0690583884716034 0.9800337155659994 0.05579864978790283 0.9711647828420004 0.04253890737891197 0.9667301972707113 0.02927916683256626 0.9556439717610677 0.016848159953951836 0.95675261815389 0.00938955508172512 0.9667301972707113 0.014361958019435406 0.9966630140940348 0.020163094624876976 1.0 0.0009765625 1.0 0.0009765625 0.9545354048411051 0.0009765625 0.9257112344106039 0.0009765625 0.9112990697224935
0 0.37320369482040405 0.5820380846659342 0.3939220607280731 0.5643001397450765 0.4146403968334198 0.5776035785675049 0.442817360162735 0.5886898835500082 0.48756900429725647 0.5886898835500082 0.5091161131858826 0.5831466913223267 0.5406079292297363 0.590907096862793 0.5704423785209656 0.5975588162740072 0.5828734040260315 0.609753688176473 0.5953044295310974 0.6396864652633667 0.5986193418502808 0.6618589560190836 0.5720998644828796 0.6784883340199789 0.5604975819587708 0.6851399739583334 0.5803872346878052 0.6973349253336588 0.5895032286643982 0.7183987299601237 0.6011055111885071 0.7361366748809814 0.6077353954315186 0.7549832661946615 0.6052492260932922 0.7716125647226969 0.5895032286643982 0.791567881902059 0.5720998644828796 0.8048712412516276 0.56215500831604 0.8048712412516276 0.5513814687728882 0.7937850952148438 0.5430941581726074 0.7494401137034098 0.5339781045913696 0.7195072968800863 0.5174033641815186 0.7062038580576578 0.5 0.6906832059224447 0.48011040687561035 0.6729451815287272 0.45856329798698425 0.6618589560190836 0.43701621890068054 0.6618589560190836 0.4270714223384857 0.6640762090682983 0.4071817994117737 0.6552072366078695 0.38977840542793274 0.6574244499206543 0.3723749816417694 0.6629675626754761 0.348341703414917 0.6807055473327637 0.3533141016960144 0.6607502698898315 0.3599439561367035 0.637469212214152 0.36408764123916626 0.6075364351272583
0 0.5911607146263123 0.3459014097849528 0.6185089945793152 0.3425755500793457 0.6425422430038452 0.3459014097849528 0.667404294013977 0.34035833676656085 0.675691545009613 0.3425755500793457 0.675691545009613 0.36363935470581055 0.6649180054664612 0.381377379099528 0.6607743501663208 0.3880290587743123 0.637569785118103 0.3847032388051351 0.6193376779556274 0.3847032388051351 0.6069067120552063 0.39024635155995685 0.5911607146263123 0.3869204521179199 0.5878458023071289 0.3702911138534546
0 0.7535926103591919 0.24834259351094565 0.7676810622215271 0.24723398685455322 0.7767970561981201 0.2538857062657674 0.7834270000457764 0.2738409439722697 0.7983441948890686 0.29490476846694946 0.8124326467514038 0.30931687355041504 0.8248636722564697 0.3192944924036662 0.8372946381568909 0.33148932456970215 0.8480681777000427 0.36363935470581055 0.8530406355857849 0.3957894643147786 0.8472394943237305 0.4356998602549235 0.8439245820045471 0.46230681737263996 0.8389521241188049 0.48226205507914227 0.8281786441802979 0.4944568872451782 0.8116039037704468 0.5044345060984293 0.7958579659461975 0.5077603658040365 0.779283344745636 0.48447926839192706 0.7685098052024841 0.45787231127421063 0.7353603839874268 0.4090929428736369 0.7295593023300171 0.3835945924123128 0.727073073387146 0.3680738608042399 0.7361891269683838 0.3558790286382039 0.741990327835083 0.34035833676656085 0.7403327822685242 0.3159685929616292 0.7428190112113953 0.29047028223673504 0.7477914094924927 0.26829783121744794
0 0.6599456071853638 0.0013020833333333333 0.688122570514679 0.0013020833333333333 0.7237581610679626 0.0013020833333333333 0.7560787796974182 0.0013020833333333333 0.7809407711029053 0.0013020833333333333 0.764366090297699 0.013314560055732727 0.751106321811676 0.02883528172969818 0.7535926103591919 0.04989911119143168 0.766023576259613 0.05765947699546814 0.7726534605026245 0.06652845442295074 0.7759683728218079 0.09867851932843526 0.7767970561981201 0.10865612824757893 0.7610511779785156 0.09646127621332805 0.7444764971733093 0.07983192801475525 0.7229294180870056 0.06985432902971904 0.7030397653579712 0.059876720110575356 0.688951313495636 0.051007737716039024 0.6831501722335815 0.03770426412423452 0.6856364011764526 0.02661803364753723 0.6798352599143982 0.007771446059147517 0.6740341186523438 0.0055542004605134325
0 0.6798352599143982 0.4146360556284587 0.70469731092453 0.42461363474527997 0.7212719321250916 0.4368085066477458 0.7345317006111145 0.4512205918629964 0.741990327835083 0.4645241101582845 0.751106321811676 0.4745016892751058 0.7693384885787964 0.4988913933436076 0.7834270000457764 0.5155207316080729 0.8024879097938538 0.5210638840993246 0.8116039037704468 0.5232810974121094 0.8099464774131775 0.5476707617441813 0.7975154519081116 0.5809294382731119 0.7975154519081116 0.6164053678512573 0.803316593170166 0.6396864652633667 0.7925430536270142 0.6651848157246908 0.7850844264030457 0.6740538279215494 0.7734821438789368 0.6696193218231201 0.7701672315597534 0.6518813371658325 0.7668523192405701 0.6230571269989014 0.7461339831352234 0.6219485600789388 0.7187857627868652 0.6219485600789388 0.7063547372817993 0.6319261391957601 0.70469731092453 0.6596416632334391 0.7204431891441345 0.6751623948415121 0.7254155874252319 0.6884658336639404 0.6914375424385071 0.7128555774688721 0.6707192063331604 0.7128555774688721 0.6640892624855042 0.6773796876271566 0.6408847570419312 0.6685106754302979 0.6234813332557678 0.6629675626754761 0.6069067120552063 0.6596416632334391 0.6027629971504211 0.6363606452941895 0.5944756865501404 0.6175140142440796 0.5878458023071289 0.5964502096176147 0.6168514490127563 0.5964502096176147 0.6383985280990601 0.6008846759796143 0.651658296585083 0.6108622550964355 0.6698904633522034 0.6263829867045084 0.6856364011764526 0.6286002397537231 0.6914375424385071 0.6164053678512573 0.689780056476593 0.5986674626668295 0.6964099407196045 0.5920156637827555 0.7096696496009827 0.5842553377151489 0.7096696496009827 0.5631915330886841 0.6972386837005615 0.55653977394104 0.6831501722335815 0.5543225606282552 0.6740341186523438 0.5576483408610026 0.6682329773902893 0.5509966611862183 0.6624318361282349 0.5310414632161459 0.6682329773902893 0.506651759147644 0.6740341186523438 0.477827509244283 0.6765202879905701 0.4567637046178182 0.6765202879905701 0.43902575969696045
0 0.9508312344551086 0.6341433525085449 0.9657484292984009 0.6297088861465454 0.9881242513656616 0.6297088861465454 1.0 0.6230571269989014 1.0 0.6242295106252035 1.0 0.7106383641560873 1.0 0.7195072968800863 0.9872955679893494 0.7261590957641602 0.9707208275794983 0.728376309076945 0.9566323757171631 0.7250504493713379 0.9417151808738708 0.7217245101928711 0.9350852370262146 0.7073125044504801 0.9384002089500427 0.6840313275655111 0.9408864378929138 0.6629675626754761 0.9466875195503235 0.6452296574910482
0 0.8240349292755127 0.7150727907816569 0.8422670960426331 0.7117470105489095 0.8530406355857849 0.7206159432729086 0.8721014857292175 0.7228332360585531 0.8820462822914124 0.7128555774688721 0.8953060507774353 0.7039865652720133 0.9118807315826416 0.6995521386464437 0.9234829545021057 0.7073125044504801 0.9317703247070312 0.7217245101928711 0.9417151808738708 0.7383538881937662 0.9533174633979797 0.752765973409017 0.955803632736206 0.7682867050170898 0.955803632736206 0.7960023085276285 0.9524887204170227 0.8070885340372721 0.9325990676879883 0.818174680074056 0.9201680421829224 0.8303696314493815 0.9143669605255127 0.8536506493886312 0.916024386882782 0.8835834662119547 0.9226542711257935 0.8935611248016357 0.9359139800071716 0.9168421427408854 0.9466875195503235 0.9268198013305664 0.9632622599601746 0.9356887340545654 0.9616047143936157 0.952318032582601 0.9566323757171631 0.9678388436635336 0.9359139800071716 0.9711647828420004 0.9243116974830627 0.9744905630747477 0.9118807315826416 0.9512094656626383 0.9035934209823608 0.9379061063130697 0.8886762261390686 0.9367973804473877 0.8861899375915527 0.95675261815389 0.8895049095153809 0.9733819961547852 0.8961347937583923 0.9767077763875326 0.9060795903205872 0.9822509288787842 0.9085657596588135 0.99444580078125 0.9077370762825012 1.0 0.8828750252723694 1.0 0.8339797258377075 0.999988873799642 0.8149188756942749 1.0 0.8066315650939941 1.0 0.7975154519081116 0.9911199410756429 0.788399338722229 0.9667301972707113 0.779283344745636 0.9478836059570312 0.778454601764679 0.9356887340545654 0.7942005395889282 0.9345801671346029 0.804145336151123 0.9334715207417806 0.817405104637146 0.9290370146433512 0.826521098613739 0.9179507891337076 0.8364659547805786 0.9079732100168864 0.8472394943237305 0.90021284421285 0.8571842908859253 0.8835834662119547 0.8604992032051086 0.856976588567098 0.8663004040718079 0.8425644238789877 0.878731369972229 0.8281523386637369 0.8812175989151001 0.8104144732157389 0.8737589716911316 0.7948936621348063 0.854698121547699 0.7838074366251627 0.8397809267044067 0.7693953514099121 0.8339797258377075 0.7605264186859131 0.817405104637146 0.7494401137034098 0.8190625309944153 0.7250504493713379
0 0.9632622599601746 0.7427884737650553 0.9740357398986816 0.737245241800944 0.9897817373275757 0.7339193820953369 1.0 0.7328108151753744 0.9997265338897705 0.7583091259002686 0.9988977313041687 0.7838074366251627 0.9856380224227905 0.7871332963307699 0.9748645424842834 0.791567881902059 0.9640910029411316 0.7926764488220215 0.9624335169792175 0.7693953514099121 0.9616047143936157 0.7549832661946615
0 0.3815191984176636 0.032505981624126434 0.3826659321784973 0.014864699294169744 0.3947066366672516 0.021000797549883526 0.4302555024623871 0.03097195674975713 0.47440484166145325 0.037108056247234344 0.48529884219169617 0.04477817813555399 0.48529884219169617 0.06241946419080099 0.47440484166145325 0.08696385224660237 0.4635108411312103 0.10460513830184937 0.4520435035228729 0.11917837460835774 0.42509517073631287 0.14755783478418985 0.4170680344104767 0.15676198403040567 0.3998669683933258 0.15752899646759033 0.38209256529808044 0.1498588720957438 0.3826659321784973 0.1214794119199117 0.3832392990589142 0.09309996167818706 0.3889729976654053 0.06932257612546285 0.3941332995891571 0.05628336469332377 0.3901197016239166 0.04477817813555399
0 0.658456027507782 0.13988771041234335 0.6790972948074341 0.13681966066360474 0.7003118991851807 0.13835368553797403 0.7146461606025696 0.13835368553797403 0.7329939007759094 0.13528563578923544 0.751341700553894 0.12378044923146565 0.758795440196991 0.1153433124224345 0.7748497724533081 0.12378044923146565 0.7914775013923645 0.13528563578923544 0.8035181760787964 0.14602380990982056 0.7983579039573669 0.16136405865351358 0.7800101041793823 0.17440327008565268 0.7610889673233032 0.18130638202031454 0.7536351680755615 0.178238312403361 0.747901439666748 0.158296008904775 0.7410210371017456 0.15292692184448242 0.721526563167572 0.15292692184448242 0.7003118991851807 0.15292692184448242 0.6894178986549377 0.15906302134195963 0.6785238981246948 0.16136405865351358 0.6716434955596924 0.15522795915603638 0.6630429625511169 0.1452567974726359
0 0.4205082356929779 0.6944376627604166 0.42566853761672974 0.6790973345438639 0.4342690706253052 0.6714272499084473 0.44630980491638184 0.6691261927286783 0.4623641073703766 0.6737283070882162 0.47841840982437134 0.6836994489034017 0.48759230971336365 0.7013407548268636 0.49676617980003357 0.725118080774943 0.5088069438934326 0.7496625582377116 0.5260079503059387 0.7734399636586508 0.5374753475189209 0.8010524113972982 0.5420622825622559 0.811023473739624 0.5323150157928467 0.8248297373453776 0.5214210748672485 0.8286648591359457 0.5059400796890259 0.8348008791605631 0.4847254753112793 0.8417040506998698 0.4451630711555481 0.8317328294118246 0.4428696036338806 0.8240626653035482 0.456057071685791 0.8010524113972982 0.4658043384552002 0.7788089911142985 0.4623641073703766 0.7473615010579427 0.456057071685791 0.7174479961395264 0.4336957037448883 0.7097779115041097
0 0.23072336614131927 0.7113119761149088 0.2513646185398102 0.7082438468933105 0.25537818670272827 0.7120788892110189 0.24964451789855957 0.7304871877034506 0.24964451789855957 0.751196543375651 0.24964451789855957 0.7795759836832682 0.25193798542022705 0.795683224995931 0.2507912516593933 0.8002853393554688 0.2358836829662323 0.7964502970377604 0.22556304931640625 0.7910811901092529 0.23301683366298676 0.7504294713338217 0.23473693430423737 0.7274191379547119
0 0.10343562066555023 0.9598239262898763 0.09598183631896973 0.9184052149454752 0.11203614622354507 0.9022978941599528 0.12751708924770355 0.8800546328226725 0.1321040391921997 0.8685495058695475 0.1584789752960205 0.8585782845815023 0.1963212639093399 0.8332668940226237 0.2152424156665802 0.8202276229858398 0.22613641619682312 0.8056543668111166 0.24792441725730896 0.811023473739624 0.27257925271987915 0.807188351949056 0.29952752590179443 0.8010524113972982 0.322462260723114 0.7895471254984537 0.3396633267402649 0.7795759836832682 0.3528507947921753 0.7811100482940674 0.33679646253585815 0.7941492398579916 0.2869134545326233 0.8225286801656088 0.2645520865917206 0.8309658368428549 0.24677766859531403 0.8447720209757487 0.23301683366298676 0.8555102348327637 0.22613641619682312 0.8555102348327637 0.22154948115348816 0.8455390135447184 0.20549514889717102 0.8463060855865479 0.19173432886600494 0.8562773068745931 0.1848539113998413 0.865481456120809 0.1831338107585907 0.8823556105295817 0.18772074580192566 0.8907927672068278 0.19861474633216858 0.8938608169555664 0.19804136455059052 0.9176381429036459 0.1774001270532608 0.927609364191691 0.16134580969810486 0.9414156277974447 0.15446539223194122 0.9506197770436605 0.1303839236497879 0.9613579114278158 0.11031603813171387 0.9644259611765543
0 0.1888674795627594 1.0 0.19804136455059052 0.9682610034942627 0.20090821385383606 0.9529207547505697 0.2095087468624115 0.942182699839274 0.2152424156665802 0.9291434288024902 0.2226962000131607 0.9061330159505209 0.2301499843597412 0.8808215459187826 0.23817715048789978 0.8685495058695475 0.24964451789855957 0.866248369216919 0.2525113523006439 0.8754525184631348 0.2570982873439789 0.90766708056132 0.2645520865917206 0.9414156277974447 0.2737259864807129 0.9859023094177246 0.273152619600296 0.9997084935506185 0.24276410043239594 1.0 0.21180221438407898 1.0
0 0.7094857692718506 1.0 0.7243934273719788 0.989737351735433 0.7404477000236511 0.978232224782308 0.7542085647583008 0.9743971029917399 0.7673959732055664 0.9828341801961263 0.7800101041793823 0.993572473526001 0.7851703763008118 1.0 0.7565019726753235 1.0 0.7370074391365051 1.0
