1 0.0029114007484167814 0.10747456550598145 0.016972143203020096 0.11742591857910156 0.027724476531147957 0.1373286247253418 0.034341294318437576 0.1483856737613678 0.046747833490371704 0.16054842869440714 0.06907960027456284 0.17713399728139242 0.09223847091197968 0.2080937623977661 0.11787865310907364 0.23573640982309976 0.1418646275997162 0.25563911596934 0.152616947889328 0.2722247044245402 0.1418646275997162 0.3020787239074707 0.13938331604003906 0.32087570428848267 0.13690200448036194 0.34520121415456134 0.12118706107139587 0.3562583128611247 0.09720108658075333 0.3562583128611247 0.07735062390565872 0.35294119517008465 0.06494408845901489 0.2888102928797404 0.05998147279024124 0.2523219982783 0.0368226058781147 0.21141088008880615 0.024416064843535423 0.1738168994585673 0.016972143203020096 0.16607695817947388 0.0009765625 0.16392678022384644 0.0009765625 0.13401148716608682
1 0.11291602998971939 0.0035382574424147606 0.11208893358707428 0.03449801107247671 0.09885528683662415 0.057717824975649513 0.06246278062462807 0.08425476153691609 0.03268709033727646 0.11300309499104817 0.03930390998721123 0.13290580113728842 0.052537549287080765 0.1483856737613678 0.07404221594333649 0.1671826442082723 0.09637398272752762 0.1948253115018209 0.11953285336494446 0.2147279977798462 0.1418646275997162 0.23352497816085815 0.15592536330223083 0.23794780174891153 0.16833189129829407 0.20145952701568604 0.19728049635887146 0.1483856737613678 0.2303645759820938 0.0975232223669688 0.27171972393989563 0.057717824975649513 0.29322436451911926 0.03449801107247671 0.31307485699653625 0.0024325518558422723 0.3147290349006653 0.0013020833333333333 0.260421484708786 0.0013020833333333333 0.219612255692482 0.0013020833333333333 0.20750348269939423 0.0013020833333333333 0.14682723581790924 0.0013020833333333333 0.1236683651804924 0.0013020833333333333
1 0.2560047507286072 0.10636886954307556 0.2816449701786041 0.14175143837928772 0.30232250690460205 0.16828836997350058 0.32961687445640564 0.19040246804555258 0.3246542513370514 0.2180450956026713 0.3337523937225342 0.24900488058725992 0.3378879129886627 0.26006191968917847 0.315556138753891 0.2700132727622986 0.2957056760787964 0.2733303904533386 0.2659299969673157 0.2733303904533386 0.2204393595457077 0.274436076482137 0.18735525012016296 0.2622733513514201 0.1617150753736496 0.24900488058725992 0.1807384341955185 0.2058823506037394 0.2105141282081604 0.15391419331232706 0.23532719910144806 0.12295444806416829
0 0.3378879129886627 0.20145952701568604 0.3726262152194977 0.17602829138437906 0.4106729030609131 0.14949138959248862 0.4338317811489105 0.13290580113728842 0.45616358518600464 0.1428571343421936 0.4602991044521332 0.16939407587051392 0.4636074900627136 0.19924811522165933 0.4602991044521332 0.2246793508529663 0.4512009620666504 0.23794780174891153 0.42638787627220154 0.2390535275141398 0.39743927121162415 0.2346306840578715 0.37841591238975525 0.24900488058725992 0.34781312942504883 0.2545333703358968 0.3387150168418884 0.23684211572011313 0.3362337052822113 0.2180450956026713
0 0.6894064545631409 0.26006191968917847 0.7026400566101074 0.2910216649373372 0.7084298133850098 0.33746131261189777 0.7018129825592041 0.3474126656850179 0.6852709650993347 0.34409554799397785 0.6769999265670776 0.32198143005371094 0.6728644371032715 0.2921273708343506 0.6769999265670776 0.2689075867335002
0 1.0 0.700132687886556 0.939191460609436 0.7366209824879965 0.9077615141868591 0.7686864535013834 0.8903924226760864 0.7974347273508707 0.8771587610244751 0.8405572573343912 0.8697147965431213 0.8704113165537516 0.8713690042495728 0.9013710816701254 0.8746774196624756 0.9268023173014323 0.8829484581947327 0.9389650821685791 0.9069344401359558 0.9367536703745524 0.9317474961280823 0.9400707880655924 0.9623503088951111 0.9179566701253256 0.9805465340614319 0.9091110229492188 0.9987428188323975 0.9013710816701254 1.0 0.880734920501709 1.0 0.849402904510498 0.973929762840271 0.8228660424550375 0.9780652523040771 0.7941176096598307 0.9946072697639465 0.7686864535013834 1.0 0.7631579240163168 1.0 0.7423595587412516 1.0 0.7045554320017496
0 1.0 0.7764263947804769 0.9855091571807861 0.7974347273508707 0.9838549494743347 0.8129146099090576 0.9879904985427856 0.8250773747762045 1.0 0.8350287278493246 1.0 0.8350287278493246 1.0 0.7941176096598307
1 0.44541123509407043 0.0035382574424147606 0.44706544280052185 0.054400707284609474 0.46526169776916504 0.0931003987789154 0.48676636815071106 0.10636886954307556 0.5074439644813538 0.11521450678507487 0.5256401896476746 0.12737727165222168 0.5454906821250916 0.13290580113728842 0.5975980758666992 0.13290580113728842 0.6215840578079224 0.1395400365193685 0.6447429656982422 0.1572313110033671 0.6579765677452087 0.1959309975306193 0.6769999265670776 0.23020786046981812 0.6910607218742371 0.2467934489250183 0.7100840210914612 0.2545333703358968 0.7431681752204895 0.24237062533696493 0.7688083052635193 0.21362229188283285 0.7919672131538391 0.16275984048843384 0.7894858717918396 0.13622291882832846 0.7688083052635193 0.10084034005800883 0.763845682144165 0.08425476153691609 0.7390325665473938 0.06766916811466217 0.6811354756355286 0.02122954527537028 0.6447429656982422 0.009066784754395485 0.5860186815261841 0.007961079478263855 0.5621126294136047 0.0013020833333333333 0.5066168308258057 0.0013020833333333333 0.45533648133277893 0.0013020833333333333
0 0.7605372667312622 0.48452011744181317 0.8027195334434509 0.5066342353820801 0.8283597230911255 0.528748353322347 0.8680605888366699 0.5674480199813843 0.8862568140029907 0.6006191968917847 0.9085886478424072 0.6448474725087484 0.9259577989578247 0.6923927466074625 0.9433269500732422 0.7178239027659098 0.9251307249069214 0.7399381001790365 0.9027989506721497 0.7565236886342367 0.8879110813140869 0.7753206888834635 0.8506914973258972 0.7587351004282633 0.8275325894355774 0.7277753353118896 0.8159531950950623 0.6824413935343424 0.798583984375 0.6371074914932251 0.7737709283828735 0.5917735894521078 0.7448223233222961 0.5563910007476807 0.7266260385513306 0.5276426076889038 0.7348970770835876 0.5022114117940267 0.7506120204925537 0.4900486469268799
0 0.25931316614151 0.4502432743708293 0.27420100569725037 0.46572311719258624 0.2700655162334442 0.5066342353820801 0.25931316614151 0.5641309022903442 0.2394627034664154 0.5840336084365845 0.219612255692482 0.6083590984344482 0.2295374870300293 0.6404246091842651 0.24194401502609253 0.6813356876373291 0.24111692607402802 0.7012383937835693 0.23615430295467377 0.7233525911966959 0.22705617547035217 0.7543121973673502 0.2113412320613861 0.7664750417073568 0.19479918479919434 0.7587351004282633 0.19562628865242004 0.7012383937835693 0.19562628865242004 0.5674480199813843 0.2113412320613861 0.50331711769104 0.2303645759820938 0.48452011744181317 0.24690663814544678 0.46572311719258624
1 0.15096275508403778 0.3352499008178711 0.17577582597732544 0.28438742955525714 0.1997617930173874 0.28438742955525714 0.2311916947364807 0.2888102928797404 0.26344868540763855 0.2976559003194173 0.3056308925151825 0.29433878262837726 0.337060809135437 0.3131358027458191 0.3536028563976288 0.3396727244059245 0.35939258337020874 0.3662096659342448 0.34946736693382263 0.4082264502843221 0.3453318476676941 0.44250329335530597 0.33209821581840515 0.4613002936045329 0.31307485699653625 0.4789915879567464 0.2990140914916992 0.5154798825581869 0.2882617712020874 0.5364882151285807 0.2766823470592499 0.5309597651163737 0.28081783652305603 0.4878372351328532 0.2799907326698303 0.45356035232543945 0.26179447770118713 0.44029192129770917 0.24442532658576965 0.45356035232543945 0.22788327932357788 0.47014594078063965 0.20885992050170898 0.48120299975077313 0.19562628865242004 0.44692615667978924 0.17991133034229279 0.40380362669626874 0.16833189129829407 0.3739496072133382 0.15509825944900513 0.35294119517008465
1 0.0009765625 0.1738168994585673 0.0070469132624566555 0.17602829138437906 0.02028055302798748 0.18819105625152588 0.03351419046521187 0.2224679390589396 0.04509362578392029 0.2523219982783 0.05501885712146759 0.2755417823791504 0.055845957249403 0.2976559003194173 0.05998147279024124 0.32198143005371094 0.06328988075256348 0.3518354495366414 0.05088334530591965 0.37173815568288165 0.028551578521728516 0.3916408618291219 0.0070469132624566555 0.4104378620783488 0.0009765625 0.4071207841237386 0.0009765625 0.36183106899261475 0.0009765625 0.2700132727622986 0.0009765625 0.21915082136789957
1 0.46774300932884216 0.12516585985819498 0.4818037450313568 0.11521450678507487 0.5033084154129028 0.12958868344624838 0.5181962251663208 0.14949138959248862 0.5223317742347717 0.1859796643257141 0.5223317742347717 0.2180450956026713 0.5033084154129028 0.23352497816085815 0.47684112191200256 0.22136221329371134 0.46691590547561646 0.15833702683448792
1 0.4793224632740021 0.25121625264485675 0.4602991044521332 0.24900488058725992 0.4520280361175537 0.2644847234090169 0.4727056324481964 0.30429011583328247 0.49586448073387146 0.34520121415456134 0.5107523202896118 0.3839009602864583 0.5132336616516113 0.41928350925445557 0.5107523202896118 0.45687750975290936 0.5033084154129028 0.49226005872090656 0.48759347200393677 0.5398054122924805 0.4983457922935486 0.5563910007476807 0.5471448302268982 0.5574966669082642 0.5570700764656067 0.5796108245849609 0.5744392275810242 0.6006191968917847 0.5876728296279907 0.6083590984344482 0.6042149066925049 0.5950907071431478 0.6348177194595337 0.5652366479237875 0.6497055292129517 0.5420168240865072 0.6645933985710144 0.522114117940267 0.6612849831581116 0.5022114117940267 0.6612849831581116 0.48452011744181317 0.628200888633728 0.4778858820597331 0.605042040348053 0.46461741129557294 0.5868457555770874 0.4391862154006958 0.5884999632835388 0.40933215618133545 0.6000794172286987 0.3728439013163249 0.6000794172286987 0.3308270573616028 0.5785747170448303 0.31755860646565753 0.550453245639801 0.29323309659957886 0.5256401896476746 0.26116760571797687 0.5049625635147095 0.25563911596934
1 0.32878977060317993 0.28328172365824383 0.3544299602508545 0.2678018808364868 0.3916495740413666 0.2633790373802185 0.4205981492996216 0.26116760571797687 0.44871965050697327 0.28217601776123047 0.45699065923690796 0.3020787239074707 0.4412757158279419 0.3186643123626709 0.4230794608592987 0.3396727244059245 0.414808452129364 0.3673153718312581 0.41646263003349304 0.39938080310821533 0.4230794608592987 0.42370633284250897 0.43714022636413574 0.44803182284037274 0.44706544280052185 0.45687750975290936 0.47684112191200256 0.45356035232543945 0.4983457922935486 0.41928350925445557 0.5024812817573547 0.45356035232543945 0.492556095123291 0.4723573923110962 0.48676636815071106 0.5044228235880533 0.4834579527378082 0.5298540592193604 0.48676636815071106 0.5519681771596273 0.4611261785030365 0.5420168240865072 0.4288691580295563 0.5110570192337036 0.38999536633491516 0.4856258233388265 0.3577383756637573 0.45908888181050617 0.37758883833885193 0.38058380285898846 0.36766359210014343 0.3352499008178711 0.35029447078704834 0.3020787239074707 0.3354066014289856 0.29323309659957886
1 0.7729437947273254 0.07319770256678264 0.7952755689620972 0.06766916811466217 0.8052008152008057 0.07209199666976929 0.8118176460266113 0.08093763887882233 0.8233970403671265 0.09531180063883464 0.8374577760696411 0.10636886954307556 0.853172779083252 0.11300309499104817 0.8705419301986694 0.11189738909403484 0.9011447429656982 0.10194603602091472 0.9458082318305969 0.09641751646995544 0.9664857983589172 0.08867757519086202 0.9979156851768494 0.08314904570579529 1.0 0.08763821919759114 1.0 0.11521450678507487 0.9879904985427856 0.12958868344624838 0.9706212878227234 0.14175143837928772 0.9458082318305969 0.16054842869440714 0.934228777885437 0.16939407587051392 0.9102427959442139 0.17934542894363403 0.8821213245391846 0.18266254663467407 0.8473830223083496 0.1738168994585673 0.8275325894355774 0.16607695817947388 0.8076821565628052 0.14727995793024698 0.7977569103240967 0.12627156575520834 0.7820419669151306 0.1041574478149414 0.775425136089325 0.09088898698488872
1 0.8713690042495728 0.35515256722768146 0.9102427959442139 0.3396727244059245 0.9358829855918884 0.357364018758138 0.9499437808990479 0.39716939131418866 0.9780652523040771 0.4281291166941325 1.0 0.4624059995015462 1.0 0.4640977780024211 1.0 0.611676295598348 0.9954344034194946 0.6194161574045817 0.9640045166015625 0.6205219030380249 0.930920422077179 0.6083590984344482 0.8895652890205383 0.5740822553634644 0.8779858350753784 0.5508624315261841 0.8870839476585388 0.5276426076889038 0.8961820602416992 0.4900486469268799 0.8713690042495728 0.4624059995015462 0.8465559482574463 0.427023450533549 0.8523457050323486 0.38058380285898846
1 0.8440746665000916 0.38832370440165204 0.8093363046646118 0.4170720974604289 0.7977569103240967 0.4358690579732259 0.8002381920814514 0.4690402348836263 0.8093363046646118 0.4944714705149333 0.8267055153846741 0.5110570192337036 0.8581354022026062 0.5331711769104004 0.8746774196624756 0.5298540592193604 0.8804671764373779 0.5044228235880533 0.8664064407348633 0.4789915879567464 0.8473830223083496 0.45687750975290936 0.8391120433807373 0.4292348225911458
1 0.8010652661323547 0.15391419331232706 0.8291867971420288 0.18266254663467407 0.8440746665000916 0.21583370367685953 0.841593325138092 0.25785048802693683 0.8275325894355774 0.28438742955525714 0.8159531950950623 0.31534719467163086 0.7969297766685486 0.3518354495366414 0.7812148332595825 0.38058380285898846 0.7737709283828735 0.39716939131418866 0.7547475695610046 0.4170720974604289 0.7307615876197815 0.4358690579732259 0.7100840210914612 0.4115435282389323 0.7026400566101074 0.37837239106496173 0.7084298133850098 0.3628925085067749 0.7167008519172668 0.3396727244059245 0.7084298133850098 0.27664750814437866 0.7076027393341064 0.2644847234090169 0.720836341381073 0.2622733513514201 0.7522662878036499 0.25011056661605835 0.7762522101402283 0.22910217444101968 0.7878316640853882 0.19924811522165933 0.7977569103240967 0.17049978176752725
1 0.5471448302268982 0.17492260535558066 0.5942897200584412 0.16054842869440714 0.6273737549781799 0.16828836997350058 0.6439158320426941 0.18819105625152588 0.662939190864563 0.22357364495595297 0.6745186448097229 0.2534276843070984 0.662939190864563 0.2799646059672038 0.6463971734046936 0.3076072533925374 0.620756983757019 0.33746131261189777 0.6116588115692139 0.3396727244059245 0.6017335653305054 0.32087570428848267 0.5711308121681213 0.29323309659957886 0.5438364744186401 0.24015923341115317 0.5438364744186401 0.2003538211186727
1 0.14434592425823212 0.3562583128611247 0.17412161827087402 0.4226006269454956 0.18735525012016296 0.48120299975077313 0.18404684960842133 0.4944714705149333 0.13607490062713623 0.4789915879567464 0.10878052562475204 0.48673152923583984 0.09637398272752762 0.5165855884552002 0.11208893358707428 0.5464396476745605 0.14848144352436066 0.5729765892028809 0.17412161827087402 0.5884564717610677 0.1716403067111969 0.6028306484222412 0.14682723581790924 0.6072534322738647 0.10216369479894638 0.5950907071431478 0.07238800823688507 0.5818222363789877 0.04509362578392029 0.5674480199813843 0.013663733378052711 0.5530738035837809 0.0009765625 0.5453339417775472 0.0009765625 0.4391862154006958 0.0009765625 0.42038921515146893 0.017799245193600655 0.4170720974604289 0.046747833490371704 0.38832370440165204 0.06246278062462807 0.37063244978586835 0.07652352750301361 0.36510396003723145 0.10960762202739716 0.3673153718312581
1 0.0009765625 0.5641309022903442 0.028551578521728516 0.5818222363789877 0.07735062390565872 0.6017248630523682 0.1327665001153946 0.6271560986836752 0.15757957100868225 0.6415302753448486 0.17660292983055115 0.6547987461090088 0.17660292983055115 0.6879698435465494 0.1815655380487442 0.7432552178700765 0.19479918479919434 0.779743512471517 0.20637862384319305 0.8018575509389242 0.20555150508880615 0.821760336558024 0.18570105731487274 0.8571428457895914 0.17412161827087402 0.8825740814208984 0.15840667486190796 0.8936311403910319 0.10795341432094574 0.8792569637298584 0.09720108658075333 0.8847854932149252 0.09802819043397903 0.906899611155192 0.10299080610275269 0.925696611404419 0.0947197750210762 0.9555506706237793 0.08810295909643173 0.9942503770192465 0.0669463649392128 1.0 0.0009765625 0.9999965031941732 0.0009765625 0.849402904510498 0.00870111770927906 0.8383458455403646 0.040131013840436935 0.8383458455403646 0.07900483161211014 0.8195488452911377 0.10547211021184921 0.785271962483724 0.07735062390565872 0.7476780414581299 0.030205782502889633 0.7443609237670898 0.01200952846556902 0.73440949122111 0.0009765625 0.7089783350626627
1 0.022761860862374306 0.7764263947804769 0.05336465314030647 0.7808491388956705 0.07652352750301361 0.7952233950297037 0.07404221594333649 0.8073861598968506 0.05501885712146759 0.8162317276000977 0.03599550202488899 0.8228660424550375 0.016972143203020096 0.8140203158060709 0.010355323553085327 0.7919061978658041
1 0.3436776399612427 0.47456876436869305 0.31969165802001953 0.5022114117940267 0.308112233877182 0.5320654710133871 0.30397671461105347 0.5652366479237875 0.3263084888458252 0.6017248630523682 0.3428505063056946 0.645953098932902 0.35939258337020874 0.6614329814910889 0.3767617344856262 0.6636444330215454 0.40736451745033264 0.649270216623942 0.43631312251091003 0.6260503927866617 0.44789254665374756 0.5718708833058676 0.44706544280052185 0.540911078453064 0.41563552618026733 0.5154798825581869 0.37924301624298096 0.49226005872090656 0.36187389492988586 0.4767801761627197
1 0.29239726066589355 0.6857584317525228 0.3378879129886627 0.6747015317281088 0.3668364882469177 0.691287120183309 0.3759346306324005 0.7487837473551432 0.38172435760498047 0.7963291009267172 0.3742804229259491 0.820654551188151 0.3362337052822113 0.8383458455403646 0.32961687445640564 0.8571428457895914 0.34119632840156555 0.8836797078450521 0.3461589217185974 0.9201680819193522 0.3428505063056946 0.9511277675628662 0.34864023327827454 0.99203888575236 0.34344398975372314 1.0 0.30149540305137634 1.0 0.26344868540763855 1.0 0.2096870243549347 0.9997788270314535 0.17412161827087402 0.9997788270314535 0.16915899515151978 0.9323307673136393 0.18570105731487274 0.8958425521850586 0.20555150508880615 0.8405572573343912 0.24525243043899536 0.7819549242655436 0.27337390184402466 0.7465723355611166 0.29239726066589355 0.7100841204325358
1 0.3866869807243347 0.6735957463582357 0.4205981492996216 0.6791242758433024 0.43714022636413574 0.6923927466074625 0.4611261785030365 0.7233525911966959 0.47684112191200256 0.7521007855733236 0.48511216044425964 0.7786377271016439 0.5 0.815126101175944 0.5033084154129028 0.8427687486012777 0.5074439644813538 0.8704113165537516 0.5124065279960632 0.9102167288462321 0.5124065279960632 0.934542179107666 0.5107523202896118 0.9489163557688395 0.5082710385322571 0.9809818267822266 0.5089868307113647 1.0 0.3949579894542694 1.0 0.3569112718105316 1.0 0.34864023327827454 0.9621848265329996 0.35194864869117737 0.9400707880655924 0.3560841679573059 0.9124281406402588 0.3627009987831116 0.9024767080942789 0.3858598470687866 0.8903140226999918 0.40819162130355835 0.8881026903788248 0.4247336685657501 0.8925254344940186 0.4106729030609131 0.868199904759725 0.39992061257362366 0.8538258075714111 0.4040561020374298 0.820654551188151 0.4123271405696869 0.7974347273508707 0.3966121971607208 0.7410438060760498 0.3850327432155609 0.7100841204325358 0.3833785355091095 0.691287120183309
1 0.6265466809272766 0.3562583128611247 0.6579765677452087 0.3474126656850179 0.670383095741272 0.3474126656850179 0.6877522468566895 0.36068113644917804 0.7042943239212036 0.4126492341359456 0.720836341381073 0.44803182284037274 0.7473036646842957 0.43697476387023926 0.7688083052635193 0.4170720974604289 0.7803877592086792 0.4082264502843221 0.7820419669151306 0.4380804697672526 0.7795606851577759 0.46019458770751953 0.7688083052635193 0.4690402348836263 0.7506120204925537 0.48120299975077313 0.7382054924964905 0.4878372351328532 0.7224905490875244 0.5088456471761068 0.7191821932792664 0.5320654710133871 0.7100840210914612 0.5375940004984537 0.6885793209075928 0.5331711769104004 0.6753457188606262 0.525431235631307 0.6728644371032715 0.5011057058970133 0.670383095741272 0.48230870564778644 0.6480513215065002 0.4668288628260295 0.6364719271659851 0.455771803855896 0.6257195472717285 0.4082264502843221
1 0.46443459391593933 0.5707651376724243 0.4991728961467743 0.5818222363789877 0.5537616610527039 0.6105705499649048 0.5785747170448303 0.6238390207290649 0.6166214346885681 0.6028306484222412 0.6645933985710144 0.5707651376724243 0.6877522468566895 0.5961964130401611 0.6927149295806885 0.6382132371266683 0.6918877959251404 0.6923927466074625 0.686098039150238 0.7200353940327963 0.6670747399330139 0.7310924530029297 0.6331635117530823 0.7200353940327963 0.6100046634674072 0.696815570195516 0.5876728296279907 0.6868642171223959 0.5496261715888977 0.6901814142862955 0.527294397354126 0.6923927466074625 0.4834579527378082 0.6835470994313558 0.4536822438240051 0.6404246091842651 0.45781776309013367 0.6083590984344482 0.46443459391593933 0.5884564717610677
1 0.519850492477417 0.7874833742777506 0.5603784918785095 0.7399381001790365 0.5818831920623779 0.7266696294148763 0.6083504557609558 0.7321980794270834 0.6364719271659851 0.7432552178700765 0.6794812679290771 0.7476780414581299 0.6968504190444946 0.73440949122111 0.7109111547470093 0.7476780414581299 0.7142195105552673 0.7664750417073568 0.7067756056785583 0.7885891596476237 0.6968504190444946 0.8040689627329508 0.6761727929115295 0.8394516309102377 0.6670747399330139 0.8626713752746582 0.6331635117530823 0.8858911196390787 0.600906491279602 0.8814683755238851 0.5727850198745728 0.871517022450765 0.5521074533462524 0.8582485516866049 0.534738302230835 0.8416630427042643 0.5248130559921265 0.8118089040120443
0 0.5248130559921265 0.993144671122233 0.5248130559921265 0.9467050234476725 0.534738302230835 0.9146395524342855 0.5587242841720581 0.8892083168029785 0.5984252095222473 0.8969481786092123 0.6339905858039856 0.9091110229492188 0.6505326628684998 0.9279080231984457 0.6571494936943054 0.9588677883148193 0.6571494936943054 0.9975674152374268 0.6530139446258545 1.0 0.6445223689079285 1.0 0.5595514178276062 1.0 0.5363925099372864 1.0
1 0.6985045671463013 0.5541795889536539 0.7175279855728149 0.5608137845993042 0.7514391541481018 0.5950907071431478 0.775425136089325 0.6282618840535482 0.7944484949111938 0.668067216873169 0.8085092306137085 0.7045554320017496 0.8027195334434509 0.7321980794270834 0.7820419669151306 0.7532064914703369 0.7580559849739075 0.76094651222229 0.7315887212753296 0.7532064914703369 0.7191821932792664 0.73772660891215 0.7092569470405579 0.7089783350626627 0.7109111547470093 0.6603272755940756 0.705948531627655 0.6337903738021851 0.7009859085083008 0.6061476866404215 0.6985045671463013 0.5785051186879476
1 0.6951962113380432 0.9234851996103922 0.713392436504364 0.8482971986134847 0.7158737778663635 0.8095975716908773 0.7257989645004272 0.7764263947804769 0.7745980024337769 0.7653692563374838 0.8035466074943542 0.7598408063252767 0.8366307020187378 0.7819549242655436 0.8639250993728638 0.8084918657938639 0.8573082685470581 0.8482971986134847 0.8581354022026062 0.8980539639790853 0.8697147965431213 0.9455992380777994 0.9127241969108582 0.956656297047933 0.9499437808990479 0.9511277675628662 0.9648315906524658 0.9467050234476725 0.98137366771698 0.9842989444732666 0.98137366771698 0.9997788270314535 0.911069929599762 1.0 0.8962096571922302 1.0 0.7745980024337769 1.0 0.7092569470405579 0.9986731211344401 0.6852709650993347 0.9953560034434 0.6761727929115295 0.9743476708730062 0.677827000617981 0.9511277675628662 0.6877522468566895 0.9323307673136393
1 0.8167802691459656 0.06435205539067586 0.8349764943122864 0.02675806979338328 0.8639250993728638 0.012383901824553808 0.8953549861907959 0.0013020833333333333 0.9334017038345337 0.011278194685777029 0.9499437808990479 0.02896948407093684 0.9772381782531738 0.04113224148750305 1.0 0.0588412880897522 1.0 0.07540911436080933 0.9664857983589172 0.07651482025782268 0.9300932884216309 0.0931003987789154 0.9061073064804077 0.09641751646995544 0.8854297399520874 0.09862892826398213 0.8606166839599609 0.10636886954307556 0.8391120433807373 0.09641751646995544 0.8233970403671265 0.0787262221177419
1 0.8432475328445435 0.1837682326634725 0.8846026659011841 0.19040246804555258 0.9118970036506653 0.19371958573659262 0.9234764575958252 0.226890762646993 0.930920422077179 0.2434763511021932 0.9400185346603394 0.2678018808364868 0.9458082318305969 0.2888102928797404 0.9408456683158875 0.30429011583328247 0.9243035316467285 0.31755860646565753 0.9069344401359558 0.3164529005686442 0.9019718170166016 0.2954444885253906 0.8705419301986694 0.27885890007019043 0.8424204587936401 0.28217601776123047 0.833322286605835 0.2854931354522705 0.8515185713768005 0.26116760571797687 0.8556540608406067 0.22910217444101968 0.8498643040657043 0.2058823506037394
1 0.9259577989578247 0.1837682326634725 0.9226493239402771 0.20477664470672607 0.934228777885437 0.23020786046981812 0.9458082318305969 0.2545333703358968 0.9565605521202087 0.28328172365824383 0.9681400060653687 0.29433878262837726 0.988817572593689 0.2865988612174988 1.0 0.2834494511286418 1.0 0.1373286247253418 0.9987428188323975 0.13401148716608682 0.9805465340614319 0.14727995793024698 0.9623503088951111 0.16386554638544717 0.9491167068481445 0.1738168994585673 0.9358829855918884 0.17934542894363403
1 0.9226493239402771 0.32861562569936115 0.9408456683158875 0.3164529005686442 0.9515979886054993 0.30539584159851074 0.9912989139556885 0.3087129592895508 1.0 0.3050035834312439 1.0 0.4380804697672526 1.0 0.44692615667978924 0.9822007417678833 0.4226006269454956 0.9648315906524658 0.39716939131418866 0.9549063444137573 0.37616097927093506 0.9367100596427917 0.34520121415456134
1 0.9697942137718201 0.9378593762715658 0.988817572593689 0.9223794937133789 0.9995699524879456 0.9400707880655924 1.0 0.9632905324300131 1.0 0.9831932385762533 0.9921259880065918 0.9876161416371664 0.9830278158187866 0.9754532972971598 0.9755839705467224 0.9533392588297526
