0 0.01 0.01 0.01 0.01 0.01 0.01 0.01 0.01 0.01 0.01 0.01 0.01 0.01 0.01 0.01 0.01 0.01 0.01 0.01 0.01 0.01 0.01 0.01 0.01 0.01 0.01 0.01 0.01 0.01 0.01 0.01 0.01 0.01 0.01 0.01 0.01 0.01 0.01 0.01 0.01 0.01 0.01 0.01 0.01 0.01 0.01
0 0.01 0.01 0.01 0.01 0.01 0.01 0.01 0.01 0.01 0.01 0.01 0.01 0.01 0.01 0.01 0.01 0.01 0.01 0.01 0.01 0.01 0.01 0.01 0.01 0.01 0.01 0.01 0.01 0.01 0.01 0.01 0.01
0 0.01 0.01 0.01 0.01 0.01 0.01 0.01 0.01 0.01 0.01 0.01 0.01 0.01 0.01 0.01 0.01 0.01 0.01 0.01 0.01 0.01 0.01 0.01 0.01 0.01 0.01 0.01 0.01 0.01 0.01 0.01 0.01 0.01 0.01 0.01 0.01 0.01 0.01
0 0.01 0.01 0.01 0.01 0.01 0.01 0.01 0.01 0.01 0.01 0.01 0.01 0.01 0.01
0 0.01 0.01 0.01 0.01 0.01 0.01 0.01 0.01 0.01 0.01 0.01 0.01 0.01 0.01 0.01 0.01 0.01 0.01 0.01 0.01 0.01 0.01 0.01 0.01 0.01 0.01 0.01 0.01 0.07445378151260514 0.01 0.20050420168067262 0.01 0.3517647058823525 0.01 0.47781512605042054 0.01 0.6206722689075628 0.01 0.7131092436974791 0.01 0.8055462184873954 0.01 0.8979831932773107 0.01 0.9820168067226893 0.01 1.141680672268908 0.01 1.3517647058823525 0.01 1.4526050420168064 0.01 1.4442016806722688 0.01 1.2257142857142855 0.01 1.0576470588235294 0.01 0.839159663865546 0.01 0.7215126050420168 0.01 0.6206722689075628 0.01 0.5198319327731088 0.01 0.44420168067226884 0.01 0.3433613445378148 0.01 0.24252100840336083 0.01 0.07445378151260514 0.01 0.01 0.01 0.01 0.01 0.01 0.01 0.01 0.01 0.01 0.01 0.01 0.01 0.01 0.01 0.01 0.01 0.01 0.01 0.01 0.01 0.01 0.01 0.01 0.01 0.01 0.01 0.01 0.01 0.01 0.01
0 0.01 0.01 0.01 0.01 0.01 0.01 0.01 0.01 0.01 0.01 0.01 0.01 0.01 0.01 0.01 0.01 0.01 0.01 0.01 0.01 0.01 0.01
0 2.116470588235294 0.01 1.9820168067226893 0.01 2.0072268907563022 0.01 2.133277310924369 0.01 2.082857142857143 0.01 1.9736134453781518 0.01 1.8811764705882354 0.01 1.8139495798319332 0.01 1.788739495798319 0.01 1.687899159663865 0.01 1.587058823529412 0.01 1.4778151260504204 0.01 1.4442016806722688 0.01 1.4273949579831935 0.01 1.4357983193277313 0.01 1.5198319327731087 0.01 1.6290756302521003 0.01 1.8055462184873954 0.01 1.8811764705882354 0.01 1.9315966386554624 0.01 1.990420168067227 0.01 2.116470588235294 0.01 2.2173109243697477 0.01 2.4778151260504204 0.01 2.645882352941177 0.01 2.7551260504201682 0.01 2.788739495798319 0.01 2.7215126050420166 0.01 2.7215126050420166 0.01 2.6206722689075628 0.01 2.5492997198879563 0.01 2.192100840336135 0.01
0 2.788739495798319 0.01 2.7971428571428567 0.01 2.855966386554621 0.01 2.8979831932773106 0.01 2.923193277310925 0.01 2.9820168067226893 0.01 3.0576470588235294 0.01 3.1248739495798317 0.01 3.2761344537815127 0.01 3.3853781512605043 0.01 3.435798319327731 0.01 3.511428571428571 0.01 3.519831932773109 0.01 3.587058823529412 0.01 3.5786554621848747 0.01 3.587058823529412 0.01 3.5702521008403356 0.01 3.461008403361344 0.01 3.3097478991596643 0.01 3.2761344537815127 0.01 3.259327731092437 0.01 3.259327731092437 0.01 3.141680672268908 0.01 3.082857142857143 0.01 3.0660504201680667 0.01 3.040840336134454 0.01 2.85843137254902 0.01
0 2.889579831932773 0.01 3.082857142857143 0.01 3.1752941176470584 0.01 3.259327731092437 0.01 3.3685714285714288 0.01 3.435798319327731 0.01 3.494621848739496 0.01 3.494621848739496 0.01 3.494621848739496 0.01 3.5450420168067227 0.01 3.5534453781512605 0.01 3.5450420168067227 0.01 3.5030252100840333 0.01 3.444201680672269 0.01 3.3853781512605043 0.01 3.3517647058823523 0.01 3.3265546218487394 0.01 3.2005042016806726 0.01 3.040840336134454 0.01 2.990420168067227 0.01 3.1248739495798317 0.01 3.0072268907563022 0.01 2.94 0.01 2.94 0.01 2.923193277310925 0.01 2.923193277310925 0.01 2.923193277310925 0.01
0 0.01 0.01 0.01 0.01 0.01 0.01 0.01 0.01 0.07445378151260514 0.01 0.09126050420168098 0.01 0.01 0.023697478991596767 0.01 0.11613445378151312 0.01 0.24218487394958005 0.16689075630252093 0.30941176470588233 0.2509243697478996 0.3850420168067228 0.2509243697478996 0.553109243697479 0.11647058823529392 0.6203361344537819 0.01 0.6203361344537819 0.01 0.5951260504201684 0.01 0.5783193277310926 0.01 0.569915966386555 0.01 0.5026890756302521 0.01 0.36823529411764755 0.01 0.29260504201680704 0.01 0.14134453781512604 0.01 0.01 0.01 0.01 0.01 0.01 0.01 0.01 0.01 0.01 0.01 0.01
0 0.01 0.01 0.01 0.01 0.01 0.01 0.01 0.01 0.01 0.01 0.01 0.03210084033613441 0.01 0.2337815126050424 0.01 0.6119327731092438 0.01 0.8556302521008405 0.01 1.0152941176470591 0.01 1.1833613445378155 0.01 1.2169747899159666 0.01 1.1749579831932777 0.01 1.0489075630252103 0.01 0.830420168067227 0.01 0.6455462184873955 0.01 0.44386554621848745 0.01 0.22537815126050417 0.01 0.023697478991596767 0.01 0.01 0.01 0.01
0 0.01 1.0993277310924372 0.01 1.1833613445378155 0.01 1.326218487394958 0.01 1.569915966386555 0.01 1.7127731092436977 0.01 1.7968067226890758 0.01 1.880840336134454 0.01 2.023697478991597 0.01 2.158151260504202 0.01 1.9480672268907568 0.01 1.7715966386554625 0.01 1.6287394957983197 0.01 1.5110924369747902 0.01 1.309411764705883 0.01 1.2169747899159666 0.01 1.0489075630252103
0 0.01 1.7968067226890758 0.01 1.5783193277310925 0.01 1.477478991596639 0.01 1.4354621848739497 0.01 1.393445378151261 0.01 1.393445378151261 0.01 1.3346218487394959 0.01 1.3178151260504205 0.01 1.393445378151261 0.01 1.6119327731092437 0.01 1.7463865546218489 0.01 1.8892436974789917 0.01 1.9732773109243704 0.01 2.0909243697478983 0.01 2.0993277310924374 0.01 2.208571428571429 0.01 2.3094117647058816 0.01 2.3178151260504194 0.01 2.5363025210084027 0.01 2.6371428571428566 0.01 2.822016806722689 0.01 2.8976470588235292 0.01 3.0657142857142854 0.015630252100840493 3.3010084033613443 0.01 3.2926050420168065 0.01 3.225378151260504 0.01 3.1665546218487397 0.01 3.1497478991596632 0.01 3.0489075630252103 0.01 2.9144537815126044 0.01 2.847226890756302 0.01 2.754789915966386 0.01 2.6287394957983192 0.01 2.410252100840336 0.01 2.225378151260504 0.01 2.1665546218487397 0.01 2.1413445378151255 0.01 2.0573109243697485 0.01 1.981680672268908 0.01 1.9480672268907568 0.01 1.9732773109243704 0.01 1.9984873949579833 0.01 1.981680672268908 0.01 1.9480672268907568 0.01 1.914453781512605 0.01 1.89764705882353
0 0.01 1.158151260504202 0.01 1.1329411764705883 0.01 1.1413445378151266 0.01 1.2505882352941178 0.01 1.4102521008403364 0.01 1.5531092436974792 0.01 1.7295798319327735 0.01 1.8640336134453788 0.01 1.981680672268908 0.01 2.1245378151260503 0.01 2.250588235294117 0.01 2.1245378151260503 0.01 1.9984873949579833 0.01 1.880840336134454 0.01 1.7631932773109247 0.01 1.569915966386555 0.01 1.4690756302521009 0.01 1.3346218487394959
0 0.01 1.1329411764705883 0.01 1.158151260504202 0.01 1.1497478991596644 0.01 1.158151260504202 0.08285714285714221 1.0825210084033614 0.19210084033613384 1.2169747899159666 0.3517647058823525 1.4018487394957986 0.39378151260504185 1.5363025210084038 0.43579831932773117 1.653949579831933 0.6206722689075628 1.6791596638655466 0.7803361344537814 1.6203361344537819 0.8055462184873954 1.7127731092436977 0.7215126050420168 1.8220168067226894 0.6542857142857145 1.914453781512605 0.5366386554621851 1.9648739495798322 0.43579831932773117 1.9900840336134455 0.3433613445378148 2.074117647058823 0.24252100840336083 2.1665546218487397 0.12487394957983156 2.1245378151260503 0.01 2.0657142857142854 0.01 2.023697478991597 0.01 1.8892436974789917 0.01 1.8136134453781516 0.01 1.7800000000000005 0.01 1.7463865546218489 0.01 1.5867226890756307 0.01 1.4354621848739497 0.01 1.3178151260504205
0 0.12487394957983156 0.01 0.17529411764705854 0.01 0.3181512605042019 0.01 0.5282352941176476 0.01 0.6963025210084038 0.01 0.7719327731092437 0.01 0.6710924369747897 0.01 0.8055462184873954 0.048907563025210266 0.7635294117647061 0.17495798319327777 0.6206722689075628 0.2673949579831935 0.46100840336134413 0.36823529411764755 0.3349579831932772 0.3598319327731093 0.2761344537815125 0.2337815126050424 0.20050420168067262 0.20016806722689126 0.1836974789915962 0.09932773109243725
0 0.990420168067227 0.01 1.091260504201681 0.01 1.2005042016806726 0.01 1.393781512605042 0.01 1.418991596638656 0.01 1.3517647058823525 0.01 1.2257142857142855 0.01 1.1500840336134457 0.01 1.0240336134453776 0.01 0.9568067226890753 0.01 0.9568067226890753 0.01
0 1.5282352941176476 0.01 1.8979831932773106 0.01 2.0744537815126045 0.01 2.2425210084033607 0.01 2.292941176470588 0.01 2.1500840336134455 0.01 2.01563025210084 0.01 1.8727731092436977 0.01 1.7047058823529415 0.01 1.4357983193277313 0.01 1.3181512605042018 0.01 1.141680672268908 0.01 1.040840336134454 0.01 1.0240336134453776 0.01 1.0492436974789916 0.01 1.1584873949579833 0.01 1.2845378151260503 0.01 1.4273949579831935 0.01 1.4694117647058818 0.01 1.4610084033613442 0.01 1.4778151260504204 0.01
0 1.0324369747899163 0.01 1.2509243697478996 0.01 1.418991596638656 0.01 1.6626890756302521 0.01 1.6963025210084037 0.01 1.6206722689075628 0.01 1.587058823529412 0.023697478991596767 1.5702521008403358 0.17495798319327777 1.4862184873949582 0.30100840336134466 1.3181512605042018 0.49428571428571444 1.234117647058823 0.6455462184873955 1.1668907563025208 0.7715966386554624 1.0828571428571434 0.7463865546218489 0.990420168067227 0.6203361344537819 1.040840336134454 0.35142857142857165 1.066050420168067 0.2085714285714289 1.0240336134453776 0.0825210084033614 0.9063865546218483 0.01 0.8727731092436977 0.01 0.8643697478991601 0.01 1.01563025210084 0.01
0 1.7719327731092438 0.01 1.8811764705882354 0.01 1.9820168067226893 0.01 2.0660504201680667 0.01 2.1752941176470584 0.01 2.3013445378151256 0.01 2.3601680672268914 0.1329411764705884 2.3097478991596643 0.19176470588235303 2.1500840336134455 0.17495798319327777 2.0072268907563022 0.14974789915966424 1.8811764705882354 0.21697478991596653 1.738319327731092 0.24218487394958005 1.6626890756302521 0.2337815126050424 1.612268907563025 0.2337815126050424 1.6374789915966392 0.023697478991596767 1.687899159663865 0.01 1.7719327731092438 0.01
0 3.040840336134454 0.1581512605042019 3.2005042016806726 0.0825210084033614 3.435798319327731 0.1581512605042019 3.67109243697479 0.28420168067226936 3.847563025210084 0.36823529411764755 3.8223529411764705 0.5194957983193279 3.7803361344537816 0.6287394957983196 3.7047058823529415 0.6287394957983196 3.5282352941176476 0.569915966386555 3.292941176470588 0.43546218487394983 3.1500840336134455 0.343025210084034 3.091260504201681 0.2673949579831935
0 3.8307563025210083 1.2169747899159666 4.040840336134454 1.0236974789915967 4.326554621848739 1.0152941176470591 4.393781512605042 1.0405042016806727 4.486218487394958 0.9312605042016809 4.561848739495798 0.8220168067226894 4.662689075630252 0.7715966386554624 4.780336134453782 0.7968067226890758 4.872773109243698 0.9060504201680675 4.931596638655463 1.0152941176470591 5.2089075630252095 1.0068907563025216 5.376974789915966 1.0741176470588238 5.595462184873949 1.2842016806722694 5.687899159663866 1.4018487394957986 5.578655462184875 1.5447058823529414 5.503025210084034 1.6203361344537819 5.511428571428571 1.6875630252100842 5.435798319327732 1.7715966386554625 5.276134453781513 1.8472268907563028 5.166890756302521 1.89764705882353 5.074453781512606 2.0068907563025213 5.024033613445379 2.1245378151260503 4.805546218487396 2.0993277310924374 4.620672268907563 1.9984873949579833 4.47781512605042 1.9480672268907568 4.267731092436975 1.9480672268907568 4.074453781512605 1.9060504201680675 3.9063865546218484 1.8556302521008405 3.788739495798319 1.7127731092436977 3.7971428571428567 1.5783193277310925 3.8811764705882354 1.4858823529411769 3.86436974789916 1.3514285714285716 3.847563025210084 1.3010084033613447
0 4.360168067226891 0.01 4.5534453781512605 0.01 4.629075630252101 0.01 4.629075630252101 0.01 4.721512605042017 0.01 4.839159663865546 0.01 4.948403361344537 0.01 5.024033613445379 0.01 5.082857142857144 0.01 5.007226890756303 0.01 5.108067226890756 0.01 5.158487394957984 0.01 5.116470588235294 0.01 5.108067226890756 0.01 5.108067226890756 0.01 4.948403361344537 0.01 4.872773109243698 0.01 4.771932773109244 0.01 4.713109243697479 0.01 4.645882352941177 0.01 4.5870588235294125 0.01 4.486218487394958 0.01 4.444201680672268 0.01 4.343361344537815 0.01 4.301344537815127 0.01 4.276134453781513 0.01
0 6.049243697478992 0.01 6.321008403361343 0.01 6.570252100840337 0.01 6.612268907563025 0.01 6.5870588235294125 0.01 6.612268907563025 0.01 6.679495798319328 0.01 6.671092436974791 0.01 6.645882352941175 0.01 6.637478991596638 0.01 6.671092436974791 0.01 6.671092436974791 0.01 6.696302521008404 0.01 6.8223529411764705 0.01 6.94 0.01 7.007226890756304 0.01 7.049243697478992 0.01 7.024033613445379 0.01 7.032436974789916 0.01 6.94 0.01 6.813949579831933 0.01 6.7047058823529415 0.01 6.595462184873949 0.01 6.511428571428571 0.01 6.276134453781513 0.01 6.150084033613446 0.01 6.040840336134454 0.01 6.09126050420168 0.01 6.200504201680672 0.01 6.175294117647058 0.01 6.074453781512605 0.01 6.015630252100841 0.01 6.032436974789916 0.01 6.057647058823529 0.01 6.108067226890757 0.01 6.116470588235295 0.01 6.116470588235295 0.01 6.057647058823529 0.01 6.024033613445379 0.01
0 6.679495798319328 0.01 6.805546218487396 0.01 6.881176470588237 0.01 7.007226890756304 0.01 7.032436974789916 0.01 7.049243697478992 0.01 7.05 0.01 7.024033613445379 0.01 7.040840336134454 0.01 7.049243697478992 0.01 7.049243697478992 0.01 6.931596638655463 0.01 6.8223529411764705 0.01 6.7467226890756296 0.01 6.729915966386554 0.01 6.729915966386554 0.01 6.7803361344537825 0.01 6.738319327731092 0.01
0 5.528235294117646 0.7295798319327735 5.654285714285713 0.4606722689075633 5.881176470588237 0.2337815126050424 6.049243697478992 0.14974789915966424 6.234117647058825 0.24218487394958005 6.385378151260504 0.29260504201680704 6.528235294117646 0.2757983193277312 6.4021848739495795 0.3850420168067228 6.309747899159663 0.49428571428571444 6.2845378151260505 0.6035294117647061 6.2845378151260505 0.6959663865546218 6.175294117647058 0.7715966386554624 6.007226890756304 0.7968067226890758 5.914789915966387 0.8220168067226894 5.7467226890756296 0.8052100840336135 5.629075630252101 0.7463865546218489
0 0.01 2.754789915966386 0.01 2.746386554621848 0.01 2.8892436974789915 0.01 3.032100840336134 0.01 3.074117647058823 0.01 3.074117647058823 0.01 2.9732773109243693 0.01 2.9816806722689067 0.01 3.1161344537815125 0.01 3.208571428571429 0.01 3.2757983193277314 0.01 3.3598319327731088 0.01 3.5699159663865543 0.01 3.6959663865546215 0.01 3.7968067226890754 0.01 3.8976470588235292 0.01 3.9816806722689067 0.01 4.0405042016806725 0.01 4.023697478991596 0.01 3.9732773109243693 0.01 3.9564705882352937 0.01 3.9480672268907564 0.01 3.9900840336134458 0.01 4.149747899159665 0.01 4.275798319327731 0.01 4.351428571428571 0.01 4.334621848739496 0.01 4.090924369747898 0.01 3.9993837535014016 0.01 3.427058823529411 0.01 3.074117647058823 0.01 2.8388235294117647
0 0.01 4.536302521008403 0.01 4.43546218487395 0.01 4.242184873949579 0.01 4.074117647058824 0.01 4.12453781512605 0.01 4.12453781512605 0.01 4.099327731092437 0.01 4.057310924369748 0.01 4.1161344537815125 0.01 4.1581512605042015 0.01 4.20016806722689 0.01 4.2337815126050415 0.01 4.326218487394958 0.01 4.460672268907563 0.01 4.578319327731092 0.01 4.61 0.01 4.578319327731092 0.01 4.603529411764706 0.01 4.61 0.01 4.61 0.01 4.61 0.01 4.61 0.01 4.61
0 5.94 0.9312605042016809 6.141680672268908 0.8640336134453781 6.292941176470588 0.8976470588235298 6.553445378151261 1.0741176470588238 6.7467226890756296 1.1329411764705883 7.007226890756304 1.1749579831932777 7.05 1.2360624249699885 7.040840336134454 1.5278991596638656 6.855966386554622 1.4942857142857144 6.7047058823529415 1.4018487394957986 6.545042016806724 1.292605042016807 6.368571428571429 1.2589915966386558 6.066050420168067 1.3514285714285716 5.889579831932775 1.3178151260504205 5.855966386554622 1.1497478991596644 5.8643697478991585 1.0405042016806727
0 6.629075630252101 0.21697478991596653 6.771932773109245 0.1077310924369749 6.872773109243696 0.015294117647059124 7.024033613445379 0.01 7.05 0.04845138055222094 7.032436974789916 0.30100840336134466 7.049243697478992 0.4522689075630257 7.05 0.4639915966386553 7.05 0.9228571428571434 7.040840336134454 1.065714285714286 6.872773109243696 1.0573109243697478 6.393781512605042 0.8640336134453781 6.343361344537816 0.7379831932773112 6.334957983193278 0.6035294117647061 6.4021848739495795 0.47747899159663915 6.47781512605042 0.4102521008403363 6.570252100840337 0.35142857142857165
0 5.729915966386554 1.5363025210084038 5.881176470588237 1.4354621848739497 6.032436974789916 1.4018487394957986 6.175294117647058 1.393445378151261 6.427394957983193 1.3850420168067228 6.360168067226891 1.4438655462184875 6.318151260504201 1.5951260504201685 6.2845378151260505 1.7127731092436977 6.2089075630252095 1.8472268907563028 6.082857142857142 1.9060504201680675 5.8979831932773115 1.8892436974789917 5.7467226890756296 1.8388235294117652 5.6626890756302535 1.7968067226890758 5.629075630252101 1.6455462184873955
0 6.536638655462184 1.4102521008403364 6.645882352941175 1.4354621848739497 6.797142857142858 1.5615126050420174 6.813949579831933 1.6371428571428572 6.7047058823529415 1.7715966386554625 6.671092436974791 1.8472268907563028 6.6626890756302535 1.9984873949579833 6.654285714285716 2.1329411764705877 6.536638655462184 2.2169747899159664 6.376974789915966 2.3430252100840336 6.2425210084033615 2.2926050420168065 6.175294117647058 2.233781512605042 6.234117647058825 2.032100840336135 6.32655462184874 1.9060504201680675 6.32655462184874 1.8220168067226894 6.343361344537816 1.7127731092436977 6.393781512605042 1.5615126050420174 6.452605042016808 1.4858823529411769
0 6.8643697478991585 1.5531092436974792 7.05 1.5902352941176474 7.05 2.0068907563025213 7.05 2.225378151260504 7.05 2.401848739495798 7.05 2.5194957983193276 6.914789915966387 2.3934453781512603 6.755126050420167 2.3682352941176465 6.612268907563025 2.3430252100840336 6.713109243697479 2.1917647058823526 6.7467226890756296 2.023697478991597 6.763529411764705 1.9060504201680675 6.805546218487396 1.8136134453781516 6.855966386554622 1.6875630252100842 6.872773109243696 1.6455462184873955
0 2.2509243697479 2.502689075630252 2.511428571428571 2.4942857142857147 2.7551260504201682 2.5447058823529414 2.990420168067227 2.578319327731092 3.292941176470588 2.58672268907563 3.6290756302521006 2.603529411764706 4.032436974789916 2.6371428571428566 4.2845378151260505 2.653949579831933 4.494621848739496 2.6875630252100837 4.654285714285715 2.7127731092436975 4.738319327731092 2.7211764705882353 4.679495798319327 2.8388235294117647 4.334957983193277 2.9480672268907564 4.040840336134454 2.9144537815126044 3.6963025210084037 2.906050420168067 3.519831932773109 2.8976470588235292 3.1500840336134455 2.8388235294117647 2.9820168067226893 2.8136134453781505 2.7215126050420166 2.7379831932773104 2.5450420168067227 2.729579831932773 2.418991596638656 2.7127731092436975 2.318151260504202 2.6455462184873944
0 0.9820168067226893 2.922857142857142 1.091260504201681 2.8976470588235292 1.2845378151260503 2.922857142857142 1.4694117647058818 2.9648739495798315 1.5534453781512605 2.9900840336134458 1.7551260504201684 3.1161344537815125 1.839159663865546 3.2169747899159664 1.839159663865546 3.334621848739496 1.738319327731092 3.385042016806723 1.587058823529412 3.401848739495798 1.4946218487394958 3.401848739495798 1.3517647058823525 3.4438655462184875 1.1584873949579833 3.4606722689075626 1.01563025210084 3.427058823529411 0.94 3.3934453781512603 0.8979831932773107 3.3430252100840336 0.94 3.1917647058823526 0.9568067226890753 3.074117647058823 0.9231932773109247 3.023697478991596
0 0.01 4.578319327731092 0.01 4.460672268907563 0.01 4.284201680672269 0.01 4.166554621848739 0.01 4.074117647058824 0.01 4.149747899159665 0.01 4.359831932773108 0.015630252100840493 4.43546218487395 0.11647058823529392 4.485882352941177 0.2593277310924373 4.544705882352941 0.2677310924369749 4.595126050420168 0.10411764705882376 4.61 0.01 4.61 0.01 4.61 0.01 4.61
0 0.8811764705882353 3.7968067226890754 1.1248739495798317 3.7631932773109247 1.3097478991596643 3.7127731092436975 1.4526050420168064 3.553109243697479 1.6038655462184874 3.5447058823529414 1.713109243697479 3.502689075630252 1.8307563025210083 3.4690756302521004 1.9315966386554624 3.3682352941176465 1.9736134453781518 3.258991596638655 2.0576470588235294 3.258991596638655 2.2509243697479 3.427058823529411 2.418991596638656 3.5447058823529414 2.494621848739496 3.6875630252100837 2.192100840336135 4.04890756302521 2.108067226890756 4.1581512605042015 2.0072268907563022 4.057310924369748 1.9231932773109248 3.906050420168067 1.8307563025210083 3.8052100840336127 1.687899159663865 3.7968067226890754 1.6542857142857144 3.906050420168067 1.6038655462184874 4.057310924369748 1.561848739495798 4.191764705882353 1.5450420168067227 4.284201680672269 1.6206722689075628 4.334621848739496 1.8055462184873954 4.376638655462185 1.9315966386554624 4.376638655462185 2.0072268907563022 4.452268907563025 2.082857142857143 4.536302521008403 2.082857142857143 4.61 1.8811764705882354 4.61 1.6710924369747897 4.61 1.2425210084033609 4.603529411764706 1.0996638655462185 4.595126050420168 0.9988235294117647 4.586722689075629 1.0324369747899163 4.494285714285715 1.1752941176470586 4.4690756302521 1.2761344537815125 4.452268907563025 1.3181512605042018 4.385042016806723 1.2761344537815125 4.343025210084034 1.141680672268908 4.301008403361344 1.0240336134453776 4.1581512605042015 0.9736134453781518 4.032100840336134 0.9063865546218483 3.931260504201681
0 5.259327731092437 0.01 5.360168067226891 0.01 5.469411764705883 0.01 5.469411764705883 0.01 5.360168067226891 0.01 5.276134453781513 0.01 5.2089075630252095 0.01 5.2089075630252095 0.01
0 5.259327731092437 1.9396638655462186 5.486218487394958 1.89764705882353 5.536638655462184 1.9732773109243704 5.545042016806724 2.1161344537815125 5.528235294117646 2.2169747899159664 5.511428571428571 2.4438655462184875 5.418991596638655 2.595126050420167 5.32655462184874 2.7127731092436975 5.175294117647058 2.746386554621848 4.982016806722689 2.754789915966386 4.872773109243698 2.7631932773109247 4.923193277310925 2.5363025210084027 5.007226890756303 2.326218487394958 5.099663865546218 2.174957983193277 5.166890756302521 2.0573109243697485
0 5.637478991596638 2.1917647058823526 5.7803361344537825 2.0909243697478983 5.8643697478991585 2.0573109243697485 5.94 2.082521008403361 6.015630252100841 2.250588235294117 6.049243697478992 2.3766386554621852 5.948403361344537 2.502689075630252 5.797142857142858 2.6203361344537814 5.721512605042017 2.6959663865546215 5.654285714285713 2.746386554621848 5.570252100840337 2.6959663865546215 5.469411764705883 2.6875630252100837 5.486218487394958 2.6203361344537814 5.545042016806724 2.5194957983193276 5.612268907563025 2.3094117647058816
0 5.057647058823529 2.8136134453781505 5.276134453781513 2.8052100840336127 5.452605042016808 2.7884033613445376 5.561848739495799 2.7968067226890754 5.612268907563025 2.8640336134453777 5.629075630252101 3.023697478991596 5.7467226890756296 3.0489075630252103 5.78873949579832 3.0405042016806725 5.797142857142858 3.208571428571429 5.813949579831933 3.334621848739496 5.7047058823529415 3.4690756302521004 5.5870588235294125 3.5194957983193276 5.461008403361345 3.51109243697479 5.343361344537816 3.3430252100840336 5.32655462184874 3.1329411764705877 5.183697478991596 2.9648739495798315 5.074453781512606 2.8976470588235292
1 3.2089075630252104 0.01 3.2005042016806726 0.01 3.3265546218487394 0.01 3.4526050420168066 0.01 3.5282352941176476 0.01 3.612268907563025 0.01 3.8811764705882354 0.01 4.049243697478992 0.01 4.192100840336135 0.01 4.234117647058823 0.01 4.192100840336135 0.01 4.276134453781513 0.01 4.452605042016806 0.01 4.578655462184875 0.01 4.654285714285715 0.01 4.687899159663866 0.01 4.788739495798319 0.01 4.931596638655463 0.01 5.049243697478992 0.01 5.200504201680672 0.01 5.376974789915966 0.01 5.376974789915966 0.01 5.040840336134454 0.01 4.418991596638656 0.01 4.066050420168067 0.01 3.7131092436974793 0.01 3.494621848739496 0.01 3.3265546218487394 0.01
1 5.494621848739496 0.01 5.393781512605042 0.01 5.267731092436975 0.01 5.158487394957984 0.01 5.410588235294117 0.01 5.595462184873949 0.01 5.755126050420167 0.01 5.855966386554622 0.01 5.94 0.01 5.973613445378151 0.01 5.990420168067228 0.01 5.94 0.01 5.923193277310925 0.01 5.847563025210084 0.01 5.612268907563025 0.01
1 5.116470588235294 0.01 5.32655462184874 0.01 5.671092436974791 0.01 5.8643697478991585 0.01 5.931596638655463 0.01 6.015630252100841 0.01 6.032436974789916 0.01 6.066050420168067 0.01 6.015630252100841 0.01 5.931596638655463 0.01 5.7047058823529415 0.01 5.603865546218487 0.01 5.578655462184875 0.01 5.6626890756302535 0.01 5.7467226890756296 0.01 5.872773109243696 0.01 5.982016806722688 0.01 6.066050420168067 0.01 6.192100840336134 0.01 6.234117647058825 0.01 6.158487394957984 0.01 5.956806722689075 0.01 5.855966386554622 0.01 5.6626890756302535 0.01 5.461008403361345 0.01 5.318151260504201 0.01 5.200504201680672 0.01 5.124873949579832 0.01 5.099663865546218 0.01 5.158487394957984 0.01 5.099663865546218 0.01 5.032436974789916 0.01 4.872773109243698 0.01 4.763529411764706 0.01 4.738319327731092 0.01 4.763529411764706 0.01 4.889579831932773 0.01 4.965210084033614 0.01 5.049243697478992 0.01
1 5.553445378151261 0.01 5.78873949579832 0.01 5.956806722689075 0.01 6.09126050420168 0.01 6.267731092436975 0.01 6.376974789915966 0.01 6.5198319327731085 0.01 6.654285714285716 0.01 6.729915966386554 0.01 6.78873949579832 0.01 6.847563025210084 0.01 6.923193277310925 0.01 6.7803361344537825 0.01 6.603865546218487 0.1077310924369749 6.461008403361345 0.14974789915966424 6.183697478991596 0.07411764705882376 6.007226890756304 0.04050420168067262 5.830756302521008 0.09932773109243725 5.7047058823529415 0.24218487394958005 5.612268907563025 0.393445378151261 5.511428571428571 0.47747899159663915 5.368571428571429 0.4522689075630257 5.2089075630252095 0.2589915966386559 5.049243697478992 0.1329411764705884 4.965210084033614 0.01 4.982016806722689 0.01 5.175294117647058 0.01 5.435798319327732 0.01 5.545042016806724 0.01 5.5870588235294125 0.01
1 3.687899159663866 0.01 3.8979831932773106 0.01 4.108067226890756 0.01 4.2425210084033615 0.01 4.326554621848739 0.01 4.385378151260504 0.01 4.452605042016806 0.01 4.511428571428571 0.01 4.536638655462185 0.01 4.578655462184875 0.01 4.629075630252101 0.01 4.7047058823529415 0.01 4.805546218487396 0.01 4.839159663865546 0.01 4.629075630252101 0.01 4.511428571428571 0.01 4.360168067226891 0.01 4.150084033613446 0.01 4.057647058823529 0.01 3.931596638655462 0.01 3.788739495798319 0.01 3.6794957983193273 0.01 3.67109243697479 0.01 3.6290756302521006 0.01 3.662689075630252 0.01 3.687899159663866 0.01
1 3.444201680672269 0.01 3.5030252100840333 0.01 3.6038655462184876 0.01 3.7215126050420166 0.01 3.839159663865546 0.01 3.931596638655462 0.01 3.847563025210084 0.01 3.6963025210084037 0.01 3.5786554621848747 0.01
1 0.01 0.01 0.01 0.01 0.01 0.01 0.01 0.01 0.01 0.01 0.01 0.01 0.01 0.01 0.01 0.01 0.01 0.01 0.01 0.01 0.01 0.01 0.01 0.01 0.01 0.01 0.01 0.01 0.01 0.01 0.01 0.01 0.01 0.01
1 0.01 0.01 0.01 0.01 0.01 0.01 0.01 0.01 0.01 0.01 0.01 0.01 0.01 0.01 0.01 0.01 0.01 0.01 0.01 0.01 0.01 0.01 0.01 0.01 0.01 0.01 0.01 0.01 0.01 0.01 0.01 0.01 0.01 0.01 0.01 0.01 0.01 0.01 0.01 0.01 0.01 0.01 0.01 0.01 0.01 0.01 0.01 0.01 0.01 0.01
1 0.01 0.01 0.01 0.01 0.01 0.01 0.01 0.01 0.01 0.01 0.01 0.01 0.01 0.01 0.01 0.01
1 0.01 0.01 0.01 0.01 0.01 0.01 0.01 0.01 0.01 0.01 0.01 0.01 0.01 0.01 0.01 0.01 0.01 0.01 0.01 0.01 0.01 0.01
1 1.6038655462184874 0.343025210084034 1.8475630252100836 0.30941176470588233 2.0744537815126045 0.3178151260504205 2.28453781512605 0.30941176470588233 2.4526050420168066 0.4102521008403363 2.5534453781512605 0.569915966386555 2.5282352941176476 0.8472268907563029 2.511428571428571 1.0573109243697478 2.4021848739495795 1.2842016806722694 2.259327731092437 1.4606722689075633 2.0996638655462188 1.4606722689075633 1.8727731092436977 1.2842016806722694 1.7215126050420166 1.191764705882353 1.6038655462184874 1.1413445378151266 1.393781512605042 1.0993277310924372 1.2509243697478996 1.0152941176470591 1.2425210084033609 0.880840336134454 1.3265546218487396 0.7127731092436977 1.4526050420168064 0.47747899159663915 1.5198319327731087 0.4186554621848739
1 0.21731092436974792 0.01 0.46941176470588175 0.01 0.6626890756302521 0.01 0.7131092436974791 0.01 0.990420168067227 0.01 1.192100840336134 0.01 1.4273949579831935 0.01 1.612268907563025 0.01 1.7299159663865544 0.01 1.6542857142857144 0.01 1.368571428571429 0.01 1.0744537815126045 0.01 0.9147899159663859 0.01 0.6878991596638651 0.01 0.48621848739495815 0.01 0.3433613445378148 0.01 0.2341176470588232 0.01 0.15848739495798328 0.01
1 0.01 0.01 0.15848739495798328 0.01 0.4105882352941171 0.01 0.49462184873949583 0.01 0.20050420168067262 0.01 0.12487394957983156 0.01 0.01 0.01 0.01 0.01
1 0.637478991596638 0.01 0.8307563025210084 0.01 0.9736134453781518 0.01 1.1500840336134457 0.01 1.2929411764705878 0.01 1.3349579831932772 0.01 1.3097478991596643 0.01 1.3433613445378147 0.01 1.3433613445378147 0.01 1.2929411764705878 0.01 1.141680672268908 0.01 0.9736134453781518 0.01 0.8475630252100836 0.01 0.738319327731092 0.01 0.6794957983193274 0.01
1 0.8475630252100836 0.01 1.1500840336134457 0.01 1.4610084033613442 0.01 1.713109243697479 0.01 1.8811764705882354 0.01 1.9231932773109248 0.01 1.9315966386554624 0.01 1.9063865546218484 0.01 1.6963025210084037 0.01 1.5702521008403358 0.01 1.3601680672268912 0.01 1.234117647058823 0.01 1.040840336134454 0.01 0.9147899159663859 0.01
1 1.5282352941176476 0.01 1.6206722689075628 0.01 1.8055462184873954 0.01 1.9063865546218484 0.01 2.0576470588235294 0.01 2.2341176470588233 0.01 2.3601680672268914 0.01 2.3937815126050417 0.01 2.1584873949579833 0.01 1.94 0.01 1.738319327731092 0.01 1.5366386554621851 0.01 1.418991596638656 0.01 1.3433613445378147 0.01 1.3853781512605041 0.01 1.4694117647058818 0.01
1 2.091260504201681 0.01 2.192100840336135 0.01 2.2761344537815127 0.01 2.444201680672269 0.01 2.6374789915966392 0.01 2.771932773109244 0.01 2.8727731092436977 0.01 3.0240336134453787 0.01 3.0576470588235294 0.01 2.8979831932773106 0.01 2.8307563025210083 0.01 2.7803361344537816 0.01 2.8223529411764705 0.01 2.738319327731092 0.01 2.587058823529412 0.01 2.5030252100840333 0.01 2.486218487394958 0.01 2.435798319327731 0.01 2.3013445378151256 0.01 2.192100840336135 0.01
1 2.4526050420168066 0.01 2.6794957983193273 0.01 2.7803361344537816 0.01 2.847563025210084 0.01 2.8979831932773106 0.01 2.9484033613445377 0.01 2.923193277310925 0.01 2.8811764705882354 0.01 3.01563025210084 0.01 3.1500840336134455 0.01 3.192100840336135 0.01 3.141680672268908 0.015294117647059124 3.0324369747899165 0.07411764705882376 2.86436974789916 0.17495798319327777 2.7215126050420166 0.21697478991596653 2.5366386554621854 0.19176470588235303 2.469411764705883 0.17495798319327777 2.4021848739495795 0.01 2.28453781512605 0.01 2.192100840336135 0.01 2.1248739495798317 0.01 2.1584873949579833 0.01 2.2425210084033607 0.01 2.3517647058823523 0.01
1 3.418991596638656 0.01 3.5534453781512605 0.01 3.8055462184873954 0.01 3.9484033613445377 0.01 4.108067226890756 0.01 4.259327731092437 0.01 4.351764705882353 0.01 4.175294117647058 0.01 4.007226890756303 0.09932773109243725 3.94 0.14974789915966424 3.7551260504201682 0.19176470588235303 3.5702521008403356 0.09932773109243725 3.3937815126050417 0.01 3.3517647058823523 0.01 3.334957983193277 0.01
1 2.587058823529412 0.393445378151261 2.788739495798319 0.29260504201680704 2.889579831932773 0.2757983193277312 3.01563025210084 0.35142857142857165 3.166890756302521 0.43546218487394983 3.3013445378151265 0.5194957983193279 3.519831932773109 0.653949579831933 3.5786554621848747 0.7211764705882353 3.5282352941176476 0.880840336134454 3.4273949579831937 0.9648739495798321 3.2341176470588233 0.9984873949579832 3.040840336134454 1.032100840336135 2.839159663865546 1.0825210084033614 2.6794957983193273 1.0909243697478996 2.612268907563025 1.0741176470588238 2.6038655462184876 0.8892436974789917 2.6290756302521006 0.7295798319327735 2.6290756302521006 0.5951260504201684
1 3.965210084033614 0.2673949579831935 4.108067226890756 0.1581512605042019 4.250924369747899 0.048907563025210266 4.343361344537815 0.01 4.461008403361344 0.03210084033613441 4.612268907563025 0.20016806722689126 4.738319327731092 0.37663865546218517 4.713109243697479 0.4522689075630257 4.620672268907563 0.5783193277310926 4.51983193277311 0.7211764705882353 4.418991596638656 0.830420168067227 4.141680672268908 0.8892436974789917 3.9736134453781515 0.9480672268907568 3.86436974789916 1.0405042016806727 3.738319327731092 1.065714285714286 3.612268907563025 0.9732773109243698 3.6963025210084037 0.830420168067227 3.788739495798319 0.7379831932773112 3.914789915966387 0.5363025210084038 3.9484033613445377 0.393445378151261
1 4.578655462184875 0.01 4.713109243697479 0.01 4.86436974789916 0.01 4.897983193277311 0.01 4.965210084033614 0.1077310924369749 4.948403361344537 0.28420168067226936 4.839159663865546 0.28420168067226936 4.763529411764706 0.22537815126050417 4.595462184873949 0.09932773109243725 4.51983193277311 0.01 4.503025210084034 0.01
1 4.839159663865546 0.4186554621848739 4.990420168067227 0.35142857142857165 5.099663865546218 0.393445378151261 5.2845378151260505 0.5026890756302521 5.435798319327732 0.569915966386555 5.44420168067227 0.7211764705882353 5.511428571428571 0.8136134453781517 5.687899159663866 0.8640336134453781 5.805546218487396 0.9228571428571434 5.771932773109245 1.1413445378151266 5.797142857142858 1.343025210084034 5.671092436974791 1.2589915966386558 5.503025210084034 1.065714285714286 5.360168067226891 0.9732773109243698 5.166890756302521 0.9312605042016809 5.049243697478992 0.9228571428571434 4.897983193277311 0.830420168067227 4.788739495798319 0.7211764705882353 4.738319327731092 0.6455462184873955 4.771932773109244 0.5026890756302521
1 0.5198319327731088 0.47747899159663915 0.6458823529411768 0.3346218487394958 0.8475630252100836 0.18336134453781539 0.8727731092436977 0.12453781512605076 0.9568067226890753 0.22537815126050417 0.9147899159663859 0.4102521008403363 0.9147899159663859 0.569915966386555 0.7551260504201684 0.5615126050420173 0.6290756302521003 0.5363025210084038
1 0.01 0.01 0.01 0.01 0.01 0.01 0.01 0.01 0.01 0.01 0.01 0.01 0.01 0.01 0.01 0.01 0.01 0.01 0.01 0.01 0.01 0.01
1 0.01 0.01 0.01 0.01 0.01 0.01 0.01 0.01 0.01 0.01 0.01 0.01 0.01 0.01 0.01 0.01
1 0.01 0.01 0.01 0.01 0.01 0.01 0.01 0.01 0.01 0.01 0.01 0.01 0.01 0.01 0.01 0.01 0.01 0.01 0.01 0.01 0.01 0.01 0.01 0.01 0.01 0.01 0.01 0.01 0.01 0.01 0.01 0.01 0.01 0.01
1 0.01 0.01 0.01 0.01 0.01 0.01 0.01 0.01 0.01 0.01 0.01 0.01 0.01 0.01 0.01 0.01 0.01 0.01 0.01 0.01 0.01 0.01 0.01 0.01 0.01 0.01
1 0.01 0.01 0.01 0.01 0.01 0.01 0.01 0.01 0.01 0.01 0.01 0.01 0.01 0.01 0.01 0.01 0.01 0.01 0.01 0.01 0.01 0.01 0.01 0.01 0.01 0.01
1 0.01 0.01 0.01 0.01 0.01 0.01 0.01 0.01 0.01 0.01 0.01 0.01 0.01 0.01 0.01 0.01 0.01 0.01 0.01 0.01 0.01 0.01 0.01 0.01 0.01 0.01 0.01 0.01 0.01 0.01 0.01 0.048907563025210266 0.01 0.03210084033613441 0.01 0.01 0.01 0.01 0.01 0.01 0.01 0.01
1 0.01 0.048907563025210266 0.01 0.015294117647059124 0.01 0.01 0.01 0.015294117647059124 0.01 0.18336134453781539 0.01 0.4186554621848739 0.01 0.6455462184873955 0.01 0.8220168067226894 0.01 0.9648739495798321 0.01 0.9732773109243698 0.01 0.9732773109243698 0.01 0.653949579831933 0.01 0.4018487394957987 0.01 0.20016806722689126
1 0.01 1.0825210084033614 0.01 1.0152941176470591 0.01 0.9900840336134457 0.01 1.0152941176470591 0.01 1.24218487394958 0.01 1.4438655462184875 0.01 1.6455462184873955 0.01 1.7043697478991602 0.01 1.6203361344537819 0.01 1.6371428571428572 0.01 1.7043697478991602 0.01 1.586619263089852 0.01 1.3766386554621852 0.01 1.1665546218487395 0.01 1.0993277310924372
1 0.01 0.12453781512605076 0.01 0.14974789915966424 0.01 0.21697478991596653 0.01 0.36823529411764755 0.01 0.5615126050420173 0.01 0.8220168067226894 0.01 1.0152941176470591 0.01 0.9564705882352945 0.01 0.8136134453781517 0.01 0.6959663865546218 0.01 0.5278991596638656 0.01 0.393445378151261 0.01 0.25058823529411767
1 0.01 1.8472268907563028 0.01 1.7547899159663871 0.01 1.7631932773109247 0.01 2.015294117647059 0.01 2.183361344537815 0.01 2.385042016806723 0.01 2.6371428571428566 0.01 2.8052100840336127 0.01 2.880840336134454 0.01 2.9480672268907564 0.01 2.7968067226890754 0.01 2.679159663865546 0.01 2.595126050420167 0.01 2.5194957983193276 0.01 2.1497478991596632 0.01 1.9564705882352944
1 0.01 2.1245378151260503 0.01 2.1077310924369748 0.01 2.183361344537815 0.01 2.1917647058823526 0.01 2.158151260504202 0.01 2.1917647058823526 0.01 2.2926050420168065 0.01 2.351428571428571 0.01 2.4522689075630253 0.01 2.578319327731092 0.01 2.78 0.01 2.931260504201681 0.01 3.0909243697478983 0.01 3.2757983193277314 0.01 3.553109243697479 0.01 3.6119327731092437 0.01 3.6959663865546215 0.01 3.7631932773109247 0.01 3.7715966386554625 0.01 3.679159663865546 0.01 3.58672268907563 0.01 3.4354621848739497 0.01 3.2673949579831936 0.01 3.158151260504202 0.01 3.006890756302521 0.01 2.729579831932773 0.01 2.527899159663865 0.01 2.2757983193277314
1 0.01 3.2842016806722687 0.01 3.258991596638655 0.01 3.3010084033613443 0.01 3.3766386554621852 0.01 3.485882352941177 0.01 3.58672268907563 0.01 3.653949579831933 0.01 3.679159663865546 0.01 3.6119327731092437 0.01 3.477478991596638 0.01 3.3766386554621852
1 0.01 3.822016806722689 0.01 3.8724369747899163 0.01 3.9396638655462186 0.01 4.0825210084033605 0.01 4.149747899159665 0.01 4.057310924369748 0.01 4.032100840336134 0.01 4.006890756302521 0.01 3.906050420168067
1 0.01 3.8640336134453777 0.01 3.746386554621848 0.01 3.7127731092436975 0.01 3.670756302521008 0.01 3.7379831932773104 0.01 3.7968067226890754 0.01 3.922857142857142 0.01 4.032100840336134 0.01 4.20016806722689 0.01 4.351428571428571 0.01 4.561512605042017 0.01 4.578319327731092 0.01 4.569915966386555 0.01 4.553109243697479 0.01 4.477478991596638 0.01 4.334621848739496 0.01 4.216974789915967 0.01 4.057310924369748
1 0.01 3.78 0.01 3.7379831932773104 0.01 3.704369747899159 0.03243697478991578 3.7379831932773104 0.15848739495798328 3.754789915966386 0.3013445378151255 3.8052100840336127 0.40218487394957947 3.8640336134453777 0.40218487394957947 4.065714285714286 0.3601680672268901 4.225378151260504 0.32655462184873957 4.359831932773108 0.2509243697478996 4.443865546218487 0.10806722689075628 4.359831932773108 0.01 4.258991596638655 0.01 4.149747899159665 0.01 4.04890756302521 0.01 3.9816806722689067 0.01 3.9564705882352937 0.01 3.906050420168067
1 0.5282352941176476 3.830420168067227 0.6122689075630251 3.78 0.7215126050420168 3.653949579831933 0.7803361344537814 3.6455462184873944 0.9484033613445376 3.58672268907563 1.0744537815126045 3.527899159663865 1.3265546218487396 3.561512605042017 1.2761344537815125 3.653949579831933 1.0996638655462185 3.670756302521008 0.9231932773109247 3.7127731092436975 0.839159663865546 3.754789915966386 0.788739495798319 3.8388235294117647 0.839159663865546 3.9816806722689067 0.889579831932773 4.090924369747898 0.9820168067226893 4.20016806722689 1.066050420168067 4.31781512605042 0.9820168067226893 4.43546218487395 0.9231932773109247 4.553109243697479 0.8307563025210084 4.595126050420168 0.6122689075630251 4.586722689075629 0.40218487394957947 4.586722689075629 0.3601680672268901 4.569915966386555 0.37697478991596656 4.427058823529412 0.46941176470588175 4.225378151260504 0.48621848739495815 4.065714285714286 0.48621848739495815 3.9816806722689067 0.48621848739495815 3.906050420168067
1 0.01 2.1665546218487397 0.01 2.1665546218487397 0.11647058823529392 2.208571428571429 0.3349579831932772 2.20016806722689 0.5366386554621851 2.1245378151260503 0.6542857142857145 2.040504201680672 0.7467226890756297 2.0657142857142854 0.8811764705882353 2.3094117647058816 0.9231932773109247 2.485882352941177 0.9568067226890753 2.6287394957983192 1.040840336134454 2.679159663865546 0.9568067226890753 2.7968067226890754 0.889579831932773 2.9396638655462186 0.8727731092436977 3.158151260504202 0.8559663865546213 3.3682352941176465 0.8811764705882353 3.4606722689075626 0.7551260504201684 3.5699159663865543 0.5870588235294122 3.670756302521008 0.44420168067226884 3.7127731092436975 0.2845378151260502 3.6875630252100837 0.09126050420168098 3.603529411764706 0.01 3.5699159663865543 0.01 3.4690756302521004 0.040840336134453425 3.3766386554621852 0.11647058823529392 3.2673949579831936 0.06605042016806692 3.0657142857142854 0.01 2.78 0.01 2.653949579831933 0.01 2.477478991596638 0.01 2.3430252100840336
1 0.01 0.44386554621848745 0.01 0.7463865546218489 0.01 0.8892436974789917 0.01 1.0825210084033614 0.01 1.2337815126050424 0.01 1.2673949579831936 0.01 1.292605042016807 0.01 1.2253781512605046 0.01 1.0825210084033614 0.01 0.9900840336134457 0.01 0.830420168067227 0.01 0.6371428571428572 0.01 0.5278991596638656
1 0.01 1.3346218487394959 0.01 1.2169747899159666 0.01 1.0573109243697478 0.01 1.191764705882353 0.01 1.3178151260504205 0.01 1.3514285714285716 0.01 1.4102521008403364 0.01 1.4606722689075633
1 0.01 0.343025210084034 0.01 0.5447058823529415 0.01 0.6287394957983196 0.01 0.7043697478991601 0.01 0.7127731092436977 0.03243697478991578 0.7211764705882353 0.15008403361344563 0.6875630252100842 0.2761344537815125 0.6035294117647061 0.32655462184873957 0.553109243697479 0.40218487394957947 0.6707563025210089 0.2845378151260502 0.8136134453781517 0.141680672268908 0.9648739495798321 0.01 1.0405042016806727 0.01 1.0909243697478996 0.01 1.0741176470588238 0.01 1.0405042016806727 0.01 0.9984873949579832 0.01 0.9900840336134457 0.01 0.830420168067227 0.01 0.6707563025210089 0.01 0.5194957983193279
1 0.19210084033613384 1.0152941176470591 0.3097478991596643 0.9228571428571434 0.3853781512605042 0.8220168067226894 0.46941176470588175 0.7127731092436977 0.46941176470588175 0.6371428571428572 0.5198319327731088 0.6203361344537819 0.6626890756302521 0.6287394957983196 0.8307563025210084 0.6707563025210089 0.9736134453781518 0.7295798319327735 1.0828571428571434 0.8220168067226894 1.1500840336134457 0.9480672268907568 1.1836974789915962 1.1749579831932777 0.990420168067227 1.4270588235294122 0.8643697478991601 1.5110924369747902 0.6794957983193274 1.5110924369747902 0.6122689075630251 1.5110924369747902 0.48621848739495815 1.4018487394957986 0.37697478991596656 1.3010084033613447 0.2593277310924373 1.158151260504202
1 1.2929411764705878 1.191764705882353 1.5114285714285711 1.2673949579831936 1.6794957983193273 1.326218487394958 1.8811764705882354 1.4186554621848746 2.0744537815126045 1.5363025210084038 2.141680672268908 1.603529411764706 2.1752941176470584 1.830420168067227 2.141680672268908 2.1413445378151255 2.141680672268908 2.3430252100840336 2.0576470588235294 2.4522689075630253 1.9063865546218484 2.561512605042017 1.687899159663865 2.5699159663865543 1.5030252100840336 2.595126050420167 1.2593277310924373 2.653949579831933 1.1332773109243692 2.653949579831933 1.0072268907563022 2.485882352941177 0.9315966386554624 2.3094117647058816 0.8223529411764707 1.931260504201681 0.8643697478991601 1.8052100840336136 0.94 1.6371428571428572 1.0072268907563022 1.5278991596638656 1.141680672268908 1.3598319327731092 1.1836974789915962 1.3010084033613447
1 2.3097478991596643 1.6287394957983197 2.4778151260504204 1.4102521008403364 2.59546218487395 1.2337815126050424 2.7131092436974793 1.2001680672268913 2.956806722689075 1.1329411764705883 3.141680672268908 1.0993277310924372 3.3937815126050417 1.0489075630252103 3.6038655462184876 1.065714285714286 3.6963025210084037 1.2337815126050424 3.687899159663866 1.4858823529411769 3.6374789915966392 1.7295798319327735 3.59546218487395 2.040504201680672 3.5450420168067227 2.326218487394958 3.511428571428571 2.4690756302521004 3.3013445378151265 2.51109243697479 3.0492436974789916 2.4438655462184875 2.788739495798319 2.410252100840336 2.511428571428571 2.4354621848739497 2.267731092436975 2.427058823529411 2.267731092436975 2.1077310924369748 2.259327731092437 1.89764705882353 2.3097478991596643 1.7379831932773113
1 3.6963025210084037 2.0068907563025213 3.8055462184873954 1.9228571428571433 3.94 1.9228571428571433 4.099663865546218 1.9984873949579833 4.326554621848739 2.023697478991597 4.444201680672268 2.040504201680672 4.427394957983194 2.2673949579831936 4.309747899159664 2.4606722689075626 4.217310924369748 2.553109243697479 3.8811764705882354 2.58672268907563 3.662689075630252 2.5363025210084027 3.6206722689075628 2.502689075630252 3.6206722689075628 2.2842016806722687 3.662689075630252 2.1077310924369748
1 4.561848739495798 2.174957983193277 4.813949579831933 2.1665546218487397 4.923193277310925 2.1917647058823526 4.881176470588235 2.3682352941176465 4.771932773109244 2.5699159663865543 4.7047058823529415 2.653949579831933 4.4357983193277315 2.603529411764706 4.343361344537815 2.595126050420167 4.4357983193277315 2.427058823529411 4.511428571428571 2.2842016806722687
1 1.1080672268907563 2.7715966386554625 1.3097478991596643 2.6959663865546215 1.5534453781512605 2.679159663865546 1.7047058823529415 2.653949579831933 1.839159663865546 2.6875630252100837 1.738319327731092 2.830420168067227 1.7047058823529415 2.922857142857142 1.5786554621848734 2.880840336134454 1.4273949579831935 2.8640336134453777 1.2929411764705878 2.85563025210084
1 2.1248739495798317 2.603529411764706 1.9736134453781518 2.6959663865546215 1.9231932773109248 2.7379831932773104 1.86436974789916 2.847226890756302 1.839159663865546 2.9648739495798315 2.0072268907563022 3.0489075630252103 2.1584873949579833 3.158151260504202 2.2761344537815127 3.2842016806722687 2.3769747899159666 3.385042016806723 2.5366386554621854 3.561512605042017 2.5702521008403356 3.6287394957983192 2.687899159663865 3.6287394957983192 2.738319327731092 3.5699159663865543 2.8307563025210083 3.3010084033613443 2.8979831932773106 3.074117647058823 2.956806722689075 2.931260504201681 2.855966386554621 2.872436974789915 2.7131092436974793 2.8136134453781505 2.511428571428571 2.7884033613445376 2.3601680672268914 2.7631932773109247 2.2341176470588233 2.679159663865546
1 3.1248739495798317 2.9396638655462186 3.318151260504202 2.9480672268907564 3.3937815126050417 2.9732773109243693 3.494621848739496 3.074117647058823 3.5702521008403356 3.20016806722689 3.6542857142857144 3.3010084033613443 3.7551260504201682 3.3934453781512603 3.771932773109244 3.477478991596638 3.7551260504201682 3.6287394957983192 3.7299159663865544 3.7211764705882353 3.6794957983193273 3.8136134453781505 3.6290756302521006 3.880840336134454 3.5534453781512605 3.922857142857142 3.334957983193277 3.830420168067227 3.2005042016806726 3.78 3.082857142857143 3.7884033613445376 2.9736134453781515 3.822016806722689 2.8727731092436977 3.78 2.839159663865546 3.679159663865546 2.956806722689075 3.3178151260504207 3.0576470588235294 3.1161344537815125
1 3.5702521008403356 2.9900840336134458 3.7215126050420166 2.9732773109243693 3.8559663865546225 2.9816806722689067 4.099663865546218 2.998487394957983 4.217310924369748 3.023697478991596 4.20890756302521 3.183361344537815 4.183697478991596 3.3682352941176465 4.175294117647058 3.5194957983193276 4.150084033613446 3.653949579831933 4.074453781512605 3.746386554621848 3.9063865546218484 3.7379831932773104 3.813949579831933 3.7127731092436975 3.8223529411764705 3.578319327731092 3.8223529411764705 3.385042016806723 3.7551260504201682 3.258991596638655 3.6374789915966392 3.158151260504202 3.587058823529412 3.0909243697478983
1 2.5534453781512605 3.7379831932773104 2.763529411764706 3.704369747899159 2.813949579831933 3.8052100840336127 2.86436974789916 3.931260504201681 2.9063865546218484 4.0825210084033605 2.956806722689075 4.216974789915967 3.0072268907563022 4.343025210084034 3.0492436974789916 4.460672268907563 3.0072268907563022 4.544705882352941 2.9063865546218484 4.595126050420168 2.7873949579831936 4.61 2.511428571428571 4.595126050420168 2.343361344537815 4.595126050420168 2.259327731092437 4.578319327731092 2.1752941176470584 4.519495798319327 2.0660504201680667 4.376638655462185 1.9820168067226893 4.309411764705882 1.7719327731092438 4.267394957983194 1.6626890756302521 4.250588235294117 1.6626890756302521 4.065714285714286 1.7047058823529415 3.9396638655462186 1.8223529411764707 3.9648739495798315 1.914789915966387 4.099327731092437 2.0072268907563022 4.20016806722689 2.0996638655462188 4.250588235294117 2.2089075630252104 4.250588235294117 2.318151260504202 4.12453781512605 2.3937815126050417 3.9648739495798315 2.486218487394958 3.880840336134454
1 2.9820168067226893 3.922857142857142 3.1752941176470584 3.906050420168067 3.318151260504202 3.9396638655462186 3.469411764705883 3.998487394957983 3.5030252100840333 4.1581512605042015 3.4778151260504204 4.31781512605042 3.4778151260504204 4.485882352941177 3.5030252100840333 4.561512605042017 3.2509243697479 4.578319327731092 3.1248739495798317 4.595126050420168 3.141680672268908 4.477478991596638 3.082857142857143 4.343025210084034 2.9988235294117644 4.132941176470588 2.9820168067226893 4.023697478991596
1 3.7551260504201682 3.906050420168067 3.86436974789916 3.830420168067227 3.956806722689075 3.847226890756302 4.066050420168067 3.931260504201681 4.124873949579832 4.132941176470588 4.2425210084033615 4.2337815126050415 4.192100840336135 4.385042016806723 4.057647058823529 4.527899159663865 3.8811764705882354 4.595126050420168 3.662689075630252 4.586722689075629 3.5786554621848747 4.511092436974789 3.5786554621848747 4.31781512605042 3.6038655462184876 4.0825210084033605 3.687899159663866 3.998487394957983
1 5.7467226890756296 2.85563025210084 5.889579831932775 2.679159663865546 6.040840336134454 2.553109243697479 6.158487394957984 2.4522689075630253 6.267731092436975 2.4438655462184875 6.561848739495799 2.477478991596638 6.771932773109245 2.4606722689075626 6.956806722689075 2.553109243697479 7.015630252100841 2.679159663865546 6.990420168067228 2.9144537815126044 7.024033613445379 3.1413445378151255 7.040840336134454 3.385042016806723 7.040840336134454 3.6119327731092437 6.998823529411766 3.754789915966386 6.847563025210084 3.830420168067227 6.679495798319328 3.847226890756302 6.410588235294117 3.7379831932773104 6.234117647058825 3.7127731092436975 6.007226890756304 3.6875630252100837 5.813949579831933 3.662352941176471 5.7467226890756296 3.58672268907563 5.763529411764705 3.5194957983193276 5.872773109243696 3.3934453781512603 5.956806722689075 3.2169747899159664 5.923193277310925 3.0405042016806725 5.872773109243696 2.9816806722689067 5.763529411764705 2.9396638655462186
1 4.301344537815127 3.082521008403361 4.545042016806723 2.9816806722689067 4.780336134453782 2.8976470588235292 4.931596638655463 2.880840336134454 5.074453781512606 3.006890756302521 5.158487394957984 3.1161344537815125 5.234117647058825 3.3010084033613443 5.2845378151260505 3.4606722689075626 5.418991596638655 3.578319327731092 5.654285714285713 3.6119327731092437 5.671092436974791 3.7631932773109247 5.645882352941175 3.9648739495798315 5.393781512605042 4.20016806722689 5.2845378151260505 4.284201680672269 5.099663865546218 4.309411764705882 4.897983193277311 4.284201680672269 4.645882352941177 4.275798319327731 4.418991596638656 4.275798319327731 4.301344537815127 4.216974789915967 4.250924369747899 4.0405042016806725 4.217310924369748 3.906050420168067 4.267731092436975 3.729579831932773 4.318151260504202 3.5699159663865543 4.318151260504202 3.3766386554621852 4.318151260504202 3.2169747899159664
1 5.805546218487396 3.8640336134453777 5.8979831932773115 3.7884033613445376 6.007226890756304 3.78 6.1248739495798326 3.7968067226890754 6.292941176470588 3.822016806722689 6.393781512605042 3.830420168067227 6.494621848739496 3.85563025210084 6.570252100840337 3.906050420168067 6.671092436974791 3.9732773109243693 6.696302521008404 4.12453781512605 6.637478991596638 4.267394957983194 6.645882352941175 4.368235294117646 6.578655462184875 4.460672268907563 6.343361344537816 4.427058823529412 6.158487394957984 4.376638655462185 5.956806722689075 4.301008403361344 5.813949579831933 4.20016806722689 5.763529411764705 4.107731092436975 5.763529411764705 4.006890756302521
1 4.166890756302521 4.569915966386555 4.292941176470588 4.401848739495798 4.410588235294118 4.343025210084034 4.654285714285715 4.359831932773108 4.881176470588235 4.385042016806723 5.074453781512606 4.39344537815126 5.124873949579832 4.4690756302521 5.192100840336135 4.544705882352941 5.024033613445379 4.586722689075629 4.729915966386554 4.603529411764706 4.686778711484594 4.61 4.351764705882353 4.61 4.250924369747899 4.61
1 5.225714285714287 4.385042016806723 5.469411764705883 4.267394957983194 5.570252100840337 4.20016806722689 5.687899159663866 4.183361344537815 5.797142857142858 4.267394957983194 5.872773109243696 4.343025210084034 6.024033613445379 4.418655462184874 6.150084033613446 4.494285714285715 6.511428571428571 4.553109243697479 6.503025210084034 4.595126050420168 6.032436974789916 4.595126050420168 5.729915966386554 4.586722689075629 5.528235294117646 4.586722689075629 5.376974789915966 4.561512605042017 5.276134453781513 4.527899159663865
1 6.830756302521008 3.9816806722689067 6.906386554621849 3.8976470588235292 7.015630252100841 3.85563025210084 7.049243697478992 3.9144537815126044 7.05 3.9242857142857135 7.032436974789916 4.385042016806723 7.049243697478992 4.494285714285715 7.040840336134454 4.569915966386555 6.8979831932773115 4.595126050420168 6.7047058823529415 4.603529411764706 6.654285714285716 4.603529411764706 6.679495798319328 4.43546218487395 6.7467226890756296 4.267394957983194 6.771932773109245 4.132941176470588 6.797142857142858 4.065714285714286
