1 0.01 0.01 0.01 0.01 0.01 0.01 0.01 0.01 0.01 0.01 0.01 0.01 0.01 0.01 0.01 0.01 0.01 0.01 0.01 0.01 0.01 0.01
1 0.01 0.01 0.01 0.01 0.01 0.15697478991596625 0.01 0.3670588235294116 0.01 0.5183193277310923 0.01 0.619159663865546 0.01 0.5855462184873949 0.01 0.1905882352941174 0.01 0.15647058823529647
1 0.01 2.0057142857142862 0.01 2.0645378151260507 0.01 2.417478991596639 0.01 2.610756302521009 0.01 2.8964705882352946 0.01 3.148571428571429 0.01 3.3670588235294123 0.01 3.417478991596639 0.01 3.459495798319328 0.01 3.509915966386555 0.01 3.148571428571429 0.01 2.787226890756303 0.01 2.509915966386555 0.01 2.299831932773109
1 0.01 0.01 0.01 0.01 0.01 0.01 0.01 0.01 0.01 0.01 0.01 0.01 0.01 0.01 0.01 0.01 0.01 0.01 0.01 0.01 0.01 0.01 0.01 0.01
1 0.01 0.01 0.01 0.01 0.01 0.01 0.01 0.19899159663865532 0.01 0.3754621848739495 0.01 0.661176470588235 0.01 0.8208403361344537 0.01 0.8964705882352939 0.01 0.8964705882352939 0.01 0.8292436974789914 0.01 0.6023529411764704 0.01 0.2157983193277309 0.01 0.01 0.01 0.01 0.01 0.01
1 0.01 0.09815126050420148 0.01 0.23260504201680646 0.01 0.3838655462184872 0.01 0.5435294117647058 0.01 0.7368067226890755 0.01 1.0057142857142856 0.01 0.946890756302521 0.01 0.8880672268907562 0.01 0.7452100840336132 0.01 0.5351260504201679 0.01 0.35025210084033603
1 0.01 0.6275630252100839 0.01 0.8964705882352939 0.01 1.0225210084033611 0.01 1.0225210084033611 0.01 0.98890756302521 0.01 0.8544537815126049 0.01 0.9636974789915965 0.01 1.0645378151260503 0.01 1.1317647058823528 0.01 1.2410084033613444 0.01 1.5855462184873954 0.01 1.8628571428571434 0.01 2.0729411764705885 0.01 2.299831932773109 0.01 2.560336134453782 0.01 2.6947899159663873 0.01 2.3418487394957985 0.01 2.098151260504202 0.01 1.9721008403361344 0.01 1.8544537815126052 0.01 1.770420168067227 0.01 1.7031932773109246 0.01 1.447758346581876 0.01 1.0225210084033611 0.01 0.8628571428571428 0.01 0.72
1 0.01 2.081344537815126 0.01 2.098151260504202 0.01 2.1401680672268912 0.01 2.2494117647058824 0.01 2.45109243697479 0.01 2.652773109243698 0.01 2.8712605042016808 0.01 3.098151260504202 0.01 3.291428571428572 0.01 3.5687394957983196 0.01 3.8712605042016808 0.01 3.9889075630252107 0.01 3.9973109243697484 0.01 3.9889075630252107 0.01 3.9468907563025213 0.01 3.7200000000000006 0.01 3.45109243697479 0.01 3.0393277310924374 0.01 2.7452100840336136 0.01 2.45109243697479 0.01 2.299831932773109
1 0.01 0.01 0.01 0.01 0.01 0.01 0.01 0.01 0.01 0.01 0.01 0.01 0.01 0.01 0.01 0.01 0.01 0.01 0.01 0.14016806722689068 0.01 0.04773109243697462 0.01 0.01 0.01 0.01 0.01 0.01 0.01 0.01 0.01 0.01
1 0.01 0.01 0.01 0.01 0.01 0.01 0.01 0.01 0.01 0.01 0.01 0.03092436974789905 0.01 0.15697478991596625 0.01 0.35865546218487393 0.01 0.4426890756302521 0.01 0.4931092436974788 0.04621848739495817 0.48470588235294115 0.35714285714285665 0.45109243697478973 0.6932773109243692 0.43428571428571416 1.0798319327731087 0.39226890756302507 1.4075630252100837 0.24941176470588233 1.600840336134454 0.056134453781512404 1.978991596638656 0.01 2.004201680672269 0.01 1.8361344537815125 0.01 1.6932773109243693 0.01 1.5756302521008398 0.01 1.4579831932773106 0.01 1.0966386554621852 0.01 0.7352941176470585 0.01 0.37394957983193305 0.01 0.01 0.01 0.01 0.01
1 1.7268907563025209 0.01 1.7941176470588232 0.01 1.8697478991596643 0.01 2.0126050420168067 0.01 2.1050420168067228 0.01 2.222689075630252 0.01 2.256302521008404 0.01 2.626050420168067 0.01 2.84453781512605 0.01 3.079831932773109 0.01 3.306722689075631 0.01 3.2899159663865545 0.01 3.256302521008404 0.01 2.9621848739495795 0.01 2.5588235294117645 0.01 2.1638655462184873 0.01 1.9873949579831935 0.01 1.84453781512605 0.01
1 0.01 0.6023529411764704 0.01 0.6527731092436975 0.01 0.6527731092436975 0.37394957983193305 0.6443697478991595 0.6596638655462186 0.6443697478991595 0.9957983193277312 0.619159663865546 1.4075630252100837 0.4678991596638653 1.6344537815126046 0.2242016806722688 1.878151260504202 0.11495798319327719 2.0126050420168067 0.08974789915966369 2.1386554621848735 0.2746218487394955 2.1302521008403357 0.400672268907563 1.9621848739495795 0.6107563025210083 1.6932773109243693 0.9216806722689074 1.5 1.0981512605042016 1.2731092436974791 1.3250420168067225 1.1806722689075628 1.400672268907563 0.9453781512605042 1.4258823529411766 0.600840336134454 1.3250420168067225 0.10504201680672282 1.1989915966386553 0.01 1.1065546218487397 0.01 0.98890756302521 0.01 0.8376470588235293 0.01 0.7115966386554621
1 2.2815126050420167 0.15697478991596625 2.6176470588235294 0.14016806722689068 2.8697478991596643 0.09815126050420148 3.147058823529412 0.01 3.2394957983193273 0.15697478991596625 3.180672268907563 0.30823529411764694 3.004201680672269 0.5687394957983193 2.819327731092437 0.6947899159663865 2.626050420168067 0.8208403361344537 2.4411764705882355 0.7620168067226891 2.3571428571428568 0.6107563025210083 2.340336134453781 0.43428571428571416 2.3151260504201683 0.25781512605041995
1 3.373949579831933 0.01 3.4159663865546226 0.01 3.42436974789916 0.01 3.4075630252100835 0.01 3.306722689075631 0.01 3.256302521008404 0.01 3.4075630252100835 0.056134453781512404 3.5588235294117645 0.2157983193277309 3.7689075630252105 0.11495798319327719 3.9873949579831933 0.01 4.105042016806723 0.01 4.205882352941177 0.01 4.1890756302521 0.01 4.029411764705883 0.01 3.9627226890756297 0.01 3.6344537815126046 0.01
1 4.15546218487395 0.01 4.2899159663865545 0.01 4.348739495798319 0.01 4.357142857142858 0.01 4.298319327731092 0.01 4.138655462184874 0.01 4.012605042016807 0.014117647058823337 3.7857142857142856 0.24941176470588233 3.6848739495798317 0.39226890756302507 3.752100840336135 0.5183193277310923 3.8949579831932772 0.8292436974789914 3.995798319327731 1.072941176470588 4.063025210084033 1.1317647058823528 4.222689075630252 1.173781512605042 4.508403361344538 1.1401680672268908 4.668067226890757 1.0897478991596636 4.861344537815126 0.9552941176470588 5.113445378151262 0.8292436974789914 5.247899159663866 0.7284033613445376 5.205882352941176 0.4931092436974788 5.15546218487395 0.19899159663865532 5.205882352941176 0.01 5.424369747899159 0.01 5.684873949579833 0.01 5.8109243697479 0.01 5.8277310924369745 0.01 5.794117647058824 0.01 5.760504201680671 0.01 5.525210084033613 0.01 5.2142857142857135 0.01 4.659663865546219 0.01 4.348739495798319 0.01
1 5.869747899159663 0.01 5.936974789915967 0.01 5.936974789915967 0.01 5.953781512605042 0.01 5.962184873949579 0.01 6.105042016806724 0.01 6.340336134453782 0.01 6.5504201680672285 0.01 6.61 0.01 6.575630252100841 0.01 6.575630252100841 0.01 6.575630252100841 0.01 6.1890756302521 0.01
1 5.30672268907563 0.08974789915966369 5.584033613445379 0.01 5.794117647058824 0.01 5.911764705882353 0.01 6.138655462184874 0.014117647058823337 6.474789915966387 0.014117647058823337 6.600840336134454 0.014117647058823337 6.61 0.06449579831932738 6.61 0.45109243697478973 6.61 0.6443697478991595 6.567226890756303 0.7368067226890755 6.340336134453782 0.8628571428571428 6.088235294117647 0.9805042016806721 5.928571428571429 1.039327731092437 5.701680672268908 0.9721008403361344 5.525210084033613 0.8376470588235293 5.365546218487395 0.7452100840336132 5.340336134453782 0.5603361344537814 5.273109243697479 0.3418487394957981 5.247899159663866 0.24100840336134438
1 2.651260504201681 1.0225210084033611 2.9369747899159666 0.7115966386554621 3.0546218487394956 0.619159663865546 3.2899159663865545 0.5183193277310923 3.474789915966387 0.4258823529411762 3.516806722689075 0.5519327731092435 3.550420168067227 0.7115966386554621 3.600840336134454 0.8796638655462183 3.6932773109243704 1.0645378151260503 3.9873949579831933 1.2746218487394958 4.15546218487395 1.341848739495798 4.432773109243698 1.3250420168067225 4.668067226890757 1.2242016806722689 4.8277310924369745 1.1149579831932772 5.163865546218488 0.946890756302521 5.281512605042017 0.8628571428571428 5.382352941176471 0.9300840336134454 5.567226890756303 1.039327731092437 5.7100840336134455 1.1905882352941177 5.743697478991596 1.350252100840336 5.777310924369749 1.4847058823529415 5.84453781512605 1.7284033613445382 5.836134453781512 1.871260504201681 5.735294117647059 1.9468907563025215 5.323529411764705 1.9636974789915969 4.701680672268908 2.0645378151260507 4.340336134453781 2.114957983193278 3.9621848739495795 2.148571428571429 3.726890756302521 2.1905882352941175 3.4327731092436977 2.266218487394958 3.180672268907563 2.3418487394957985 2.9621848739495795 2.3838655462184875 2.8361344537815127 2.358655462184874 2.8361344537815127 2.1737815126050424 2.8949579831932772 1.9805042016806726 2.8613445378151265 1.7031932773109246 2.777310924369748 1.5015126050420173 2.701680672268908 1.299831932773109 2.676470588235294 1.1233613445378152
1 1.2731092436974791 1.4510924369747904 1.6428571428571432 1.1401680672268908 1.9201680672268913 1.0225210084033611 2.2310924369747895 0.8880672268907562 2.4075630252100835 0.938487394957983 2.525210084033613 1.1485714285714286 2.5588235294117645 1.400672268907563 2.6176470588235294 1.6947899159663864 2.701680672268908 2.0141176470588236 2.7100840336134455 2.2157983193277313 2.6176470588235294 2.3670588235294123 2.4159663865546213 2.493109243697479 2.2310924369747895 2.6023529411764708 2.0126050420168067 2.6947899159663873 1.8109243697478996 2.7115966386554624 1.6428571428571432 2.6779831932773113 1.5420168067226894 2.6023529411764708 1.4411764705882353 2.4847058823529413 1.3571428571428568 2.2410084033613447 1.4243697478991602 2.0729411764705885 1.4327731092436977 1.820840336134454 1.3151260504201685 1.6611764705882353
1 0.01 0.7368067226890755 0.01 0.9552941176470588 0.01 1.0477310924369747 0.01 1.1569747899159664 0.01 1.1905882352941177 0.01 1.2157983193277309 0.13865546218487337 1.2830252100840334 0.39075630252100835 1.350252100840336 0.7100840336134456 1.4426890756302522 0.9285714285714289 1.4678991596638655 1.1050420168067228 1.543529411764706 1.2142857142857144 1.7031932773109246 1.323529411764706 1.8628571428571434 1.3067226890756296 2.0477310924369747 1.298319327731092 2.131764705882353 1.121848739495798 2.266218487394958 0.9537815126050418 2.2578151260504207 0.8697478991596642 2.1569747899159664 0.8529411764705879 1.9721008403361344 0.7689075630252102 1.7788235294117651 0.6680672268907563 1.635966386554622 0.5252100840336129 1.5519327731092438 0.34033613445378136 1.5519327731092438 0.14705882352941216 1.6191596638655466 0.012605042016806465 1.787226890756303 0.01 2.114957983193278 0.01 2.291428571428572 0.01 2.409075630252101 0.01 2.459495798319328 0.01 2.5519327731092436 0.01 2.5435294117647063 0.01 2.3754621848739497 0.01 2.123361344537815 0.01 1.8880672268907563 0.01 1.543529411764706 0.01 1.2073949579831933 0.01 1.0645378151260503 0.01 0.9216806722689074
1 0.01 2.0645378151260507 0.01 2.2410084033613447 0.01 2.3670588235294123 0.01 2.5183193277310925 0.01 2.7956302521008407 0.01 3.0057142857142862 0.01 3.249411764705883 0.01 3.325042016806723 0.01 3.425882352941177 0.01 3.3754621848739497 0.01 3.299831932773109 0.01 3.0729411764705885 0.01 2.7452100840336136 0.01 2.635966386554622 0.01 2.686386554621849 0.01 2.6023529411764708 0.01 2.610756302521009 0.01 2.4678991596638657 0.01 2.333445378151261 0.01 2.1737815126050424
1 0.1890756302521004 1.7368067226890758 0.4159663865546213 1.6443697478991601 0.5252100840336129 1.6527731092436977 0.6932773109243692 1.8544537815126052 0.7605042016806727 2.0393277310924374 0.8697478991596642 2.3082352941176474 0.9285714285714289 2.358655462184874 1.1050420168067228 2.358655462184874 1.247899159663865 2.333445378151261 1.3571428571428568 2.509915966386555 1.4243697478991602 2.64436974789916 1.550420168067227 2.7620168067226896 1.6344537815126046 2.854453781512605 1.5084033613445376 3.0645378151260507 1.2563025210084038 3.274621848739496 1.0798319327731087 3.409075630252101 0.8529411764705879 3.5687394957983196 0.8025210084033608 3.6779831932773113 0.6344537815126046 3.7452100840336136 0.39075630252100835 3.6779831932773113 0.16386554621848745 3.6023529411764708 0.01 3.409075630252101 0.01 3.2578151260504207 0.01 2.8712605042016808 0.01 2.627563025210084 0.01 2.409075630252101 0.01 2.1905882352941175 0.04621848739495817 1.9889075630252102 0.09663865546218517 1.8628571428571434 0.13025210084033575 1.804033613445378
1 1.8361344537815125 2.9132773109243697 2.2142857142857144 2.787226890756303 2.373949579831933 2.7284033613445384 2.626050420168067 2.5519327731092436 2.777310924369748 2.45109243697479 2.9117647058823524 2.4678991596638657 2.8949579831932772 2.6191596638655468 2.8613445378151265 2.8796638655462186 3.0882352941176476 3.2157983193277313 3.247899159663866 3.4006722689075635 3.273109243697479 3.6779831932773113 3.004201680672269 3.980504201680672 2.6176470588235294 4.2662184873949585 2.4159663865546213 4.37546218487395 2.004201680672269 4.635966386554621 1.752100840336135 4.753613445378151 1.6428571428571432 4.79563025210084 1.449579831932773 4.862857142857142 1.3655462184873954 4.79563025210084 1.1134453781512605 4.585546218487394 0.827731092436975 4.022521008403361 0.8613445378151254 3.7620168067226896 0.9621848739495795 3.5771428571428574 1.298319327731092 3.3670588235294123 1.651260504201681 3.114957983193278 1.8109243697478996 2.997310924369748
1 3.0462184873949583 2.4847058823529413 3.2815126050420167 2.425882352941177 3.651260504201681 2.316638655462185 3.9369747899159666 2.2578151260504207 4.609243697478991 2.1989915966386557 4.802521008403362 2.148571428571429 5.130252100840337 2.148571428571429 5.474789915966387 2.114957983193278 5.8109243697479 2.089747899159664 5.911764705882353 2.1401680672268912 5.869747899159663 2.316638655462185 5.8109243697479 2.593949579831933 5.743697478991596 2.8460504201680674 5.634453781512605 3.2073949579831935 5.609243697478991 3.610756302521009 5.69327731092437 4.014117647058823 5.768907563025209 4.148571428571429 5.676470588235295 4.283025210084033 5.415966386554621 4.316638655462185 5.071428571428571 4.283025210084033 4.684873949579831 4.198991596638654 4.466386554621848 4.123361344537815 4.105042016806723 3.9468907563025213 3.8613445378151265 3.829243697478992 3.516806722689075 3.5015126050420173 3.3151260504201683 3.2410084033613447 3.1050420168067228 2.9300840336134457 3.0294117647058827 2.787226890756303
1 0.01 3.459495798319328 0.01 3.5015126050420173 0.01 3.509915966386555 0.01 3.5183193277310925 0.01 3.476302521008404 0.01 3.442689075630253 0.01 3.560336134453782 0.01 3.7200000000000006 0.01 3.91327731092437 0.01 4.089747899159663 0.01 4.215798319327731 0.01 4.299831932773109 0.01 4.358655462184873 0.01 4.3418487394957985 0.01 4.215798319327731 0.01 4.148571428571429 0.01 3.955294117647059 0.01 3.7368067226890758 0.01 3.593949579831933
1 0.01 3.610756302521009 0.01 3.5351260504201685 0.01 3.5435294117647063 0.01 3.770420168067227 0.01 3.904873949579832 0.01 4.173781512605042 0.01 4.5771428571428565 0.01 5.131764705882352 0.01 5.350252100840335 0.01 5.619159663865546 0.01 5.787226890756302 0.01 5.921680672268907 0.01 5.921680672268907 0.01 5.913277310924369 0.01 5.325042016806723 0.01 4.862857142857142 0.01 4.52672268907563 0.01 4.18218487394958 0.01 3.980504201680672 0.01 3.854453781512605
1 0.01 4.1905882352941175 0.01 4.165378151260504 0.01 4.148571428571429 0.01 4.207394957983194 0.01 4.325042016806723 0.01 4.45109243697479 0.01 5.241008403361344 0.01 5.291428571428571 0.01 5.350252100840335 0.01 5.5351260504201685 0.01 5.467899159663865 0.01 5.148571428571429 0.01 4.770420168067227 0.01 4.535126050420168
1 0.01 6.056134453781513 0.01 6.022521008403361 0.01 6.039327731092437 0.01 6.3838655462184875 0.01 6.5351260504201685 0.01 6.55 0.01 6.543529411764706 0.01 6.470588235294124 0.01 6.123361344537815
1 0.01 5.921680672268907 0.01 5.644369747899159 0.01 5.5015126050420164 0.01 5.409075630252101 0.01 5.425882352941176 0.01 5.644369747899159 0.01 5.879663865546219 0.01 6.3082352941176465 0.01 6.5015126050420164 0.01 6.543529411764706 0.01 6.518319327731092 0.01 6.518319327731092 0.01 6.274621848739496
1 0.01 4.52672268907563 0.01 4.400672268907563 0.01 4.3082352941176465 0.01 4.14016806722689 0.06302521008403346 3.938487394957983 0.18067226890756274 3.778823529411765 0.5672268907563023 3.8628571428571434 0.6848739495798316 3.8964705882352946 0.7941176470588232 4.232605042016806 0.9285714285714289 4.535126050420168 1.121848739495798 4.862857142857142 1.3067226890756296 4.988907563025211 1.4243697478991602 5.568739495798319 1.5168067226890753 6.10655462184874 1.5756302521008398 6.417478991596638 1.550420168067227 6.5351260504201685 1.1302521008403357 6.5015126050420164 0.827731092436975 6.4594957983193275 0.550420168067227 6.367058823529412 0.23949579831932738 6.316638655462185 0.01 6.2662184873949585 0.01 6.215798319327731 0.01 6.039327731092437 0.01 5.79563025210084 0.01 5.52672268907563 0.01 5.232605042016806 0.01 4.787226890756302
1 1.5588235294117647 4.963697478991596 2.1302521008403357 4.787226890756302 2.659663865546219 4.535126050420168 2.9117647058823524 4.283025210084033 3.2394957983193273 3.955294117647059 3.273109243697479 4.072941176470588 3.222689075630252 4.350252100840335 3.2815126050420167 4.635966386554621 3.449579831932773 4.812436974789915 3.6428571428571432 5.022521008403361 3.970588235294118 5.37546218487395 4.273109243697479 5.829243697478992 4.449579831932773 6.072941176470588 4.373949579831933 6.274621848739496 3.978991596638656 6.400672268907563 3.668067226890756 6.484705882352942 3.3571428571428568 6.484705882352942 2.9369747899159666 6.4594957983193275 2.15546218487395 6.4594957983193275 1.9873949579831935 6.4594957983193275 1.7689075630252102 6.37546218487395 1.7352941176470587 6.1905882352941175 1.7773109243697478 5.9973109243697476 1.5924369747899163 5.753613445378151 1.5336134453781518 5.52672268907563 1.4831932773109247 5.232605042016806 1.5168067226890753 5.047731092436975
1 3.516806722689075 3.888067226890757 3.7100840336134455 3.8628571428571434 3.920168067226891 4.014117647058823 4.197478991596639 4.14016806722689 4.474789915966387 4.215798319327731 4.869747899159663 4.350252100840335 5.088235294117647 4.400672268907563 5.323529411764705 4.434285714285714 5.491596638655462 4.442689075630252 5.726890756302521 4.3838655462184875 5.894957983193279 4.3082352941176465 6.046218487394958 4.367058823529411 6.088235294117647 4.417478991596638 6.088235294117647 4.6947899159663855 6.054621848739496 4.879663865546219 6.012605042016808 5.022521008403361 5.743697478991596 5.3418487394957985 5.399159663865546 5.703193277310925 5.264705882352941 5.930084033613445 5.15546218487395 6.156974789915966 5.054621848739496 6.2662184873949585 4.953781512605042 6.3082352941176465 4.7857142857142865 6.283025210084033 4.626050420168067 6.10655462184874 4.525210084033614 5.871260504201681 4.247899159663866 5.602352941176471 3.9117647058823524 5.081344537815125 3.6848739495798317 4.862857142857142 3.373949579831933 4.551932773109244 3.331932773109244 4.400672268907563 3.340336134453781 4.14016806722689 3.4663865546218484 3.972100840336135
1 6.373949579831933 4.291428571428571 6.567226890756303 4.400672268907563 6.61 4.486218487394957 6.5924369747899165 4.988907563025211 6.584033613445379 5.568739495798319 6.584033613445379 5.879663865546219 6.558823529411765 6.056134453781513 6.449579831932774 6.14016806722689 6.1722689075630255 6.215798319327731 5.995798319327732 6.400672268907563 5.8781512605042 6.484705882352942 5.760504201680671 6.5351260504201685 5.373949579831933 6.467899159663865 5.2142857142857135 6.409075630252101 5.34873949579832 6.165378151260504 5.516806722689076 5.946890756302521 5.542016806722688 5.770420168067227 5.676470588235295 5.6947899159663855 5.852941176470588 5.358655462184873 5.962184873949579 5.241008403361344 6.163865546218488 4.963697478991596 6.214285714285715 4.677983193277311 6.214285714285715 4.467899159663865
1 6.029411764705883 1.1821848739495797 6.483193277310924 0.9048739495798318 6.609243697478991 0.8796638655462183 6.61 0.8897983193277307 6.61 1.9805042016806726 6.4075630252100835 2.0225210084033614 6.113445378151262 2.0477310924369747 5.970588235294117 1.6527731092436977 6.021008403361345 1.299831932773109
1 6.071428571428571 2.1905882352941175 6.567226890756303 2.1401680672268912 6.600840336134454 2.9300840336134457 6.61 3.327002801120447 6.61 4.2662184873949585 6.2899159663865545 4.198991596638654 5.920168067226891 4.156974789915966 5.760504201680671 3.9300840336134457 5.726890756302521 3.560336134453782 5.8277310924369745 3.123361344537815 5.8781512605042 2.7368067226890758 5.945378151260504 2.459495798319328 5.995798319327732 2.3502521008403363
