1 0.01 0.01 0.01 0.01 0.01 0.01 0.01 0.01 0.01 0.01 0.01 0.01 0.01 0.01 0.01 0.01 0.01 0.01 0.01 0.01 0.01 0.01 0.01 0.01 0.01 0.01 0.01 0.01
1 0.01 0.01 0.01 0.01 0.01 0.01 0.01 0.12493975903614483 0.01 0.6972289156626508 0.01 0.8357831325301208 0.01 0.8719277108433738 0.01 0.8357831325301208 0.01 0.8237349397590364 0.01 0.7153012048192773 0.01 0.6068674698795183 0.01 0.5044578313253015 0.01 0.37795180722891586 0.01 0.27554216867469905 0.01 0.12493975903614483
1 0.01 0.01 0.01 0.01 0.01 0.01 0.17542168674698785 0.01 0.26578313253012054 0.01 0.10313253012048193 0.01 0.109156626506024 0.01 0.1392771084337349 0.01 0.054939759036144835 0.01 0.01 0.01 0.01 0.01 0.01 0.01 0.01 0.01 0.01 0.01 0.01 0.01 0.01 0.01 0.01 0.01
1 0.1934939759036146 0.01 0.4404819277108433 0.01 0.579036144578314 0.01 0.7537349397590367 0.01 0.8742168674698791 0.01 0.9525301204819278 0.01 1.018795180722892 0.01 1.0790361445783128 0.010481927710843735 1.0428915662650604 0.16108433734939795 1.193493975903615 0.28156626506024124 1.193493975903615 0.347831325301205 1.006746987951807 0.37795180722891586 0.8983132530120486 0.3839759036144582 0.6332530120481931 0.2875903614457835 0.3621686746987953 0.2153012048192774 0.20554216867469877 0.04060240963855449
1 1.15132530120482 0.034578313253012284 1.3019277108433744 0.02253012048192801 1.434457831325302 0.01 1.5308433734939764 0.01 1.663373493975904 0.01 1.621204819277109 0.01 1.4946987951807227 0.0466265060240967 1.4826506024096386 0.13096385542168704 1.4043373493975913 0.20325301204819313 1.277831325301205 0.23337349397590387 1.1392771084337345 0.17915662650602443 1.1091566265060238 0.10084337349397615
1 0.8320481927710841 0.01 1.0308433734939764 0.01 1.2175903614457833 0.01 1.434457831325302 0.01 1.5428915662650604 0.01 1.434457831325302 0.01 1.2597590361445783 0.01 1.0127710843373494 0.01
1 0.6693975903614455 0.01 0.8079518072289159 0.01 0.9344578313253009 0.01 0.9404819277108436 0.01 0.850120481927711 0.01 0.6995180722891564 0.01
1 1.2296385542168673 0.01 1.5308433734939764 0.01 1.6272289156626505 0.01 1.621204819277109 0.01 1.4163855421686753 0.01 1.3139759036144585 0.01 1.277831325301205 0.01
1 1.8862650602409645 0.01 2.1874698795180723 0.01 2.5007228915662654 0.01 2.536867469879518 0.01 2.536867469879518 0.01 2.5127710843373494 0.01 2.464578313253012 0.01 2.3440963855421693 0.01 2.1874698795180723 0.01 2.0549397590361447 0.01 1.964578313253012 0.01 1.9404819277108436 0.01 1.9585542168674703 0.01 1.934457831325301 0.01 1.8802409638554218 0.01 1.8862650602409645 0.01
1 2.2838554216867477 0.01 2.506746987951808 0.01 2.6693975903614455 0.01 2.7959036144578318 0.01 2.7537349397590365 0.01 2.675421686746988 0.01 2.6874698795180723 0.12493975903614483 2.7115662650602417 0.2393975903614461 2.6693975903614455 0.39602409638554237 2.5669879518072287 0.5827710843373495 2.4946987951807227 0.5526506024096389 2.452530120481928 0.4442168674698797 2.307951807228916 0.4140963855421688 2.2416867469879524 0.3659036144578314 2.2296385542168675 0.18518072289156648 2.205542168674699 0.034578313253012284 2.2296385542168675 0.01
1 2.850120481927711 0.01 2.765783132530121 0.01 2.7416867469879524 0.09481927710843407 2.7718072289156623 0.20325301204819313 2.9585542168674706 0.10084337349397615 3.0850602409638554 0.052650602409638904 3.0127710843373494 0.01 2.9163855421686753 0.01
1 0.01 0.7333734939759037 0.01 0.739397590361446 0.01 0.8357831325301208 0.01 0.9562650602409641 0.01 1.0707228915662654 0.01 1.311686746987952 0.01 1.3839759036144579 0.01 1.3779518072289159 0.01 1.3237349397590363 0.01 1.2092771084337353 0.01 1.0466265060240965 0.01 0.9562650602409641 0.01 0.8357831325301208
1 0.01 1.1731325301204822 0.01 1.0406024096385544 0.01 0.8900000000000002 0.06698795180722897 0.8779518072289159 0.15734939759036165 0.9622891566265062 0.2597590361445785 0.9562650602409641 0.35012048192771117 0.8900000000000002 0.42843373493975917 1.022530120481928 0.4706024096385542 1.130963855421687 0.5308433734939763 1.2514457831325303 0.6091566265060238 1.3357831325301206 0.621204819277109 1.4261445783132531 0.621204819277109 1.5887951807228915 0.5971084337349396 1.7273493975903613 0.5971084337349396 1.8418072289156628 0.5248192771084337 1.8719277108433738 0.2898795180722894 1.920120481927711 0.16337349397590373 1.9020481927710846 0.01 1.769518072289157 0.01 1.7213253012048193 0.01 1.6731325301204822 0.01 1.6249397590361445 0.01 1.5948192771084337 0.01 1.5165060240963857 0.01 1.4321686746987954 0.01 1.3719277108433738 0.01 1.239397590361446
1 0.9886746987951812 0.5285542168674701 1.1272289156626505 0.45626506024096414 1.23566265060241 0.3839759036144582 1.3320481927710852 0.311686746987952 1.4525301204819276 0.2875903614457835 1.5910843373493981 0.28156626506024124 1.7416867469879527 0.2936144578313255 1.934457831325301 0.31771084337349437 1.9826506024096386 0.37795180722891586 2.006746987951808 0.42614457831325325 1.9946987951807227 0.5044578313253015 1.9826506024096386 0.6008433734939763 1.9706024096385546 0.7153012048192773 1.9224096385542169 0.7936144578313256 1.8019277108433744 0.8598795180722894 1.6995180722891563 0.9321686746987953 1.5368674698795188 1.0044578313253014 1.3380722891566268 1.1189156626506025 1.2115662650602406 1.1369879518072292 0.9706024096385545 1.064698795180723 0.8681927710843377 0.9321686746987953 0.862168674698795 0.8538554216867473 0.9103614457831327 0.7454216867469882
1 1.006746987951807 1.6008433734939762 1.1995180722891563 1.4984337349397592 1.3079518072289158 1.4863855421686747 1.4826506024096386 1.4321686746987954 1.5971084337349395 1.3418072289156628 1.6754216867469882 1.3297590361445786 1.8019277108433744 1.3418072289156628 1.9224096385542169 1.353855421686747 2.0248192771084335 1.4442168674698797 2.0850602409638554 1.564698795180723 2.1272289156626503 1.6851807228915663 2.1392771084337356 1.775542168674699 2.030843373493976 1.8418072289156628 1.9946987951807227 1.8960240963855421 1.9585542168674703 1.9381927710843376 1.8561445783132535 1.932168674698795 1.7718072289156634 1.9020481927710846 1.6151807228915664 1.853855421686747 1.5248192771084337 1.853855421686747 1.3079518072289158 1.8357831325301208 1.247710843373494 1.811686746987952 1.163373493975904 1.7574698795180723 1.0368674698795177 1.6912048192771083
1 2.446506024096386 0.8357831325301208 2.530843373493976 0.7936144578313256 2.5971084337349395 0.8056626506024099 2.663373493975904 0.841807228915663 2.7838554216867477 0.9080722891566267 2.868192771084338 0.986385542168675 3.0067469879518067 1.0767469879518075 3.079036144578314 1.1249397590361447 3.1272289156626503 1.1490361445783135 3.181445783132531 1.2032530120481928 3.036867469879518 1.4562650602409641 3.0248192771084335 1.5165060240963857 2.9585542168674706 1.6912048192771083 2.7959036144578318 1.6068674698795185 2.633253012048193 1.558674698795181 2.4585542168674706 1.5165060240963857 2.3742168674698805 1.4863855421686747 2.4224096385542166 1.3659036144578314 2.5127710843373494 1.275542168674699 2.5549397590361447 1.1610843373493978 2.5730120481927714 1.088795180722892 2.5850602409638554 1.0285542168674702 2.5127710843373494 0.9803614457831327 2.4404819277108434 0.9080722891566267
1 2.7597590361445783 0.32975903614457847 2.9404819277108434 0.22734939759036166 3.1693975903614455 0.10686746987951835 3.2959036144578318 0.09481927710843407 3.3862650602409645 0.17915662650602443 3.4886746987951813 0.2634939759036148 3.5248192771084335 0.31771084337349437 3.579036144578314 0.3900000000000003 3.681445783132531 0.4442168674698797 3.717590361445783 0.46831325301204857 3.7236144578313257 0.5345783132530124 3.717590361445783 0.6731325301204822 3.6995180722891563 0.7815662650602411 3.6693975903614455 0.8598795180722894 3.6151807228915662 0.9502409638554218 3.5127710843373494 0.9984337349397592 3.3862650602409645 1.022530120481928 3.265783132530121 1.0406024096385544 3.121204819277109 1.0526506024096387 2.952530120481928 0.8839759036144579 2.7718072289156623 0.7936144578313256 2.717590361445783 0.7273493975903617 2.7115662650602417 0.6249397590361448 2.705542168674699 0.47433734939759065 2.7115662650602417 0.3839759036144582
1 3.307951807228916 0.01 3.5127710843373494 0.01 3.6272289156626503 0.01 3.8320481927710843 0.01 3.9284337349397593 0.01 4.042891566265061 0.01 4.091084337349398 0.01 4.091084337349398 0.01 4.024819277108434 0.01 3.9224096385542166 0.01 3.8380722891566266 0.01 3.789879518072289 0.01 3.705542168674699 0.01 3.6151807228915662 0.01 3.5669879518072287 0.01 3.4826506024096386 0.01 3.3561445783132537 0.01 3.3139759036144585 0.01 3.3139759036144585 0.01 3.301927710843373 0.01 3.301927710843373 0.01 3.301927710843373 0.01
1 0.01 1.5466265060240965 0.01 1.4924096385542172 0.01 1.522530120481928 0.01 1.6008433734939762 0.01 1.817710843373494 0.01 2.1610843373493975 0.01 2.353855421686747 0.01 2.3237349397590363 0.01 2.269518072289157 0.01 2.246243798724309 0.01 1.9381927710843376 0.01 1.8837951807228848
1 0.01 2.377951807228916 0.01 2.420120481927711 0.01 2.492409638554217 0.01 2.6430120481927712 0.01 2.7273493975903613 0.01 2.829759036144578 0.01 2.932168674698795 0.01 2.9743373493975906 0.01 2.7875903614457833 0.01 2.6550602409638553 0.01 2.595180722891563
1 0.01 1.7996385542168678 0.01 1.7213253012048193 0.01 1.775542168674699 0.01 1.950240963855422 0.01 2.02855421686747 0.01 2.1008433734939764 0.01 2.1972289156626506 0.01 2.317710843373494 0.024819277108433936 2.570722891566265 0.109156626506024 2.7333734939759036 0.20554216867469877 2.9140963855421687 0.2898795180722894 3.0948192771084337 0.20554216867469877 3.2875903614457833 0.1693975903614458 3.426144578313253 0.01 3.4502409638554217 0.01 3.420120481927711 0.01 3.402048192771084 0.01 3.329759036144578 0.01 3.438192771084337 0.01 3.456265060240964 0.01 3.1851807228915665 0.01 3.1369879518072286 0.01 3.0767469879518075 0.01 3.0104819277108437 0.01 2.896024096385542 0.01 2.757469879518072 0.01 2.6791566265060243 0.01 2.6128915662650605 0.01 2.426144578313253 0.01 2.2875903614457833 0.01 2.1249397590361445 0.01 1.9020481927710846
1 0.4826506024096389 2.0406024096385544 0.6151807228915663 2.0044578313253014 0.7115662650602406 2.1610843373493975 0.6874698795180723 2.335783132530121 0.579036144578314 2.408072289156627 0.3440963855421691 2.408072289156627 0.2718072289156626 2.408072289156627 0.3922891566265062 2.2393975903614463 0.4224096385542171 2.1369879518072294
1 0.41638554216867507 3.0466265060240967 0.6091566265060238 2.7996385542168674 0.7959036144578318 2.6610843373493975 1.0308433734939764 2.6791566265060243 0.9103614457831327 2.871927710843374 0.777831325301205 3.02855421686747 0.6091566265060238 3.173132530120482 0.42843373493975917 3.1610843373493975
1 1.0609638554216871 2.853855421686747 1.3440963855421695 2.80566265060241 1.5669879518072298 2.9622891566265057 1.7175903614457833 3.1671084337349398 1.7115662650602417 3.377951807228916 1.434457831325302 3.6189156626506023 1.1754216867469882 3.7032530120481923 0.82 3.6128915662650605 0.73566265060241 3.3719277108433734 0.7537349397590367 3.1791566265060243 0.9404819277108436 3.0225301204819277
1 1.23566265060241 2.564698795180723 1.4163855421686753 2.420120481927711 1.6754216867469882 2.4020481927710846 1.9163855421686753 2.1912048192771083 2.121204819277109 2.1851807228915665 2.368192771084338 2.377951807228916 2.4224096385542166 2.570722891566265 2.307951807228916 2.8357831325301204 2.0609638554216874 3.0707228915662648 1.9224096385542169 3.1912048192771083 1.7416867469879527 2.94421686746988 1.4946987951807227 2.7996385542168674 1.1573493975903615 2.775542168674699 1.1031325301204822 2.745421686746988
1 3.307951807228916 1.2213253012048195 3.675421686746988 1.1430120481927712 3.9404819277108434 1.2092771084337353 4.199518072289156 1.522530120481928 4.23566265060241 1.6189156626506025 4.163373493975904 1.8357831325301208 4.103132530120482 2.1851807228915665 4.024819277108434 2.317710843373494 3.7959036144578318 2.4743373493975906 3.6091566265060235 2.5104819277108437 3.392289156626506 2.4863855421686747 3.350120481927711 2.209277108433735 3.2718072289156623 2.0406024096385544 3.1874698795180723 1.89 3.175421686746988 1.6912048192771083 3.181445783132531 1.4743373493975906 3.205542168674699 1.353855421686747 3.2537349397590365 1.275542168674699
1 4.59710843373494 1.0526506024096387 4.777831325301205 0.9442168674698798 4.892289156626506 0.847831325301205 5.0368674698795175 0.8779518072289159 5.169397590361445 0.9502409638554218 5.265783132530121 1.0767469879518075 5.163373493975904 1.281566265060241 4.946506024096385 1.3719277108433738 4.639277108433735 1.3418072289156628 4.530843373493976 1.245421686746988 4.5187951807228925 1.088795180722892
1 4.277831325301205 0.01 4.5368674698795175 0.01 4.813975903614457 0.01 4.807951807228916 0.034578313253012284 4.795903614457831 0.18518072289156648 4.621204819277109 0.40807228915662674 4.470602409638555 0.486385542168675 4.223614457831326 0.3659036144578314 3.976626506024096 0.30566265060240994 3.934457831325301 0.13096385542168704 3.9706024096385546 0.01 3.9946987951807227 0.01 4.042891566265061 0.01 4.139277108433735 0.01 4.223614457831326 0.01
1 5.669397590361445 0.01 5.868192771084337 0.01 5.886265060240963 0.01 5.976626506024096 0.01 6.09710843373494 0.01 6.18144578313253 0.01 6.211566265060241 0.01 6.23566265060241 0.01 6.217590361445783 0.11289156626506056 6.163373493975904 0.25144578313253035 5.98867469879518 0.2393975903614461 5.838072289156627 0.13698795180722925 5.777831325301205 0.02253012048192801 5.795903614457831 0.01 5.850120481927711 0.01 5.73566265060241 0.01 5.542891566265061 0.01 5.518795180722891 0.01 5.573012048192771 0.01
1 6.368192771084337 0.01 6.579036144578314 0.01 6.609156626506024 0.1972289156626509 6.705542168674698 0.311686746987952 6.886265060240963 0.43216867469879533 6.892289156626506 0.5406024096385544 6.8199999999999985 0.6851807228915666 6.75975903614458 0.7634939759036147 6.633253012048193 0.811686746987952 6.494698795180724 0.7996385542168676 6.434457831325302 0.6912048192771088 6.380240963855421 0.4984337349397592 6.37421686746988 0.3719277108433738 6.362168674698795 0.25746987951807254 6.344096385542168 0.08879518072289187
1 6.7537349397590365 0.01 6.898313253012049 0.01 6.922409638554217 0.01 6.85012048192771 0.01 6.777831325301205 0.01 6.7537349397590365 0.01
1 7.024819277108432 0.01 7.235662650602409 0.01 7.422409638554217 0.01 7.566987951807229 0.01 7.591084337349397 0.01 7.500722891566264 0.01 7.344096385542169 0.07072289156626539 7.217590361445783 0.08277108433734966 7.066987951807229 0.01 6.988674698795181 0.01
1 7.338072289156627 0.01 7.585060240963855 0.01 7.838072289156627 0.01 7.95855421686747 0.01 7.952530120481928 0.01 7.832048192771084 0.01 7.62722891566265 0.01 7.482650602409638 0.01 7.368192771084337 0.01
1 6.259759036144578 0.01 6.332650602409648 0.01 6.892289156626506 0.01 6.862168674698795 0.01 6.844096385542169 0.01 6.8199999999999985 0.01 6.771807228915662 0.01 6.633253012048193 0.01 6.446506024096385 0.01 6.37421686746988 0.01 6.338072289156627 0.01 6.295903614457831 0.01
1 0.01 3.142100840336135 0.01 3.0748739495798323 0.01 3.142100840336135 0.01 3.125294117647059 0.01 3.4026050420168072 0.01 3.5370588235294123 0.01 3.7219327731092435 0.01 4.066470588235294 0.01 4.142100840336135 0.01 4.1252941176470594 0.01 4.150504201680672 0.01 3.8266946778711515 0.01 3.5286554621848745 0.01 3.2345378151260507
1 0.01 3.6547058823529412 0.01 3.62109243697479 0.01 3.7051260504201684 0.01 3.8731932773109246 0.01 4.100084033613445 0.01 4.335378151260504 0.01 4.54546218487395 0.023781512605041827 4.612689075630252 0.01 4.671512605042016 0.01 4.637899159663865 0.01 4.747142857142856 0.01 4.982436974789915 0.01 5.024453781512604 0.01 4.990840336134454 0.01 4.957226890756302 0.01 4.69672268907563 0.01 4.537058823529411 0.01 4.377394957983194 0.01 4.184117647058823 0.01 4.091680672268908 0.01 3.8984033613445384
1 0.01 4.579075630252101 0.01 4.570672268907563 0.01 4.6294957983193274 0.01 4.713529411764706 0.01 4.9320168067226895 0.01 4.982436974789915 0.01 4.96563025210084 0.01 5.200924369747899 0.01 5.35218487394958 0.01 5.461428571428571 0.01 5.595882352941177 0.01 5.686755009696185
1 0.01 5.772352941176471 0.01 5.730336134453782 0.01 5.839579831932773 0.01 5.9320168067226895 0.01 5.948823529411765 0.01 5.957226890756302 0.01 5.957226890756302
1 0.01 5.8563865546218485 0.01 5.478235294117646 0.01 5.268151260504202 0.01 5.27655462184874 0.01 5.377394957983194 0.01 5.419411764705882 0.01 5.62109243697479 0.01 5.705126050420168 0.01 5.7807563025210085
1 0.01 5.9320168067226895 0.01 5.772352941176471 0.01 5.62109243697479 0.01 5.520252100840335 0.01 5.402605042016806 0.01 5.200924369747899 0.01 5.032857142857142 0.01 4.89 0.01 4.797563025210084 0.01 4.755546218487394 0.01 4.755546218487394 0.05739495798319297 4.7051260504201675 0.14983193277310874 4.730336134453782 0.01 4.831176470588235 0.01 4.9320168067226895 0.01 5.041260504201681 0.032184873949579466 5.0916806722689065 0.17504201680672224 5.0916806722689065 0.27588235294117625 5.142100840336134 0.32630252100840323 5.27655462184874 0.3094957983193274 5.385798319327731 0.33470588235294085 5.671512605042016 0.3767226890756302 5.839579831932773 0.42714285714285666 5.957226890756302
1 0.5447899159663865 5.326974789915966 0.5447899159663865 5.461428571428571 0.5447899159663865 5.6294957983193274 0.5531932773109242 5.755546218487394 0.7464705882352939 5.713529411764706 0.8052941176470586 5.6294957983193274 0.7884873949579827 5.444621848739496 0.7044537815126045 5.326974789915966 0.6204201680672264 5.284957983193277
1 0.3599159663865544 5.024453781512604 0.4859663865546219 5.116890756302521 0.519579831932773 5.200924369747899 0.4355462184873949 5.23453781512605 0.41033613445378136 5.23453781512605 0.3935294117647055 5.150504201680673
1 0.8725210084033614 5.797563025210084 1.1918487394957982 5.8984033613445375 1.519579831932773 5.847983193277311 1.7632773109243691 5.7807563025210085 1.9733613445378149 5.847983193277311 2.0910084033613443 5.9740336134453775 1.8977310924369748 5.96563025210084 1.5615966386554623 5.9740336134453775 1.3767226890756297 5.990840336134454 1.0826050420168065 5.990840336134454 0.8305042016806721 5.982436974789916 0.7548739495798316 5.9740336134453775
1 0.47756302521008365 3.3942016806722695 0.6876470588235293 3.7471428571428573 0.9229411764705878 3.9152100840336135 1.1666386554621846 4.108487394957983 1.2002521008403357 4.251344537815125 1.091008403361344 4.436218487394958 0.8893277310924367 4.553865546218487 0.8389075630252097 4.587478991596638 0.6624369747899158 4.579075630252101 0.57 4.402605042016806 0.3851260504201679 4.091680672268908 0.26747899159663857 3.940420168067227 0.32630252100840323 3.8059663865546223 0.368319327731092 3.5622689075630256
1 1.2842857142857145 4.343781512605042 1.0826050420168065 4.537058823529411 0.9565546218487395 4.7051260504201675 1.1834453781512604 4.822773109243697 1.5111764705882353 4.864789915966386 1.519579831932773 4.763949579831933 1.4775630252100838 4.570672268907563 1.469159663865546 4.326974789915966 1.4019327731092437 4.293361344537815
1 1.7296638655462186 4.8563865546218485 1.9733613445378149 4.747142857142856 2.0657983193277314 4.755546218487394 2.2086554621848733 4.847983193277311 2.460756302521008 4.923613445378151 2.712857142857142 4.999243697478992 2.6036134453781505 5.259747899159663 2.49436974789916 5.427815126050421 2.292689075630252 5.612689075630252 2.1666386554621853 5.763949579831933 1.8305042016806725 5.679915966386554 1.670840336134454 5.579075630252101 1.721260504201681 5.402605042016806 1.6624369747899164 5.184117647058823 1.670840336134454 5.00764705882353
1 1.796890756302521 3.940420168067227 2.048991596638655 4.00764705882353 2.1330252100840337 3.864789915966387 2.1834453781512604 3.940420168067227 2.124621848739496 4.116890756302522 2.023781512605042 4.192521008403361 1.8641176470588232 4.1252941176470594 1.8052941176470585 4.032857142857143
1 2.7632773109243693 3.6967226890756306 2.49436974789916 3.847983193277311 2.343109243697479 3.9656302521008406 2.1834453781512604 4.167310924369748 2.0153781512605042 4.301764705882352 1.9313445378151255 4.368991596638654 2.0573949579831936 4.453025210084033 2.124621848739496 4.553865546218487 2.1750420168067226 4.637899159663865 2.30109243697479 4.654705882352942 2.452352941176471 4.713529411764706 2.544789915966386 4.7807563025210085 2.6876470588235293 4.805966386554621 2.9061344537815126 4.831176470588235 2.973361344537815 4.797563025210084 3.1666386554621853 4.284957983193277 3.2674789915966382 4.091680672268908 3.141428571428571 3.982436974789916 2.973361344537815 3.864789915966387 2.8809243697478983 3.7891596638655467
1 2.5952100840336128 5.528655462184873 2.460756302521008 5.654705882352942 2.3347058823529414 5.763949579831933 2.2674789915966382 5.839579831932773 2.3347058823529414 5.9320168067226895 2.5279831932773105 5.940420168067227 2.670840336134454 5.948823529411765 2.6624369747899164 5.831176470588235 2.637226890756302 5.69672268907563 2.7464705882352938 5.637899159663865 2.8305042016806725 5.587478991596638 2.712857142857142 5.553865546218487 2.670840336134454 5.478235294117646
1 2.9565546218487397 5.579075630252101 3.2674789915966382 5.562268907563025 3.5111764705882353 5.604285714285714 3.721260504201681 5.688319327731092 3.7044537815126044 5.8563865546218485 3.696050420168067 5.957226890756302 3.242268907563025 5.957226890756302 2.9061344537815126 5.957226890756302 2.8893277310924375 5.8563865546218485 2.948151260504202 5.730336134453782
1 3.4103361344537815 4.864789915966386 3.6624369747899164 4.797563025210084 3.8893277310924375 4.7807563025210085 3.99016806722689 4.839579831932773 4.074201680672269 5.066470588235294 4.074201680672269 5.226134453781513 3.998571428571429 5.368991596638654 3.8305042016806725 5.453025210084033 3.5952100840336128 5.419411764705882 3.368319327731092 5.251344537815125 3.309495798319327 5.100084033613445
1 2.9145378151260504 2.3857983193277312 2.712857142857142 2.679915966386555 2.5531932773109247 2.9320168067226895 2.519579831932773 3.0664705882352945 2.712857142857142 3.2429411764705884 2.9061344537815126 3.3942016806722695 3.0573949579831936 3.284957983193278 3.1078151260504203 3.00764705882353 3.2338655462184875 2.7891596638655467 3.3263025210084036 2.679915966386555 3.2674789915966382 2.587478991596639 3.1078151260504203 2.4698319327731095
1 3.1750420168067226 3.2261344537815133 3.4775630252100838 3.175714285714286 3.721260504201681 3.1925210084033613 3.9061344537815126 3.2429411764705884 4.082605042016806 3.3437815126050423 4.074201680672269 3.5118487394957985 4.057394957983194 3.7051260504201684 3.8893277310924375 3.7891596638655467 3.670840336134454 3.8731932773109246 3.393529411764706 3.81436974789916 3.200252100840336 3.6547058823529412 3.0321848739495794 3.5286554621848745 3.0742016806722687 3.360588235294118
1 4.082605042016806 2.5958823529411768 4.317899159663865 2.5202521008403362 4.45235294117647 2.5370588235294123 4.628823529411765 2.780756302521009 4.738067226890756 2.948823529411765 4.8725210084033606 3.150504201680673 4.780084033613446 3.2345378151260507 4.469159663865546 3.2597478991596645 4.343109243697479 3.2261344537815133 4.175042016806723 2.957226890756303 4.091008403361344 2.7219327731092435
0 0.01 0.01 0.01 0.01 0.01 0.03285714285714278 0.01 0.06647058823529392 0.01 0.20092436974789904 0.01 0.2429411764705881 0.01 0.26815126050420146 0.01 0.20932773109243683 0.01 0.07487394957983184 0.01 0.01
0 0.01 0.4362184873949579 0.01 0.36899159663865533 0.01 0.4194117647058823 0.01 0.3437815126050418 0.01 0.30176470588235277 0.01 0.30176470588235277 0.01 0.4194117647058823 0.01 0.5286554621848739 0.01 0.5958823529411762 0.01 0.6294957983193277 0.01 0.6378991596638653 0.01 0.6378991596638653 0.01 0.7723529411764705 0.01 0.9068067226890756 0.01 0.9908403361344537 0.01 1.2345378151260502 0.01 1.3437815126050419 0.01 1.42781512605042 0.01 1.1510924369747964 0.01 0.7051260504201678
0 0.01 0.9404201680672267 0.01 0.9824369747899158 0.01 1.0328571428571427 0.01 1.116890756302521 0.01 1.209327731092437 0.01 1.3857983193277308 0.01 1.5370588235294116 0.01 1.5958823529411765 0.01 1.646302521008404 0.01 1.436218487394958 0.01 1.3773949579831932 0.01 1.167310924369748
1 4.275882352941177 3.35218487394958 4.5615966386554625 3.5370588235294123 4.847310924369748 3.6378991596638657 4.8305042016806725 3.7891596638655467 4.746470588235294 3.948823529411765 4.4859663865546215 3.8984033613445384 4.301092436974789 3.7471428571428573 4.18344537815126 3.6042857142857145
1 4.006974789915967 4.368991596638654 4.267478991596638 4.192521008403361 4.435546218487396 4.058067226890757 4.628823529411765 4.074873949579832 4.746470588235294 4.108487394957983 4.889327731092437 4.23453781512605 4.956554621848739 4.35218487394958 4.91453781512605 4.486638655462185 4.771680672268908 4.612689075630252 4.553193277310925 4.7051260504201675 4.217058823529412 4.671512605042016 3.99016806722689 4.671512605042016 3.897731092436975 4.520252100840335 3.9145378151260504 4.368991596638654
1 3.864117647058823 5.604285714285714 4.124621848739496 5.335378151260504 4.359915966386555 5.192521008403361 4.603613445378151 5.217731092436975 4.754873949579832 5.3185714285714285 4.813697478991596 5.427815126050421 4.822100840336135 5.654705882352942 4.897731092436975 5.797563025210084 4.973361344537815 5.906806722689075 4.746470588235294 5.881596638655463 4.477563025210084 5.847983193277311 4.074201680672269 5.847983193277311 3.8893277310924375 5.864789915966386 3.8052941176470587 5.747142857142856
1 6.738067226890756 0.9908403361344537 7.175042016806723 0.7219327731092434 7.469159663865547 0.6210924369747898 7.578403361344539 0.5118487394957981 7.68764705882353 0.17571428571428555 7.796890756302522 0.09168067226890741 8.099411764705883 0.04966386554621835 8.166638655462185 0.18411764705882333 8.18 0.5114705882352933 8.166638655462185 0.7807563025210084 7.864117647058823 0.8311764705882351 7.796890756302522 0.8815966386554621 7.8305042016806725 0.9656302521008402 7.729663865546218 1.2597478991596638 7.502773109243698 1.570672268907563 7.427142857142857 1.7387394957983195 7.208655462184874 1.6715126050420173 7.074201680672269 1.4866386554621849 6.8725210084033606 1.2765546218487396 6.746470588235294 1.1841176470588235 6.746470588235294 1.0832773109243699
1 8.14983193277311 1.1000840336134454 7.973361344537815 1.1421008403361343 7.8725210084033606 1.0916806722689074 7.763277310924369 1.3773949579831932 7.637226890756303 1.5874789915966383 7.620420168067227 1.7723529411764707 7.763277310924369 1.8731932773109248 8.158235294117647 2.00764705882353 8.18 1.811764705882353 8.166638655462185 1.4110084033613444 8.166638655462185 1.192521008403361
1 7.460756302521009 1.9572268907563029 7.628823529411765 2.167310924369748 7.746470588235294 2.335378151260504 7.847310924369748 2.4362184873949584 7.855714285714286 2.5454621848739496 7.620420168067227 2.612689075630252 7.418739495798319 2.646302521008404 7.326302521008403 2.6883193277310924 7.368319327731093 2.831176470588235 7.225462184873948 2.8395798319327734 7.107815126050419 2.8395798319327734 7.141428571428572 2.663109243697479 7.14983193277311 2.4782352941176473 7.048991596638656 2.3942016806722695 6.99016806722689 2.4026050420168072 6.981764705882353 2.335378151260504 7.124621848739497 2.217731092436975 7.191848739495798 2.024453781512605
1 6.502773109243698 2.041260504201681 6.696050420168068 2.0160504201680673 6.729663865546218 2.1421008403361346 6.754873949579832 2.2765546218487396 6.847310924369748 2.368991596638656 6.83890756302521 2.4362184873949584 6.746470588235294 2.495042016806723 6.620420168067227 2.486638655462185 6.49436974789916 2.4698319327731095 6.443949579831932 2.3773949579831934 6.4523529411764695 2.318571428571429 6.49436974789916 2.2429411764705884 6.511176470588236 2.150504201680673
1 5.5279831932773105 1.663109243697479 5.822100840336135 1.6715126050420173 6.057394957983194 1.7639495798319331 6.22546218487395 1.89 6.326302521008404 1.9740336134453782 6.343109243697478 2.1168907563025217 6.309495798319327 2.2429411764705884 6.191848739495798 2.310168067226891 6.015378151260504 2.2933613445378156 5.754873949579832 2.268151260504202 5.5615966386554625 2.1168907563025217 5.4103361344537815 2.0328571428571434 5.4859663865546215 1.8227731092436976
1 4.511176470588236 1.9320168067226893 4.687647058823529 1.8059663865546218 4.603613445378151 1.7219327731092438 4.603613445378151 1.6715126050420173 4.729663865546218 1.7387394957983195 4.8305042016806725 1.9992436974789916 4.704453781512605 2.0664705882352945 4.519579831932773 2.0832773109243696 4.477563025210084 2.0328571428571434
1 4.981764705882353 2.125294117647059 5.233865546218487 2.1925210084033613 5.401932773109244 2.2597478991596645 5.477563025210084 2.3942016806722695 5.45235294117647 2.6547058823529412 5.393529411764706 2.7387394957983195 5.267478991596639 2.7555462184873956 5.0994117647058825 2.5790756302521007 4.931344537815125 2.4278151260504206 4.9481512605042015 2.2513445378151262
1 4.18344537815126 0.01 4.385126050420168 0.01 4.780084033613446 0.01 5.351512605042017 0.01 5.620420168067227 0.01 5.385126050420168 0.01 5.18344537815126 0.01 4.981764705882353 0.01 4.8725210084033606 0.01 4.5279831932773105 0.01 4.284285714285715 0.01
1 5.519579831932773 2.7723529411764707 5.822100840336135 2.7387394957983195 5.964957983193277 2.7723529411764707 6.116218487394958 2.974033613445378 6.2926890756302525 2.9656302521008406 6.418739495798319 2.8731932773109246 6.586806722689077 2.9152100840336135 6.553193277310924 3.2009243697478995 6.4103361344537815 3.4698319327731095 6.191848739495798 3.7555462184873956 6.006974789915967 4.058067226890757 5.586806722689075 3.940420168067227 5.427142857142857 3.7471428571428573 5.242268907563025 3.4278151260504206 5.317899159663865 3.133697478991597 5.427142857142857 2.9236134453781517
1 5.284285714285715 4.200924369747899 5.469159663865546 4.016050420168067 5.738067226890756 4.041260504201681 5.91453781512605 4.091680672268908 5.964957983193277 4.293361344537815 5.8305042016806725 4.27655462184874 5.64563025210084 4.259747899159663 5.57 4.411008403361344 5.553193277310925 4.562268907563025 5.460756302521008 4.654705882352942 5.385126050420168 4.730336134453782 5.2926890756302525 4.570672268907563 5.267478991596639 4.360588235294117
1 6.301092436974789 4.520252100840335 6.015378151260504 4.738739495798319 5.704453781512605 5.024453781512604 5.729663865546218 5.175714285714285 5.864117647058823 5.259747899159663 6.124621848739496 5.377394957983194 6.418739495798319 5.402605042016806 6.754873949579832 5.368991596638654 6.763277310924369 5.226134453781513 6.721260504201681 4.982436974789915 6.704453781512606 4.69672268907563 6.654033613445377 4.5118487394957985 6.536386554621848 4.469831932773109 6.4103361344537815 4.478235294117646
1 7.166638655462185 2.9236134453781517 7.393529411764706 2.9236134453781517 7.570000000000001 2.990840336134454 7.64563025210084 3.150504201680673 7.637226890756303 3.2261344537815133 7.427142857142857 3.268151260504202 7.217058823529411 3.2009243697478995 7.14983193277311 3.1000840336134456
1 6.99016806722689 3.2513445378151267 7.233865546218489 3.3269747899159667 7.208655462184874 3.453025210084034 7.275882352941177 3.629495798319328 7.3347058823529405 3.9068067226890757 7.301092436974789 4.016050420168067 7.158235294117648 4.133697478991596 6.964957983193277 4.2429411764705875 6.8305042016806725 4.419411764705882 6.670840336134453 4.385798319327731 6.4523529411764695 4.293361344537815 6.443949579831932 4.074873949579832 6.729663865546218 3.8815966386554623 6.654033613445377 3.6378991596638657 6.612016806722689 3.4446218487394957 6.746470588235294 3.318571428571429
1 7.637226890756303 3.7891596638655467 7.897731092436974 3.7891596638655467 8.006974789915965 3.8815966386554623 8.124621848739498 4.116890756302522 8.116218487394956 4.2429411764705875 8.015378151260505 4.419411764705882 7.771680672268907 4.368991596638654 7.612016806722689 4.175714285714285 7.570000000000001 3.9152100840336135
1 8.141428571428571 2.9320168067226895 8.07420168067227 3.0580672268907567 7.931344537815127 3.2513445378151267 7.880924369747898 3.4278151260504206 8.006974789915965 3.5286554621848745 8.158235294117647 3.5454621848739496 8.175042016806723 3.3773949579831934 8.175042016806723 3.142100840336135
1 6.897731092436974 4.62109243697479 7.175042016806723 4.503445378151261 7.393529411764706 4.42781512605042 7.4523529411764695 4.570672268907563 7.460756302521009 4.738739495798319 7.3347058823529405 4.789159663865546 7.175042016806723 4.89 7.040588235294118 4.805966386554621
1 7.603613445378151 4.8563865546218485 7.864117647058823 4.8984033613445375 8.18 5.011797026502908 8.18 5.6294957983193274 8.158235294117647 5.730336134453782 8.040588235294118 5.797563025210084 7.889327731092436 5.738739495798319 7.544789915966386 5.637899159663865 7.3347058823529405 5.562268907563025 7.233865546218489 5.444621848739496 7.242268907563027 5.284957983193277 7.427142857142857 5.209327731092437 7.469159663865547 5.108487394957983 7.561596638655462 5.00764705882353
1 6.670840336134453 5.940420168067227 6.679243697478992 5.772352941176471 6.914537815126051 5.562268907563025 7.057394957983194 5.679915966386554 7.217058823529411 5.7807563025210085 7.2506722689075636 5.873193277310925 7.443949579831932 5.873193277310925 7.628823529411765 5.8984033613445375 7.679243697478992 5.923613445378151 7.620420168067227 5.96563025210084 7.317899159663865 5.96563025210084 6.931344537815127 5.948823529411765
1 4.687647058823529 5.142100840336134 5.023781512605042 5.100084033613445 5.048991596638656 5.23453781512605 4.964957983193277 5.31016806722689 4.864117647058823 5.335378151260504 4.696050420168067 5.23453781512605
1 4.931344537815125 5.402605042016806 5.2926890756302525 5.200924369747899 5.578403361344538 5.133697478991596 5.696050420168067 5.394201680672269 5.704453781512605 5.62109243697479 5.595210084033613 5.7807563025210085 5.2590756302521005 5.763949579831933 4.939747899159665 5.721932773109244 4.889327731092437 5.604285714285714
1 5.082605042016806 0.01 5.519579831932773 0.3437815126050418 5.771680672268908 0.3857983193277309 5.922941176470588 0.520252100840336 5.8725210084033606 0.6463025210084032 5.612016806722689 0.789159663865546 5.511176470588236 0.8647899159663865 5.385126050420168 0.6967226890756302 5.368319327731092 0.5034453781512604 5.317899159663865 0.35218487394957976 5.191848739495798 0.20092436974789904
1 5.5615966386554625 0.9824369747899158 5.788487394957984 1.024453781512605 5.91453781512605 0.9404201680672267 6.040588235294117 1.024453781512605 6.006974789915967 1.1505042016806721 5.855714285714286 1.200924369747899 5.771680672268908 1.3689915966386552 5.729663865546218 1.4866386554621849 5.687647058823529 1.528655462184874 5.49436974789916 1.5370588235294116 5.460756302521008 1.2933613445378151 5.477563025210084 1.1000840336134454
0 0.01 2.4782352941176473 0.01 2.6042857142857145 0.01 2.6883193277310924 0.01 2.7555462184873956 0.01 2.864789915966387 0.01 2.990840336134454 0.01 3.041260504201681 0.01 3.2513445378151267 0.01 3.419411764705883 0.01 3.4614285714285717 0.01 3.335378151260505 0.01 3.125294117647059 0.01 3.00764705882353 0.01 3.041260504201681 0.01 3.041260504201681 0.01 2.982436974789916 0.01 3.024453781512605 0.01 3.0580672268907567 0.01 2.974033613445378 0.01 2.8984033613445384 0.01 2.81436974789916 0.01 2.7051260504201684 0.01 2.629495798319328
0 0.01 4.251344537815125 0.01 4.226134453781513 0.01 4.217731092436975 0.01 4.200924369747899 0.01 4.133697478991596 0.01 4.268151260504202 0.01 4.520252100840335 0.01 4.805966386554621 0.01 4.940420168067227 0.01 4.747142857142856 0.01 4.553865546218487 0.01 4.5118487394957985 0.01 4.495042016806723 0.01 4.486638655462185 0.01 4.495042016806723 0.01 4.486638655462185
0 0.01 5.62109243697479 0.01 5.721932773109244 0.01 5.847983193277311 0.01 5.864789915966386 0.01 5.839579831932773 0.01 5.553865546218487 0.01 5.35218487394958 0.01 5.217731092436975 0.01 5.200924369747899 0.01 5.041260504201681 0.01 5.066470588235294 0.01 5.041260504201681 0.01 5.032857142857142 0.01 5.27655462184874 0.01 5.385798319327731 0.01 5.486638655462185
0 0.01 5.9320168067226895 0.01 5.940420168067227 0.01 5.940420168067227 0.01 5.831176470588235 0.01 5.789159663865546 0.01 5.814369747899159 0.01 5.881596638655463
0 0.01 5.116890756302521 0.01 5.0916806722689065 0.01 5.150504201680673 0.01 5.326974789915966 0.01 5.419411764705882 0.01 5.520252100840335 0.01 5.520252100840335 0.01 5.343781512605042 0.01 5.27655462184874 0.01 5.226134453781513
0 0.01 4.948823529411765 0.17504201680672224 4.797563025210084 0.3178991596638656 4.654705882352942 0.40193277310924375 4.579075630252101 0.4943697478991595 4.646302521008403 0.46075630252100835 4.805966386554621 0.368319327731092 4.940420168067227 0.22546218487394923 5.024453781512604 0.07420168067226882 5.024453781512604
0 0.01 3.5706722689075634 0.01 3.587478991596639 0.01 3.9992436974789918 0.01 4.024453781512605 0.01 3.831176470588235
0 0.01 3.5958823529411768 0.22546218487394923 3.5454621848739496 0.2506722689075627 3.663109243697479 0.13302521008403345 3.7051260504201684
0 0.01 3.6715126050420173 0.07420168067226882 3.7891596638655467 0.14983193277310874 3.822773109243698 0.20025210084033573 4.058067226890757 0.3094957983193274 4.226134453781513 0.41033613445378136 4.402605042016806 0.4523529411764702 4.469831932773109 0.3010924369747897 4.528655462184873 0.15823529411764695 4.570672268907563 0.032184873949579466 4.486638655462185 0.01 4.360588235294117 0.01 4.175714285714285 0.01 4.041260504201681 0.01 3.864789915966387
0 0.6204201680672264 4.713529411764706 0.8473109243697479 4.738739495798319 0.8725210084033614 4.8563865546218485 0.7380672268907563 4.990840336134454 0.5363865546218483 5.0916806722689065 0.5027731092436971 5.041260504201681 0.5363865546218483 4.873193277310925
0 0.9229411764705878 4.805966386554621 1.0657983193277305 4.89 1.317899159663865 4.982436974789915 1.418739495798319 4.990840336134454 1.3767226890756297 5.125294117647059 1.208655462184874 5.200924369747899 1.0742016806722687 5.100084033613445 0.9145378151260501 4.982436974789915
0 0.6036134453781511 5.142100840336134 0.7716806722689075 5.041260504201681 0.8473109243697479 5.00764705882353 0.9817647058823524 5.150504201680673 1.158235294117647 5.259747899159663 1.4019327731092437 5.385798319327731 1.5027731092436978 5.469831932773109 1.595210084033613 5.6294957983193274 1.64563025210084 5.755546218487394 1.5027731092436978 5.763949579831933 1.292689075630252 5.814369747899159 1.0826050420168065 5.763949579831933 0.8725210084033614 5.646302521008403 0.8473109243697479 5.469831932773109 0.7884873949579827 5.335378151260504 0.696050420168067 5.209327731092437
0 1.469159663865546 4.9320168067226895 1.64563025210084 4.915210084033613 1.595210084033613 5.024453781512604 1.595210084033613 5.268151260504202 1.64563025210084 5.436218487394958 1.4943697478991589 5.343781512605042 1.3010924369747898 5.2429411764705875 1.4019327731092437 5.175714285714285 1.4859663865546213 5.066470588235294
0 1.5279831932773107 4.268151260504202 1.746470588235294 4.284957983193277 1.8473109243697479 4.419411764705882 1.9901680672268902 4.537058823529411 2.0573949579831936 4.604285714285714 2.040588235294117 4.637899159663865 1.9145378151260501 4.637899159663865 1.8389075630252103 4.713529411764706 1.6876470588235293 4.772352941176471 1.595210084033613 4.730336134453782 1.544789915966386 4.595882352941177 1.544789915966386 4.495042016806723 1.5279831932773107 4.411008403361344
0 1.0237815126050418 3.847983193277311 1.3347058823529414 3.8731932773109246 1.4775630252100838 3.957226890756303 1.544789915966386 4.091680672268908 1.64563025210084 4.142100840336135 1.7128571428571422 4.226134453781513 1.6036134453781505 4.23453781512605 1.3599159663865543 4.23453781512605 1.317899159663865 4.23453781512605 1.2338655462184875 4.142100840336135 1.0994117647058823 3.940420168067227
0 1.418739495798319 3.822773109243698 1.6288235294117646 3.6715126050420173 1.7884873949579834 3.5622689075630256 1.9145378151260501 3.3857983193277312 1.9817647058823524 3.2597478991596645 2.1582352941176466 3.1168907563025217 2.275882352941177 3.0496638655462185 2.2506722689075627 3.2597478991596645 2.30109243697479 3.360588235294118 2.242268907563025 3.453025210084034 2.0573949579831936 3.495042016806723 2.0153781512605042 3.62109243697479 2.0742016806722687 3.8059663865546223 2.048991596638655 3.8900000000000006 1.9061344537815126 3.856386554621849 1.7380672268907562 3.8059663865546223 1.7128571428571422 3.9236134453781517 1.7884873949579834 4.150504201680672 1.8977310924369748 4.226134453781513 1.8557142857142856 4.259747899159663 1.771680672268907 4.200924369747899 1.6372268907563023 4.058067226890757 1.5027731092436978 3.9068067226890757
0 2.3851260504201686 3.041260504201681 2.460756302521008 3.175714285714286 2.5868067226890754 3.3437815126050423 2.7380672268907564 3.4614285714285717 2.8893277310924375 3.5622689075630256 2.813697478991596 3.6042857142857145 2.620420168067227 3.646302521008404 2.452352941176471 3.713529411764706 2.30109243697479 3.8395798319327734 2.217058823529412 3.831176470588235 2.124621848739496 3.7051260504201684 2.116218487394958 3.587478991596639 2.292689075630252 3.5202521008403362 2.3515126050420165 3.419411764705883 2.343109243697479 3.2261344537815133 2.3347058823529414 3.133697478991597
0 0.01 0.01 0.01 0.01 0.06579831932773061 0.01 0.1918487394957981 0.01 0.2170588235294116 0.01 0.09100840336134411 0.01 0.15823529411764695 0.10848739495798299 0.2926890756302521 0.2513445378151259 0.4439495798319325 0.32697478991596624 0.6792436974789916 0.3605882352941174 0.7884873949579827 0.4446218487394955 0.6876470588235293 0.562268907563025 0.5531932773109242 0.6042857142857142 0.3935294117647055 0.6547058823529411 0.35151260504201676 0.7723529411764705 0.3431092436974785 0.8143697478991595 0.1666386554621846 0.8059663865546218 0.01 0.7135294117647057 0.01 0.562268907563025 0.01 0.2597478991596637 0.01 0.01
0 0.3431092436974785 0.01 0.26775401069518723 0.01 0.2677540106951875 0.01 0.6876470588235293 0.01 0.5279831932773107 0.01 0.6540336134453781 0.01 0.8052941176470586 0.01 0.9985714285714283 0.01 1.057394957983193 0.01 1.0153781512605042 0.01 0.931344537815126 0.01 0.7212605042016804 0.01 0.5447899159663865 0.01 0.3431092436974785 0.01 0.2422689075630251 0.01 0.20025210084033573 0.01 0.23386554621848687 0.01
0 1.1666386554621846 0.01 1.267478991596638 0.01 1.3515126050420168 0.01 1.5615966386554623 0.01 1.7632773109243691 0.01 1.8221008403361338 0.01 1.7548739495798316 0.01 1.6372268907563023 0.01 1.57 0.01 1.4103361344537815 0.01 1.208655462184874 0.01 1.0742016806722687 0.01 1.006974789915966 0.01 1.1246218487394959 0.01 1.141428571428571 0.01 1.0405882352941176 0.01
0 1.5279831932773107 0.01 1.796890756302521 0.01 1.8473109243697479 0.01 1.8641176470588232 0.01 1.7548739495798316 0.01 1.6792436974789917 0.01 1.6288235294117646 0.01
0 0.01 0.9572268907563023 0.01 0.9068067226890756 0.01 0.789159663865546 0.01 0.8731932773109241 0.01 0.9908403361344537 0.01 1.116890756302521
0 0.01 1.629495798319328 0.01 1.7555462184873953 0.01 1.8647899159663865 0.04899159663865532 1.9824369747899164 0.28428571428571386 2.041260504201681 0.3599159663865544 2.0496638655462185 0.2590756302521004 2.217731092436975 0.1666386554621846 2.3773949579831934 0.032184873949579466 2.318571428571429 0.01 2.1168907563025217 0.01 1.9656302521008404 0.01 1.8815966386554623 0.01 1.7975630252100843
0 0.22546218487394923 2.503445378151261 0.3178991596638656 2.587478991596639 0.42714285714285666 2.5202521008403362 0.5868067226890753 2.5118487394957985 0.6456302521008399 2.5790756302521007 0.8473109243697479 2.5790756302521007 0.696050420168067 2.663109243697479 0.5447899159663865 2.7387394957983195 0.40193277310924375 2.9236134453781517 0.2590756302521004 2.81436974789916 0.1414285714285711 2.587478991596639
0 0.7968907563025209 0.5118487394957981 0.8977310924369744 0.5370588235294116 0.7380672268907563 0.89 0.696050420168067 1.1421008403361343 0.6456302521008399 1.192521008403361 0.4859663865546219 0.9236134453781512 0.46075630252100835 0.7807563025210084 0.5447899159663865 0.7051260504201678 0.696050420168067 0.6294957983193277
0 0.7884873949579827 1.0076470588235293 0.9481512605042013 1.1421008403361343 1.2338655462184875 1.2765546218487396 1.368319327731092 1.335378151260504 1.2338655462184875 1.4110084033613444 1.0153781512605042 1.3942016806722688 0.8893277310924367 1.520252100840336 0.9649579831932772 1.7387394957983195 0.9229411764705878 1.9236134453781517 1.0237815126050418 2.4782352941176473 0.9229411764705878 2.528655462184874 0.6708403361344534 2.4698319327731095 0.8389075630252097 2.2429411764705884 0.7632773109243698 1.9992436974789916 0.7212605042016804 1.8563865546218488 0.6792436974789916 1.5454621848739496 0.7128571428571427 1.3185714285714285 0.7548739495798316 1.116890756302521
0 1.006974789915966 1.8227731092436976 1.3094957983193274 1.940420168067227 1.620420168067227 1.9740336134453782 1.7884873949579834 2.15890756302521 1.6540336134453775 2.284957983193278 1.2842857142857145 2.3269747899159667 1.1666386554621846 2.4698319327731095 1.0405882352941176 2.184117647058824 1.0489915966386554 1.9656302521008404
0 2.1666386554621853 1.8984033613445381 2.30109243697479 1.8815966386554623 2.628823529411765 1.8563865546218488 2.872521008403361 1.9152100840336135 2.780084033613446 2.1421008403361346 2.796890756302521 2.3269747899159667 2.7632773109243693 2.5370588235294123 2.620420168067227 2.69672268907563 2.49436974789916 2.486638655462185 2.3599159663865543 2.2513445378151262 2.1666386554621853 2.0664705882352945 2.0994117647058816 1.9740336134453782
0 2.242268907563025 1.5790756302521007 2.4271428571428566 1.5622689075630252 2.6540336134453777 1.646302521008404 2.8893277310924375 1.7387394957983195 2.897731092436975 1.81436974789916 2.721260504201681 1.8311764705882354 2.460756302521008 1.8311764705882354 2.292689075630252 1.8227731092436976 2.2506722689075627 1.7807563025210085
0 1.57 0.08327731092436963 1.7380672268907562 0.01 1.8725210084033608 0.01 2.0826050420168065 0.01 2.1666386554621853 0.01 2.149831932773109 0.02445378151260485 2.1750420168067226 0.2513445378151259 2.0742016806722687 0.26815126050420146 1.8473109243697479 0.20092436974789904 1.6372268907563023 0.17571428571428555 1.5111764705882353 0.17571428571428555
0 2.0994117647058816 0.520252100840336 2.317899159663865 0.49504201680672255 2.485966386554621 0.6715126050420167 2.4355462184873944 0.7471428571428569 2.217058823529412 0.7723529411764705 2.0742016806722687 0.7051260504201678 2.0153781512605042 0.6378991596638653
0 1.4019327731092437 1.192521008403361 1.7548739495798316 1.024453781512605 1.9397478991596642 0.8731932773109241 1.9901680672268902 0.789159663865546 2.0994117647058816 0.7975630252100839 2.3263025210084027 0.847983193277311 2.343109243697479 0.9152100840336133 2.4271428571428566 1.0412605042016807 2.4103361344537815 1.1757142857142855 2.3347058823529414 1.4194117647058824 2.2506722689075627 1.5034453781512604 2.149831932773109 1.4446218487394957 2.023781512605042 1.3101680672268907 1.8725210084033608 1.2681512605042016 1.670840336134454 1.2597478991596638 1.5027731092436978 1.2849579831932771
0 3.040588235294117 1.7555462184873953 3.116218487394958 2.0496638655462185 3.2674789915966382 2.284957983193278 3.3515126050420165 2.503445378151261 3.217058823529412 2.4446218487394957 3.040588235294117 2.284957983193278 2.9061344537815126 2.2429411764705884 2.847310924369748 2.184117647058824 2.8809243697478983 2.0748739495798323 2.9229411764705877 1.990840336134454 2.9565546218487397 1.8815966386554623
0 3.4019327731092437 2.612689075630252 3.6876470588235293 2.6042857142857145 3.864117647058823 2.6378991596638657 3.939747899159664 2.6715126050420173 3.973361344537815 2.81436974789916 4.032184873949579 2.940420168067227 4.133025210084034 3.0832773109243696 4.18344537815126 3.2429411764705884 4.133025210084034 3.2513445378151267 3.8809243697478997 3.142100840336135 3.6540336134453777 3.1000840336134456 3.452352941176471 3.1168907563025217 3.217058823529412 3.133697478991597 3.141428571428571 3.142100840336135 3.242268907563025 2.940420168067227 3.3599159663865543 2.763949579831933
0 2.5784033613445376 0.01 2.8354341736694666 0.01 3.149831932773109 0.01 3.4775630252100838 0.01 3.612016806722689 0.01 3.612016806722689 0.01 3.4103361344537815 0.01 3.217058823529412 0.01 3.1834453781512604 0.01 3.2254621848739498 0.01 3.3347058823529414 0.01 3.393529411764706 0.01 3.2842857142857143 0.01 3.200252100840336 0.01 3.0826050420168065 0.01 2.9061344537815126 0.01 2.6876470588235293 0.01 2.637226890756302 0.01 2.6624369747899164 0.01 2.64563025210084 0.01
0 3.519579831932773 0.016050420168067063 3.637226890756302 0.01 3.7548739495798316 0.01 3.8809243697478997 0.01 3.9061344537815126 0.01 3.8389075630252103 0.20092436974789904 3.8809243697478997 0.3942016806722688 3.7632773109243693 0.4362184873949579 3.6792436974789915 0.30176470588235277 3.5868067226890754 0.23453781512605032 3.519579831932773 0.10848739495798299
0 3.973361344537815 0.3857983193277309 4.191848739495798 0.4446218487394955 4.418739495798319 0.5454621848739495 4.401932773109244 0.6294957983193277 4.275882352941177 0.7135294117647057 4.082605042016806 0.7219327731092434 3.9061344537815126 0.8984033613445377 3.872521008403361 1.024453781512605 3.780084033613446 0.9488235294117646 3.813697478991596 0.7219327731092434 3.822100840336134 0.5538655462184872 3.847310924369748 0.478235294117647
1 4.242268907563025 0.8311764705882351 4.326302521008404 0.9740336134453781 4.460756302521008 1.116890756302521 4.536386554621848 1.2849579831932771 4.553193277310925 1.335378151260504 4.469159663865546 1.4530252100840335 4.309495798319327 1.436218487394958 4.074201680672269 1.15890756302521 3.973361344537815 1.0328571428571427 4.040588235294117 0.9068067226890756
0 4.351512605042017 0.7723529411764705 4.603613445378151 0.6294957983193277 4.813697478991596 0.46983193277310903 4.83890756302521 0.2513445378151259 4.9481512605042015 0.14210084033613427 5.116218487394958 0.20932773109243683 5.208655462184874 0.478235294117647 5.250672268907563 0.6715126050420167 5.393529411764706 0.8815966386554621 5.469159663865546 0.9992436974789913 5.418739495798319 1.0664705882352938 5.242268907563025 0.8984033613445377 4.990168067226891 0.7723529411764705 4.813697478991596 0.8143697478991595 4.637226890756303 0.932016806722689 4.477563025210084 0.9572268907563023 4.351512605042017 0.9068067226890756
0 4.502773109243698 1.511848739495798 4.628823529411765 1.4530252100840335 4.9481512605042015 1.4446218487394957 5.175042016806723 1.3857983193277308 5.343109243697479 1.2933613445378151 5.4103361344537815 1.436218487394958 5.359915966386555 1.5454621848739496 5.385126050420168 1.6378991596638657 5.418739495798319 1.7387394957983195 5.343109243697479 1.9152100840336135 5.359915966386555 2.0580672268907563 4.998571428571429 2.0328571428571434 4.906134453781513 1.990840336134454 4.880924369747899 1.7723529411764707 4.7128571428571435 1.6378991596638657 4.5615966386554625 1.5790756302521007
0 4.351512605042017 1.6210924369747903 4.4859663865546215 1.6715126050420173 4.519579831932773 1.7639495798319331 4.4439495798319335 1.9320168067226893 4.427142857142857 2.1925210084033613 4.427142857142857 2.35218487394958 4.242268907563025 2.4194117647058824 4.166638655462185 2.4278151260504206 4.217058823529412 2.2429411764705884 4.242268907563025 1.9488235294117653 4.2926890756302525 1.7471428571428573
0 4.5279831932773105 2.150504201680673 4.6792436974789915 2.133697478991597 4.8725210084033606 2.0832773109243696 4.864117647058823 2.3437815126050423 4.9481512605042015 2.5706722689075634 5.0994117647058825 2.7051260504201684 5.191848739495798 2.797563025210084 5.006974789915967 2.8731932773109246 4.931344537815125 2.9992436974789918 4.780084033613446 2.763949579831933 4.620420168067227 2.6378991596638657 4.5279831932773105 2.4782352941176473 4.511176470588236 2.2933613445378156
0 5.317899159663865 2.864789915966387 5.200252100840336 3.0832773109243696 5.116218487394958 3.310168067226891 5.116218487394958 3.5286554621848745 4.906134453781513 3.5370588235294123 4.612016806722689 3.4698319327731095 4.771680672268908 3.335378151260505 4.91453781512605 3.1925210084033613 5.032184873949579 3.041260504201681 5.166638655462185 2.9236134453781517
0 4.91453781512605 3.62109243697479 5.1414285714285715 3.7051260504201684 5.200252100840336 3.7891596638655467 5.309495798319327 3.797563025210084 5.435546218487396 3.948823529411765 5.149831932773108 4.192521008403361 5.175042016806723 4.343781512605042 5.032184873949579 4.27655462184874 4.847310924369748 4.0496638655462185 4.889327731092437 3.8395798319327734
0 3.485966386554621 4.024453781512605 3.872521008403361 3.957226890756303 4.124621848739496 3.847983193277311 4.18344537815126 3.7219327731092435 4.309495798319327 3.8731932773109246 4.359915966386555 3.9992436974789918 4.18344537815126 4.108487394957983 4.082605042016806 4.2429411764705875 3.9061344537815126 4.31016806722689 3.822100840336134 4.385798319327731 3.7632773109243693 4.402605042016806 3.6624369747899164 4.385798319327731 3.5952100840336128 4.259747899159663 3.5111764705882353 4.133697478991596
0 2.939747899159664 3.5622689075630256 3.116218487394958 3.713529411764706 3.275882352941177 3.822773109243698 3.343109243697479 3.8815966386554623 3.2674789915966382 3.9152100840336135 3.124621848739496 3.8900000000000006 2.973361344537815 3.780756302521009 2.9145378151260504 3.679915966386555
0 3.3767226890756294 4.1252941176470594 3.519579831932773 4.27655462184874 3.5952100840336128 4.419411764705882 3.6792436974789915 4.486638655462185 3.8052941176470587 4.5118487394957985 3.8893277310924375 4.62109243697479 3.8893277310924375 4.679915966386554 3.6540336134453777 4.7051260504201675 3.460756302521008 4.738739495798319 3.309495798319327 4.713529411764706 3.2590756302521005 4.579075630252101 3.343109243697479 4.42781512605042 3.4103361344537815 4.259747899159663 3.4103361344537815 4.217731092436975
0 2.8305042016806725 4.999243697478992 3.1078151260504203 4.864789915966386 3.2338655462184875 4.7807563025210085 3.2506722689075627 5.08327731092437 3.30109243697479 5.293361344537815 3.64563025210084 5.528655462184873 3.3767226890756294 5.495042016806723 3.141428571428571 5.453025210084033 2.99016806722689 5.486638655462185 2.897731092436975 5.520252100840335 2.771680672268908 5.427815126050421 2.721260504201681 5.377394957983194 2.813697478991596 5.200924369747899
0 4.065798319327731 4.772352941176471 4.317899159663865 4.822773109243697 4.603613445378151 4.831176470588235 4.9481512605042015 4.7051260504201675 5.057394957983194 4.915210084033613 5.023781512605042 5.032857142857142 4.788487394957984 5.041260504201681 4.460756302521008 5.08327731092437 4.359915966386555 5.0496638655462185 4.284285714285715 5.133697478991596 4.18344537815126 5.150504201680673 4.124621848739496 4.9740336134453775
0 5.074201680672269 4.377394957983194 5.191848739495798 4.42781512605042 5.242268907563025 4.612689075630252 5.385126050420168 4.822773109243697 5.4859663865546215 4.957226890756302 5.553193277310925 5.032857142857142 5.334705882352941 5.0916806722689065 5.133025210084034 5.116890756302521 5.124621848739496 4.940420168067227 5.091008403361344 4.7807563025210085 5.006974789915967 4.595882352941177 5.057394957983194 4.478235294117646
0 5.696050420168067 4.3185714285714285 5.880924369747899 4.368991596638654 6.040588235294117 4.411008403361344 6.242268907563025 4.411008403361344 6.233865546218487 4.478235294117646 6.0994117647058825 4.562268907563025 5.931344537815127 4.721932773109244 5.771680672268908 4.873193277310925 5.6792436974789915 4.957226890756302 5.595210084033613 4.940420168067227 5.477563025210084 4.7807563025210085 5.544789915966387 4.713529411764706 5.620420168067227 4.54546218487395 5.628823529411765 4.394201680672269
0 6.401932773109244 3.5454621848739496 6.469159663865547 3.5454621848739496 6.544789915966386 3.6883193277310924 6.561596638655462 3.780756302521009 6.570000000000001 3.8815966386554623 6.418739495798319 3.9992436974789918 6.368319327731093 4.133697478991596 6.385126050420168 4.284957983193277 6.418739495798319 4.360588235294117 6.317899159663865 4.360588235294117 6.149831932773108 4.3185714285714285 6.082605042016806 4.31016806722689 6.057394957983194 4.1252941176470594 6.116218487394958 3.982436974789916 6.22546218487395 3.8395798319327734 6.317899159663865 3.713529411764706
0 5.502773109243698 2.2261344537815133 5.738067226890756 2.368991596638656 5.91453781512605 2.3942016806722695 6.0994117647058825 2.4278151260504206 6.040588235294117 2.5202521008403362 5.956554621848739 2.6547058823529412 5.721260504201681 2.6547058823529412 5.553193277310925 2.612689075630252 5.553193277310925 2.4446218487394957
0 5.116218487394958 0.01 5.334705882352941 0.01 5.427142857142857 0.01 5.544789915966387 0.01 5.670840336134454 0.01 5.746470588235294 0.01 5.704453781512605 0.04966386554621835 5.813697478991596 0.2177310924369746 6.015378151260504 0.31857142857142834 6.250672268907563 0.31857142857142834 6.275882352941177 0.5118487394957981 6.326302521008404 0.7303361344537813 6.242268907563025 0.8059663865546218 6.091008403361344 0.8731932773109241 5.998571428571429 0.7975630252100839 6.074201680672269 0.6463025210084032 6.006974789915967 0.6126890756302521 5.939747899159665 0.4446218487394955 5.771680672268908 0.31857142857142834 5.553193277310925 0.2765546218487394 5.385126050420168 0.1252941176470587 5.233865546218487 0.01 5.149831932773108 0.01
0 5.612016806722689 0.8731932773109241 5.746470588235294 0.7555462184873949 5.906134453781513 0.6883193277310923 5.964957983193277 0.7051260504201678 5.922941176470588 0.7975630252100839 5.822100840336135 0.8984033613445377 5.721260504201681 0.9236134453781512
0 6.149831932773108 0.9572268907563023 6.233865546218487 0.8731932773109241 6.376722689075631 0.839579831932773 6.4523529411764695 0.89 6.4103361344537815 0.9992436974789913 6.309495798319327 1.1757142857142855 6.275882352941177 1.2933613445378151 6.18344537815126 1.2681512605042016 6.10781512605042 1.209327731092437 6.10781512605042 1.0832773109243699
0 5.889327731092437 1.2429411764705882 6.015378151260504 1.251344537815126 6.1414285714285715 1.3269747899159663 6.284285714285715 1.4110084033613444 6.2590756302521005 1.520252100840336 6.233865546218487 1.5622689075630252 6.057394957983194 1.570672268907563 5.897731092436975 1.5790756302521007 5.8305042016806725 1.570672268907563 5.889327731092437 1.4194117647058824
1 6.536386554621848 0.9824369747899158 6.620420168067227 1.1505042016806721 6.5279831932773105 1.2933613445378151 6.511176470588236 1.4782352941176469 6.469159663865547 1.6715126050420173 6.3347058823529405 1.629495798319328 6.343109243697478 1.3521848739495796 6.359915966386556 1.1841176470588235 6.460756302521009 1.0328571428571427
0 6.654033613445377 1.2765546218487396 6.796890756302522 1.3017647058823527 6.889327731092436 1.4614285714285713 7.065798319327731 1.5958823529411765 7.091008403361344 1.7135294117647062 6.9061344537815135 1.7555462184873953 6.8305042016806725 1.8059663865546218 6.603613445378151 1.8227731092436976 6.317899159663865 1.7975630252100843 6.351512605042018 1.6967226890756302 6.536386554621848 1.7219327731092438 6.561596638655462 1.570672268907563 6.603613445378151 1.3942016806722688
0 6.376722689075631 1.8731932773109248 6.746470588235294 1.8731932773109248 6.8305042016806725 1.940420168067227 6.704453781512606 1.9488235294117653 6.5279831932773105 1.9740336134453782 6.4523529411764695 1.9572268907563029
0 6.897731092436974 1.8227731092436976 7.082605042016806 1.7975630252100843 7.225462184873948 1.7975630252100843 7.351512605042018 1.8731932773109248 7.376722689075631 1.9152100840336135 7.18344537815126 1.9740336134453782 7.074201680672269 2.0580672268907563 7.03218487394958 2.2093277310924373 6.964957983193277 2.2933613445378156 6.864117647058823 2.2597478991596645 6.83890756302521 2.1168907563025217 6.897731092436974 2.0160504201680673 6.897731092436974 1.9236134453781517
0 7.603613445378151 1.9320168067226893 7.880924369747898 1.9992436974789916 8.14983193277311 2.1084873949579834 8.175042016806723 2.5118487394957985 8.107815126050419 2.5370588235294123 7.956554621848739 2.4194117647058824 7.80529411764706 2.2513445378151262 7.679243697478992 2.091680672268908
0 5.763277310924369 0.01 5.9481512605042015 0.01 6.10781512605042 0.01 6.175042016806723 0.01 6.242268907563025 0.01 6.040588235294117 0.01 5.889327731092437 0.01
0 5.964957983193277 0.01 6.1414285714285715 0.01 6.368319327731093 0.01 6.553193277310924 0.01 6.620420168067227 0.01 6.502773109243698 0.01 6.309495798319327 0.01 6.233865546218487 0.01 6.082605042016806 0.01 5.990168067226891 0.01
0 6.662436974789915 0.01 6.83890756302521 0.07487394957983184 6.956554621848739 0.2513445378151259 6.939747899159665 0.32697478991596624 6.780084033613445 0.26815126050420146 6.68764705882353 0.15890756302520997 6.637226890756303 0.02445378151260485
0 6.855714285714286 0.01 7.006974789915965 0.01 7.133025210084035 0.1000840336134452 7.233865546218489 0.2261344537815124 7.359915966386556 0.3353781512605042 7.418739495798319 0.4614285714285714 7.309495798319327 0.5370588235294116 7.124621848739497 0.6294957983193277 7.006974789915965 0.7303361344537813 6.855714285714286 0.8227731092436974 6.9061344537815135 0.7387394957983193 6.973361344537815 0.562268907563025 7.006974789915965 0.3773949579831932 7.023781512605043 0.2597478991596637 6.956554621848739 0.1000840336134452
0 6.359915966386556 2.318571428571429 6.376722689075631 2.495042016806723 6.301092436974789 2.5622689075630256 6.208655462184875 2.503445378151261 6.267478991596639 2.4110084033613446
0 6.149831932773108 2.5370588235294123 6.3347058823529405 2.6715126050420173 6.418739495798319 2.822773109243698 6.326302521008404 2.864789915966387 6.166638655462185 2.89 6.065798319327731 2.780756302521009 6.057394957983194 2.6378991596638657
0 5.8305042016806725 5.427815126050421 6.124621848739496 5.503445378151261 6.427142857142857 5.469831932773109 6.780084033613445 5.461428571428571 6.822100840336135 5.553865546218487 6.679243697478992 5.637899159663865 6.595210084033614 5.8984033613445375 6.49436974789916 5.957226890756302 6.149831932773108 5.923613445378151 5.469159663865546 5.940420168067227 5.048991596638656 5.948823529411765 4.998571428571429 5.8563865546218485 5.217058823529412 5.847983193277311 5.544789915966387 5.864789915966386 5.746470588235294 5.805966386554621 5.771680672268908 5.570672268907563
0 6.763277310924369 4.646302521008403 6.914537815126051 4.763949579831933 6.981764705882353 4.873193277310925 7.14983193277311 4.957226890756302 7.393529411764706 4.839579831932773 7.477563025210085 4.814369747899159 7.511176470588236 4.873193277310925 7.485966386554622 4.96563025210084 7.4103361344537815 5.016050420168067 7.393529411764706 5.125294117647059 7.284285714285715 5.200924369747899 7.200252100840336 5.2429411764705875 7.124621848739497 5.326974789915966 7.023781512605043 5.411008403361344 6.897731092436974 5.419411764705882 6.864117647058823 5.268151260504202 6.80529411764706 4.923613445378151 6.788487394957982 4.805966386554621
0 6.9061344537815135 4.453025210084033 7.065798319327731 4.31016806722689 7.18344537815126 4.2429411764705875 7.326302521008403 4.100084033613445 7.418739495798319 3.9992436974789918 7.477563025210085 4.142100840336135 7.485966386554622 4.301764705882352 7.393529411764706 4.335378151260504 7.225462184873948 4.385798319327731 7.124621848739497 4.444621848739496
0 7.570000000000001 4.326974789915966 7.68764705882353 4.469831932773109 7.855714285714286 4.528655462184873 8.07420168067227 4.54546218487395 8.14983193277311 4.604285714285714 8.023781512605042 4.646302521008403 7.897731092436974 4.671512605042016 7.7884873949579845 4.755546218487394 7.68764705882353 4.789159663865546 7.536386554621848 4.738739495798319 7.511176470588236 4.587478991596638 7.469159663865547 4.453025210084033 7.469159663865547 4.411008403361344
0 7.855714285714286 4.789159663865546 8.015378151260505 4.721932773109244 8.166638655462185 4.713529411764706 8.166638655462185 4.831176470588235 8.158235294117647 4.915210084033613 7.956554621848739 4.847983193277311
0 7.091008403361344 5.444621848739496 7.166638655462185 5.453025210084033 7.267478991596639 5.595882352941177 7.2506722689075636 5.671512605042016 7.158235294117648 5.671512605042016 7.074201680672269 5.595882352941177
0 7.3347058823529405 5.646302521008403 7.519579831932773 5.679915966386554 7.704453781512606 5.738739495798319 7.8305042016806725 5.822773109243697 7.7884873949579845 5.831176470588235 7.418739495798319 5.822773109243697 7.326302521008403 5.831176470588235 7.317899159663865 5.7807563025210085 7.326302521008403 5.730336134453782
0 7.914537815126051 5.847983193277311 8.040588235294118 5.89 8.07420168067227 5.957226890756302 7.813697478991597 5.948823529411765 7.754873949579832 5.923613445378151
0 7.284285714285715 3.3942016806722695 7.418739495798319 3.318571428571429 7.654033613445377 3.2933613445378156 7.771680672268907 3.268151260504202 7.80529411764706 3.4110084033613446 7.880924369747898 3.5958823529411768 7.939747899159665 3.6715126050420173 7.780084033613445 3.6967226890756306 7.612016806722689 3.713529411764706 7.502773109243698 3.856386554621849 7.460756302521009 3.8984033613445384 7.401932773109244 3.8395798319327734 7.393529411764706 3.713529411764706 7.3347058823529405 3.5538655462184874
0 6.385126050420168 2.6042857142857145 6.502773109243698 2.528655462184874 6.628823529411765 2.5622689075630256 6.771680672268907 2.646302521008404 6.738067226890756 2.7723529411764707 6.7128571428571435 2.8395798319327734 6.570000000000001 2.805966386554622 6.477563025210085 2.7471428571428573 6.418739495798319 2.6883193277310924
0 6.813697478991597 2.587478991596639 6.897731092436974 2.503445378151261 7.057394957983194 2.503445378151261 7.065798319327731 2.7555462184873956 6.9061344537815135 2.805966386554622 6.83890756302521 2.81436974789916 6.813697478991597 2.7471428571428573
0 6.763277310924369 2.8984033613445384 6.998571428571427 2.864789915966387 7.048991596638656 2.9152100840336135 6.99016806722689 3.0496638655462185 6.99016806722689 3.184117647058824 6.8305042016806725 3.2345378151260507 6.620420168067227 3.310168067226891 6.64563025210084 3.150504201680673 6.670840336134453 2.982436974789916
0 7.435546218487394 2.7555462184873956 7.620420168067227 2.69672268907563 7.914537815126051 2.663109243697479 8.124621848739498 2.6715126050420173 8.133025210084035 2.81436974789916 8.048991596638656 2.9320168067226895 7.931344537815127 3.125294117647059 7.855714285714286 3.2009243697478995 7.738067226890756 3.142100840336135 7.670840336134453 2.940420168067227 7.536386554621848 2.8731932773109246 7.469159663865547 2.864789915966387
0 8.091008403361345 3.629495798319328 8.18 3.629495798319328 8.175042016806723 3.9992436974789918 8.040588235294118 3.831176470588235 8.015378151260505 3.7219327731092435
0 7.267478991596639 0.01 7.040588235294118 0.01 7.006974789915965 0.01 6.922941176470589 0.01 6.889327731092436 0.01 6.964957983193277 0.01 7.233865546218489 0.01 7.435546218487394 0.01 7.511176470588236 0.01 7.511176470588236 0.01 7.368319327731093 0.01 7.259075630252101 0.01
0 7.586806722689077 0.01 7.855714285714286 0.01 7.964957983193277 0.01 8.158235294117647 0.01 8.116218487394956 0.01 7.99016806722689 0.01 7.855714285714286 0.01 7.771680672268907 0.01 7.679243697478992 0.01 7.620420168067227 0.01 7.586806722689077 0.01
1 8.03218487394958 0.01 8.048991596638656 0.01 8.166638655462185 0.01 8.166638655462185 0.01 8.17503081232493 0.01
0 7.83890756302521 0.01 7.670840336134453 0.01 7.670840336134453 0.01 7.796890756302522 0.041260504201680565 7.956554621848739 0.02445378151260485 8.099411764705883 0.01 8.158235294117647 0.01 8.14983193277311 0.01 8.023781512605042 0.01 7.931344537815127 0.01 7.8725210084033606 0.01
0 7.553193277310924 0.01 7.679243697478992 0.03285714285714278 7.612016806722689 0.2261344537815124 7.5279831932773105 0.32697478991596624 7.485966386554622 0.3773949579831932 7.385126050420168 0.2765546218487394 7.401932773109244 0.20092436974789904 7.393529411764706 0.1252941176470587 7.49436974789916 0.041260504201680565
