1 1.7914285714285711 0.01 1.8754621848739492 0.01 1.9763025210084033 0.01 2.169579831932773 0.01 2.4132773109243693 0.01 2.614957983193277 0.01 2.589747899159664 0.01 2.421680672268908 0.01 2.3248739495798345 0.01 1.8754621848739492 0.01
1 2.0183193277310925 0.01 1.9258823529411762 0.01 1.8670588235294117 0.01 1.8166386554621845 0.01 1.892268907563025 0.01 2.068739495798319 0.01 2.2872268907563025 0.01 2.48890756302521 0.01 2.598151260504202 0.01 2.64016806722689 0.01 2.589747899159664 0.01 2.3796638655462186 0.01
1 2.741008403361344 0.01 3.152773109243698 0.01 3.690588235294117 0.01 3.841848739495798 0.01 3.8754621848739497 0.01 3.825042016806723 0.01 3.825042016806723 0.01 3.0855462184873956 0.01 2.7494117647058816 0.01 2.6821848739495793 0.01 2.6821848739495793 0.01
1 0.01 0.01 0.01 0.01 0.01 0.01 0.01 0.01 0.01 0.01 0.01 0.01 0.01 0.01 0.01 0.01 0.01 0.01 0.01 0.01 0.01 0.01
1 0.01 0.01 0.09394957983193251 0.01 0.2115966386554618 0.01 0.22 0.01 0.08554621848739487 0.01 0.01 0.01 0.01 0.01 0.01 0.01 0.01 0.01 0.01 0.01 0.01 0.01 0.01 0.01 0.01 0.01 0.01 0.01 0.01 0.01 0.01 0.01 0.01 0.01 0.01 0.01 0.01 0.01
1 0.5393277310924367 0.01 0.6737815126050418 0.01 0.8670588235294115 0.01 1.1275630252100837 0.01 1.2788235294117647 0.01 1.3124369747899158 0.01 1.220284421460892 0.01 0.6065546218487395 0.01
1 0.8250420168067223 0.01 0.9847058823529409 0.01 1.0519327731092438 0.01 1.1275630252100837 0.01 1.1275630252100837 0.01 1.1947899159663864 0.01 1.346050420168067 0.01 1.5057142857142856 0.01 1.5729411764705878 0.01 1.5393277310924367 0.01 1.4048739495798315 0.01 1.3292436974789916 0.01 1.270420168067227 0.01 0.9847058823529409 0.01 0.9174789915966386 0.01
1 0.3376470588235293 0.01 0.5729411764705878 0.01 0.7746218487394958 0.01 0.8754621848739492 0.01 0.858655462184874 0.01 0.8082352941176469 0.01 0.7830252100840335 0.01 0.7746218487394958 0.01 0.7326050420168064 0.01 0.6317647058823525 0.01 0.4468907563025209 0.01 0.29563025210083993 0.01 0.15277310924369714 0.01 0.02672268907563023 0.01 0.01 0.01 0.01 0.01 0.01 0.01 0.01 0.01 0.10235294117647015 0.01 0.18638655462184828 0.01 0.2620168067226888 0.01
1 4.236806722689075 0.01 4.463697478991596 0.01 4.68218487394958 0.01 4.867058823529412 0.01 4.993109243697479 0.01 5.018319327731092 0.01 4.858655462184873 0.01 4.68218487394958 0.01 4.539327731092437 0.01 4.379663865546219 0.01 4.211596638655462 0.01 4.177983193277311 0.01
1 4.438487394957983 0.01 4.757815126050421 0.01 5.085546218487395 0.01 5.379663865546219 0.01 5.589747899159664 0.01 5.791428571428571 0.01 5.9174789915966395 0.01 6.018319327731092 0.01 6.161176470588235 0.01 6.287226890756302 0.01 6.430084033613445 0.01 6.287226890756302 0.01 6.102352941176471 0.01 5.799831932773109 0.01 5.463697478991596 0.01 5.135966386554621 0.01 4.909075630252101 0.01 4.698991596638656 0.01 4.396470588235294 0.01 4.1107563025210085 0.01 3.825042016806723 0.01 3.774621848739496 0.01 3.976302521008404 0.01 4.093949579831933 0.01 4.245210084033613 0.01 4.320840336134454 0.01
1 0.9510924369747897 0.01 1.0939495798319325 0.01 1.270420168067227 0.01 1.6401680672268908 0.01 1.7494117647058822 0.01 1.8166386554621845 0.01 1.7914285714285711 0.01 1.7242016806722689 0.01 1.5645378151260503 0.01 1.396470588235294 0.01 1.0939495798319325 0.01 0.9006722689075627 0.01 0.9006722689075627 0.01 0.8838655462184875 0.01 0.8838655462184875 0.01 0.9174789915966386 0.01
1 1.909075630252101 0.01 1.8838655462184875 0.01 1.892268907563025 0.01 2.001512605042017 0.01 2.035126050420168 0.01 2.0939495798319325 0.01 2.068739495798319 0.01 1.892268907563025 0.01
1 2.203193277310924 0.01 2.329243697478992 0.01 2.4636974789915964 0.01 2.690588235294117 0.01 2.816638655462185 0.01 2.8670588235294123 0.01 2.8922689075630252 0.01 2.917478991596638 0.01 2.850252100840336 0.01 2.6821848739495793 0.01 2.514117647058823 0.01 2.2284033613445375 0.01 2.0939495798319325 0.01 1.934285714285714 0.04243697478991635 1.715798319327731 0.05084033613445399 1.6653781512605041 0.059243697478991636 1.4721008403361344 0.04243697478991635 1.4384873949579833 0.01 1.4721008403361344 0.01 1.5897478991596636 0.01 1.8166386554621845 0.01 1.9426890756302522 0.01 2.1107563025210085 0.01 2.152773109243697 0.01
1 0.01 0.01 0.01 0.01 0.01 0.01 0.01 0.01 0.01 0.06764705882352985 0.01 0.10126050420168099 0.15277310924369714 0.05084033613445399 0.37126050420168044 0.01 0.4048739495798316 0.01 0.3292436974789916 0.01 0.2452100840336135 0.01 0.15277310924369714 0.01 0.05193277310924373 0.01
1 0.530924369747899 0.01 0.6317647058823525 0.01 0.8250420168067223 0.01 0.9678991596638656 0.01 1.085546218487395 0.01 1.1107563025210083 0.01 1.1527731092436972 0.01 1.1527731092436972 0.06764705882352985 1.10235294117647 0.16008403361344561 0.9510924369747897 0.29453781512605076 0.707394957983193 0.3785714285714289 0.5981512605042013 0.23571428571428613 0.48050420168067204 0.08445378151260513 0.4636974789915962 0.034033613445378134 0.4889075630252097 0.01
1 0.2704201680672264 0.18529411764705914 0.18638655462184828 0.3197478991596643 0.11915966386554601 0.5214285714285717 0.07714285714285665 0.689495798319328 0.060336134453781366 0.8491596638655465 0.09394957983193251 0.9752100840336135 0.15277310924369714 1.000420168067227 0.3292436974789916 0.95 0.5057142857142856 0.8827731092436977 0.6149579831932772 0.8323529411764707 0.6989915966386553 0.7567226890756302 0.7410084033613441 0.6138655462184874 0.7326050420168064 0.49621848739495816 0.6653781512605041 0.43739495798319356 0.5561344537815125 0.26932773109243724 0.4636974789915962 0.151680672268908 0.3964705882352939 0.09285714285714335
1 2.8922689075630252 0.01 3.0435294117647063 0.01 3.177983193277311 0.01 3.2872268907563025 0.01 3.253613445378152 0.01 3.119159663865546 0.01 3.02672268907563 0.01 2.942689075630252 0.01 2.9006722689075626 0.01
1 3.976302521008404 0.01 4.324537815126048 0.01 4.7662184873949585 0.01 4.976302521008404 0.01 5.060336134453781 0.01 5.060336134453781 0.01 4.984705882352942 0.01 4.741008403361344 0.01 4.371260504201681 0.01 4.29563025210084 0.01 4.1527731092436975 0.01 4.0015126050420164 0.01 3.925882352941177 0.01 3.9342857142857146 0.01
1 2.3880672268907563 0.3953781512605042 2.5813445378151254 0.3533613445378154 2.6989915966386557 0.4542016806722694 2.858655462184873 0.6390756302521009 2.9847058823529413 0.8995798319327736 2.993109243697479 1.0928571428571434 2.9090756302521004 1.227310924369748 2.7242016806722686 1.4542016806722693 2.446890756302521 1.5802521008403363 2.312436974789916 1.563445378151261 2.211596638655462 1.4794117647058829 2.068739495798319 1.3365546218487396 1.9594957983193273 1.3029411764705885 1.9426890756302522 0.924789915966387 1.9594957983193273 0.7819327731092437 2.177983193277311 0.7231092436974791 2.337647058823529 0.5634453781512611
1 0.01 0.01 0.01 0.01 0.01 0.01 0.01 0.059243697478991636 0.01 0.16848739495798326 0.01 0.2609243697478996 0.01 0.36176470588235304 0.01 0.09285714285714335
1 0.01 0.5550420168067228 0.01 0.6222689075630257 0.01 0.739915966386555 0.01 1.017226890756303 0.01 1.2441176470588238 0.01 1.4205882352941177 0.01 1.5550420168067227
1 0.01 1.462605042016807 0.01 1.3869747899159666 0.10235294117647015 1.3701680672268912 0.2115966386554618 1.4962184873949582 0.35445378151260454 1.7063025210084037 0.4384873949579833 1.840756302521009 0.5393277310924367 2.000420168067227 0.6233613445378148 2.1096638655462185 0.75781512605042 2.2693277310924374 0.8082352941176469 2.4121848739495793 0.7746218487394958 2.555042016806723 0.6065546218487395 2.672689075630252 0.4973109243697479 2.7903361344537814 0.37126050420168044 2.882773109243698 0.22840336134453765 2.899579831932773 0.01 2.907983193277311 0.01 2.916386554621848 0.01 2.8743697478991588 0.01 2.7903361344537814 0.01 2.721540616246498 0.01 1.6726890756302526 0.01 1.6054621848739499 0.01 1.5298319327731094 0.01 1.513025210084034 0.01 1.5046218487394958
2 0.01 1.639075630252101 0.01 1.689495798319328 0.01 1.689495798319328 0.01 1.597058823529412 0.01 1.5718487394957987
1 4.329243697478992 0.01 4.698991596638656 0.01 4.984705882352942 0.01 5.2284033613445375 0.01 5.320840336134454 0.01 5.5309243697479 0.01 5.732605042016806 0.01 5.799831932773109 0.01 5.850252100840335 0.01 5.673781512605042 0.01 5.438487394957983 0.01 5.186386554621849 0.01 4.87546218487395 0.01 4.640168067226892 0.01 4.480504201680673 0.01 4.388067226890756 0.01 4.33764705882353 0.01 4.320840336134454 0.01
1 5.119159663865546 0.01 5.14436974789916 0.01 5.22 0.01 5.396470588235294 0.01 5.631764705882352 0.01 5.816638655462185 0.01 5.892268907563025 0.01 5.993109243697479 0.01 6.093949579831933 0.01 6.14436974789916 0.01 5.967899159663866 0.01 5.715350140056025 0.01 5.33764705882353 0.01
1 6.2284033613445375 0.01 6.169579831932773 0.01 6.127563025210083 0.01 6.211596638655462 0.01 6.33764705882353 0.01 6.472100840336135 0.01 6.656974789915966 0.01 6.7662184873949585 0.01 6.87546218487395 0.01 7.026722689075631 0.01 7.077142857142857 0.01 6.5309243697479 0.01 6.362857142857143 0.01
1 8.135966386554621 0.01 8.077142857142858 0.01 8.02672268907563 0.01 7.993109243697479 0.01 7.892268907563025 0.01 7.715798319327733 0.01 7.497310924369749 0.01 7.312436974789916 0.01 7.203193277310925 0.01 7.093949579831933 0.01 6.967899159663866 0.01 6.7662184873949585 0.01 6.749411764705883 0.01 6.774621848739496 0.01 6.900672268907563 0.01 7.0015126050420164 0.01 7.1107563025210085 0.01 7.177983193277311 0.01 7.56453781512605 0.01 7.715798319327733 0.01 8.035126050420168 0.01
1 1.9258823529411762 1.4373949579831935 1.8586554621848739 1.5466386554621852 1.8502521008403356 1.6474789915966392 1.8586554621848739 1.7483193277310927 1.9847058823529409 1.6810924369747904 2.0939495798319325 1.6138655462184874 2.1443697478991597 1.563445378151261 2.1107563025210085 1.4794117647058829 2.0183193277310925 1.4121848739495801
1 0.8082352941176469 2.034033613445379 1.0603361344537814 2.034033613445379 1.1611764705882353 2.0928571428571434 1.2031932773109242 2.185294117647059 1.396470588235294 2.1348739495798323 1.7410084033613447 1.9415966386554624 1.707394957983193 2.420588235294117 1.5561344537815125 2.4542016806722686 1.3292436974789916 2.4542016806722686 1.068739495798319 2.378571428571429 1.0015126050420167 2.319747899159663 0.9342857142857138 2.319747899159663 0.858655462184874 2.2861344537815125 0.75781512605042 2.1600840336134457 0.75781512605042 2.1096638655462185
1 0.01 2.849159663865546 0.01 2.924789915966386 0.01 2.9584033613445375 0.01 2.9836134453781504 0.01 3.000420168067227 0.29563025210083993 2.9920168067226895 0.5225210084033614 2.9920168067226895 0.6485714285714284 3.1180672268907563 0.6737815126050418 3.2609243697478987 0.6905882352941177 3.403781512605042 0.7326050420168064 3.555042016806723 0.75781512605042 3.731512605042017 0.7914285714285711 3.8407563025210085 0.8166386554621846 4.0172268907563025 0.6737815126050418 3.9920168067226895 0.3124369747899158 4.000420168067227 0.01 4.000420168067227 0.01 3.9920168067226895 0.01 3.9920168067226895 0.01 4.000420168067227 0.01 3.9920168067226895 0.01 3.6642857142857146 0.01 3.420588235294117 0.01 3.227310924369748 0.01 3.059243697478992
1 0.6821848739495795 3.0172268907563025 0.7746218487394958 2.916386554621848 0.8754621848739492 2.95 1.0351260504201678 3.0844537815126047 1.1947899159663864 3.1936974789915964 1.3628571428571428 3.2861344537815125 1.4468907563025208 3.328151260504202 1.430084033613445 3.428991596638655 1.4048739495798315 3.622268907563025 1.4721008403361344 3.9331932773109246 1.4721008403361344 3.9836134453781504 1.119159663865546 3.9920168067226895 0.9258823529411763 3.975210084033613
1 0.9678991596638656 2.4626050420168064 1.1527731092436972 2.5130252100840336 1.396470588235294 2.521428571428571 1.5309243697478991 2.546638655462185 1.6485714285714284 2.5382352941176465 1.7242016806722689 2.521428571428571 1.8334453781512605 2.6390756302521003 1.8502521008403356 2.739915966386554 1.8502521008403356 2.849159663865546 1.8586554621848739 2.9836134453781504 1.808235294117647 3.1348739495798315 1.673781512605042 3.21890756302521 1.5645378151260503 3.252521008403361 1.430084033613445 3.21890756302521 1.22 3.101260504201681 1.0099159663865545 2.9584033613445375 0.7494117647058823 2.8323529411764707 0.6737815126050418 2.739915966386554 0.75781512605042 2.6810924369747897 0.8754621848739492 2.6138655462184874 0.9174789915966386 2.555042016806723
1 1.993109243697479 2.75672268907563 2.312436974789916 2.647478991596638 2.4636974789915964 2.655882352941177 2.4805042016806724 2.9331932773109246 2.4636974789915964 3.2357142857142858 2.514117647058823 3.428991596638655 2.5645378151260503 3.571848739495798 2.64016806722689 3.7735294117647062 2.522521008403361 3.723109243697479 2.354453781512605 3.697899159663865 2.0183193277310925 3.748319327731092 1.8250420168067227 3.7063025210084026 1.8502521008403356 3.471008403361344 1.934285714285714 3.2945378151260503 1.9594957983193273 3.1432773109243692 1.9510924369747897 2.8743697478991588
1 2.5477310924369747 2.555042016806723 2.6989915966386557 2.521428571428571 2.850252100840336 2.5130252100840336 2.976302521008404 2.6642857142857146 3.068739495798319 2.8407563025210085 3.2115966386554624 3.02563025210084 3.3040336134453776 3.151680672268907 3.3880672268907563 3.252521008403361 3.4805042016806724 3.395378151260504 3.4805042016806724 3.4794117647058815 3.4132773109243693 3.5634453781512603 3.2788235294117647 3.647478991596638 3.02672268907563 3.75672268907563 2.9006722689075626 3.823949579831933 2.825042016806723 3.8071428571428565 2.665378151260504 3.6810924369747897 2.5813445378151254 3.403781512605042 2.5729411764705876 3.1852941176470586 2.5729411764705876 2.9331932773109246 2.5477310924369747 2.75672268907563 2.5309243697478996 2.672689075630252
1 1.8166386554621845 3.95 1.8166386554621845 3.9836134453781504 1.9426890756302522 3.9668067226890753 2.035126050420168 3.9668067226890753 2.186386554621849 3.9920168067226895 2.304033613445378 3.9920168067226895 2.5309243697478996 3.975210084033613 2.614957983193277 3.8911764705882352 2.514117647058823 3.798739495798319 2.4721008403361338 3.7819327731092436 2.396470588235294 3.748319327731092 2.1947899159663864 3.7735294117647062 2.035126050420168 3.8071428571428565 1.934285714285714 3.8155462184873943 1.892268907563025 3.798739495798319 1.8166386554621845 3.8155462184873943
1 2.7242016806722686 4.008823529411765 2.841848739495798 3.9331932773109246 3.068739495798319 3.8407563025210085 3.2284033613445375 3.75672268907563 3.4300840336134457 3.672689075630252 3.6821848739495793 3.546638655462185 3.7242016806722686 3.555042016806723 3.8670588235294123 3.6390756302521003 3.9342857142857146 3.731512605042017 3.9510924369747897 3.8743697478991588 3.9090756302521004 4.000420168067227 3.5309243697478996 4.034033613445377 3.093949579831933 4.059243697478991 2.858655462184873 4.050840336134454 2.8082352941176474 4.042436974789917
1 4.009915966386554 3.9668067226890753 4.043529411764706 3.8155462184873956 4.14436974789916 3.739915966386554 4.278823529411764 3.6810924369747897 4.505714285714285 3.6642857142857146 4.656974789915966 3.723109243697479 4.749411764705883 3.849159663865546 4.799831932773109 3.9584033613445375
1 2.9847058823529413 2.4373949579831935 3.093949579831933 2.2273109243697484 3.253613445378152 2.06764705882353 3.4721008403361338 2.000420168067227 3.614957983193277 2.0424369747899163 3.690588235294117 2.1348739495798323 4.236806722689075 2.9415966386554624 4.29563025210084 3.0172268907563025 4.329243697478992 3.067647058823529 4.26201680672269 3.151680672268907 4.211596638655462 3.2105042016806724 4.119159663865546 3.302941176470588 4.043529411764706 3.3617647058823525 3.925882352941177 3.420588235294117 3.7578151260504207 3.4373949579831935 3.614957983193277 3.420588235294117 3.497310924369748 3.252521008403361 3.169579831932773 2.8911764705882352 3.1275630252100837 2.7147058823529413 3.02672268907563 2.597058823529411
1 3.7578151260504207 1.9836134453781518 3.9006722689075626 1.8491596638655465 4.0351260504201685 1.7819327731092438 4.119159663865546 1.7987394957983196 4.22 1.9079831932773113 4.3460504201680665 2.0424369747899163 4.404873949579832 2.1600840336134457 4.488907563025211 2.252521008403361 4.589747899159664 2.420588235294117 4.598151260504202 2.5634453781512603 4.598151260504202 2.748319327731092 4.5309243697479 2.95 4.463697478991596 3.0424369747899154 4.362857142857143 3.000420168067227 4.253613445378152 2.8155462184873943 4.135966386554621 2.647478991596638 3.993109243697479 2.420588235294117 3.925882352941177 2.3113445378151254 3.816638655462185 2.1600840336134457 3.791428571428571 2.1096638655462185
1 4.598151260504202 3.02563025210084 4.707394957983194 3.1096638655462185 4.87546218487395 3.1348739495798315 5.0771428571428565 3.126470588235294 5.270420168067227 3.076050420168067 5.430084033613445 3.050840336134454 5.488907563025211 3.0424369747899163 5.4973109243697476 2.9247899159663873 5.245210084033613 2.739915966386554 5.102352941176471 2.6642857142857146 4.87546218487395 2.546638655462185 4.724201680672269 2.504621848739496 4.707394957983194 2.5970588235294123
1 4.102352941176471 1.6726890756302526 4.135966386554621 1.597058823529412 4.413277310924369 1.4373949579831935 4.648571428571429 1.428991596638656 4.833445378151261 1.4710084033613446 5.14436974789916 1.639075630252101 5.3460504201680665 1.6978991596638655 5.505714285714285 1.723109243697479 5.623361344537815 1.840756302521009 5.665378151260504 1.9752100840336135 5.715798319327731 2.084453781512605 5.791428571428571 2.2945378151260503 5.833445378151261 2.4373949579831935 5.816638655462185 2.5130252100840336 5.724201680672269 2.6138655462184874 5.648571428571429 2.731512605042017 5.631764705882352 2.7735294117647062 5.581344537815126 2.8659663865546214 5.211596638655462 2.647478991596638 4.867058823529412 2.504621848739496 4.757815126050421 2.428991596638655 4.640168067226892 2.319747899159663 4.4973109243697476 2.084453781512605 4.329243697478992 1.924789915966387 4.194789915966387 1.773529411764706
1 5.87546218487395 2.571848739495798 6.236806722689075 2.588655462184873 6.396470588235294 2.6390756302521003 6.455294117647059 2.823949579831933 6.421680672268908 2.95 6.3040336134453785 3.067647058823529 6.186386554621849 3.1096638655462185 5.95109243697479 3.02563025210084 5.68218487394958 2.9584033613445375 5.640168067226892 2.9331932773109246 5.698991596638656 2.7903361344537814 5.791428571428571 2.672689075630252
1 4.9594957983193275 3.9920168067226895 5.14436974789916 3.975210084033613 5.413277310924369 4.000420168067227 5.388067226890756 3.899579831932773 5.270420168067227 3.8407563025210085 5.119159663865546 3.8743697478991588 5.026722689075631 3.916386554621848
1 2.0183193277310925 0.11806722689075627 2.070806451612903 0.3035483870967744 2.1514516129032257 0.39225806451612927 2.2620168067226887 0.462605042016807 2.3796638655462186 0.3197478991596643 2.4300840336134457 0.28613445378151314 2.3712605042016808 0.025630252100840495 2.337647058823529 0.01 2.203193277310924 0.01 2.1023529411764708 0.04243697478991635
1 6.060336134453781 0.01 5.900672268907563 0.01 5.925882352941176 0.01 5.993109243697479 0.01 6.203193277310925 0.01 6.362857142857143 0.01 6.472100840336135 0.01 6.56453781512605 0.01 6.673781512605042 0.01 6.816638655462185 0.01 6.934285714285714 0.01 7.0351260504201685 0.01 7.085546218487395 0.01 6.942689075630252 0.01 6.757815126050421 0.01 6.589747899159664 0.01 6.379663865546219 0.01 6.186386554621849 0.01
1 7.774621848739496 0.01 7.9258823529411755 0.01 7.993109243697479 0.01 8.077142857142858 0.01 8.110756302521008 0.01 8.035126050420168 0.01 7.917478991596638 0.01 7.833445378151262 0.01 7.665378151260504 0.01 7.488907563025209 0.01 7.287226890756302 0.01 7.077142857142857 0.01 6.900672268907563 0.01 6.791428571428571 0.01 6.741008403361344 0.01 6.87546218487395 0.01 7.043529411764706 0.01 7.22 0.01 7.26201680672269 0.01 7.522521008403362 0.01
1 8.194789915966387 0.01 8.320840336134454 0.01 8.572941176470588 0.01 8.698991596638654 0.01 8.774621848739496 0.01 8.783025210084034 0.01 8.72420168067227 0.01 8.472100840336134 0.01 8.362857142857143 0.01 8.211596638655463 0.01 8.127563025210083 0.01 8.035126050420168 0.01 8.110756302521008 0.01 8.119159663865545 0.01 8.169579831932774 0.01
1 8.581344537815125 0.01 8.598151260504201 0.01 8.715798319327732 0.01 8.825042016806725 0.01 8.993109243697479 0.01 9.25361344537815 0.01 9.312436974789916 0.01 9.320840336134454 0.01 9.312436974789916 0.01 9.312436974789916 0.01 9.060336134453783 0.01 8.825042016806725 0.01
1 8.883865546218487 0.01 8.934285714285716 0.01 9.018319327731092 0.01 9.177983193277312 0.01 9.29563025210084 0.01 9.33 0.01 9.29563025210084 0.01 9.10235294117647 0.01 9.009915966386554 0.01
1 8.83344537815126 0.01 9.001512605042016 0.01 9.144369747899159 0.01 9.304033613445378 0.01 9.29563025210084 0.01 9.320840336134454 0.01 9.304033613445378 0.01 9.245210084033612 0.01 9.161176470588236 0.01 9.02672268907563 0.01 8.783025210084034 0.01 8.589747899159663 0.01 8.455294117647059 0.01 8.33764705882353 0.01 8.33764705882353 0.01 8.438487394957983 0.01 8.539327731092436 0.01 8.665378151260505 0.01 8.715798319327732 0.01 8.766218487394958 0.01
1 6.2284033613445375 0.01 6.371260504201681 0.01 6.60655462184874 0.01 6.707394957983194 0.01 6.808235294117647 0.01 6.925882352941176 0.01 6.967899159663866 0.01 6.833445378151261 0.01 6.783025210084033 0.01 6.60655462184874 0.01 6.388067226890756 0.01
1 6.093949579831933 0.01 6.362857142857143 0.01 6.514117647058823 0.01 6.623361344537815 0.01 6.522521008403362 0.01 6.522521008403362 0.12647058823529447 6.56453781512605 0.2525210084033614 6.547731092436975 0.34495798319327775 6.480504201680673 0.3533613445378154 6.287226890756302 0.4037815126050424 6.051932773109244 0.43739495798319356 5.942689075630252 0.4542016806722694 5.816638655462185 0.38697478991596657 5.816638655462185 0.2021008403361344 5.934285714285714 0.01 6.009915966386554 0.01
1 7.505714285714287 0.025630252100840495 7.22 0.21890756302521028 7.026722689075631 0.3701680672268913 6.900672268907563 0.5382352941176475 7.009915966386554 0.7903361344537819 7.102352941176471 0.8911764705882353 7.354453781512606 0.8743697478991601 7.488907563025209 0.8491596638655465 7.68218487394958 0.7819327731092437 7.8082352941176465 0.7231092436974791 7.993109243697479 0.6138655462184874 8.06873949579832 0.513025210084034 8.001512605042016 0.3533613445378154 7.867058823529412 0.21050420168067263 7.757815126050421 0.09285714285714335 7.614957983193278 0.034033613445378134
1 5.278823529411764 0.7735294117647061 5.472100840336135 0.6138655462184874 5.623361344537815 0.513025210084034 5.707394957983194 0.513025210084034 5.87546218487395 0.513025210084034 5.942689075630252 0.588655462184874 5.984705882352942 0.7063025210084038 6.043529411764706 0.8911764705882353 6.119159663865546 1.1180672268907568 6.093949579831933 1.2441176470588238 6.0351260504201685 1.3869747899159666 5.95109243697479 1.4794117647058829 5.87546218487395 1.6726890756302526 5.867058823529412 1.8071428571428572 5.774621848739496 1.8575630252100843 5.614957983193277 1.7399159663865549 5.598151260504202 1.639075630252101 5.698991596638656 1.5046218487394958 5.648571428571429 1.4121848739495801 5.522521008403361 1.227310924369748 5.320840336134454 0.924789915966387
1 6.068739495798319 0.5382352941176475 6.287226890756302 0.49621848739495816 6.505714285714285 0.4794117647058823 6.581344537815126 0.6054621848739498 6.665378151260504 0.689495798319328 6.833445378151261 0.7483193277310926 6.967899159663866 0.9331932773109247 6.984705882352942 1.1348739495798321 6.892268907563025 1.361764705882353 6.850252100840335 1.5298319327731094 6.547731092436975 1.3953781512605048 6.278823529411764 1.3029411764705885 6.2284033613445375 1.2693277310924374 6.203193277310925 1.1432773109243697 6.211596638655462 1.017226890756303 6.169579831932773 0.8575630252100842 6.102352941176471 0.7147058823529414 6.085546218487395 0.6642857142857145
1 7.1107563025210085 1.000420168067227 7.3040336134453785 0.9836134453781518 7.514117647058824 0.9752100840336135 7.707394957983192 0.8995798319327736 7.858655462184874 0.7903361344537819 8.085546218487396 0.6978991596638656 8.262016806722688 0.7063025210084038 8.287226890756303 0.8575630252100842 8.245210084033612 1.0424369747899163 8.22 1.227310924369748 8.110756302521008 1.4037815126050424 8.02672268907563 1.5466386554621852 7.9258823529411755 1.6810924369747904 7.656974789915966 1.639075630252101 7.581344537815125 1.6474789915966392 7.463697478991596 1.723109243697479 7.354453781512606 1.790336134453782 7.186386554621849 1.773529411764706 7.043529411764706 1.6810924369747904 6.967899159663866 1.6138655462184874 6.967899159663866 1.428991596638656 7.026722689075631 1.227310924369748
1 6.1527731092436975 1.3953781512605048 6.421680672268908 1.4710084033613446 6.741008403361344 1.5382352941176476 6.909075630252101 1.6978991596638655 6.993109243697479 1.7819327731092438 7.135966386554623 1.840756302521009 7.29563025210084 1.8995798319327735 7.194789915966387 2.0760504201680674 7.0015126050420164 2.084453781512605 6.825042016806723 2.084453781512605 6.690588235294118 2.1180672268907568 6.614957983193277 2.2357142857142858 6.522521008403362 2.3533613445378148 6.413277310924371 2.4794117647058815 6.379663865546219 2.5298319327731087 6.186386554621849 2.504621848739496 6.0015126050420164 2.5130252100840336 5.942689075630252 2.504621848739496 5.850252100840335 2.1600840336134457 5.7662184873949585 1.9668067226890757 5.87546218487395 1.9079831932773113 5.984705882352942 1.8071428571428572 6.0015126050420164 1.6222689075630257 6.0771428571428565 1.5214285714285716
1 7.396470588235294 1.8575630252100848 7.480504201680671 1.790336134453782 7.598151260504201 1.7315126050420173 7.732605042016807 1.7147058823529415 7.87546218487395 1.7231092436974798 7.9258823529411755 1.7987394957983196 7.909075630252101 1.975210084033614 7.892268907563025 2.2105042016806733 7.867058823529412 2.2945378151260503 7.673781512605042 2.3869747899159663 7.522521008403362 2.4794117647058815 7.421680672268908 2.546638655462185 7.270420168067227 2.370168067226891 7.236806722689075 2.2693277310924374 7.2284033613445375 2.2021008403361346 7.312436974789916 2.050840336134454 7.354453781512606 1.9584033613445382
1 6.698991596638656 2.420588235294117 6.8418487394957985 2.3113445378151254 6.993109243697479 2.2693277310924374 7.119159663865546 2.2861344537815125 7.211596638655462 2.3617647058823525 7.3040336134453785 2.521428571428571 7.320840336134454 2.647478991596639 7.320840336134454 2.798739495798319 7.14436974789916 2.75672268907563 6.9594957983193275 2.6642857142857146 6.791428571428571 2.546638655462185
1 8.312436974789916 1.1768907563025215 8.463697478991596 1.151680672268908 8.623361344537816 1.151680672268908 8.867058823529412 1.2273109243697484 8.967899159663865 1.3617647058823537 8.976302521008403 1.5550420168067234 8.98470588235294 1.748319327731093 9.051932773109245 1.9163865546218495 8.900672268907563 2.06764705882353 8.766218487394958 2.2105042016806733 8.665378151260505 2.3533613445378148 8.614957983193278 2.471008403361344 8.44689075630252 2.4794117647058815 8.312436974789916 2.370168067226891 8.093949579831934 2.2861344537815125 8.009915966386554 2.2357142857142858 7.959495798319328 2.168487394957984 8.001512605042016 1.975210084033614 8.001512605042016 1.7819327731092443 8.035126050420168 1.664285714285715 8.10235294117647 1.5298319327731098 8.177983193277312 1.4205882352941182 8.262016806722688 1.3281512605042018 8.278823529411765 1.2861344537815131
1 9.262016806722688 0.5298319327731099 9.110756302521008 0.8239495798319331 9.077142857142858 0.9331932773109247 9.043529411764705 1.1180672268907568 9.018319327731092 1.2777310924369756 9.02672268907563 1.4373949579831935 9.051932773109245 1.6726890756302526 9.06873949579832 1.7987394957983196 9.119159663865545 1.9079831932773113 9.312436974789916 1.9079831932773113 9.329243697478992 1.2861344537815131 9.320840336134454 1.0256302521008405 9.329243697478992 0.7483193277310926 9.33 0.7309243697478996
1 9.169579831932774 1.9920168067226893 9.001512605042016 2.0844537815126056 8.883865546218487 2.2105042016806733 8.766218487394958 2.3533613445378148 8.715798319327732 2.4878151260504207 8.75781512605042 2.555042016806723 8.825042016806725 2.622268907563025 8.917478991596639 2.622268907563025 9.10235294117647 2.521428571428571 9.262016806722688 2.4373949579831935 9.320840336134454 2.4121848739495793 9.329243697478992 2.2357142857142858 9.312436974789916 2.008823529411765 9.312436974789916 1.9668067226890757
1 7.967899159663866 2.3365546218487396 8.127563025210083 2.395378151260504 8.278823529411765 2.504621848739496 8.362857142857143 2.622268907563025 8.37966386554622 2.8659663865546214 8.438487394957983 2.9836134453781518 8.388067226890758 3.0844537815126047 8.278823529411765 3.244117647058823 8.22 3.378571428571429 8.110756302521008 3.4289915966386557 7.8082352941176465 3.3617647058823525 7.514117647058824 3.1432773109243692 7.388067226890756 2.9920168067226895 7.362857142857143 2.899579831932773 7.404873949579832 2.7147058823529413 7.488907563025209 2.622268907563025 7.6905882352941175 2.5298319327731087 7.816638655462184 2.4457983193277313
1 6.514117647058823 3.02563025210084 6.7662184873949585 3.1180672268907563 6.8418487394957985 3.252521008403361 6.858655462184874 3.4542016806722686 6.8418487394957985 3.5634453781512603 6.707394957983194 3.706302521008404 6.4973109243697476 3.739915966386554 6.312436974789916 3.748319327731092 6.22 3.7567226890756307 6.0771428571428565 3.7651260504201685 6.0351260504201685 3.8155462184873956 5.900672268907563 3.882773109243698 5.816638655462185 3.849159663865546 5.715798319327731 3.706302521008404 5.757815126050421 3.546638655462185 5.783025210084033 3.504621848739496 6.102352941176471 3.4626050420168064 6.2284033613445375 3.3617647058823525 6.329243697478992 3.21890756302521 6.438487394957983 3.1432773109243692
1 7.421680672268908 3.2777310924369747 7.6065546218487405 3.344957983193277 7.791428571428571 3.428991596638655 7.976302521008404 3.471008403361344 8.203193277310925 3.521428571428571 8.371260504201679 3.6894957983193275 8.614957983193278 3.7819327731092436 8.825042016806725 3.9331932773109246 8.883865546218487 4.034033613445377 8.463697478991596 4.042436974789917 8.043529411764705 4.0172268907563025 7.6905882352941175 3.9920168067226895 7.56453781512605 3.8323529411764707 7.480504201680671 3.6306722689075626 7.438487394957983 3.4542016806722686
1 8.463697478991596 2.571848739495798 8.656974789915967 2.588655462184873 8.774621848739496 2.6810924369747897 8.841848739495799 2.7063025210084026 9.001512605042016 2.6642857142857146 9.085546218487396 2.6054621848739496 9.203193277310925 2.5634453781512603 9.29563025210084 2.5298319327731087 9.329243697478992 3.403781512605042 9.110756302521008 3.2777310924369747 8.917478991596639 3.126470588235294 8.749411764705883 3.067647058823529 8.589747899159663 3.050840336134454 8.505714285714287 2.95 8.49731092436975 2.8323529411764707 8.472100840336134 2.723109243697479 8.44689075630252 2.655882352941177
1 1.8530645161290322 1.8841935483870969 2.1433870967741933 1.6745161290322579 2.3127419354838707 1.6583870967741934 2.4175806451612902 1.7551612903225804 2.4498387096774197 1.956774193548387 2.4740322580645158 2.1664516129032254 2.4740322580645158 2.3438709677419354 2.4014516129032257 2.448709677419355 2.2079032258064517 2.5454838709677414 1.9982258064516127 2.61 1.9014516129032257 2.6019354838709683 1.845 2.4729032258064514 1.820806451612903 2.2632258064516133
1 0.01 0.45677419354838716 0.01 0.17451612903225794 0.01 0.17451612903225794 0.01 0.2229032258064518 0.03854838709677409 0.2954838709677421 0.01 0.38419354838709696 0.01 0.4970967741935482 0.01 0.6180645161290323 0.01 0.585806451612903 0.01 0.5132258064516129
1 0.01 0.01 0.2401612903225805 0.01 0.4498387096774195 0.01 0.6030645161290323 0.01 0.7482258064516129 0.01 0.8288709677419354 0.01 0.7482258064516129 0.01 0.6111290322580646 0.01 0.4820967741935482 0.01 0.345 0.01 0.2804838709677421 0.01 0.2562903225806451 0.01 0.13532258064516128 0.01 0.046612903225806405 0.01
1 0.7159677419354835 0.01 0.9175806451612902 0.01 0.9982258064516129 0.01 0.9982258064516129 0.01 1.0224193548387097 0.01 0.9498387096774195 0.01 0.8530645161290323 0.01
1 1.4014516129032257 0.01 1.6917741935483872 0.01 1.8369354838709677 0.01 1.8611290322580647 0.01 1.7885483870967744 0.01 1.7724193548387097 0.01 1.7482258064516127 0.01 1.683709677419355 0.01 1.6111290322580647 0.01 1.5627419354838707 0.01 1.530483870967742 0.01 1.4901612903225805 0.01 1.4417741935483872 0.01 1.369193548387097 0.01 1.369193548387097 0.01
1 1.6917741935483872 0.01 1.8530645161290322 0.01 2.0546774193548383 0.01 2.2320967741935482 0.01 2.1595161290322578 0.01 2.1191935483870967 0.01 2.1675806451612902 0.01 2.2079032258064517 0.01 2.1433870967741933 0.01 2.0466129032258067 0.01 1.933709677419355 0.01 1.7724193548387097 0.01 1.6111290322580647 0.01 1.5143548387096775 0.01
1 2.215967741935484 0.01 2.4740322580645158 0.01 2.7562903225806457 0.01 3.0949999999999993 0.01 3.651451612903226 0.01 4.078870967741936 0.01 4.264354838709678 0.01 4.345 0.01 4.175645161290323 0.01 3.9820967741935482 0.01 3.7240322580645167 0.01 3.6111290322580643 0.01 3.4982258064516127 0.01 3.2966129032258067 0.01 3.1111290322580643 0.01 2.901451612903226 0.01 2.7643548387096772 0.01 2.6433870967741933 0.01 2.4014516129032257 0.01 2.3127419354838707 0.01 2.288548387096774 0.01
1 3.1433870967741933 0.01 3.3853225806451617 0.01 3.530483870967742 0.01 3.4256451612903227 0.01 3.1111290322580643 0.06161290322580669 2.9337096774193543 0.2148387096774195 2.7724193548387093 0.2793548387096774 2.6030645161290322 0.2470967741935482 2.538548387096774 0.2229032258064518 2.4740322580645158 0.06967741935483901 2.465967741935484 0.01 2.4901612903225807 0.01 2.627258064516129 0.01 2.780483870967742 0.01 2.8933870967741933 0.01 3.062741935483871 0.01
1 3.2885483870967738 0.01 3.4337096774193543 0.01 3.562741935483871 0.01 3.8046774193548383 0.01 3.990161290322581 0.01 4.143387096774194 0.01 4.095 0.01 3.9659677419354837 0.01 3.8611290322580643 0.01 3.699838709677419 0.01 3.530483870967742 0.01
1 2.8853225806451617 0.3680645161290323 3.4740322580645167 0.04548387096774206 3.941774193548387 0.01 3.9982258064516127 0.01 4.086935483870968 0.23096774193548414 4.264354838709678 0.28741935483870973 4.474032258064517 0.3680645161290323 4.562741935483871 0.5293548387096775 4.740161290322581 0.8277419354838708 5.02241935483871 0.9567741935483872 5.151451612903227 1.0051612903225804 5.296612903225808 1.1341935483870969 5.312741935483871 1.2793548387096774 5.264354838709678 1.3841935483870969 5.054677419354839 1.4164516129032256 4.651451612903227 1.3922580645161293 4.37725806451613 1.4164516129032256 4.183709677419355 1.4648387096774196 3.9820967741935482 1.569677419354839 3.8772580645161288 1.6745161290322579 3.740161290322581 1.7874193548387098 3.6272580645161288 1.8438709677419354 3.4337096774193543 1.8438709677419354 3.240161290322581 1.8438709677419354 3.2240322580645167 1.6906451612903226 3.2079032258064517 1.4083870967741934 3.0869354838709677 1.1825806451612904 3.0546774193548383 1.0374193548387098 3.0466129032258067 0.8519354838709677 2.9982258064516127 0.6987096774193549 2.9579032258064517 0.6261290322580646 2.901451612903226 0.5212903225806451
1 1.6030645161290322 0.2632258064516128 1.8530645161290322 0.2067741935483872 1.933709677419355 0.3438709677419354 2.1675806451612902 0.5132258064516129 2.2401612903225807 0.569677419354839 2.1675806451612902 0.6180645161290323 2.0627419354838707 0.6825806451612902 1.8772580645161292 0.7229032258064518 1.7885483870967744 0.7309677419354841 1.7159677419354842 0.6180645161290323 1.635322580645161 0.47290322580645183
1 1.159516129032258 0.2148387096774195 1.4417741935483872 0.2954838709677421 1.4579032258064517 0.43258064516129024 1.635322580645161 0.7067741935483872 1.780483870967742 1.0132258064516129 1.820806451612903 1.2390322580645163 1.8127419354838707 1.4406451612903226 1.7482258064516127 1.545483870967742 1.5143548387096775 1.5777419354838707 1.3288709677419355 1.6261290322580646 1.1433870967741933 1.61 1.0385483870967744 1.5374193548387098 0.909516129032258 1.3358064516129031 0.8369354838709677 1.1019354838709676 0.845 0.9648387096774195 0.8530645161290323 0.6745161290322579 0.8772580645161292 0.5212903225806451 0.9579032258064518 0.4083870967741933 1.0627419354838707 0.32774193548387076
1 0.01 0.6180645161290323 0.01 0.42451612903225794 0.02241935483870975 0.6422580645161292 0.01 0.819677419354839 0.01 0.9809677419354841 0.01 1.0132258064516129 0.01 0.9487096774193549 0.01 0.9003225806451616 0.01 0.7390322580645159
1 0.01 0.01 0.01 0.01 0.01 0.01 0.01 0.01 0.01 0.01 0.01 0.01 0.01 0.01 0.01 0.01 0.01 0.01 0.01 0.01 0.01 0.01
1 0.01 0.01 0.01 0.01 0.01 0.01 0.01 0.01 0.01 0.01 0.01 0.01 0.01 0.01 0.01 0.01 0.01 0.01 0.01 0.01
1 0.01 1.1180645161290323 0.01 1.069677419354839 0.01 1.0858064516129031 0.01 1.1503225806451616 0.03854838709677409 1.2148387096774196 0.01 1.2470967741935481 0.01 1.3035483870967743 0.01 1.3358064516129031 0.01 1.3761290322580646
1 0.12725806451612898 1.1422580645161293 0.30467741935483844 1.0616129032258066 0.635322580645161 0.9890322580645164 0.6837096774193548 1.0212903225806451 0.7240322580645159 1.206774193548387 0.7966129032258067 1.319677419354839 0.9337096774193548 1.569677419354839 1.095 1.6906451612903226 1.1998387096774195 1.7712903225806451 1.1433870967741933 1.8116129032258066 1.0385483870967744 1.86 0.9579032258064518 1.8761290322580646 0.8530645161290323 1.9003225806451616 0.7240322580645159 1.9164516129032256 0.5788709677419354 1.8922580645161293 0.4579032258064518 1.7229032258064518 0.385322580645161 1.5938709677419354 0.32080645161290305 1.456774193548387 0.2562903225806451 1.3519354838709676 0.1998387096774195 1.2874193548387098 0.16758064516129026 1.2470967741935481
1 1.1030645161290322 1.956774193548387 1.2643548387096775 1.819677419354839 1.433709677419355 1.7390322580645163 1.570806451612903 1.6987096774193549 1.683709677419355 1.730967741935484 1.7240322580645158 1.795483870967742 1.6111290322580647 1.9083870967741934 1.4740322580645158 1.980967741935484 1.345 2.0293548387096774 1.280483870967742 2.03741935483871
1 2.5788709677419352 1.6664516129032256 2.7159677419354837 1.5374193548387098 2.9095161290322578 1.36 2.9579032258064517 1.3116129032258066 3.0143548387096772 1.4487096774193549 3.078870967741936 1.6825806451612904 3.062741935483871 1.7712903225806451 3.0949999999999993 1.9164516129032256 3.1433870967741933 2.0293548387096774 3.0546774193548383 2.11 2.9659677419354837 2.1906451612903224 2.8611290322580643 2.279354838709678 2.780483870967742 2.3519354838709683 2.6837096774193547 2.36 2.635322580645161 2.279354838709678 2.5788709677419352 2.1422580645161293 2.5546774193548383 1.956774193548387 2.5224193548387097 1.7551612903225804
1 4.199838709677419 0.01 4.280483870967742 0.01 4.369193548387098 0.01 4.578870967741937 0.01 4.667580645161291 0.01 4.659516129032259 0.13419354838709693 4.62725806451613 0.2067741935483872 4.530483870967742 0.2632258064516128 4.37725806451613 0.2470967741935482 4.224032258064517 0.2148387096774195 4.159516129032258 0.1583870967741933 4.151451612903227 0.06161290322580669 4.127258064516129 0.01 4.151451612903227 0.01
1 5.0062903225806465 0.01 5.248225806451612 0.01 5.328870967741937 0.01 5.554677419354839 0.01 5.651451612903227 0.01 5.77241935483871 0.01 5.836935483870969 0.01 5.925645161290322 0.01 5.974032258064517 0.01 5.828870967741937 0.01 5.667580645161291 0.01 5.570806451612903 0.18258064516129024 5.474032258064517 0.5132258064516129 5.457903225806451 0.6019354838709677 5.288548387096773 0.6503225806451616 5.19983870967742 0.6422580645161292 5.078870967741937 0.5374193548387097 5.038548387096773 0.3035483870967744 5.103064516129032 0.053548387096774376 5.12725806451613 0.01 5.12725806451613 0.01 5.111129032258064 0.01 5.062741935483871 0.01
1 7.764354838709678 0.01 7.941774193548388 0.01 8.143387096774193 0.01 7.917580645161291 0.01 7.812741935483871 0.01
1 3.8691935483870967 3.5454838709677414 4.086935483870968 3.4245161290322583 4.280483870967742 3.2954838709677414 4.385322580645161 3.158387096774194 4.465967741935483 3.11 4.643387096774193 3.1906451612903233 4.796612903225808 3.2309677419354843 5.369193548387098 3.1664516129032254 5.570806451612903 3.11 5.683709677419356 3.0454838709677414 5.87725806451613 3.061612903225806 6.078870967741937 3.1664516129032254 6.12725806451613 3.28741935483871 6.054677419354839 3.3841935483870964 5.788548387096773 3.4567741935483864 5.498225806451612 3.5454838709677414 5.312741935483871 3.6341935483870964 5.19983870967742 3.7712903225806453 5.054677419354839 3.835806451612904 4.933709677419356 3.835806451612904 4.748225806451612 3.7551612903225804 4.619193548387098 3.6664516129032254 4.425645161290322 3.61 4.135322580645162 3.618064516129032 4.030483870967742 3.6664516129032254 3.949838709677419 3.61
1 6.586935483870969 2.5212903225806453 6.740161290322581 2.5938709677419354 6.861129032258066 2.6906451612903233 7.014354838709678 2.779354838709678 7.19983870967742 2.900322580645161 7.27241935483871 3.03741935483871 7.280483870967742 3.1825806451612904 7.2562903225806465 3.247096774193549 7.062741935483871 3.239032258064516 6.933709677419356 3.2148387096774194 6.812741935483871 3.118064516129032 6.715967741935483 3.0212903225806453 6.635322580645161 2.989032258064516 6.554677419354839 2.9325806451612904 6.554677419354839 2.827741935483871 6.538548387096773 2.7067741935483864 6.5062903225806465 2.618064516129032 6.5062903225806465 2.53741935483871
1 8.49016129032258 3.0938709677419354 8.683709677419353 3.158387096774194 8.853064516129031 3.239032258064516 9.02241935483871 3.327741935483871 9.16758064516129 3.400322580645161 9.288548387096773 3.489032258064516 9.328870967741935 3.61 9.320806451612903 3.8035483870967743 9.304677419354839 3.9648387096774194 9.224032258064515 3.997096774193549 9.086935483870969 3.989032258064516 8.974032258064515 3.9648387096774194 8.901451612903225 3.900322580645161 8.78048387096774 3.8035483870967743 8.627258064516129 3.7148387096774194 8.474032258064515 3.6422580645161293 8.361129032258063 3.5938709677419354 8.288548387096773 3.497096774193549 8.28048387096774 3.4567741935483864 8.320806451612903 3.3438709677419354 8.369193548387095 3.247096774193549 8.409516129032259 3.1745161290322583
1 7.982096774193549 0.01 8.264354838709679 0.01 8.433709677419353 0.01 8.619193548387095 0.01 8.91758064516129 0.01 9.095 0.01 9.224032258064515 0.01 9.264354838709679 0.01 9.296612903225805 0.01 9.304677419354839 0.053548387096774376 9.175645161290323 0.4083870967741933 9.119193548387095 0.5374193548387097 9.038548387096773 0.6825806451612902 9.006290322580645 0.8680645161290323 8.941774193548389 0.9970967741935481 8.78048387096774 1.0132258064516129 8.66758064516129 0.9648387096774195 8.53048387096774 0.9083870967741933 8.409516129032259 0.7148387096774195 8.256290322580645 0.42451612903225794 8.13532258064516 0.3116129032258067 7.990161290322581 0.23096774193548414 7.87725806451613 0.06161290322580669 7.724032258064517 0.01 7.715967741935483 0.01 7.77241935483871 0.01 7.885322580645161 0.01 7.909516129032259 0.01
1 6.732605042016806 0.01 6.984705882352942 0.01 7.093949579831933 0.01 7.488907563025209 0.01 7.741008403361345 0.01 7.6905882352941175 0.01 7.614957983193278 0.01 7.404873949579832 0.01 7.119159663865546 0.01 6.8418487394957985 0.01
1 6.640168067226892 0.01 7.26201680672269 0.01 7.665378151260504 0.01 7.060336134453781 0.19369747899159676 6.934285714285714 0.31134453781512605 6.8418487394957985 0.4710084033613447 6.825042016806723 0.6222689075630257 6.68218487394958 0.5634453781512611 6.648571428571429 0.4794117647058823 6.640168067226892 0.29453781512605076 6.640168067226892 0.151680672268908 6.631764705882352 0.07605042016806748
