1 0.01 0.01 0.01 0.01 0.01 0.01 0.01 0.01 0.01 0.01 0.01 0.01 0.01 0.01 0.01 0.01 0.01 0.01 0.01 0.01 0.01 0.01 0.01 0.01 0.01 0.05462184873949582 0.01 0.1302521008403363 0.01 0.07983193277310932 0.01 0.029411764705882318 0.01 0.01 0.01 0.01 0.01 0.01 0.01 0.01
1 0.01 0.01 0.01 0.01 0.01 0.01 0.01 0.01 0.01 0.01 0.01 0.01 0.01 0.01 0.01 0.01 0.01 0.01 0.01 0.01 0.01 0.01 0.01 0.01 0.01 0.01 0.01 0.01 0.01 0.01 0.01 0.01 0.01 0.01 0.01 0.01 0.01 0.01 0.01 0.01
1 0.01 0.01 0.01 0.01 0.01 0.01 0.01 0.01 0.01 0.01 0.01 0.01 0.01 0.01 0.01 0.01 0.01 0.01 0.01 0.01 0.01 0.01 0.01 0.01 0.01 0.01 0.01 0.01 0.01 0.01 0.01 0.01 0.01 0.01 0.01 0.01 0.01 0.01 0.01 0.01 0.01 0.01 0.01 0.01 0.01 0.01
1 0.01 0.01 0.01 0.01 0.01 0.01 0.01 0.01 0.07983193277310875 0.01 0.2731092436974791 0.01 0.5420168067226894 0.01 0.2226890756302521 0.01 0.06302521008403346 0.01 0.01 0.01 0.01 0.01 0.01 0.01 0.01 0.01 0.01 0.01 0.01 0.01 0.01 0.01 0.01 0.01
1 0.14705882352941216 0.01 0.5168067226890752 0.01 0.6680672268907563 0.01 1.021008403361344 0.01 1.3067226890756307 0.01 1.7605042016806727 0.01 2.0882352941176476 0.01 2.180672268907563 0.01 2.0462184873949583 0.01 1.9537815126050417 0.01 1.5420168067226894 0.01 0.9873949579831935 0.01 0.6848739495798316 0.01 0.38235294117647073 0.01 0.19747899159663918 0.01
1 0.6344537815126046 0.01 1.121848739495798 0.01 1.5168067226890753 0.01 1.8109243697478996 0.01 2.1050420168067228 0.01 2.331932773109244 0.01 2.600840336134454 0.01 2.9537815126050417 0.01 3.15546218487395 0.01 3.2815126050420167 0.01 3.3823529411764706 0.01 3.474789915966387 0.01 3.449579831932773 0.01 3.2310924369747895 0.01 2.8865546218487395 0.01 2.5 0.01 2.180672268907563 0.03781512605042053 2.004201680672269 0.23949579831932793 1.7689075630252102 0.23949579831932793 1.4411764705882353 0.06302521008403403 0.9873949579831935 0.01 0.550420168067227 0.01 0.18067226890756274 0.01 0.01 0.01 0.01 0.01 0.01 0.01 0.1218487394957981 0.01 0.30672268907562966 0.01 0.399159663865546 0.01 0.5588235294117646 0.01
1 0.01 0.03781512605042053 0.01 0.01 0.01 0.01 0.01 0.01 0.01 0.01 0.01 0.01 0.01 0.01 0.01 0.01 0.01 0.01 0.01 0.03781512605042053 0.01 0.24789915966386558 0.01 0.3403361344537819 0.01 0.2983193277310926 0.01 0.18907563025210095 0.01 0.13865546218487396
1 0.01 0.16386554621848745 0.01 0.2058823529411768 0.01 0.23949579831932793 0.01 0.1554621848739498 0.01 0.14705882352941216 0.01 0.23949579831932793 0.01 0.3571428571428572 0.01 0.4747899159663871 0.01 0.8781512605042019 0.01 1.029411764705883 0.01 1.0714285714285716 0.01 1.1302521008403363 0.01 1.2310924369747902 0.01 1.2815126050420174 0.01 1.3319327731092436 0.01 1.297945845004669 0.01 1.0126050420168071 0.01 0.5924369747899163 0.01 0.4075630252100842 0.01 0.2731092436974791
1 0.01 0.01 0.01 0.01 0.01 0.01 0.01 0.01 0.01 0.01 0.01 0.01 0.01 0.01 0.01 0.01 0.01 0.01 0.01 0.01 0.01 0.01 0.01 0.01 0.01 0.01 0.01 0.01 0.01 0.01 0.01 0.19747899159663918 0.01 0.7436974789915968 0.01 1.1806722689075633 0.01 1.3571428571428572 0.01 1.4411764705882353 0.01 1.5336134453781518 0.01 1.5336134453781518 0.01 1.4075630252100841 0.01 1.2310924369747902 0.01 1.063025210084034 0.01 1.0378151260504205 0.01 0.7436974789915968 0.01 0.4747899159663871 0.01 0.37394957983193305 0.01 0.10504201680672282 0.01 0.01 0.01 0.01
1 0.01 1.4411764705882353 0.01 1.373949579831933 0.01 1.3067226890756307 0.01 1.2058823529411768 0.01 1.1722689075630257 0.01 1.1638655462184875 0.01 1.3319327731092436 0.01 1.5336134453781518 0.01 1.651260504201681 0.01 2.0126050420168067 0.01 2.491596638655462 0.01 2.928571428571429 0.01 3.0546218487394956 0.01 3.298319327731092 0.01 3.626050420168067 0.01 3.7352941176470584 0.01 3.676470588235294 0.01 3.651260504201681 0.01 3.743697478991596 0.01 3.752100840336134 0.01 3.121848739495798 0.01 2.550420168067227 0.01 2.0630252100840334 0.01 1.752100840336135 0.01 1.5588235294117652
1 0.01 3.8949579831932772 0.01 3.7941176470588234 0.01 3.726890756302521 0.01 3.8109243697478985 0.01 3.84453781512605 0.01 4.0210084033613445 0.01 4.197478991596638 0.01 4.33 0.01 4.33 0.01 4.33 0.01 4.315126050420169 0.01 4.315126050420169 0.01 4.315126050420169 0.01 4.180672268907562 0.01 4.054621848739496
1 0.01 3.6428571428571423 0.01 3.3067226890756296 0.01 3.1050420168067228 0.01 3.029411764705882 0.01 3.0462184873949583 0.01 3.197478991596638 0.01 3.4663865546218484 0.01 3.6176470588235294 0.01 3.7689075630252105 0.01 4.1386554621848735 0.01 4.298319327731092 0.01 4.3235294117647065 0.01 4.33 0.01 4.33 0.01 4.33 0.01 4.205882352941177 0.01 3.995798319327731 0.01 3.819327731092437 0.01 3.7100840336134455
1 0.01 1.7268907563025215 0.01 1.6680672268907568 0.01 1.600840336134454 0.01 1.600840336134454 0.01 1.6680672268907568 0.01 1.8529411764705879 0.01 2.172268907563025 0.01 2.424369747899159 0.01 2.659663865546219 0.01 2.8865546218487395 0.01 3.096638655462185 0.01 3.2899159663865545 0.01 3.5672268907563023 0.01 3.508403361344538 0.01 3.180672268907563 0.01 2.9537815126050417 0.01 2.869747899159663 0.01 2.7857142857142856 0.01 2.340336134453781 0.01 2.1638655462184873 0.01 1.9201680672268902 0.01 1.827731092436975
1 0.08823529411764752 0.01 0.39075630252100835 0.01 0.7605042016806727 0.01 1.1134453781512605 0.01 1.3571428571428568 0.1554621848739498 1.7100840336134455 0.32352941176470607 1.9285714285714288 0.3487394957983196 2.0882352941176476 0.5420168067226894 2.2899159663865545 0.9621848739495801 2.4663865546218484 1.289915966386555 2.491596638655462 1.5084033613445382 2.340336134453781 1.752100840336135 1.9873949579831935 2.021008403361344 1.651260504201681 2.2899159663865545 1.172268907563025 2.659663865546219 0.7941176470588232 2.777310924369748 0.4747899159663871 2.8025210084033607 0.2058823529411768 2.819327731092437 0.01 2.852941176470588 0.01 2.6092436974789917 0.01 2.2899159663865545 0.01 1.9453781512605042 0.01 1.701680672268908 0.01 1.5252100840336136 0.01 1.3823529411764708 0.01 1.1722689075630257 0.01 0.7436974789915968 0.01 0.4327731092436977 0.01 0.19747899159663918 0.01 0.012605042016807034 0.01 0.01 0.01 0.01
1 0.04621848739495817 3.0378151260504205 0.5336134453781517 2.9621848739495795 0.8109243697478996 2.869747899159663 1.3571428571428568 2.659663865546219 1.5336134453781518 2.5 1.7857142857142856 2.323529411764706 2.0630252100840334 2.1050420168067228 2.399159663865546 1.9369747899159666 2.7184873949579833 1.735294117647059 2.928571428571429 1.7857142857142856 3.2647058823529416 1.9873949579831935 3.5 2.273109243697479 3.6092436974789917 2.5336134453781507 3.659663865546219 2.7857142857142856 3.626050420168067 2.928571428571429 3.3907563025210083 2.592436974789915 3.1890756302521 2.449579831932773 2.827731092436975 2.4327731092436977 2.348739495798319 2.424369747899159 1.6932773109243693 2.852941176470588 1.3907563025210083 3.0378151260504205 1.2394957983193273 3.247899159663865 1.3319327731092436 3.4327731092436977 1.4075630252100837 3.84453781512605 1.550420168067227 4.11344537815126 1.5588235294117647 4.30672268907563 1.1165546218487339 4.33 0.39075630252100835 4.33 0.01 4.33 0.01 4.315126050420169 0.01 4.298319327731092 0.01 4.205882352941177 0.01 3.9117647058823524 0.01 3.7352941176470584 0.01 3.6344537815126046 0.01 3.424369747899159 0.01 3.298319327731092
1 1.4327731092436977 3.197478991596638 1.7941176470588232 2.9369747899159666 2.0294117647058827 2.743697478991596 2.2647058823529416 2.6176470588235294 2.5336134453781516 2.5420168067226894 2.7941176470588234 2.516806722689075 3.004201680672269 2.525210084033613 3.306722689075631 2.676470588235294 3.4411764705882355 2.903361344537815 3.668067226890756 3.2142857142857144 3.827731092436975 3.4327731092436977 3.9537815126050417 3.5336134453781507 3.8613445378151257 3.819327731092437 3.6848739495798317 4.105042016806723 3.6176470588235294 4.2899159663865545 3.4744897959183665 4.33 2.474789915966387 4.2899159663865545 2.0462184873949583 4.315126050420169 1.8361344537815125 4.2899159663865545 1.676470588235294 4.079831932773109 1.5672268907563023 3.8109243697478985 1.4915966386554624 3.550420168067227 1.4411764705882353 3.373949579831933 1.4411764705882353 3.3067226890756296
1 4.037815126050421 3.550420168067227 4.457983193277312 3.726890756302521 4.676470588235295 3.852941176470588 4.794117647058824 4.079831932773109 4.777310924369749 4.239495798319328 4.596302521008404 4.33 4.15546218487395 4.33 3.878151260504201 4.315126050420169 3.651260504201681 4.30672268907563 3.827731092436975 4.0210084033613445 3.9537815126050417 3.8361344537815127 3.9873949579831924 3.7100840336134455
1 2.247899159663866 0.01 2.4075630252100835 0.01 2.651260504201681 0.01 3.021008403361344 0.01 3.298319327731092 0.01 3.6932773109243704 0.01 3.878151260504201 0.01 3.9318767507002805 0.01 3.3655462184873954 0.01 2.7605042016806727 0.01 2.5 0.01
1 4.088235294117647 0.01 3.894957983193278 0.01 3.634453781512606 0.01 3.57563025210084 0.01 3.777310924369749 0.01 4.071428571428571 0.01 4.273109243697479 0.01 4.5504201680672285 0.01 4.760504201680671 0.01 5.105042016806724 0.01 5.323529411764705 0.01 5.542016806722688 0.01 5.61 0.01 5.61 0.01 5.61 0.01 4.987394957983192 0.01 4.542016806722688 0.01 4.273109243697479 0.01
1 3.3655462184873954 0.01 3.634453781512606 0.01 3.8109243697479 0.01 4.037815126050421 0.01 4.281512605042017 0.01 4.239495798319329 0.01 4.197478991596638 0.01 4.1890756302521 0.01 4.264705882352941 0.01 4.1722689075630255 0.01 3.9957983193277324 0.01 3.768907563025209 0.01 3.6428571428571432 0.01 3.57563025210084 0.01 3.5672268907563023 0.01 3.5 0.01 3.4411764705882355 0.01 3.4159663865546226 0.01
1 4.340336134453782 0.01 4.726890756302521 0.01 4.894957983193279 0.01 5.096638655462184 0.01 4.962184873949579 0.01 4.735294117647059 0.01 4.634453781512605 0.01 4.617647058823529 0.01 4.449579831932774 0.01 4.382352941176471 0.01 4.273109243697479 0.01 4.231092436974791 0.01 4.2899159663865545 0.01 4.30672268907563 0.01
1 5.1722689075630255 0.01 5.474789915966387 0.01 5.61 0.01 5.61 0.01 5.61 0.01 5.61 0.01 5.61 0.01 5.491596638655462 0.01 5.1722689075630255 0.01 5.00420168067227 0.01 4.8277310924369745 0.01 4.718487394957983 0.01 4.684873949579833 0.01 4.743697478991596 0.01 4.84453781512605 0.01 4.945378151260504 0.01 5.079831932773109 0.01
1 3.600840336134454 0.01 3.878151260504201 0.01 4.180672268907562 0.01 4.315126050420167 0.01 4.432773109243697 0.01 4.5504201680672285 0.01 4.65126050420168 0.01 4.802521008403362 0.01 5.113445378151262 0.01 5.441176470588236 0.01 5.558823529411765 0.01 5.609243697478991 0.01 5.5504201680672285 0.01 5.4075630252100835 0.01 5.163865546218488 0.17226890756302565 5.096638655462184 0.3571428571428572 5.063025210084033 0.600840336134454 5.096638655462184 0.7857142857142861 4.8781512605042 1.0126050420168071 4.600840336134454 1.029411764705883 4.34873949579832 1.1386554621848746 4.281512605042017 1.3991596638655466 4.231092436974791 1.4915966386554624 3.9873949579831924 1.4243697478991602 3.8109243697479 1.4075630252100841 3.4159663865546226 1.4495798319327735 3.1134453781512605 1.4915966386554624 2.9537815126050417 1.567226890756303 2.7100840336134455 1.550420168067227 2.659663865546219 1.4075630252100841 2.483193277310925 0.9369747899159665 2.1974789915966393 0.4327731092436977 2.096638655462185 0.2226890756302521 2.3151260504201683 0.09663865546218517 2.5 0.01 2.701680672268908 0.01 2.878151260504202 0.01 3.0630252100840334 0.01 3.2058823529411766 0.01 3.3655462184873954 0.01 3.508403361344538 0.01
1 5.609243697478991 0.01 5.46638655462185 0.01 5.323529411764705 0.10504201680672282 5.197478991596638 0.39075630252100896 5.247899159663866 0.701680672268908 5.147058823529412 0.911764705882353 5.054621848739496 0.9873949579831935 4.978991596638655 1.1050420168067228 4.65126050420168 1.113445378151261 4.457983193277312 1.239495798319328 4.4075630252100835 1.4075630252100841 4.323529411764705 1.5756302521008405 4.1722689075630255 1.600840336134454 3.8361344537815127 1.5840336134453787 3.491596638655462 1.5924369747899163 3.3151260504201683 1.6092436974789917 3.0882352941176476 1.6428571428571432 3.0630252100840334 1.735294117647059 3.1638655462184873 1.8529411764705879 3.483193277310925 2.1134453781512605 3.6176470588235294 2.340336134453781 3.6848739495798317 2.550420168067227 3.752100840336135 2.752100840336134 3.752100840336135 2.9453781512605044 3.7857142857142865 3.096638655462185 3.894957983193278 3.247899159663865 4.037815126050421 3.340336134453781 4.205882352941176 3.491596638655462 4.340336134453782 3.550420168067227 4.567226890756303 3.6428571428571423 4.701680672268908 3.7352941176470584 4.869747899159663 3.8697478991596643 4.911764705882353 4.063025210084033 5.054621848739496 4.054621848739496 5.214285714285715 3.9453781512605044 5.365546218487395 3.676470588235294 5.483193277310924 3.676470588235294 5.567226890756303 3.676470588235294 5.609243697478991 3.180672268907563 5.61 3.1741176470588233 5.61 2.096638655462185 5.61 1.3067226890756307 5.61 0.6176470588235299 5.61 0.1554621848739498
1 0.01 0.01 0.01 0.01 0.01 0.01 0.01 0.01 0.07327586206896512 0.01 0.01 0.01 0.01 0.01
