0 0.01 0.01 0.01 0.01 0.01 0.01 0.01 0.01 0.01 0.01 0.01 0.01 0.01 0.01 0.01 0.01 0.01 0.01 0.01 0.01 0.01 0.01 0.01 0.01
0 0.01 0.01 0.01 0.01 0.01 0.01 0.01 0.01 0.01 0.01 0.01 0.01 0.01 0.01 0.01 0.01 0.01 0.01 0.01 0.01 0.01 0.01 0.01 0.01 0.01 0.01 0.01 0.01 0.01 0.01
0 0.01 0.01 0.01 0.01 0.01 0.01 0.01 0.01 0.01 0.01 0.01 0.01 0.01 0.01 0.01 0.01 0.01 0.01 0.01 0.01 0.01 0.01 0.01 0.01 0.01 0.01 0.01 0.01 0.01 0.01 0.01 0.01 0.01 0.01 0.01 0.01 0.01 0.01
0 0.01 0.6945901639344265 0.01 0.6290163934426232 0.01 0.6781967213114757 0.01 0.7847540983606558 0.01 0.8749180327868856 0.01 0.8995081967213117 0.01 0.935727459016394 0.01 0.8011475409836066
0 0.01 0.16180327868852487 0.01 0.04704918032786907 0.01 0.01 0.01 0.01 0.01 0.01 0.01 0.01 0.01 0.01 0.01 0.01 0.01 0.01 0.01 0.15360655737704973 0.01 0.26836065573770496 0.01 0.35032786885245915 0.01 0.3995081967213116 0.01 0.35852459016393484 0.01 0.243770491803279 0.01 0.2355737704918033 0.01 0.26836065573770496 0.01 0.2847540983606558 0.01 0.3339344262295083 0.01 0.42409836065573814 0.01 0.4568852459016398 0.01 0.4978688524590166 0.01 0.5142622950819674 0.01 0.4077049180327873 0.01 0.2929508196721315 0.01 0.2273770491803282
0 0.01 0.04704918032786907 0.01 0.038852459016393934 0.01 0.038852459016393934 0.01 0.04704918032786907 0.01 0.01 0.01 0.01 0.01 0.01 0.01 0.01 0.01 0.01 0.01 0.01 0.01 0.01 0.01 0.01 0.01 0.01 0.01 0.01 0.01 0.01 0.01 0.01 0.01 0.01 0.01 0.01 0.01 0.030655737704918237 0.01 0.11262295081967238 0.01 0.2355737704918033 0.01 0.2847540983606558 0.01 0.35852459016393484 0.01 0.38311475409836077 0.01 0.3995081967213116 0.01 0.35032786885245915 0.01 0.2519672131147541 0.01 0.16180327868852487
0 0.01 0.08803278688524642 0.01 0.01 0.01 0.030655737704918237 0.01 0.12901639344262322 0.01 0.21098360655737736
0 0.01 0.3339344262295083 0.01 0.17000000000000057 0.01 0.0634426229508199 0.01 0.022459016393443106 0.01 0.14540983606557403 0.01 0.2355737704918033 0.01 0.30934426229508233 0.01 0.38311475409836077 0.01 0.48147540983606574 0.01 0.522459016393443 0.01 0.5716393442622956 0.01 0.7273770491803282 0.01 0.6372131147540989 0.01 0.5306557377049183 0.01 0.4650819672131149 0.01 0.4322950819672133
0 0.01 0.6044262295081972 0.01 0.5470491803278691 0.01 0.5962295081967216 0.01 0.6863934426229514 0.01 0.7601639344262299 0.01 0.7519672131147541 0.01 0.6781967213114757
0 0.01 0.01 0.01 0.01 0.01 0.01 0.01 0.01 0.01 0.01 0.01 0.01 0.01 0.01 0.01 0.01 0.01 0.01 0.01 0.01 0.01 0.01 0.01 0.01 0.01 0.01 0.01 0.01 0.01 0.01 0.01 0.01 0.01 0.055245901639344765 0.01 0.10442622950819726 0.01 0.1781967213114757 0.01 0.26016393442622987 0.01 0.30114754098360663 0.01 0.30934426229508233 0.01 0.243770491803279 0.01 0.19459016393442652 0.01 0.055245901639344765 0.01 0.01 0.01 0.01 0.01 0.01 0.01 0.01
0 0.01 1.219180327868853 0.01 1.1618032786885248 0.01 1.219180327868853 0.01 1.1126229508196723 0.01 0.9650819672131149 0.01 0.8913114754098365 0.01 1.0634426229508198 0.01 1.1536065573770498 0.01 1.2929508196721315 0.01 1.3913114754098366 0.01 1.4896721311475414 0.01 1.637213114754099 0.01 1.7519672131147548 0.01 1.7929508196721315 0.01 1.5060655737704922 0.01 1.3749180327868857
0 0.01 1.8749180327868857 0.01 1.86672131147541 0.01 1.9732786885245905 0.01 2.0047336065573775
0 0.01 2.071639344262296 0.01 2.0142622950819673 0.01 1.8995081967213117 0.01 2.1372131147540987 0.01 2.2929508196721304 0.01 2.465081967213115 0.01 2.588032786885245 0.01 2.7601639344262296 0.01 2.8011475409836066 0.01 2.36672131147541 0.01 2.210983606557377
0 0.01 0.01 0.01 0.01 0.01 0.01 0.01 0.01 0.01 0.01 0.01 0.01 0.01 0.01
0 0.01 0.01 0.01 0.01 0.01 0.01 0.01 0.01 0.01 0.01 0.01 0.01 0.01 0.01 0.01 0.01 0.01 0.01 0.01 0.01 0.01 0.01 0.01 0.01 0.01 0.01 0.01 0.01 0.01 0.01 0.01 0.01
0 0.01 0.01 0.01 0.01 0.01 0.01 0.01 0.01 0.01 0.01 0.01 0.01 0.01 0.01 0.01 0.01 0.01 0.01 0.01 0.01 0.01 0.01 0.01 0.01 0.01 0.01 0.01 0.01 0.01 0.01 0.01 0.01 0.01 0.01 0.01 0.01 0.01 0.01 0.01 0.01 0.01 0.01 0.01 0.01 0.01 0.01
0 0.01 0.01 0.01 0.01 0.01 0.01 0.01 0.01 0.01 0.01 0.01 0.01 0.01 0.01 0.01 0.01 0.01 0.01 0.01 0.01 0.01 0.01 0.01 0.01 0.01 0.01 0.01 0.01 0.01 0.01 0.01 0.01 0.01 0.01 0.01 0.01
0 0.01 0.01 0.01 0.01 0.01 0.01 0.01 0.01 0.01 0.01 0.01 0.01 0.01 0.01 0.01 0.01 0.01 0.01 0.01 0.01 0.01 0.01 0.01 0.01 0.01 0.01
0 0.01 0.01 0.01 0.01 0.01 0.01 0.01 0.01 0.01 0.01 0.01 0.01 0.01 0.01 0.01 0.01 0.01 0.01 0.01 0.01 0.01 0.01
0 0.01 0.01 0.01 0.01 0.01 0.01 0.01 0.01 0.01 0.01 0.01 0.01 0.01 0.01 0.01 0.01 0.01 0.01 0.01 0.01 0.01 0.01 0.01 0.01
0 0.01 0.01 0.01 0.01 0.01 0.01 0.01 0.01 0.01 0.01 0.01 0.01 0.01 0.01
0 0.01 0.01 0.01 0.01 0.01 0.01 0.01 0.01 0.01 0.01 0.01 0.01 0.01 0.01 0.01 0.01 0.01 0.01 0.01 0.01 0.01 0.01 0.01 0.01 0.01 0.01 0.01 0.01 0.01 0.01 0.01 0.01 0.01 0.01 0.01 0.01 0.01 0.01
0 0.01 0.01 0.01 0.01 0.01 0.01 0.01 0.01 0.01 0.01 0.01 0.01 0.01 0.01 0.01 0.01 0.01 0.01 0.01 0.01
0 0.01 0.01 0.01 0.01 0.01 0.01 0.01 0.01 0.01 0.01 0.01 0.01 0.01 0.01 0.01 0.01 0.01 0.01 0.01 0.01 0.01 0.01 0.01 0.01 0.01 0.01 0.01 0.01 0.01 0.01 0.01 0.01 0.01 0.01 0.01 0.01 0.01 0.01 0.01 0.01 0.01 0.01 0.01 0.01 0.01 0.01 0.01 0.01 0.01 0.01 0.01 0.01 0.01 0.01 0.01 0.01 0.01 0.01
0 0.01 0.01 0.01 0.01 0.01 0.01 0.01 0.01 0.01 0.01 0.01 0.01 0.01 0.01 0.01 0.01 0.01 0.01 0.01 0.01
0 0.01 0.01 0.01 0.01 0.01 0.01 0.01 0.01 0.01 0.01 0.01 0.01 0.01 0.01 0.01 0.01 0.01 0.01 0.01 0.01 0.01 0.01 0.01 0.01 0.01 0.01 0.01 0.01 0.01 0.01 0.01 0.01 0.01 0.01 0.01 0.01 0.01 0.01 0.01 0.01
0 0.01 0.01 0.01 0.01 0.01 0.01 0.01 0.01 0.01 0.01 0.01 0.01 0.01 0.01 0.01 0.01 0.01 0.01 0.01 0.01 0.01 0.01 0.01 0.01 0.01 0.01 0.01 0.01 0.01 0.01 0.01 0.01 0.01 0.01 0.01 0.01 0.01 0.01 0.01 0.01 0.01 0.01
0 0.01 0.01 0.01 0.01 0.01 0.01 0.01 0.01 0.01 0.01 0.01 0.01 0.01 0.01 0.01 0.01 0.01 0.01 0.01 0.01 0.01 0.01 0.01 0.01 0.01 0.01 0.01 0.01 0.01 0.01
0 0.01 0.01 0.01 0.01 0.01 0.01 0.01 0.01 0.01 0.01 0.01 0.01 0.01 0.01 0.01 0.01 0.01 0.01 0.01 0.01 0.01 0.01 0.01 0.01 0.01 0.01 0.01 0.01 0.01 0.01 0.01 0.01 0.01 0.01 0.01 0.01 0.01 0.01 0.01 0.01 0.01 0.01 0.01 0.01 0.01 0.01 0.01 0.01 0.01 0.01 0.01 0.01 0.01 0.01 0.01 0.01 0.01 0.01 0.01 0.01
0 0.01 0.01 0.01 0.01 0.01 0.01 0.01 0.01 0.01 0.01 0.01 0.01 0.01 0.01 0.01 0.01 0.01 0.01 0.01 0.01 0.01 0.01 0.01 0.01 0.01 0.01 0.01 0.01 0.01 0.01 0.01 0.01
0 1.2296721311475403 0.01 1.2788524590163934 0.01 1.3772131147540996 0.01 1.5575409836065568 0.01 1.6395081967213128 0.01 1.7214754098360663 0.01 1.852622950819673 0.01 1.9263934426229503 0.01 2.00016393442623 0.01 2.1395081967213128 0.01 2.27 0.01 2.27 0.01 2.27 0.01 2.27 0.01 1.5739344262295094 0.01 1.3772131147540996 0.01
0 0.8936065573770497 0.01 1.0247540983606565 0.01 1.0985245901639338 0.01 1.1149180327868862 0.01 1.0575409836065568 0.01 0.9427868852459028 0.01 0.852622950819673 0.01 0.91 0.01 0.9591803278688531 0.01
0 2.057540983606557 0.01 2.172295081967213 0.01 2.27 0.01 2.27 0.01 2.27 0.01 2.27 0.01 2.27 0.01 2.27 0.01 2.03295081967213 0.01 2.1886885245901637 0.01 2.19688524590164 0.01 2.0903278688524596 0.01 2.049344262295083 0.01 2.049344262295083 0.01
0 1.0001639344262299 0.01 1.10672131147541 0.01 1.1149180327868862 0.01 1.0985245901639338 0.01 1.1149180327868862 0.01 1.10672131147541 0.01 1.0493442622950828 0.01 1.0329508196721304 0.01 0.9345901639344265 0.01 0.860819672131147 0.01 0.852622950819673 0.01 0.8198360655737702 0.01 0.7624590163934432 0.01 0.7788524590163933 0.01 0.8362295081967204 0.01 0.8854098360655734 0.01 0.9263934426229503 0.01 1.01655737704918 0.01
0 0.01 0.8913114754098365 0.01 0.8011475409836066 0.01 0.7765573770491807 0.01 0.7847540983606558 0.01 0.8339344262295083 0.01 0.9732786885245907 0.01 1.0962295081967215 0.01 1.1781967213114757 0.01 1.235573770491804 0.01 1.3011475409836066 0.01 1.1700000000000006 0.01 1.0552459016393447 0.01 0.9978688524590166
0 0.01 0.01 0.01 0.01 0.01 0.01 0.01 0.01 0.01 0.01 0.01 0.01 0.01 0.01 0.01 0.01 0.01 0.01 0.01 0.01 0.01 0.01 0.01 0.01 0.01 0.01 0.01 0.01 0.01 0.01 0.01 0.01 0.01 0.01 0.01 0.01 0.01 0.01 0.01 0.01 0.01 0.01 0.01 0.01 0.01 0.01 0.01 0.01 0.01 0.01 0.01 0.01 0.01 0.01 0.01 0.01 0.01 0.01 0.01 0.01 0.01 0.01 0.01 0.01 0.01 0.01 0.01 0.01 0.01 0.01 0.01 0.01 0.01 0.01 0.01 0.01 0.01 0.01 0.01 0.01
0 0.01 0.01 0.01 0.01 0.01 0.01 0.01 0.01 0.01 0.01 0.01 0.01 0.01 0.01 0.01 0.01 0.01 0.01
0 0.01 0.01 0.01 0.01 0.01 0.01 0.01 0.01 0.01 0.01 0.01 0.01 0.01 0.01 0.01 0.01 0.01 0.01 0.01 0.01 0.01 0.01 0.01 0.01 0.01 0.01 0.01 0.01 0.01 0.01
0 0.01 0.01 0.01 0.01 0.1395081967213116 0.01 0.23786885245901657 0.01 0.4181967213114751 0.01 0.5165573770491801 0.01 0.5739344262295083 0.01 0.6231147540983614 0.01 0.6804918032786895 0.01 0.6149180327868851 0.01 0.5165573770491801 0.01 0.44278688524590165 0.01 0.311639344262295 0.01 0.21327868852459006 0.01 0.09852459016393482 0.01 0.01 0.01
0 1.2378688524590167 0.01 1.3444262295081968 0.01 1.4345901639344265 0.01 1.5493442622950828 0.01 1.6722950819672133 0.01 1.8362295081967226 0.01 1.9181967213114763 0.01 2.00016393442623 0.01 2.0739344262295094 0.01 2.0985245901639336 0.01 1.9919672131147537 0.01 1.9837704918032797 0.01 2.1149180327868864 0.01 2.19688524590164 0.01 2.27 0.01 2.27 0.01 2.27 0.01 2.205081967213116 0.01 2.1313114754098366 0.01 2.1231147540983604 0.01 2.1313114754098366 0.01 2.065737704918033 0.01 1.9755737704918033 0.01 1.8690163934426232 0.01 1.762459016393443 0.01 1.8280327868852464 0.01 1.860819672131147 0.01 1.8198360655737702 0.01 1.8198360655737702 0.01 1.6968852459016397 0.01 1.6231147540983601 0.01 1.5411475409836066 0.01 1.5001639344262299 0.01 1.4263934426229503 0.01 1.3936065573770497 0.01 1.3772131147540996 0.01 1.3280327868852464 0.01 1.2050819672131161 0.01 1.155901639344263 0.01 1.164098360655737 0.01 1.1886885245901635 0.01 1.164098360655737 0.01 1.1722950819672133 0.01 1.1886885245901635 0.01 1.1477049180327867 0.01 1.1968852459016397 0.01
0 0.01 0.6208196721311481 0.01 0.48967213114754143 0.01 0.4322950819672133 0.01 0.41590163934426244 0.01 0.4568852459016398 0.01 0.5716393442622956 0.01 0.7355737704918033 0.01 0.8093442622950824 0.01 0.8011475409836066 0.01 0.7519672131147541 0.01 0.7109836065573774
0 0.01 0.5470491803278691 0.01 0.5306557377049183 0.01 0.5962295081967216 0.01 0.6700000000000006 0.01 0.768360655737705 0.01 0.8257377049180331 0.01 0.9159016393442624 0.01 0.9486885245901641 0.01 0.9240983606557381
0 0.01 0.8585245901639348 0.01 0.86672131147541 0.01 0.9732786885245907 0.01 1.0552459016393447 0.01 1.1863934426229514 0.01 1.268360655737705 0.01 1.4322950819672133 0.01 1.5306557377049181 0.01 1.5716393442622956 0.01 1.5880327868852464 0.01 1.5716393442622956 0.01 1.547049180327869 0.01 1.424098360655738 0.01 1.3175409836065575 0.01 1.1536065573770498 0.01 1.0060655737704922
0 0.01 1.719180327868853 0.01 1.6044262295081972 0.01 1.4568852459016397 0.01 1.36672131147541 0.01 1.4732786885245905 0.01 1.620819672131148 0.01 1.7109836065573774 0.01 1.842131147540984 0.01 1.9978688524590167 0.01 2.1536065573770498 0.01 2.1044262295081975 0.01 2.0552459016393447 0.01 2.022459016393443 0.01 1.9159016393442625 0.01 1.86672131147541
0 0.01 1.7765573770491807 0.01 1.7765573770491807 0.01 1.842131147540984 0.01 1.9896721311475414 0.01 2.120819672131148 0.01 2.1945901639344267 0.01 2.2437704918032786 0.01 2.1044262295081975 0.01 2.0060655737704924 0.01 1.8749180327868857
0 0.01 0.01 0.01 0.01 0.01 0.01 0.01 0.01 0.01 0.01 0.01 0.01 0.01 0.01 0.01 0.01 0.01 0.01 0.01 0.01 0.01 0.01 0.01 0.01
0 0.01 0.01 0.01 0.01 0.01 0.01 0.01 0.01 0.01 0.01 0.01 0.01 0.01 0.01 0.01 0.01 0.01 0.01 0.01 0.01 0.01 0.01 0.01 0.01 0.01 0.01 0.01 0.01 0.01 0.01 0.01 0.01 0.01 0.01 0.01 0.01 0.01 0.01 0.01 0.01
0 0.01 0.01 0.01 0.01 0.01 0.01 0.01 0.01 0.01 0.01 0.01 0.01 0.01 0.01 0.01 0.01 0.01 0.01 0.01 0.01 0.01 0.01 0.01 0.01 0.01 0.01 0.01 0.01 0.01 0.01 0.01 0.01 0.01 0.01 0.01 0.01 0.01 0.01 0.01 0.01 0.01 0.01 0.01 0.01 0.01 0.01 0.01 0.01 0.01 0.01 0.01 0.01 0.01 0.01 0.01 0.01 0.01 0.01 0.01 0.01 0.01 0.01 0.01 0.01 0.01 0.01 0.01 0.01 0.01 0.01 0.01 0.01 0.01 0.01 0.01 0.01 0.01 0.01 0.01 0.01 0.01 0.01 0.01 0.01 0.01 0.01 0.01 0.01 0.01 0.01 0.01 0.01 0.01 0.01 0.01 0.01 0.01 0.01 0.01 0.01 0.01 0.01
0 0.01 3.323553299492386 0.01 3.4098477157360403 0.01 3.5062944162436542 0.01 3.5672081218274103 0.01 3.633197969543147
0 0.01 3.7702538071065987 0.01 3.7550253807106593 0.01 3.7296446700507615 0.01 3.6991878172588826 0.01 3.6484263959390866 0.01 3.59258883248731 0.01 3.541827411167512 0.01 3.5367512690355327 0.01 3.6788832487309637 0.01 3.7905583756345176 0.01 3.8514720812182737 0.01 3.9479187817258876 0.01 3.9783756345177665 0.01 4.069746192893401 0.01 4.1255837563451765 0.01 4.130659898477157 0.01 4.135736040609137 0.01 4.095126903553299 0.01 4.069746192893401 0.01 4.130659898477157 0.01 4.201725888324872 0.01 4.282944162436548 0.01 4.359086294416244 0.01 4.501218274111675 0.01 4.597664974619289 0.01 4.658578680203045 0.01 4.719492385786801 0.01 4.729644670050761 0.01 4.734720812182741 0.01 4.734720812182741 0.01 4.557055837563452 0.01 4.379390862944162 0.01 4.2169543147208115 0.01 4.110355329949239 0.01 3.952994923857867 0.01 3.841319796954315
0 0.01 4.440304568527918 0.01 4.551979695431473 0.01 4.628121827411167 0.01 4.704263959390863 0.01 4.643350253807106 0.01 4.562131979695431 0.01 4.511370558375635 0.01 4.450456852791877
0 0.01 4.3996954314720815 0.01 4.364162436548224 0.01 4.333705583756345 0.01 4.3134010152284255 0.01 4.282944162436548 0.01 4.323553299492386 0.01 4.445380710659898 0.01 4.526598984771573 0.01 4.58243654822335 0.01 4.617969543147208 0.01 4.643350253807106 0.01 4.511370558375635 0.01 4.491065989847715 0.01 4.491065989847715
0 0.01 2.714416243654822 0.01 2.551979695431472 0.01 2.4606091370558376 0.01 2.359086294416244 0.01 2.313401015228426 0.01 2.277868020304568 0.01 2.293096446700507 0.01 2.3895431472081214 0.01 2.4707614213197964 0.01 2.5672081218274103 0.01 2.6382741116751265 0.01 2.7804060913705575 0.01 2.7651776649746194 0.01 2.8007106598984772 0.01 2.7804060913705575 0.01 2.7194923857868014 0.01 2.653502538071066 0.01 2.607817258883249 0.01 2.551979695431472 0.01 2.5316751269035533 0.01 2.562131979695431 0.01 2.607817258883249 0.01 2.653502538071066 0.01 2.7093401015228427 0.01 2.7601015228426387 0.01 2.821015228426396 0.01 2.8870050761421315 0.01 2.9885279187817253 0.01 3.0392893401015226 0.01 3.1205076142131976 0.01 3.196649746192893 0.01 3.242335025380711 0.01 3.1864974619289343 0.01 3.150964467005076 0.01 3.150964467005076 0.01 3.211878172588832 0.01 3.2626395939086295 0.01 3.1814213197969536 0.01 3.0951269035532993 0.01 3.054517766497462 0.01 3.0291370558375625 0.01 2.8717766497461925
0 0.01 2.069746192893401 0.01 1.9986802030456858 0.01 1.871776649746193 0.01 1.8159390862944167 0.01 1.7347208121827413 0.01 1.6890355329949238 0.01 1.5925888324873096 0.01 1.5367512690355334 0.01 1.5875126903553303 0.01 1.673807106598985 0.01 1.790558375634518 0.01 1.8920812182741122 0.01 1.9580710659898477 0.01 2.069746192893401 0.01 2.1357360406091375 0.01 2.2017258883248725 0.01 2.257563451776649 0.01 2.303248730964467 0.01 2.3337055837563447 0.01 2.338781725888325 0.01 2.25248730964467 0.01 2.222030456852791 0.01 2.2372588832487303 0.01 2.242335025380711 0.01 2.1509644670050765 0.01 2.110355329949239
0 0.01 1.4758375634517769 0.01 1.6230456852791884 0.01 1.790558375634518 0.01 1.9326903553299497 0.01 2.0189847715736047 0.01 2.0849746192893406 0.01 2.1560406091370563 0.01 2.1966497461928935 0.01 2.267715736040609 0.01 2.2829441624365483 0.01 2.2626395939086295 0.01 2.2626395939086295 0.01 2.25248730964467 0.01 2.2271065989847716 0.01 2.1509644670050765 0.01 2.100203045685279 0.01 1.978375634517767 0.01 1.8819289340101528 0.01 1.75502538071066 0.01 1.7499492385786806 0.01 1.7397969543147211 0.01 1.729644670050762 0.01 1.6484263959390864 0.01 1.572284263959391
0 0.01 2.029137055837564 0.01 1.9479187817258883 0.01 1.9326903553299497 0.01 1.9174619289340102 0.01 1.9123857868020309 0.01 1.8819289340101528 0.01 1.8260913705583761 0.01 1.7397969543147211 0.01 1.673807106598985 0.01 1.6535025380710664 0.01 1.6687309644670052 0.01 1.6788832487309646 0.01 1.6687309644670052 0.01 1.6484263959390864 0.01 1.6281218274111677 0.01 1.6331979695431478 0.01 1.6281218274111677 0.01 1.6484263959390864 0.01 1.699187817258884 0.01 1.724568527918782 0.01 1.7448730964467005 0.01 1.790558375634518 0.01 1.8260913705583761 0.01 1.8768527918781728 0.01 1.9276142131979697 0.01 2.003756345177665 0.01 2.0646700507614217 0.01 2.110355329949239 0.01 2.1509644670050765 0.01 2.161116751269036 0.01 2.140812182741117 0.01 2.110355329949239 0.01 2.0951269035533
0 0.01 3.541827411167512 0.01 3.394619289340101 0.01 3.293096446700507 0.01 3.293096446700507 0.01 3.2829441624365483 0.01 3.2880203045685277 0.01 3.277868020304568 0.01 3.3337055837563447 0.01 3.3438578680203044 0.01 3.3337055837563447 0.01 3.3641624365482232 0.01 3.5062944162436542 0.01 3.58243654822335 0.01 3.6281218274111677 0.01 3.6636548223350247 0.01 3.7093401015228427 0.01 3.7601015228426387 0.01 3.785482233502538 0.01 3.7550253807106593 0.01 3.7042639593908633 0.01 3.6585786802030453 0.01 3.587512690355329
0 0.01 2.277868020304568 0.01 2.25248730964467 0.01 2.323553299492386 0.01 2.4149238578680197 0.01 2.511370558375635 0.01 2.58243654822335 0.01 2.694111675126903 0.01 2.795634517766497 0.01 2.831167512690355 0.01 2.8007106598984772 0.01 2.724568527918782 0.01 2.668730964467005 0.01 2.623045685279187 0.01 2.5672081218274103 0.01 2.4758375634517766 0.01 2.4047715736040605 0.01 2.3286294416243654
0 0.01 1.8057868020304573 0.01 1.76010152284264 0.01 1.699187817258884 0.01 1.6535025380710664 0.01 1.6839593908629444 0.01 1.6890355329949238 0.01 1.709340101522843 0.01 1.729644670050762 0.01 1.785482233502538 0.01 1.8514720812182741 0.01 1.907309644670051 0.01 1.9580710659898477 0.01 2.024060913705584 0.01 2.0798984771573608 0.01 2.110355329949239 0.01 2.0951269035533 0.01 2.0342131979695433 0.01 1.978375634517767 0.01 1.9022335025380714 0.01 1.8667005076142136 0.01 1.8514720812182741
0 0.01 1.6331979695431478 0.01 1.5824365482233502 0.01 1.612893401015229 0.01 1.673807106598985 0.01 1.699187817258884 0.01 1.729644670050762 0.01 1.7753299492385788 0.01 1.8565482233502542 0.01 1.8870050761421322 0.01 1.8819289340101528 0.01 1.8565482233502542 0.01 1.795634517766498 0.01 1.75502538071066 0.01 1.729644670050762
0 0.01 1.1458883248730967 0.01 1.0798984771573605 0.01 1.0291370558375639 0.01 0.9885279187817264 0.01 0.9174619289340104 0.01 0.8463959390862947 0.01 0.8463959390862947 0.01 0.8768527918781729 0.01 0.9631472081218277 0.01 1.008832487309645 0.01 0.9326903553299496 0.01 0.8514720812182742 0.01 0.8007106598984773 0.01 0.7397969543147213 0.01 0.7144162436548226 0.01 0.7144162436548226 0.01 0.7448730964467006 0.01 0.8159390862944167 0.01 0.8920812182741122 0.01 0.942842639593909 0.01 0.9986802030456857 0.01 1.1154314720812186 0.01 1.1712690355329953 0.01 1.2118781725888328 0.01 1.2118781725888328 0.01 1.2118781725888328 0.01 1.1814213197969547 0.01 1.1763451776649747 0.01 1.206802030456853 0.01 1.2423350253807108 0.01 1.2626395939086297 0.01 1.1966497461928935
0 0.01 0.9022335025380716 0.01 0.8007106598984773 0.01 0.7245685279187819 0.01 0.6230456852791884 0.01 0.5824365482233503 0.01 0.5062944162436548 0.01 0.4149238578680206 0.01 0.3387817258883251 0.01 0.2981725888324877 0.01 0.2981725888324877 0.01 0.38954314720812194 0.01 0.4301522842639599 0.01 0.5062944162436548 0.01 0.6230456852791884 0.01 0.7042639593908632 0.01 0.6839593908629444 0.01 0.5976649746192897 0.01 0.5418274111675129 0.01 0.5164467005076142 0.01 0.48091370558375673 0.01 0.44030456852791927 0.01 0.4301522842639599 0.01 0.5113705583756348 0.01 0.6027411167512691 0.01 0.6535025380710664 0.01 0.7042639593908632 0.01 0.7347208121827413 0.01 0.7651776649746194 0.01 0.7854822335025381 0.01 0.8210152284263961 0.01 0.9326903553299496 0.01 1.039289340101523 0.01 1.0849746192893406 0.01 1.09005076142132 0.01 1.0240609137055838 0.01 0.9732994923857871
0 1.3872727272727274 0.01 1.4082517482517483 0.01 1.4222377622377633 0.01 1.56909090909091 0.01 1.7579020979020994 0.01 1.8627972027972033 0.01 1.9117482517482518 0.01 1.8418181818181825 0.01 1.8068531468531477 0.01 1.785874125874127 0.01 1.8837762237762241 0.01 1.9816783216783234 0.01 2.1425174825174826 0.01 2.205454545454545 0.01 2.27 0.01 2.27 0.01 2.27 0.01 2.27 0.01 2.1634965034965035 0.01 2.002657342657344 0.01 1.8278321678321685 0.01 1.6460139860139862 0.01 1.5760839160839168 0.06601398601398614 1.5411188811188823 0.19888111888111892 1.450209790209791 0.24783216783216802 1.3872727272727274 0.2688111888111888 1.3103496503496512 0.191888111888112 1.2823776223776224 0.09398601398601386 1.338321678321679 0.017062937062937066 1.4292307692307702 0.01
0 0.01 0.3177622377622379 0.01 0.191888111888112 0.01 0.12195804195804215 0.01 0.14293706293706293 0.01 0.18489510489510508 0.01 0.17790209790209816 0.01 0.14993006993006985 0.01 0.09398601398601386 0.01 0.01 0.01 0.01 0.01 0.09398601398601386 0.01 0.20587412587412587 0.01 0.3177622377622379 0.01 0.3737062937062939 0.01 0.415664335664336 0.01 0.534545454545455 0.01 0.6254545454545456 0.01 0.6674125874125878 0.01 0.6813986013986016 0.01 0.6254545454545456 0.01 0.471608391608392 0.01 0.3806993006993008 0.01 0.33874125874125866 0.01 0.33874125874125866 0.01 0.36671328671328696 0.01 0.4086713286713291 0.01 0.5205594405594405 0.01 0.5974825174825179 0.01 0.6044755244755248 0.01 0.5765034965034965 0.01 0.5695104895104897 0.01 0.5695104895104897
0 0.12153846153846189 0.5275524475524475 0.21944055944056004 0.4366433566433568 0.3173426573426582 0.36671328671328696 0.3872727272727275 0.3737062937062939 0.4711888111888118 0.47860139860139894 0.4781818181818187 0.5695104895104897 0.4572027972027979 0.7023776223776224 0.3523076923076928 0.7023776223776224 0.22643356643356696 0.6813986013986016 0.1704895104895104 0.6464335664335664 0.15650349650349654 0.6044755244755248
0 0.764895104895105 0.9331468531468533 0.8138461538461548 0.9611188811188811 0.9676923076923083 1.0590209790209792 1.0516083916083927 1.2198601398601403 1.107552447552448 1.3387412587412586 1.114545454545455 1.4576223776223776 0.9886713286713291 1.478601398601399 0.9047552447552448 1.3457342657342661 0.8488111888111893 1.28979020979021 0.8208391608391616 1.135944055944056 0.7788811188811189 1.0660139860139861 0.7159440559440565 1.0170629370629372 0.7019580419580427 0.9751048951048955
0 2.1844755244755243 0.7793006993006992 2.2334265734265752 0.6534265734265733 2.27 0.6638761238761236 2.27 0.8282517482517483 2.240419580419582 0.9751048951048955 2.1495104895104897 1.1009790209790213 2.128531468531469 1.2198601398601403 2.107552447552448 1.303776223776224 2.030629370629372 1.3946853146853146 1.9676923076923072 1.4925874125874128 1.9047552447552447 1.5555244755244757 1.8418181818181825 1.5065734265734267 1.8488111888111893 1.415664335664336 1.890769230769231 1.310769230769231 1.9537062937062932 1.191888111888112 2.030629370629372 1.08 2.0935664335664343 0.9890909090909094 2.1355244755244756 0.8981818181818181
0 0.7858741258741259 1.590489510489511 0.8348251748251755 1.4646153846153844 0.9187412587412598 1.485594405594406 0.9886713286713291 1.527552447552448 1.107552447552448 1.5345454545454549 1.1844755244755254 1.5485314685314688 1.2683916083916085 1.7513286713286715 1.2963636363636375 1.891188811188811 1.2963636363636375 1.9820979020979024 1.2474125874125876 1.9960839160839163 1.1565034965034966 1.9121678321678326 1.1495104895104895 1.8002797202797205 1.107552447552448 1.7303496503496507 1.0236363636363637 1.6813986013986015 0.9537062937062945 1.6464335664335663
2 0.01 2.0103846153846154 0.01 1.979615384615385 0.01 2.0257692307692308 0.01 2.0526923076923076 0.01 2.0603846153846153
0 0.01 0.525769230769231 0.01 0.5065384615384619 0.01 0.525769230769231 0.01 0.6026923076923083 0.01 0.7988461538461542 0.01 0.9757692307692309 0.01 1.1296153846153851 0.01 1.1719230769230773 0.01 1.1719230769230773 0.01 1.2103846153846154 0.01 1.2526923076923082 0.01 1.2411538461538465 0.01 1.0411538461538463 0.01 0.8603846153846155 0.01 0.7373076923076929 0.01 0.6180769230769232
0 0.01 1.6334615384615387 0.01 1.5950000000000006 0.01 1.5719230769230774 0.01 1.579615384615385 0.01 1.5026923076923082 0.01 1.4026923076923083 0.01 1.3026923076923083 0.01 1.229615384615385 0.01 1.2103846153846154 0.01 1.268076923076923 0.01 1.3334615384615387 0.01 1.3796153846153851 0.01 1.3873076923076928 0.01 1.4026923076923083 0.01 1.479615384615385 0.01 1.5065384615384618 0.01 1.5603846153846155 0.01 1.6026923076923076
0 0.01 3.964230769230769 0.01 3.933461538461538 0.01 4.041153846153845 0.01 4.164230769230769 0.01 4.221923076923076 0.01 4.291153846153845 0.01 4.398846153846153 0.01 4.498846153846154 0.01 4.568076923076923 0.01 4.602692307692307 0.01 4.629615384615384 0.01 4.614230769230769 0.01 4.521923076923076 0.01 4.360384615384615 0.01 4.318076923076923 0.01 4.298846153846154 0.01 4.268076923076922 0.01 4.183461538461538 0.01 4.102692307692307 0.01 4.045
0 0.01 4.713650793650794 0.01 4.58137566137566 0.01 4.454391534391534 0.01 4.422645502645503 0.01 4.401481481481482 0.01 4.390899470899471 0.01 4.396190476190476 0.01 4.5125925925925925 0.01 4.58137566137566 0.01 4.623703703703703 0.01 4.666031746031746 0.01 4.6713227513227515 0.01 4.703068783068783
0 0.01 4.740130718954248 0.01 4.557124183006535 0.01 4.544052287581699 0.01 4.491764705882352 0.01 4.374117647058823 0.01 4.361045751633986 0.01 4.46562091503268 0.01 4.576732026143791 0.01 4.700915032679738 0.01 4.740130718954248 0.01 4.740130718954248
0 0.01 4.73359477124183 0.01 4.668235294117647 0.01 4.609411764705881 0.01 4.5898039215686275 0.01 4.596339869281046 0.01 4.713986928104576 0.01 4.746666666666666 0.01 4.746666666666666 0.01 4.75 0.01 4.75
0 0.01 4.746666666666666 0.01 4.668235294117647 0.01 4.576732026143791 0.01 4.511372549019608 0.01 4.524444444444445 0.01 4.576732026143791 0.01 4.674771241830065 0.01 4.746666666666666
0 0.01 1.8185620915032679 0.01 1.707450980392157 0.01 1.629019607843137 0.01 1.478692810457516 0.016209150326797043 1.413333333333333 0.11424836601307106 1.5179084967320262 0.1534640522875816 1.6616993464052285 0.06196078431372484 1.7205228758169933 0.1273202614379079 1.8054901960784315 0.23843137254901875 1.844705882352941 0.1730718954248357 1.9427450980392154 0.14039215686274475 2.0473202614379087 0.1730718954248357 2.106143790849673 0.2841830065359477 2.093071895424836 0.3233986928104571 2.125751633986928 0.31032679738562025 2.2956862745098032 0.3233986928104571 2.4656209150326798 0.40183006535947696 2.6028758169934645 0.4867973856209142 2.740130718954248 0.3756862745098033 2.896993464052288 0.3233986928104571 2.981960784313725 0.23189542483660147 2.936209150326797 0.0815686274509801 2.7924183006535954 0.01 2.6682352941176477 0.01 2.6682352941176477 0.01 2.6028758169934645 0.01 2.6224836601307184 0.01 2.5898039215686275 0.01 2.4786928104575168 0.01 2.374117647058823 0.01 2.2956862745098032 0.01 2.191111111111111 0.01 2.066928104575163 0.01 1.975424836601307 0.01 1.9166013071895422 0.01 1.864313725490196
0 0.01 0.9492810457516339 0.01 1.0342483660130717 0.01 1.1126797385620915 0.01 1.066928104575163 0.01 1.0734640522875816 0.01 1.1715032679738562 0.01 1.3087581699346407 0.01 1.413333333333333 0.01 1.4721568627450978 0.01 1.5179084967320262 0.01 1.4394771241830062 0.01 1.3414379084967323 0.01 1.3152941176470585 0.029281045751633882 1.1649673202614377 0.029281045751633882 0.9623529411764707 0.10771241830065378 0.8577777777777778 0.19267973856209097 0.7924183006535946 0.21882352941176464 0.7532026143790848 0.1534640522875816 0.7205228758169931 0.08810457516339852 0.6551633986928102 0.022745098039215463 0.629019607843137 0.01 0.6355555555555554 0.01 0.6355555555555554 0.01 0.6094117647058823 0.01 0.6551633986928102 0.01 0.7205228758169931 0.01 0.7858823529411763 0.01 0.8250980392156861 0.01 0.838169934640523
0 0.6632679738562092 2.6551633986928107 0.7809150326797385 2.485228758169934 0.918169934640523 2.3610457516339864 0.9835294117647061 2.1845751633986925 1.0619607843137249 2.0211764705882356 1.114248366013071 1.9688888888888885 1.1926797385620909 2.027712418300654 1.3299346405228756 2.04078431372549 1.4083660130718954 1.9688888888888885 1.5390849673202616 2.053856209150327 1.610980392156862 2.1584313725490194 1.5390849673202616 2.2499346405228753 1.4867973856209142 2.334901960784314 1.4737254901960783 2.4786928104575168 1.5456209150326798 2.4590849673202615 1.5848366013071893 2.5048366013071894 1.6371241830065355 2.485228758169934 1.6632679738562093 2.374117647058823 1.741699346405228 2.374117647058823 1.787450980392157 2.432941176470588 1.7809150326797385 2.550588235294117 1.709019607843137 2.720522875816994 1.597908496732026 2.8316339869281046 1.46718954248366 2.92313725490196 1.3691503267973848 2.936209150326797 1.2645751633986924 2.883921568627451 1.1534640522875816 2.929673202614379 1.0619607843137249 2.916601307189543 1.0423529411764707 2.77281045751634 0.8985620915032677 2.7662745098039214 0.7678431372549016 2.746666666666666
0 1.3626143790849665 2.9950326797385616 1.4933333333333325 2.981960784313725 1.5913725490196078 2.92313725490196 1.7024836601307185 2.85124183006536 1.7939869281045753 2.903529411764706 1.8462745098039215 3.047320261437908 1.8658823529411757 3.164967320261438 1.8397385620915032 3.2303267973856213 1.7613071895424832 3.3152941176470585 1.709019607843137 3.341437908496732 1.5717647058823525 3.2499346405228753 1.5129411764705878 3.2630065359477123 1.401830065359477 3.289150326797386 1.3430065359477124 3.256470588235294 1.3103267973856203 3.1388235294117646
0 0.872418300653594 3.419869281045751 0.9312418300653588 3.321830065359477 1.0227450980392154 3.256470588235294 1.16 3.223790849673203 1.2384313725490188 3.2368627450980387 1.2515032679738556 3.347973856209151 1.2711111111111109 3.439477124183006 1.2841830065359476 3.517908496732026 1.2711111111111109 3.596339869281046 1.2253594771241831 3.609411764705882 1.0881045751633984 3.517908496732026 0.9900653594771234 3.4983006535947707 0.8854901960784309 3.4917647058823524
0 1.3364705882352939 3.334901960784314 1.3168627450980386 3.419869281045751 1.3756862745098033 3.485228758169934 1.4279738562091495 3.4786928104575168 1.4606535947712416 3.4133333333333336 1.4737254901960783 3.321830065359477 1.4475816993464048 3.321830065359477
0 0.01 2.8773856209150326 0.01 2.9950326797385616 0.01 3.1388235294117646 0.01 3.1192156862745093 0.01 3.060392156862745 0.01 2.9100653594771244 0.01 2.8643137254901956 0.01 2.8447058823529416
0 0.01 3.2172549019607843 0.01 3.164967320261438 0.01 3.112679738562091 0.01 3.145359477124183 0.01 3.2303267973856213 0.01 3.289150326797386 0.01 3.3937254901960783 0.01 3.4656209150326798 0.01 3.439477124183006 0.01 3.38718954248366 0.01 3.321830065359477
0 0.01 2.8250980392156864 0.01 2.720522875816994 0.01 2.6159477124183 0.01 2.629019607843137 0.01 2.6747712418300646 0.01 2.759738562091503 0.01 2.8773856209150326 0.01 3.0081045751633986 0.01 3.1388235294117646 0.01 3.2368627450980387 0.01 3.289150326797386 0.01 3.4133333333333336 0.01 3.3675816993464047 0.01 3.3022222222222215 0.01 3.1780392156862742 0.01 3.112679738562091 0.01 3.034248366013072 0.01 2.936209150326797
0 0.01 2.4067973856209153 0.01 2.3087581699346402 0.01 2.289150326797386 0.01 2.3610457516339864 0.01 2.4656209150326798 0.01 2.5113725490196077 0.01 2.485228758169934 0.01 2.4786928104575168 0.01 2.452549019607843 0.01 2.419869281045751 0.01 2.5113725490196077 0.01 2.576732026143791 0.01 2.6420915032679737 0.01 2.69437908496732 0.01 2.707450980392157 0.01 2.727058823529412 0.01 2.8185620915032676 0.01 2.890457516339869 0.01 2.981960784313725 0.01 3.08 0.01 3.1518954248366016 0.01 3.2760784313725493 0.01 3.3675816993464047 0.01 3.432941176470588 0.01 3.485228758169934 0.01 3.5113725490196077 0.01 3.570196078431372 0.01 3.609411764705882 0.01 3.485228758169934 0.01 3.347973856209151 0.01 3.2630065359477123 0.01 3.210718954248366 0.01 3.15843137254902 0.01 3.1061437908496727 0.01 3.112679738562091 0.01 3.027712418300654 0.01 2.9100653594771244 0.01 2.838169934640523 0.01 2.759738562091503 0.01 2.6682352941176477 0.01 2.583267973856209 0.01 2.4721568627450985
0 1.630588235294117 3.4133333333333336 1.709019607843137 3.4133333333333336 1.787450980392157 3.5048366013071894 1.8985620915032677 3.5244444444444447 2.0292810457516337 3.485228758169934 2.1077124183006526 3.426405228758169 2.1796078431372554 3.4460130718954245 2.27 3.496230936819172 2.27 3.9558169934640524 2.27 4.276078431372549 2.27 4.491764705882352 2.1665359477124184 4.30875816993464 2.1207843137254896 4.236862745098039 2.0423529411764707 4.2107189542483665 1.9966013071895419 4.15843137254902 2.0554248366013077 4.021176470588236 1.9312418300653587 3.9623529411764706 1.7939869281045753 3.949281045751634 1.6828758169934632 3.9754248366013076 1.6175163398692802 3.9884967320261433 1.5456209150326798 3.981960784313725 1.5129411764705878 3.8643137254901956 1.5064052287581695 3.805490196078431 1.4410457516339863 3.720522875816994 1.4410457516339863 3.596339869281046 1.532549019607843 3.5048366013071894
0 0.5260130718954247 4.191111111111111 0.6959477124183002 4.08 0.872418300653594 4.034248366013072 1.048888888888888 4.021176470588236 1.1469281045751631 4.053856209150326 1.1665359477124184 4.145359477124183 1.244967320261437 4.269542483660131 1.2776470588235294 4.341437908496732 1.2645751633986924 4.439477124183006 1.2645751633986924 4.576732026143791 1.3168627450980386 4.635555555555555 1.4149019607843139 4.642091503267974 1.4867973856209142 4.648627450980392 1.5129411764705878 4.713986928104576 1.499869281045751 4.746666666666666 1.2972549019607833 4.746666666666666 1.1338562091503264 4.740130718954248 1.0619607843137249 4.713986928104576 1.029281045751634 4.648627450980392 0.9835294117647061 4.583267973856209 0.8920261437908493 4.537516339869281 0.8135947712418294 4.452549019607843 0.6828758169934633 4.393725490196078 0.5979084967320262 4.315294117647059
0 1.3691503267973848 4.478692810457517 1.3756862745098033 4.4002614379084966 1.4279738562091495 4.334901960784314 1.5194771241830063 4.315294117647059 1.5521568627450972 4.295686274509803 1.6828758169934632 4.197647058823529 1.6959477124183002 4.086535947712418 1.7155555555555555 4.04078431372549 1.8332026143790847 4.073464052287582 1.8789542483660124 4.125751633986928 1.9573856209150324 4.2303267973856205 2.0554248366013077 4.38718954248366 2.016209150326797 4.544052287581699 2.061960784313726 4.622483660130719 2.133856209150326 4.615947712418301 2.258039215686274 4.609411764705881 2.27 4.681176470588237 2.27 4.75 2.0227450980392154 4.746666666666666 1.8724183006535942 4.73359477124183 1.7155555555555555 4.746666666666666 1.6044444444444446 4.746666666666666 1.5521568627450972 4.7074509803921565 1.5586928104575157 4.622483660130719 1.5586928104575157 4.485228758169934 1.499869281045751 4.413333333333334
0 0.01 0.01 0.01 0.01 0.01 0.01 0.01 0.01 0.01 0.01 0.01 0.01 0.01 0.01 0.01 0.01 0.01 0.01 0.050510948905109675 0.01 0.07240875912408797 0.01 0.028613138686131377 0.01 0.01 0.01 0.01 0.01 0.01 0.01 0.01 0.01 0.01 0.01 0.01 0.01 0.01 0.01 0.01 0.01 0.01 0.01 0.01 0.01 0.01 0.01
0 0.01 2.167591240875912 0.01 2.050802919708029 0.01 1.9413138686131384 0.01 1.824525547445255 0.01 1.8099270072992697 0.01 1.802627737226277 0.01 1.8099270072992697 0.01 1.9413138686131384 0.01 1.9997080291970797 0.01 2.065401459854014 0.01 2.160291970802919 0.01 2.2405839416058395 0.01 2.3354744525547435 0.01 2.488759124087591 0.01 2.5909489051094887 0.01 2.634744525547445 0.01 2.64934306569343 0.01 2.6274452554744516 0.01 2.525255474452555 0.01 2.4303649635036493 0.01 2.3719708029197077 0.01 2.3500729927007296 0.01 2.3354744525547435
0 0.01 2.2405839416058395 0.01 2.408467153284671 0.01 2.4303649635036493 0.01 2.306277372262773 0.01 2.1967883211678827 0.01 2.138394160583941 0.01 2.1529927007299268 0.01 2.2478832116788316 0.01 2.101897810218978 0.01 2.021605839416058 0.01 2.007007299270073 0.01 2.021605839416058 0.01 2.0435036496350363 0.01 2.1310948905109486
0 0.01 2.488759124087591 0.01 2.4230656934306567 0.01 2.320875912408759 0.01 2.2405839416058395 0.01 2.2040875912408753 0.01 2.2405839416058395 0.01 2.3354744525547435 0.01 2.4522627737226275 0.01 2.5763503649635027 0.01 2.6566423357664233 0.01 2.6785401459854006 0.01 2.612846715328467 0.01 2.547153284671532
0 0.01 4.744233576642335 0.01 4.663941605839415 0.01 4.547153284671532 0.01 4.4522627737226275 0.01 4.386569343065693 0.01 4.408467153284671 0.01 4.364671532846715 0.01 4.255182481751824 0.01 4.218686131386861 0.01 4.18948905109489 0.01 4.058102189781022 0.01 3.992408759124087 0.01 3.955912408759124 0.01 3.8829197080291964 0.01 3.8537226277372256 0.01 3.788029197080291 0.01 3.8026277372262767 0.01 3.868321167883211 0.01 3.8829197080291964 0.01 3.890218978102189 0.01 3.977810218978102 0.01 4.16029197080292 0.01 4.277080291970802 0.01 4.437664233576641 0.01 4.532554744525547 0.01 4.64934306569343 0.01 4.736934306569342 0.01 4.707737226277371 0.01 4.576350364963503 0.01 4.423065693430657 0.01 4.328175182481751 0.01 4.313576642335765 0.01 4.35007299270073 0.01 4.496058394160583 0.01 4.663941605839415 0.01 4.722335766423357 0.01 4.722335766423357 0.01 4.722335766423357 0.01 4.72963503649635
0 0.12350364963503693 0.01 0.1672992700729924 0.01 0.2767883211678827 0.01 0.37167883211678826 0.01 0.4665693430656938 0.01 0.4519708029197079 0.01 0.3132846715328469 0.01 0.16 0.01 0.1381021897810217 0.01
0 0.4811678832116786 0.01 0.5979562043795624 0.01 0.6782481751824821 0.01 0.7731386861313865 0.01 0.7220437956204375 0.01 0.7877372262773724 0.01 0.9264233576642334 0.01 1.0432116788321162 0.01 1.108905109489051 0.01 1.108905109489051 0.01 1.072408759124088 0.01 0.9483211678832117 0.01 0.8169343065693431 0.01 0.6928467153284669 0.01 0.5760583941605841 0.01 0.5176642335766428 0.01 0.5541605839416058 0.01 0.5468613138686135 0.01
0 0.01 3.510656934306569 0.01 3.306277372262773 0.01 3.1748905109489045 0.01 3.014306569343065 0.01 2.8756204379562043 0.01 2.9486131386861314 0.01 2.9997080291970804 0.01 3.007007299270073 0.01 2.941313868613138 0.01 2.890218978102189 0.01 2.992408759124087 0.01 3.0727007299270066 0.01 3.218686131386861 0.01 3.3719708029197077 0.01 3.5398540145985398 0.01 3.736934306569343 0.01 3.8026277372262767 0.01 3.8026277372262767 0.01 3.736934306569343 0.01 3.6712408759124084 0.01 3.7004379562043788 0.01 3.598248175182481 0.01 3.598248175182481 0.01 3.64934306569343 0.01 3.715036496350365 0.01 3.8245255474452553 0.01 3.83912408759124 0.01 3.7734306569343063 0.01 3.736934306569343 0.01 3.8026277372262767 0.01 3.8537226277372256 0.01 3.8537226277372256 0.01 3.7734306569343063 0.01 3.64934306569343
0 0.01 0.01 0.01 0.01 0.01 0.01 0.01 0.01 0.01 0.01 0.01 0.01 0.01 0.01 0.01 0.01 0.01 0.01
1 0.01 0.01 0.01 0.01 0.01 0.01 0.01 0.01 0.01 0.01 0.01 0.01 0.01 0.01 0.01 0.01 0.01 0.01 0.01 0.01 0.01 0.01
1 0.01 0.01 0.01 0.01 0.01 0.01 0.01 0.01 0.01 0.01 0.01 0.01
1 0.01 0.01 0.01 0.01 0.01 0.01 0.01 0.01 0.01 0.01 0.01 0.01 0.01 0.01 0.01 0.01 0.01 0.01 0.01 0.01 0.01 0.01 0.01 0.01
1 0.01 0.01 0.01 0.01 0.01 0.01 0.01 0.01 0.01 0.01 0.01 0.01 0.01 0.01 0.01 0.01 0.01 0.01 0.01 0.01
0 0.01 0.01 0.01 0.01 0.01 0.01 0.01 0.01 0.01 0.01 0.01 0.01 0.01 0.01 0.01 0.01 0.01 0.01 0.01 0.01 0.01 0.01 0.01 0.01 0.01 0.01 0.01 0.01 0.01 0.01 0.01 0.01 0.01 0.01 0.01 0.01 0.01 0.01 0.01 0.01 0.01 0.01 0.01 0.01 0.01 0.01 0.01 0.01 0.01 0.01
1 0.01 0.01 0.01 0.01 0.01 0.01 0.01 0.01 0.01 0.01 0.01 0.01 0.01 0.01
1 0.01 0.01 0.01 0.01 0.01 0.01 0.01 0.01 0.01 0.01 0.01 0.01 0.01 0.01 0.01 0.01 0.01 0.01
1 0.01 0.01 0.01 0.01 0.01 0.01 0.01 0.01 0.01 0.01 0.01 0.01 0.01 0.01
1 0.01 0.01 0.01 0.01 0.01 0.01 0.01 0.01 0.01 0.01 0.01 0.01 0.01 0.01 0.01 0.01 0.01 0.01 0.01 0.01 0.01 0.01 0.01 0.01 0.01 0.01 0.01 0.01
1 0.01 0.01 0.01 0.01 0.01 0.01 0.01 0.01 0.01 0.01 0.01 0.01 0.01 0.01 0.01 0.01 0.01 0.01 0.01 0.01
1 0.01 0.01 0.01 0.01 0.01 0.01 0.01 0.01
1 0.01 0.01 0.01 0.01 0.01 0.01 0.01 0.01 0.01 0.01
1 0.01 0.01 0.01 0.01 0.01 0.01 0.01 0.01 0.01 0.01 0.01 0.01 0.01 0.01
1 0.01 0.01 0.01 0.01 0.01 0.01 0.01 0.01 0.01 0.01 0.01 0.01 0.01 0.01
1 0.01 0.01 0.01 0.01 0.01 0.01 0.01 0.01 0.01 0.01 0.01 0.01 0.01 0.01 0.01 0.01 0.01 0.01 0.01 0.01 0.01 0.01 0.01 0.01 0.01 0.01 0.01 0.01
1 0.01 0.01 0.01 0.01 0.01 0.01 0.01 0.01 0.01 0.01 0.01 0.01 0.01 0.01 0.01 0.01 0.01 0.01 0.01 0.01 0.01 0.01 0.01 0.01
1 0.01 0.01 0.01 0.01 0.01 0.01 0.01 0.01 0.01 0.01 0.01 0.01 0.01 0.01 0.01 0.01 0.01 0.01 0.01 0.01 0.01 0.01 0.01 0.01 0.01 0.01
1 0.01 0.01 0.01 0.01 0.01 0.01 0.01 0.01 0.01 0.01 0.01 0.01 0.01 0.01 0.01 0.01 0.01 0.01 0.01 0.01 0.01 0.01
1 0.01 0.01 0.01 0.01 0.01 0.01 0.01 0.01 0.01 0.01 0.01 0.01 0.01 0.01 0.01 0.01 0.01 0.01 0.01 0.01 0.01 0.01 0.01 0.01
1 0.01 0.01 0.01 0.01 0.01 0.01 0.01 0.01 0.01 0.01 0.01 0.01 0.01 0.01 0.01 0.01 0.01 0.01 0.01 0.01 0.01 0.01 0.01 0.01 0.01 0.01 0.01 0.01 0.01 0.01 0.01 0.01 0.01 0.01 0.01 0.01 0.01 0.01 0.01 0.01 0.01 0.01 0.01 0.01 0.01 0.01 0.01 0.01 0.01 0.01
1 0.01 0.01 0.01 0.01 0.01 0.02021739130434753 0.01 0.09630434782608688 0.01 0.23217391304347815 0.01 0.3245652173913044 0.01 0.41695652173913006 0.01 0.5256521739130432 0.01 0.6126086956521738 0.01 0.6180434782608694 0.01 0.5256521739130432 0.01 0.46043478260869564 0.01 0.46043478260869564 0.01 0.3952173913043475 0.01 0.3463043478260869 0.01 0.21586956521739126 0.01 0.08
1 0.01 0.01 0.01 0.01 0.01 0.01 0.01 0.01 0.01 0.01 0.01 0.01 0.01 0.01 0.01 0.01 0.01 0.01 0.01 0.01 0.01 0.01
1 0.01 0.01 0.01 0.01 0.01 0.01 0.01 0.01 0.01 0.01 0.01 0.01 0.01 0.01 0.01 0.01 0.01 0.01 0.01 0.01 0.01 0.01 0.01 0.01 0.01 0.01 0.01 0.01 0.01 0.01 0.01 0.01 0.01 0.01 0.01 0.01 0.01 0.01 0.01 0.01 0.01 0.01
1 0.01 0.01 0.01 0.01 0.01 0.01 0.01 0.01 0.01 0.01 0.01 0.01 0.01 0.01 0.01 0.01 0.01 0.01
1 0.01 0.01 0.01 0.01 0.01 0.01 0.01 0.01 0.01 0.01 0.01 0.01 0.01 0.01 0.01 0.01 0.01 0.01 0.01 0.01 0.01 0.01 0.01 0.01 0.01 0.01 0.01 0.01 0.01 0.01 0.01 0.01 0.01 0.01 0.01 0.01
1 0.01 0.01 0.01 0.01 0.01 0.01 0.01 0.01 0.01 0.01 0.01 0.01 0.01 0.01 0.01 0.01 0.01 0.01 0.01 0.01 0.01 0.01 0.01 0.01 0.01 0.01 0.01 0.01 0.01 0.01 0.01 0.01 0.01 0.01 0.01 0.01 0.01 0.01
1 0.01 0.01 0.01 0.01 0.01 0.01 0.01 0.01 0.01 0.01 0.01 0.01 0.01 0.01 0.01 0.01 0.01 0.01
1 0.01 0.01 0.01 0.01 0.01 0.01 0.01 0.01 0.01 0.01 0.01 0.01 0.01 0.01 0.01 0.01 0.01 0.01 0.01 0.01 0.01 0.01 0.01 0.01
1 0.01 0.4741605839416053 0.01 0.4668613138686129 0.01 0.36467153284671494 0.01 0.218686131386861 0.01 0.028905109489051027 0.01 0.014306569343065689 0.01 0.058102189781021704 0.01 0.08 0.01 0.1456934306569343 0.01 0.20408759124087567 0.01 0.2405839416058393 0.01 0.38656934306569324 0.01 0.4230656934306569 0.01 0.5106569343065689 0.01 0.6128467153284669 0.01 0.6931386861313865 0.01 0.7734306569343061 0.01 0.7588321167883209 0.01 0.7150364963503648 0.01 0.6712408759124082 0.01 0.5763503649635032
1 0.01 1.3865693430656933 0.01 1.408467153284671 0.01 1.4522627737226275 0.01 1.4814598540145982 0.01 1.3500729927007296 0.01 1.1894890510948903 0.01 1.116496350364963 0.01 1.072700729927007 0.01 0.9924087591240874 0.01 0.9194160583941602 0.01 0.9267153284671531 0.01 1.0070072992700727 0.01 1.021605839416058 0.01 1.0362043795620435 0.01 1.0799999999999994 0.01 1.167591240875912 0.01 1.26978102189781
1 0.01 1.4887591240875906 0.01 1.4814598540145982 0.01 1.7077372262773718 0.01 1.6639416058394159
1 0.01 1.4303649635036493 0.01 1.225985401459854 0.01 1.2040875912408757 0.01 1.313576642335766 0.01 1.3354744525547444 0.01 1.3281751824817514 0.01 1.4668613138686128 0.01 1.554452554744525 0.01 1.6055474452554739 0.01 1.6931386861313866 0.01 1.7953284671532845 0.01 1.8318248175182474 0.01 1.8464233576642335 0.01 1.9048175182481748 0.01 1.9705109489051091 0.01 1.8537226277372258 0.01 1.6420437956204375 0.01 1.5398540145985395
1 0.01 1.225985401459854 0.01 1.0289051094890511 0.01 0.9559124087591238 0.01 0.8318248175182481 0.01 0.7442335766423355 0.01 0.7077372262773719 0.01 0.8026277372262769 0.01 0.8537226277372258 0.01 1.0070072992700727 0.01 1.1018978102189778 0.01 1.225985401459854 0.01 1.408467153284671 0.01 1.4814598540145982 0.01 1.561751824817518 0.01 1.612846715328467 0.01 1.634744525547445 0.01 1.6420437956204375 0.01 1.6639416058394159 0.01 1.6639416058394159 0.01 1.4741605839416052 0.01 1.313576642335766
1 0.01 1.2478832116788316 0.01 1.1894890510948903 0.01 1.0070072992700727 0.01 0.7807299270072992 0.01 0.8026277372262769 0.01 0.7734306569343061 0.01 0.6055474452554739 0.01 0.7296350364963502 0.01 0.8318248175182481 0.01 0.8683211678832111 0.01 0.9924087591240874 0.01 1.1456934306569337 0.01 1.2478832116788316 0.01 1.313576642335766 0.01 1.320875912408759 0.01 1.3427737226277368 0.01 1.408467153284671 0.01 1.4887591240875906 0.01 1.45956204379562 0.01 1.4011678832116785 0.01 1.313576642335766
1 0.01 0.01 0.01 0.01 0.01 0.01 0.01 0.01 0.01 0.01 0.01 0.01 0.01 0.01 0.01 0.01 0.01 0.01 0.01 0.01 0.01 0.01 0.01 0.01
1 0.01 0.01 0.01 0.01 0.01 0.01 0.01 0.01 0.01 0.01 0.01 0.01 0.01 0.01 0.01 0.01 0.01 0.01 0.01 0.01 0.01 0.01 0.01 0.01 0.01 0.01 0.01 0.01 0.01 0.01 0.01 0.01 0.01 0.01 0.01 0.01
1 0.01 0.01 0.01 0.01 0.01 0.01 0.01 0.01 0.01 0.01 0.01 0.01 0.01 0.01 0.01 0.01 0.01 0.01 0.01 0.01 0.01 0.01 0.01 0.01 0.01 0.01
1 0.01 0.01 0.01 0.01 0.01 0.01 0.01 0.01 0.01 0.01 0.01 0.01 0.01 0.01 0.01 0.01 0.01 0.01
1 0.01 0.01 0.01 0.01 0.01 0.01 0.01 0.01 0.01 0.01 0.01 0.01 0.01 0.01 0.01 0.01 0.01 0.01 0.01 0.01 0.01 0.01 0.01 0.01 0.01 0.01 0.01 0.01 0.01 0.01 0.01 0.01 0.01 0.01 0.01 0.01 0.01 0.01
1 0.01 0.03205479452054817 0.01 0.01 0.01 0.01 0.01 0.01 0.01 0.01835616438356169 0.01 0.059452054794520565 0.01 0.13479452054794536 0.01 0.17589041095890423
1 0.01 0.06630136986301352 0.01 0.059452054794520565 0.01 0.059452054794520565 0.01 0.23753424657534253 0.01 0.3402739726027397 0.01 0.4224657534246575 0.01 0.4841095890410958 0.01 0.6005479452054794 0.01 0.6690410958904113 0.01 0.5868493150684929 0.01 0.5936986301369864 0.01 0.5996264009962641 0.01 0.258082191780822
1 0.01 0.49780821917808227 0.01 0.4635616438356163 0.01 0.58 0.01 0.5868493150684929 0.01 0.58 0.01 0.6758904109589042 0.01 0.7649315068493149 0.01 0.8471232876712332 0.01 0.9567123287671234 0.01 0.9978082191780823 0.01 1.0320547945205483 0.01 1.121095890410959 0.01 1.1484931506849319 0.01 1.0936986301369864 0.01 0.9635616438356164 0.01 0.8608219178082192 0.01 0.7717808219178085 0.01 0.6553424657534248 0.01 0.5594520547945205
1 0.01 0.01 0.01 0.01 0.01 0.01 0.01 0.01 0.01 0.01 0.01 0.01 0.01 0.01 0.01 0.01 0.01 0.01 0.01 0.01 0.01 0.01 0.01 0.01 0.01 0.01 0.01 0.01 0.01 0.01 0.01 0.01 0.01 0.01 0.01 0.01 0.01 0.01
1 0.01 0.01 0.01 0.01 0.01 0.01 0.01 0.01 0.01 0.01 0.01 0.01 0.01 0.06979591836734698 0.01 0.19734693877551024 0.01 0.27897959183673493 0.01 0.18714285714285722 0.01 0.06979591836734698
1 0.01 0.01 0.01 0.01 0.01 0.01 0.01 0.01 0.01 0.01 0.01 0.01
1 0.01 0.47285714285714275 0.01 0.38102040816326566 0.01 0.37591836734693856 0.01 0.35551020408163253 0.01 0.37591836734693856 0.01 0.44224489795918376 0.01 0.5340816326530614 0.01 0.590204081632653 0.01 0.6412244897959186 0.01 0.7177551020408163 0.01 0.8248979591836735 0.01 0.83 0.01 0.7840816326530614 0.01 0.6157142857142855 0.01 0.549387755102041
1 0.01 1.1208163265306121 0.01 0.9779591836734692 0.01 0.8861224489795921 0.01 0.870816326530612 0.01 0.9269387755102042 0.01 0.9524489795918367 0.01 0.9524489795918367 0.01 0.9575510204081632 0.01 1.0187755102040819 0.01 1.110612244897959 0.01 1.1820408163265308 0.01 1.2381632653061223 0.01 1.3044897959183674 0.01 1.3555102040816325 0.01 1.3555102040816325 0.01 1.299387755102041 0.01 1.1922448979591838 0.01 1.1565306122448982
1 0.01 0.8351020408163266 0.01 0.6820408163265307 0.01 0.6514285714285717 0.01 0.6259183673469386 0.01 0.6157142857142855 0.01 0.6565306122448982 0.01 0.7228571428571428 0.01 0.8095918367346939 0.01 0.870816326530612 0.01 0.8861224489795921 0.01 0.8963265306122452
1 0.01 0.01 0.01 0.01 0.01 0.01 0.01 0.01 0.01 0.01 0.01 0.01 0.01 0.01 0.01 0.01 0.01 0.01 0.01 0.01 0.01 0.01 0.01 0.01 0.01 0.01 0.01 0.01 0.01 0.01 0.01 0.01 0.01 0.01 0.01 0.01 0.01 0.01 0.01 0.01 0.01 0.01 0.01 0.01 0.01 0.01 0.01 0.01 0.01 0.01 0.01 0.01 0.01 0.01 0.01 0.01 0.01 0.01 0.01 0.01 0.01 0.01 0.01 0.01 0.01 0.01 0.01 0.01 0.01 0.01 0.01 0.01 0.01 0.01 0.01 0.01 0.01 0.01 0.01 0.01 0.01 0.01
1 0.01 0.8657142857142855 0.01 0.8095918367346939 0.01 0.7432653061224488 0.01 0.7228571428571428 0.01 0.7483673469387753 0.01 0.7687755102040819 0.01 0.850408163265306 0.01 0.9065306122448982 0.01 0.9881632653061223 0.01 1.0442857142857145 0.01 1.0697959183673469 0.01 1.0646938775510204 0.01 0.9626530612244898
1 0.01 0.6667346938775512 0.01 0.590204081632653 0.01 0.4983673469387753 0.01 0.4677551020408163 0.01 0.45755102040816326 0.01 0.40653061224489817 0.01 0.3248979591836735 0.01 0.2381632653061223 0.01 0.21775510204081627 0.01 0.2738775510204084 0.01 0.3351020408163265 0.01 0.4167346938775512 0.01 0.4779591836734693 0.01 0.5238775510204084 0.01 0.6055102040816326 0.01 0.6718367346938777 0.01 0.7177551020408163 0.01 0.7279591836734692 0.01 0.7024489795918367
1 0.01 0.850408163265306 0.01 0.7738775510204084 0.01 0.7279591836734692 0.01 0.6667346938775512 0.01 0.5851020408163266 0.01 0.5289795918367349 0.01 0.4779591836734693 0.01 0.4167346938775512 0.01 0.36061224489795907 0.01 0.4779591836734693 0.01 0.590204081632653 0.01 0.7483673469387753 0.01 0.9065306122448982 0.01 1.0646938775510204 0.01 1.1514285714285717 0.01 1.1514285714285717 0.01 1.0544897959183674 0.01 1.0136734693877554 0.01 0.9779591836734692 0.01 0.9065306122448982
1 0.01 0.09530612244897953 0.01 0.02387755102040842 0.01 0.01 0.01 0.01 0.01 0.01 0.01 0.01 0.01 0.01 0.01 0.01 0.01 0.01 0.01 0.13612244897959214 0.01 0.2534693877551018 0.01 0.35040816326530605 0.01 0.38612244897959214 0.01 0.38612244897959214 0.01 0.3351020408163265 0.01 0.30448979591836745 0.01 0.2738775510204084 0.01 0.19224489795918373
1 0.01 0.4881632653061223 0.01 0.4167346938775512 0.01 0.4218367346938777 0.01 0.4371428571428572 0.01 0.5238775510204084 0.01 0.58 0.01 0.590204081632653
1 0.01 0.01 0.01 0.01 0.01 0.01 0.01 0.01 0.01 0.01 0.01 0.01 0.01 0.01 0.01 0.01 0.01 0.06979591836734698 0.01 0.1769387755102042 0.01 0.2279591836734693 0.01 0.24836734693877532 0.01 0.2279591836734693 0.01 0.2330612244897958 0.01 0.09020408163265302 0.01 0.01 0.01 0.01
1 0.01 2.3248979591836734 0.01 2.3146938775510204 0.01 2.289183673469388 0.01 2.381020408163265 0.01 2.4269387755102034 0.01 2.4473469387755107 0.01 2.4524489795918374 0.01 2.4269387755102034 0.01 2.381020408163265
1 0.01 2.268775510204082 0.01 2.2432653061224492 0.01 2.1565306122448984 0.01 2.1157142857142857 0.01 2.1922448979591835 0.01 2.2636734693877556 0.01 2.3248979591836734 0.01 2.4269387755102034 0.01 2.4932653061224492 0.01 2.518775510204082 0.01 2.43204081632653 0.01 2.3555102040816327
1 0.01 2.515808383233533 0.01 2.372095808383233 0.01 2.2762874251497 0.01 2.240359281437126 0.01 2.2702994011976045 0.01 2.3840718562874246 0.01 2.5098203592814365 0.01 2.593652694610778 0.01 2.581676646706586
1 0.01 2.94 0.01 2.84 0.01 2.8666666666666663 0.01 2.96 0.01 3.04 0.01 3.193333333333334 0.01 3.36 0.01 3.44 0.01 3.52 0.01 3.5533333333333337 0.01 3.3733333333333335 0.01 3.24 0.01 3.0933333333333337
1 0.01 1.78 0.01 1.626666666666667 0.01 1.5133333333333332 0.01 1.46 0.01 1.58 0.01 1.68 0.01 1.78 0.01 1.8133333333333332 0.01 1.88 0.01 1.853333333333333
1 0.01 1.9666666666666668 0.01 1.893333333333333 0.01 1.893333333333333 0.01 1.886666666666667 0.01 1.913333333333333 0.01 1.913333333333333 0.01 1.9266666666666667 0.01 2.04 0.01 2.02 0.01 2.026666666666667 0.01 2.086666666666667 0.01 2.126666666666667 0.01 2.14 0.01 2.233333333333334 0.01 2.3 0.01 2.293333333333334 0.01 2.1133333333333333
1 0.01 0.01 0.01 0.01 0.01 0.01 0.01 0.01 0.01 0.01 0.01 0.01 0.01 0.01 0.01 0.01 0.01 0.01 0.01 0.01 0.01 0.01
1 0.01 0.01 0.01 0.01 0.01 0.01 0.01 0.01 0.01 0.01 0.01 0.01 0.01 0.01 0.01 0.01 0.01 0.01 0.01 0.01
1 0.01 0.01 0.01 0.01 0.01 0.01 0.01 0.01 0.01 0.01 0.01 0.01 0.01 0.01 0.01 0.01 0.01 0.01
1 0.01 2.2940740740740737 0.01 2.1977777777777776 0.01 2.160740740740741 0.01 2.3237037037037043 0.01 2.4274074074074075 0.01 2.471851851851852 0.01 2.3903703703703707
1 0.01 1.9311111111111114 0.01 1.7681481481481485 0.01 1.7088888888888891 0.01 1.64962962962963 0.01 1.5459259259259261 0.01 1.575555555555556 0.01 1.6866666666666668 0.01 1.782962962962963 0.01 1.8940740740740745 0.01 1.9681481481481484 0.01 2.0051851851851854
1 0.01 2.345925925925926 0.01 2.3385185185185184 0.01 2.5014814814814814 0.01 2.6274074074074076 0.01 2.7607407407407414 0.01 2.805185185185186 0.01 2.768148148148148 0.01 2.590370370370371 0.01 2.442222222222223
1 0.01 2.7755555555555556 0.01 2.67925925925926 0.01 2.6125925925925926 0.01 2.5755555555555554 0.01 2.568148148148148 0.01 2.6125925925925926 0.01 2.657037037037037 0.01 2.7903703703703706 0.01 2.9014814814814813 0.01 2.9977777777777783 0.01 2.9977777777777783 0.01 3.0866666666666664 0.01 3.1755555555555555 0.01 3.1903703703703705 0.01 3.1459259259259262 0.01 2.9533333333333336 0.01 2.871851851851852
1 0.01 2.657037037037037 0.01 2.4792592592592597 0.01 2.449629629629629 0.01 2.4644444444444447 0.01 2.5533333333333337 0.01 2.6274074074074076 0.01 2.6644444444444444 0.01 2.782962962962963 0.01 2.931111111111111 0.01 3.005185185185186 0.01 2.9533333333333336 0.01 2.782962962962963
1 0.01 2.686666666666666 0.01 2.694074074074074 0.01 2.694074074074074 0.01 2.6644444444444444 0.01 2.5755555555555554 0.01 2.516296296296297 0.01 2.4792592592592597 0.01 2.4866666666666672 0.01 2.605185185185186 0.01 2.7014814814814816 0.01 2.731111111111111 0.01 2.8348148148148153 0.01 2.916296296296297 0.01 2.945925925925926 0.01 2.9014814814814813 0.01 2.82 0.01 2.7755555555555556
1 0.01 1.4125925925925928 0.01 1.3977777777777782 0.01 1.3459259259259262 0.01 1.2940740740740744 0.01 1.2125925925925929 0.01 1.1607407407407409 0.01 1.1903703703703707 0.01 1.5311111111111115 0.01 1.7607407407407407 0.01 1.8940740740740745 0.01 1.945925925925926 0.01 1.945925925925926 0.01 1.9385185185185185 0.01 1.8940740740740745 0.01 1.8422222222222222 0.01 1.7162962962962967 0.01 1.6866666666666668 0.01 1.5459259259259261
1 0.01 0.01 0.01 0.01 0.01 0.01 0.01 0.01 0.01 0.01 0.01 0.01 0.01 0.01 0.01 0.01 0.01 0.01 0.01 0.01 0.01 0.01 0.01 0.01 0.01 0.01 0.01 0.01 0.01 0.01 0.01 0.01
1 0.01 0.01 0.01 0.01 0.01 0.01 0.01 0.01 0.01 0.01 0.01 0.01 0.01 0.01 0.01 0.01 0.01 0.01 0.01 0.01
1 0.01 1.3014814814814815 0.01 1.175555555555556 0.01 1.0792592592592598 0.01 1.0422222222222224 0.01 1.0348148148148153 0.01 1.1681481481481484 0.01 1.2792592592592598 0.01 1.338518518518519 0.01 1.338518518518519
1 0.01 0.5459259259259261 0.01 0.46444444444444455 0.01 0.3977777777777783 0.01 0.3459259259259261 0.01 0.3237037037037038 0.01 0.3237037037037038 0.01 0.30888888888888916 0.01 0.4051851851851853 0.01 0.47925925925925983 0.01 0.5385185185185191 0.01 0.6125925925925929 0.01 0.7014814814814815 0.01 0.7088888888888891 0.01 0.7607407407407407 0.01 0.8200000000000006 0.01 0.6792592592592598
1 0.01 2.5358536585365847 0.01 2.383414634146342 0.01 2.3285365853658537 0.01 2.267560975609756 0.01 2.206585365853658 0.01 2.2004878048780485 0.01 2.2919512195121943 0.01 2.377317073170732 0.01 2.499268292682926 0.01 2.5480487804878043
1 0.01 2.6029268292682923 0.01 2.371219512195122 0.01 2.230975609756098 0.01 2.145609756097561 0.01 2.121219512195122 0.01 2.0785365853658533 0.01 2.0724390243902437 0.01 2.1090243902439023 0.01 2.218780487804878 0.01 2.316341463414634 0.01 2.42 0.01 2.5541463414634142 0.01 2.68219512195122 0.01 2.68219512195122 0.01 2.67 0.01 2.6517073170731704
1 0.01 2.1071493212669683 0.01 2.1207239819004524 0.01 2.1659728506787332 0.01 2.215746606334842 0.01 2.2519457013574664 0.01 2.279095022624434 0.01 2.283619909502263 0.01 2.211221719457013
1 0.01 2.8619191919191915 0.01 2.745757575757575 0.01 2.649797979797979 0.01 2.5538383838383836 0.01 2.543737373737373 0.01 2.4932323232323235 0.01 2.407373737373737 0.01 2.3013131313131305 0.01 2.2811111111111106 0.01 2.296262626262626 0.01 2.326565656565656 0.01 2.402323232323232 0.01 2.4629292929292923 0.01 2.5033333333333325 0.01 2.5386868686868684 0.01 2.594242424242424 0.01 2.6952525252525255 0.01 2.750808080808081 0.01 2.8013131313131305 0.01 2.8619191919191915
1 0.01 2.9174747474747473 0.01 2.8568686868686872 0.01 2.826565656565656 0.01 2.9780808080808083 0.01 3.104343434343434 0.01 3.17 0.01 3.2104040404040406 0.01 3.250808080808081 0.01 3.2558585858585856 0.01 3.1952525252525255 0.01 3.1144444444444446 0.01 3.048787878787879 0.01 2.9881818181818174
1 0.01 2.8417171717171708 0.01 2.765959595959596 0.01 2.6598989898989895 0.01 2.594242424242424 0.01 2.5992929292929294 0.01 2.594242424242424 0.01 2.5689898989898983 0.01 2.5336363636363637 0.01 2.654848484848485 0.01 2.7760606060606063 0.01 2.8417171717171708 0.01 2.902323232323232 0.01 2.9578787878787876 0.01 2.9982828282828278 0.01 2.937676767676768 0.01 2.8821212121212114
1 0.01 3.028585858585858 0.01 2.907373737373737 0.01 2.8215151515151513 0.01 2.685151515151515 0.01 2.6649494949494943 0.01 2.70030303030303 0.01 2.715454545454545 0.01 2.73060606060606 0.01 2.7407070707070704 0.01 2.937676767676768 0.01 3.043737373737373 0.01 3.1144444444444446 0.01 3.185151515151515 0.01 3.3316161616161617 0.01 3.437676767676768 0.01 3.4881818181818174 0.01 3.5184848484848485 0.01 3.5033333333333325 0.01 3.437676767676768 0.01 3.407373737373737 0.01 3.392222222222222
1 0.01 3.452828282828283 0.01 3.3164646464646466 0.01 3.1801010101010103 0.01 3.1194949494949493 0.01 3.1144444444444446 0.01 3.17 0.01 3.2710101010101003 0.01 3.3669696969696963 0.01 3.513434343434343 0.01 3.69020202020202 0.01 3.7710101010101003 0.01 3.826565656565656 0.01 3.750808080808081 0.01 3.760909090909091 0.01 3.750808080808081 0.01 3.654848484848485 0.01 3.5184848484848485
1 0.01 3.6352777777777785 0.01 3.5450000000000013 0.01 3.468611111111112 0.01 3.468611111111112 0.01 3.503333333333334 0.01 3.5450000000000013 0.01 3.6005555555555566 0.01 3.656111111111112 0.01 3.676944444444446 0.01 3.7047222222222227 0.01 3.7047222222222227
1 0.01 3.690833333333334 0.01 3.7116666666666673 0.01 3.7672222222222227 0.01 3.9130555555555566 0.01 4.0519444444444455 0.01 3.8366666666666673
1 0.01 4.024166666666668 0.01 3.9616666666666673 0.01 3.8366666666666673 0.01 3.815833333333334 0.01 3.8227777777777785 0.01 3.864444444444446 0.01 3.8991666666666673 0.01 3.989444444444446 0.01 4.086666666666668 0.01 4.204722222222223 0.01 4.232500000000001 0.01 4.267222222222223 0.01 4.288055555555556 0.01 4.3227777777777785 0.01 4.343611111111112 0.01 4.350555555555556 0.01 4.225555555555556 0.01 4.163055555555556
1 0.01 1.3436111111111115 0.01 1.274166666666667 0.01 1.2672222222222222 0.01 1.3019444444444446 0.01 1.3088888888888892 0.01 1.3088888888888892 0.01 1.2672222222222222 0.01 1.350555555555556 0.01 1.413055555555556 0.01 1.5658333333333336 0.01 1.6352777777777783 0.01 1.6352777777777783 0.01 1.6075 0.01 1.5936111111111115 0.01 1.6283333333333336 0.01 1.7186111111111115 0.01 1.7811111111111115 0.01 1.8158333333333336 0.01 1.788055555555556 0.01 1.7325 0.01 1.545
1 0.01 1.8922222222222222 0.01 1.8575 0.01 1.913055555555556 0.01 2.003333333333334 0.01 2.003333333333334 0.01 1.9686111111111115
1 0.01 2.0727777777777785 0.01 1.9686111111111115 0.01 2.0102777777777785 0.01 2.100555555555556 0.01 2.190833333333334 0.01 2.281111111111112 0.01 2.3575000000000013 0.01 2.4616666666666673 0.01 2.5241666666666673 0.01 2.5797222222222227 0.01 2.593611111111112 0.01 2.628333333333334 0.01 2.6630555555555566 0.01 2.6491666666666673 0.01 2.5241666666666673 0.01 2.37138888888889 0.01 2.30888888888889 0.01 2.2047222222222227
1 0.01 2.739444444444446 0.01 2.6977777777777785 0.01 2.7325000000000013 0.01 2.80888888888889 0.01 2.9130555555555566 0.01 2.864444444444446 0.01 2.8366666666666673 0.01 2.8366666666666673
1 0.01 2.7116666666666673 0.01 2.8297222222222227 0.01 2.9547222222222227 0.01 3.0172222222222227 0.01 3.0866666666666673 0.01 3.1352777777777785 0.01 3.1075000000000013 0.01 3.065833333333334 0.01 2.9477777777777785 0.01 2.843611111111112 0.01 2.7255555555555566 0.01 2.6630555555555566 0.01 2.5727777777777785 0.01 2.503333333333334 0.01 2.4200000000000013 0.01 2.2741666666666673 0.01 2.163055555555556 0.01 2.1769444444444446 0.01 2.24638888888889 0.01 2.3852777777777785 0.01 2.4825000000000013 0.01 2.5727777777777785 0.01 2.6422222222222227
1 0.01 1.4825 0.01 1.5033333333333336 0.01 1.6144444444444446 0.01 1.6908333333333336 0.01 1.7533333333333336 0.01 1.8088888888888892 0.01 1.795 0.01 1.725555555555556 0.01 1.6838888888888892 0.01 1.6422222222222222 0.01 1.586666666666667
1 0.01 3.503333333333334 0.01 3.4200000000000013 0.01 3.3227777777777785 0.01 3.281111111111112 0.01 3.2672222222222227 0.01 3.2741666666666673 0.01 3.37138888888889 0.01 3.4130555555555566 0.01 3.440833333333334 0.01 3.4755555555555566 0.01 3.593611111111112 0.01 3.6977777777777785 0.01 3.7672222222222227 0.01 3.8575000000000013 0.01 3.9130555555555566 0.01 3.968611111111112 0.01 3.9825000000000013 0.01 3.9825000000000013 0.01 3.9825000000000013 0.01 3.9616666666666673 0.01 3.8227777777777785 0.01 3.739444444444446 0.01 3.628333333333334 0.01 3.565833333333334
1 0.01 3.843611111111112 0.01 3.815833333333334 0.01 3.753333333333334 0.01 3.6977777777777785 0.01 3.656111111111112 0.01 3.5866666666666673 0.01 3.5727777777777785 0.01 3.656111111111112 0.01 3.74638888888889 0.01 3.8991666666666673 0.01 3.9616666666666673 0.01 4.024166666666668 0.01 4.1144444444444455 0.01 4.156111111111112 0.01 4.1977777777777785 0.01 4.204722222222223 0.01 4.204722222222223 0.01 4.017222222222223 0.01 3.9130555555555566
1 0.01 3.43388888888889 0.01 3.3227777777777785 0.01 3.253333333333334 0.01 3.1630555555555566 0.01 3.190833333333334 0.01 3.301944444444446 0.01 3.43388888888889 0.01 3.5866666666666673 0.01 3.6005555555555566 0.01 3.5102777777777785
1 0.01 4.5102777777777785 0.01 4.392222222222223 0.01 4.288055555555556 0.01 4.211666666666668 0.01 4.142222222222223 0.01 4.190833333333334 0.01 4.225555555555556 0.01 4.3019444444444455 0.01 4.3852777777777785 0.01 4.524166666666668 0.01 4.670000000000001 0.01 4.75 0.01 4.732500000000001 0.01 4.642222222222223 0.01 4.565833333333334 0.01 4.545000000000001
1 0.01 4.725555555555556 0.01 4.6352777777777785 0.01 4.586666666666668 0.01 4.6144444444444455 0.01 4.6977777777777785 0.01 4.75 0.01 4.75
1 0.01 4.732500000000001 0.01 4.649166666666668 0.01 4.49638888888889 0.01 4.413055555555556 0.01 4.406111111111112 0.01 4.392222222222223 0.01 4.4269444444444455 0.01 4.517222222222223 0.01 4.607500000000001 0.01 4.704722222222223 0.01 4.7394444444444455
1 0.01 4.2394444444444455 0.01 4.18388888888889 0.01 4.142222222222223 0.01 4.288055555555556 0.01 4.3644444444444455 0.01 4.343611111111112 0.01 4.343611111111112 0.01 4.343611111111112 0.01 4.315833333333334
1 0.01 4.725555555555556 0.01 4.628333333333334 0.01 4.5519444444444455 0.01 4.6144444444444455 0.01 4.690833333333334 0.01 4.725555555555556 0.01 4.75 0.01 4.75
1 0.01 4.7394444444444455 0.01 4.6769444444444455 0.01 4.5727777777777785 0.01 4.440833333333334 0.01 4.315833333333334 0.01 4.281111111111112 0.01 4.253333333333334 0.01 4.2394444444444455 0.01 4.1977777777777785 0.01 4.204722222222223 0.01 4.2394444444444455 0.01 4.3019444444444455 0.01 4.3227777777777785 0.01 4.461666666666668 0.01 4.600555555555556 0.01 4.725555555555556 0.01 4.7394444444444455 0.01 4.74638888888889 0.01 4.7394444444444455 0.01 4.732500000000001 0.01 4.7394444444444455
1 0.01 4.0519444444444455 0.01 4.038055555555556 0.01 4.024166666666668 0.01 4.003333333333334 0.01 4.12138888888889 0.01 4.170000000000001 0.01 4.190833333333334 0.01 4.218611111111112 0.01 4.2394444444444455 0.01 4.232500000000001 0.01 4.190833333333334 0.01 4.149166666666668
1 0.01 4.315833333333334 0.01 4.274166666666668 0.01 4.2602777777777785 0.01 4.413055555555556 0.01 4.517222222222223 0.01 4.545000000000001 0.01 4.503333333333334 0.01 4.413055555555556
1 0.01 4.24638888888889 0.01 4.204722222222223 0.01 4.211666666666668 0.01 4.253333333333334 0.01 4.3227777777777785 0.01 4.43388888888889 0.01 4.461666666666668 0.01 4.468611111111112 0.01 4.413055555555556 0.01 4.315833333333334
1 0.01 3.6977777777777785 0.01 3.628333333333334 0.01 3.5727777777777785 0.01 3.5450000000000013 0.01 3.489444444444446 0.01 3.4477777777777785 0.01 3.440833333333334 0.01 3.4477777777777785 0.01 3.503333333333334 0.01 3.5797222222222227 0.01 3.628333333333334 0.01 3.7602777777777785 0.01 3.9477777777777785 0.01 3.8922222222222227 0.01 3.864444444444446 0.01 3.940833333333334 0.01 4.065833333333334 0.01 4.107500000000001 0.01 4.149166666666668 0.01 4.156111111111112 0.01 4.156111111111112 0.01 4.156111111111112 0.01 3.9547222222222227 0.01 3.8227777777777785
1 0.01 1.325283018867924 0.01 1.1869182389937105 0.01 1.2120754716981128 0.01 1.325283018867924
1 0.01 1.4259119496855346 0.01 1.3755974842767296 0.01 1.369308176100629 0.01 1.3881761006289304 0.01 1.3818867924528297 0.01 1.4762264150943394 0.01 1.5265408805031444 0.01 1.5705660377358486 0.01 1.633459119496855 0.01 1.6900628930817607 0.01 1.5579874213836473
1 0.01 1.702641509433962 0.01 1.7781132075471697 0.01 1.8284276729559747 0.01 1.8347169811320754 0.01 1.822138364779874 0.01 1.671194968553459 0.01 1.6397484276729557 0.01 1.6271698113207542 0.01 1.6020125786163522 0.01 1.6271698113207542
1 0.01 3.363018867924528 0.01 3.2372327044025155 0.01 3.2372327044025155 0.01 3.249811320754717 0.01 3.318993710691824 0.01 3.394465408805031 0.01 3.425911949685534 0.01 3.37559748427673
1 0.01 3.3001257861635214 0.01 3.2246540880503143 0.01 3.0988679245283013 0.01 3.048553459119497 0.01 3.048553459119497 0.01 3.1617610062893085 0.01 3.1994968553459113 0.01 3.256100628930817 0.01 3.3441509433962255 0.01 3.4070440251572323 0.01 3.4070440251572323 0.01 3.363018867924528
1 0.01 3.048553459119497 0.01 2.97937106918239 0.01 2.872452830188679 0.01 2.8221383647798732 0.01 2.8913207547169804 0.01 2.97937106918239 0.01 3.0988679245283013 0.01 3.1366037735849055 0.01 3.130314465408804
1 0.01 0.991949685534591 0.01 0.9479245283018867 0.01 0.9353459119496853 0.01 1.1303144654088049 0.01 1.08 0.01 1.1177358490566036 0.01 1.1303144654088049
1 0.01 4.736000000000001 0.01 4.632000000000001 0.01 4.5520000000000005 0.01 4.4479999999999995 0.01 4.392 0.01 4.4239999999999995 0.01 4.52 0.01 4.632000000000001 0.01 4.656000000000001 0.01 4.664 0.01 4.664 0.01 4.75 0.01 4.736000000000001 0.01 4.744
1 0.01 0.01 0.01 0.01 0.01 0.01 0.01 0.01 0.01 0.01 0.01 0.01 0.01 0.01 0.01 0.01 0.01 0.01
1 0.01 0.01 0.01 0.01 0.01 0.01 0.01 0.01 0.01 0.01 0.01 0.01 0.01 0.01 0.01 0.01 0.01 0.01 0.01 0.01 0.01 0.01 0.01 0.01 0.01 0.01 0.01 0.01 0.01 0.01 0.01 0.01 0.01 0.01
1 0.01 0.01 0.01 0.01 0.01 0.01 0.01 0.01 0.01 0.01 0.01 0.01 0.01 0.01 0.01 0.01 0.01 0.01 0.01 0.01 0.01 0.01
1 0.01 0.01 0.01 0.01 0.01 0.01 0.01 0.01 0.01 0.01 0.01 0.01 0.01 0.01 0.01 0.01 0.01 0.01 0.01 0.01 0.01 0.01 0.01 0.01 0.01 0.01
1 0.01 0.01 0.01 0.01 0.01 0.01 0.01 0.01 0.01 0.01 0.01 0.01 0.01 0.01 0.01 0.01 0.01 0.01
1 0.01 0.01 0.01 0.01 0.01 0.01 0.01 0.01 0.01 0.01 0.01 0.01 0.01 0.01 0.01 0.01 0.01 0.01 0.01 0.01 0.01 0.01 0.01 0.01 0.01 0.01 0.01 0.01 0.01 0.01 0.01 0.01 0.01 0.01 0.01 0.01 0.01 0.01
1 0.01 0.01 0.01 0.01 0.01 0.01 0.01 0.01 0.01 0.01 0.01 0.01 0.01 0.01 0.01 0.01 0.01 0.01 0.01 0.01 0.01 0.01
1 0.01 0.01 0.01 0.01 0.01 0.01 0.01 0.01 0.01 0.01 0.01 0.01 0.01 0.01
1 0.01 0.01 0.01 0.01 0.01 0.01 0.01 0.01 0.01 0.01 0.01 0.01 0.01 0.01 0.01 0.01 0.01 0.01 0.01 0.01 0.01 0.01 0.01 0.01 0.01 0.01 0.01 0.01 0.01 0.01 0.01 0.01 0.01 0.01 0.01 0.01 0.01 0.01 0.01 0.01
1 0.01 0.01 0.01 0.01 0.01 0.01 0.01 0.01 0.01 0.01 0.01 0.01 0.01 0.01 0.01 0.01 0.01 0.01 0.01 0.01 0.01 0.01 0.01 0.01 0.01 0.01 0.01 0.01 0.01 0.01 0.01 0.01 0.01 0.01 0.01 0.01
1 0.01 0.01 0.01 0.01 0.01 0.01 0.01 0.01 0.01 0.01 0.01 0.01 0.01 0.01 0.01 0.01 0.01 0.01 0.044120171673820326 0.01 0.035536480686695314 0.01 0.01 0.01 0.01 0.01 0.01 0.01 0.01 0.01 0.01 0.01 0.01 0.01 0.01 0.01 0.01 0.01 0.01 0.01 0.01 0.01
1 0.01 0.01 0.21150214592274666 0.01 0.3531330472103002 0.01 0.3660085836909877 0.01 0.2630042918454933 0.01 0.12566523605150223 0.01 0.031244635193132808 0.01 0.01 0.01 0.01 0.01 0.01 0.01 0.01 0.01 0.01 0.01 0.01 0.01 0.01 0.01 0.01 0.01 0.01 0.01 0.01 0.01 0.01 0.01
1 0.01 0.01 0.01 0.01 0.01 0.01 0.01 0.01 0.01 0.01 0.01 0.01 0.01 0.01
1 0.01 3.4878947368421054 0.01 3.369473684210526 0.01 3.4352631578947364 0.01 3.494473684210526 0.01 3.5602631578947364 0.01 3.6392105263157895 0.01 3.6852631578947364 0.01 3.58
1 0.01 1.2378947368421052 0.01 1.1326315789473682 0.01 1.08 0.01 1.0142105263157897 0.01 0.935263157894737 0.01 0.8628947368421052 0.01 0.8234210526315792 0.01 0.8628947368421052 0.01 1.0010526315789474 0.01 1.08 0.01 1.1523684210526317 0.01 1.1589473684210525 0.01 1.33 0.01 1.4615789473684209 0.01 1.5734210526315786 0.01 1.6392105263157897 0.01 1.724736842105263 0.01 1.6655263157894735 0.01 1.5865789473684209 0.01 1.5471052631578948 0.01 1.5339473684210525 0.01 1.560263157894737 0.01 1.494473684210526 0.01 1.4089473684210525 0.01 1.2971052631578948
1 0.01 0.8431578947368422 0.01 0.7707894736842104 0.01 0.6918421052631578 0.01 0.6326315789473682 0.01 0.5339473684210526 0.01 0.599736842105263 0.01 0.6786842105263156 0.01 0.7905263157894734 0.01 0.8168421052631578 0.01 0.8892105263157896 0.01 0.9484210526315786 0.01 0.9813157894736844 0.01 1.0142105263157897 0.01 1.0339473684210525 0.01 0.9681578947368422
1 0.01 0.01 0.01 0.01 0.01 0.01 0.01 0.01 0.01 0.01 0.01 0.01 0.01 0.01 0.01 0.01 0.01 0.01 0.01 0.01 0.01 0.027368421052631788 0.01 0.1128947368421052 0.01 0.1721052631578948 0.01 0.23789473684210521 0.01 0.3628947368421052 0.01 0.369473684210526 0.01 0.2971052631578948 0.01 0.1786842105263156 0.01 0.01 0.01 0.01
1 0.01 0.01 0.01 0.01 0.01 0.01 0.01 0.01 0.01 0.01 0.01 0.01 0.01 0.01 0.01 0.01 0.01 0.01 0.01 0.01 0.01 0.01
1 0.01 2.1392105263157895 0.01 1.994473684210526 0.01 1.8957894736842105 0.01 1.8563157894736844 0.01 1.8168421052631578 0.01 1.8036842105263156 0.01 1.9221052631578948 0.01 1.9878947368421052 0.01 2.099736842105263 0.01 2.205 0.01 2.3826315789473687 0.01 2.4484210526315793 0.01 2.3102631578947364 0.01 2.211578947368421
1 0.01 2.1786842105263156 0.01 2.0405263157894735 0.01 1.968157894736842 0.01 2.007631578947368 0.01 2.099736842105263 0.01 2.1918421052631576 0.01 2.2576315789473687 0.01 2.349736842105264 0.01 2.3826315789473687 0.01 2.2707894736842102
1 0.01 2.501052631578947 0.01 2.3628947368421054 0.01 2.2707894736842102 0.01 2.251052631578947 0.01 2.3826315789473687 0.01 2.4221052631578948 0.01 2.501052631578947 0.01 2.652368421052631 0.01 2.724736842105264 0.01 2.6326315789473687
1 0.01 2.790526315789474 0.01 2.724736842105264 0.01 2.6392105263157895 0.01 2.5668421052631585 0.01 2.6721052631578948 0.01 2.711578947368421 0.01 2.777368421052631 0.01 2.908947368421052 0.01 3.027368421052631 0.01 3.119473684210526 0.01 3.1063157894736846 0.01 3.0668421052631585 0.01 2.955 0.01 2.849736842105264
1 0.01 3.3628947368421054 0.01 3.211578947368421 0.01 3.1721052631578948 0.01 3.2576315789473687 0.01 3.415526315789474 0.01 3.5076315789473687 0.01 3.4681578947368417 0.01 3.455
1 0.01 3.501052631578947 0.01 3.290526315789474 0.01 3.165526315789474 0.01 3.126052631578947 0.01 3.08 0.01 3.0536842105263156 0.01 3.086578947368421 0.01 3.165526315789474 0.01 3.290526315789474 0.01 3.455 0.01 3.5142105263157895 0.01 3.626052631578947 0.01 3.744473684210526 0.01 3.751052631578947 0.01 3.751052631578947 0.01 3.724736842105264 0.01 3.599736842105264
1 0.01 4.001052631578947 0.01 3.777368421052631 0.01 3.7576315789473687 0.01 3.8563157894736846 0.01 4.007631578947369 0.01 4.1918421052631585 0.01 4.126052631578947
1 0.01 4.277368421052631 0.01 4.415526315789474 0.01 4.468157894736842 0.01 4.382631578947369 0.01 4.343157894736842 0.01 4.3168421052631585 0.01 4.257631578947369 0.01 4.185263157894736 0.01 4.132631578947369 0.01 3.9813157894736846 0.01 3.908947368421052 0.01 3.869473684210526 0.01 3.777368421052631 0.01 3.7971052631578948 0.01 3.751052631578947 0.01 3.6786842105263156 0.01 3.724736842105264 0.01 3.8036842105263156 0.01 3.8826315789473687 0.01 3.902368421052631 0.01 3.8563157894736846 0.01 3.8102631578947364 0.01 3.849736842105264 0.01 3.902368421052631 0.01 3.908947368421052 0.01 3.869473684210526 0.01 3.7378947368421054 0.01 3.5734210526315793 0.01 3.4221052631578948 0.01 3.474736842105264 0.01 3.6128947368421054 0.01 3.6786842105263156 0.01 3.7642105263157895 0.01 3.8628947368421054 0.01 4.099736842105264 0.01 4.185263157894736
1 0.01 4.402368421052631 0.01 4.224736842105264 0.01 4.310263157894736 0.01 4.4418421052631585 0.01 4.533947368421052 0.01 4.632631578947369 0.01 4.705 0.01 4.744473684210526 0.01 4.672105263157895 0.01 4.58 0.01 4.520789473684211 0.01 4.507631578947369 0.01 4.507631578947369
1 0.01 4.172105263157895 0.01 3.994473684210526 0.01 3.915526315789474 0.01 3.8892105263157895 0.01 3.8431578947368417 0.01 3.9221052631578948 0.01 4.053684210526316 0.01 4.132631578947369 0.01 4.224736842105264 0.01 4.33 0.01 4.33 0.01 4.4418421052631585 0.01 4.560263157894736 0.01 4.5142105263157895 0.01 4.468157894736842 0.01 4.46157894736842 0.01 4.408947368421052 0.01 4.310263157894736 0.01 4.251052631578947
1 0.01 3.7642105263157895 0.01 3.626052631578947 0.01 3.5602631578947364 0.01 3.5471052631578948 0.01 3.599736842105264 0.01 3.751052631578947 0.01 3.836578947368421 0.01 3.9352631578947364 0.01 4.020789473684211 0.01 4.033947368421052 0.01 3.961578947368421 0.01 3.869473684210526
1 0.01 3.711578947368421 0.01 3.6128947368421054 0.01 3.5734210526315793 0.01 3.6392105263157895 0.01 3.705 0.01 3.7971052631578948 0.01 3.8826315789473687 0.01 3.8036842105263156 0.01 3.849736842105264 0.01 3.777368421052631
1 0.01 4.007631578947369 0.04486842105263122 3.9681578947368417 0.21592105263157918 3.9418421052631585 0.24223684210526358 4.08 0.1632894736842104 4.172105263157895 0.01 4.198421052631579 0.01 4.178684210526316 0.01 4.119473684210526
1 0.01 0.01 0.4168807339449529 0.01 0.29761467889908205 0.01 0.18752293577981505 0.01 0.06825688073394418 0.01 0.01 0.01 0.01 0.01
1 0.6003669724770646 0.01 0.7655045871559639 0.01 0.9031192660550448 0.01 1.0957798165137604 0.01 1.150825688073395 0.01 1.2700917431192658 0.01 1.4719266055045876 0.01 1.2700917431192658 0.01 1.150825688073395 0.01 1.0957798165137604 0.01 0.9214678899082571 0.01
1 1.2150458715596335 0.01 1.297614678899082 0.01 1.4627522935779813 0.01 1.6370642201834846 0.01 1.7288073394495416 0.01 1.912293577981651 0.01 1.9765137614678894 0.01 1.9765137614678894 0.01 1.9765137614678894 0.01 1.783853211009174 0.01 1.6187155963302746 0.01 1.444403669724769 0.01 1.3710091743119266 0.01
1 0.01 0.01 0.01 0.01 0.013211009174311813 0.01 0.11412844036697266 0.01 0.15999999999999887 0.01 0.150825688073395 0.01 0.1049541284403665 0.01 0.01 0.01 0.01 0.01
1 0.279266055045872 0.01 0.46275229357798137 0.01 0.554495412844036 0.01 0.7104587155963293 0.01 0.7471559633027516 0.01 0.7012844036697254 0.01 0.5453211009174299 0.1310091743119267 0.4994495412844037 0.15853211009174345 0.3801834862385306 0.06678899082568819 0.31596330275229206 0.01 0.2425688073394497 0.01 0.23339449541284352 0.01 0.23339449541284352 0.01
1 0.01 3.5805504587155963 0.01 3.488807339449542 0.01 3.3420183486238533 0.01 3.167706422018349 0.01 3.195229357798165 0.15999999999999887 3.2869724770642197 0.31596330275229206 3.3603669724770646 0.3801834862385306 3.415412844036697 0.2884403669724759 3.6080733944954124 0.2517431192660535 3.7456880733944957 0.20587155963302733 3.8466055045871554 0.11412844036697266 3.892477064220184 0.01 3.892477064220184 0.01 3.901651376146789 0.01 3.7456880733944957
1 0.01 3.1245454545454536 0.01 3.01090909090909 0.01 2.8972727272727266 0.01 2.7381818181818174 0.05772727272727252 2.859393939393939 0.17893939393939376 2.9578787878787876 0.33045454545454506 3.063939393939394 0.33045454545454506 3.1245454545454536 0.2925757575757575 3.283636363636363 0.1410606060606051 3.20030303030303 0.01 3.1472727272727266 0.01 3.1321212121212114
1 0.36075757575757506 3.26090909090909 0.40621212121212014 3.04121212121212 0.4289393939393938 2.95030303030303 0.56530303030303 2.8290909090909087 0.6334848484848475 2.7684848484848477 0.8001515151515151 2.813939393939394 0.8910606060606051 2.8366666666666664 1.019848484848484 2.9578787878787876 1.0577272727272726 2.995757575757575 0.9592424242424238 3.1396969696969688 0.8380303030303026 3.2684848484848477 0.7471212121212113 3.3972727272727266 0.6562121212121201 3.48060606060606 0.5122727272727263 3.404848484848484
1 0.28499999999999887 3.79121212121212 0.35318181818181754 3.609393939393939 0.44409090909090876 3.526060606060605 0.7622727272727263 3.5866666666666664 0.8531818181818176 3.6775757575757577 1.0425757575757564 3.8366666666666664 1.1107575757575752 3.904848484848484 1.0122727272727263 3.9578787878787876 0.8683333333333326 3.98060606060606 0.7622727272727263 4.01090909090909 0.5880303030303026 4.079090909090909 0.48954545454545384 4.139696969696969 0.4213636363636363 4.1472727272727266 0.32287878787878754 4.079090909090909 0.300151515151515 3.9275757575757577
1 0.01 4.268484848484848 0.23196969696969633 4.223030303030303 0.3759090909090901 4.238181818181817 0.3910606060606051 4.344242424242424 0.4137878787878776 4.586666666666666 0.4137878787878776 4.7306060606060605 0.2168181818181813 4.745757575757575 0.08106060606058235 4.75 0.01 4.715454545454545 0.01984848484848385 4.586666666666666 0.05772727272727252 4.457878787878787
1 0.01 0.10939393939393881 0.01 0.01 0.08045454545454504 0.01 0.18651515151515127 0.01 0.34560606060606003 0.1321212121212119 0.4137878787878776 0.17757575757575694 0.4743939393939388 0.23060606060606006 0.5198484848484839 0.30636363636363567 0.40621212121212014 0.3139393939393932 0.28499999999999887 0.29878787878787816 0.17136363636363627 0.38969696969696943 0.06530303030303003 0.48818181818181755 0.01 0.5639393939393932 0.01 0.5563636363636357 0.01 0.5109090909090906 0.01 0.29878787878787816
1 0.08045454545454504 1.1245454545454538 0.1410606060606051 0.9578787878787876 0.2168181818181813 0.8593939393939388 0.33803030303030257 0.7987878787878782 0.5274242424242414 0.7533333333333325 0.6789393939393937 0.7609090909090906 0.6789393939393937 0.8669696969696963 0.6486363636363626 0.9730303030303026 0.6334848484848475 1.0563636363636357 0.48954545454545384 1.162424242424242 0.2546969696969688 1.1775757575757568
1 1.1940909090909089 3.919999999999999 1.330454545454544 3.8821212121212114 1.4137878787878788 3.859393939393939 1.4592424242424238 3.95030303030303 1.5274242424242415 4.048787878787878 1.6031818181818165 4.071515151515151 1.595606060606059 4.162424242424241 1.4743939393939387 4.253333333333333 1.4137878787878788 4.283636363636362 1.300151515151514 4.2760606060606055 1.2243939393939387 4.132121212121211 1.2092424242424238 4.01090909090909
1 1.8607575757575763 2.798787878787879 2.0198484848484837 2.669999999999999 2.194090909090909 2.685151515151515 2.2698484848484837 2.798787878787879 2.27 2.799949494949502 2.27 3.154848484848484 2.1789393939393937 3.2078787878787876 2.1031818181818163 3.2533333333333325 2.050151515151514 3.3290909090909087 2.004696969696969 3.3821212121212114 1.9516666666666662 3.4275757575757577 1.830454545454544 3.404848484848484 1.8759090909090912 3.3215151515151513 1.9516666666666662 3.2381818181818174 1.9440909090909089 3.0790909090909087 1.9213636363636362 2.9730303030303027
1 0.4668181818181813 4.2760606060606055 0.6183333333333326 4.412424242424241 0.7395454545454538 4.518484848484848 0.84560606060606 4.594242424242424 0.9213636363636363 4.662424242424241 0.7849999999999988 4.685151515151515 0.6259090909090901 4.723030303030303 0.5198484848484839 4.738181818181817 0.48954545454545384 4.556363636363637 0.45166666666666627 4.4048484848484835
1 0.11075757575757507 1.2154545454545451 0.2546969696969688 1.23060606060606 0.3834848484848476 1.2457575757575752 0.44409090909090876 1.2533333333333325 0.4213636363636363 1.4578787878787876 0.4213636363636363 1.5715151515151513 0.33045454545454506 1.5790909090909089 0.18651515151515127 1.4957575757575752 0.11075757575757507 1.412424242424242
1 0.5198484848484839 1.2230303030303025 0.6410606060606051 1.162424242424242 0.7016666666666663 1.1169696969696963 0.7774242424242414 1.2078787878787876 0.7849999999999988 1.3215151515151513 0.7546969696969689 1.4654545454545451 0.7092424242424238 1.5487878787878782 0.6259090909090901 1.5715151515151513 0.5274242424242414 1.5942424242424238 0.5122727272727263 1.45030303030303 0.5046969696969689 1.3139393939393933
1 0.26984848484848384 1.6321212121212114 0.5274242424242414 1.6548484848484843 0.7092424242424238 1.6245454545454538 0.8759090909090901 1.692727272727272 1.0122727272727263 1.7836363636363632 1.0728787878787875 1.8518181818181814 0.9743939393939388 2.0563636363636357 0.8759090909090901 2.29121212121212 0.7774242424242414 2.404848484848484 0.6865151515151513 2.51090909090909 0.59560606060606 2.6472727272727266 0.5501515151515151 2.669999999999999 0.45166666666666627 2.556363636363636 0.3910606060606051 2.3669696969696963 0.3910606060606051 2.177575757575757 0.40621212121212014 2.0336363636363632 0.31530303030303003 2.0336363636363632 0.2622727272727263 2.0260606060606055 0.32287878787878754 1.9199999999999995 0.3077272727272725 1.7987878787878782 0.24712121212121133 1.7078787878787876
1 0.10318181818181756 0.01 0.28499999999999887 0.01 0.44409090909090876 0.01 0.56530303030303 0.01 0.7243939393939388 0.01 0.7774242424242414 0.01 0.8228787878787875 0.01 0.8001515151515151 0.01 0.84560606060606 0.01 0.9062121212121201 0.01 0.8759090909090901 0.01 0.7546969696969689 0.01 0.7092424242424238 0.01 0.5349999999999988 0.01 0.3910606060606051 0.01 0.45166666666666627 0.01 0.3759090909090901 0.01 0.26984848484848384 0.01 0.18651515151515127 0.01 0.10318181818181756 0.01
1 0.07287878787878753 0.01 0.2168181818181813 0.01 0.3759090909090901 0.01 0.49712121212121135 0.01 0.6486363636363626 0.01 0.7016666666666663 0.01 0.7471212121212113 0.01 0.7319696969696963 0.01 0.6789393939393937 0.01 0.5880303030303026 0.01 0.4365151515151513 0.01 0.2243939393939388 0.01 0.09560606060606006 0.01 0.08803030303030254 0.01
1 0.8001515151515151 0.01 1.0274242424242415 0.01 1.1031818181818176 0.01 1.2471212121212114 0.01 1.3153030303030289 0.01 1.3531818181818165 0.01 1.300151515151514 0.01 1.1865151515151513 0.01 1.019848484848484 0.01 0.8834848484848475 0.01 0.7925757575757575 0.01 0.7395454545454538 0.01 0.7168181818181814 0.01
1 0.8834848484848475 0.01 1.0728787878787875 0.01 1.2395454545454538 0.01 1.3531818181818165 0.01 1.3607575757575763 0.01 1.330454545454544 0.01 1.2471212121212114 0.01 1.06530303030303 0.01 0.8759090909090901 0.01 0.8001515151515151 0.01
1 1.3531818181818165 0.01 1.4440909090909089 0.01 1.4668181818181814 0.01 1.5274242424242415 0.01 1.595606060606059 0.01 1.7092424242424238 0.01 1.7622727272727263 0.01 1.7622727272727263 0.01 1.6789393939393937 0.01 1.7092424242424238 0.01 1.8077272727272713 0.01 1.769848484848484 0.01 1.6410606060606063 0.01 1.4819696969696963 0.01 1.4137878787878788 0.01
1 1.4289393939393937 0.01 1.6107575757575763 0.01 1.7243939393939387 0.01 1.7471212121212114 0.01 1.769848484848484 0.01 1.8153030303030289 0.01 1.769848484848484 0.01 1.6183333333333336 0.01 1.4971212121212114 0.01 1.4440909090909089 0.01 1.3986363636363637 0.01
1 0.8228787878787875 0.01 1.0274242424242415 0.01 1.12590909090909 0.01 1.1637878787878777 0.01 1.2168181818181814 0.01 1.3077272727272713 0.01 1.3531818181818165 0.01 1.345606060606059 0.01 1.3380303030303013 0.01 1.3153030303030289 0.01 1.2319696969696963 0.010909090909090651 1.1865151515151513 0.04121212121212068 1.0425757575757564 0.01 0.8986363636363626 0.01 0.8228787878787875 0.01
1 0.81530303030303 0.01 0.9819696969696963 0.01 1.0804545454545451 0.06393939393939377 1.1789393939393937 0.1321212121212119 1.2319696969696963 0.19272727272727253 1.2319696969696963 0.25333333333333313 1.1183333333333325 0.32909090909090877 1.0046969696969688 0.4124242424242419 0.9213636363636363 0.48818181818181755 0.8228787878787875 0.4730303030303025 0.6713636363636363 0.37454545454545385 0.59560606060606 0.3139393939393932 0.6183333333333326 0.16242424242424192 0.7168181818181814 0.07151515151515127
1 0.5274242424242414 0.37454545454545385 0.6789393939393937 0.42757575757575694 0.81530303030303 0.5412121212121207 0.8077272727272725 0.6245454545454538 0.7546969696969689 0.715454545454545 0.6183333333333326 0.7078787878787876 0.5122727272727263 0.6775757575757569 0.56530303030303 0.5639393939393932 0.5425757575757575 0.46545454545454507
1 1.0880303030303025 0.46545454545454507 1.2546969696969688 0.3593939393939388 1.345606060606059 0.30636363636363567 1.5122727272727263 0.3139393939393932 1.6183333333333336 0.32909090909090877 1.6410606060606063 0.4427272727272725 1.550151515151514 0.5639393939393932 1.4819696969696963 0.6851515151515144 1.3531818181818165 0.7078787878787876 1.1789393939393937 0.6548484848484845 1.0274242424242415 0.5790909090909088
1 1.6216326530612242 0.20755102040816326 1.6573469387755109 0.09020408163265302 1.79 0.04428571428571445 1.9736734693877553 0.01 2.1471428571428577 0.01877551020408191 2.2236734693877556 0.09020408163265302 2.1063265306122445 0.24326530612244882 2.019591836734694 0.3912244897959187 1.9736734693877553 0.4371428571428572 1.8257142857142856 0.44224489795918376 1.7338775510204085 0.43204081632653074 1.6828571428571433 0.36061224489795907 1.6420408163265312 0.2585714285714289
1 2.238979591836735 0.1667346938775512 2.111428571428571 0.3248979591836735 2.111428571428571 0.4167346938775512 2.0961224489795915 0.5851020408163266 2.1420408163265314 0.6922448979591838 2.233943661971832 0.5854929577464787 2.27 0.4653051643192475
1 0.7691549295774643 0.839014084507042 0.7409859154929574 0.7826760563380282 0.8536619718309862 0.6840845070422534 0.8747887323943666 0.6136619718309856 0.9029577464788736 0.5854929577464787 0.9945070422535207 0.6347887323943661 1.100140845070423 0.6911267605633798 1.248028169014085 0.7404225352112672 1.3607042253521127 0.7826760563380282 1.3747887323943666 0.8883098591549293 1.3818309859154931 1.022112676056338 1.3254929577464793 1.0854929577464787 1.1494366197183103 1.1066197183098592 1.071971830985916 1.1488732394366195 0.9733802816901413 1.015070422535211 0.8254929577464793 0.9023943661971827
1 1.4522535211267609 1.0009859154929575 1.424084507042254 0.7897183098591546 1.5367605633802817 0.7052112676056334 1.6283098591549288 0.5854929577464787 1.6916901408450713 0.5080281690140844 1.8747887323943655 0.5080281690140844 2.015633802816901 0.515070422535211 2.0649295774647887 0.6488732394366196 2.100140845070423 0.7192957746478874 2.0930985915492966 0.8178873239436615 2.0367605633802826 0.9587323943661972 1.9592957746478874 1.0361971830985914 1.9029577464788736 1.1559154929577466 1.8747887323943655 1.2192957746478874 1.790281690140846 1.2474647887323942 1.6916901408450713 1.19112676056338 1.5508450704225356 1.1066197183098592
1 1.1212676056338033 1.198169014084507 1.2057746478873241 1.17 1.3254929577464793 1.1418309859154925 1.4311267605633804 1.1136619718309857 1.5297183098591551 1.1770422535211265 1.6494366197183103 1.233380281690141 1.7128169014084507 1.2545070422535207 1.6423943661971838 1.3601408450704224 1.5930985915492955 1.4728169014084507 1.4945070422535218 1.522112676056338 1.3677464788732392 1.5784507042253517 1.2832394366197184 1.6207042253521127 1.2128169014084507 1.4516901408450702 1.1564788732394369 1.3883098591549292
1 1.5761290322580646 1.6090322580645158 1.6922580645161291 1.7509677419354837 1.911612903225806 1.8670967741935482 2.0535483870967743 2.0283870967741935 2.040645161290322 2.2025806451612904 1.9825806451612902 2.3638709677419354 1.8922580645161293 2.396129032258065 1.808387096774194 2.350967741935484 1.6987096774193549 2.3122580645161293 1.66 2.3122580645161293 1.6470967741935487 2.1380645161290324 1.6212903225806452 2.073548387096774 1.498709677419355 1.9767741935483871 1.3825806451612903 1.9187096774193548 1.3309677419354842 1.8477419354838707 1.3180645161290316 1.7122580645161287 1.3954838709677415 1.6606451612903226
1 2.2535483870967745 1.9896774193548383 2.169677419354838 2.092903225806451 2.118064516129033 2.1896774193548385 2.085806451612904 2.3251612903225807 2.072903225806451 2.40258064516129 2.0535483870967743 2.4477419354838705 2.105161290322582 2.5187096774193547 2.182580645161289 2.538064516129032 2.221290322580645 2.4735483870967743 2.2664516129032255 2.370322580645161 2.27 2.214193548387111
1 1.8470967741935487 2.4993548387096767 1.9180645161290317 2.428387096774194 2.0212903225806453 2.4670967741935486 2.072903225806451 2.55741935483871 2.0019354838709673 2.621935483870967 1.9051612903225805 2.712258064516129 1.8341935483870964 2.7574193548387096 1.7632258064516122 2.7832258064516124 1.7761290322580647 2.641290322580645
1 2.2470967741935475 1.073548387096774 2.124516129032257 1.28 2.0664516129032258 1.4606451612903226 2.008387096774194 1.5638709677419353 1.9051612903225805 1.6154838709677422 1.7761290322580647 1.570322580645161 1.7632258064516122 1.4477419354838708 1.8212903225806452 1.3316129032258062 1.7567741935483867 1.344516129032258 1.66 1.4606451612903226 1.6470967741935487 1.5574193548387099 1.7051612903225806 1.6606451612903226 1.7761290322580647 1.7509677419354837 1.8793548387096768 1.7961290322580645 2.0212903225806453 1.88 2.092258064516129 1.9122580645161287 2.208387096774194 1.8929032258064513 2.2535483870967745 1.9251612903225805 2.240645161290323 1.68 2.27 1.4569032258064574 2.27 1.1574193548387097
