0 0.01 0.01 0.01 0.01 0.01 0.01 0.01 0.01 0.01 0.01 0.01 0.01 0.01 0.01 0.01 0.01 0.01 0.01 0.01 0.01 0.01 0.01 0.01 0.01 0.01 0.01 0.01 0.01 0.01 0.01 0.01 0.01 0.01 0.01 0.01 0.01 0.01 0.01 0.01 0.01 0.01 0.01 0.01 0.01 0.01 0.01 0.01 0.01 0.01 0.01 0.01 0.01 0.01 0.01
0 0.01 0.01 0.01 0.01 0.01 0.01 0.01 0.01 0.01 0.01 0.01 0.01 0.01 0.01 0.01 0.01 0.01 0.01 0.01 0.01 0.01 0.01
0 0.01 0.01 0.01 0.01 0.01 0.01 0.01 0.01 0.01 0.01 0.01 0.01 0.01 0.01 0.01 0.01 0.01 0.01 0.01 0.01 0.01 0.01 0.01 0.01 0.01 0.01 0.01 0.01 0.01 0.01 0.01 0.01 0.01 0.01 0.01 0.01 0.01 0.01 0.01 0.01 0.01 0.01 0.01 0.01 0.01 0.01 0.01 0.01 0.01 0.01 0.01 0.01 0.01 0.01 0.01 0.01 0.01 0.01 0.01 0.01 0.01 0.01 0.01 0.01
0 0.01 0.01 0.01 0.01 0.01 0.01 0.01 0.01 0.01 0.01 0.01 0.01 0.01 0.01 0.01 0.01 0.01 0.01 0.01 0.01 0.01 0.01 0.01 0.01 0.01 0.01 0.01 0.01 0.01 0.01 0.01 0.01 0.01 0.01 0.01 0.01 0.01 0.01 0.01 0.01 0.01 0.01 0.01 0.01 0.01 0.01 0.01 0.01 0.01 0.01 0.01 0.01 0.01 0.01 0.01 0.01 0.01 0.01
0 0.01 0.01 0.01 0.01 0.01 0.01 0.01 0.01 0.01 0.01 0.01 0.01 0.01 0.01 0.01 0.01 0.01 0.01 0.01 0.01 0.01 0.01 0.01 0.01 0.01 0.01 0.01 0.01 0.01 0.01 0.01 0.01 0.01 0.01 0.01 0.01
0 0.01 0.01 0.01 0.01 0.01 0.01 0.01 0.01 0.01 0.01 0.01 0.01 0.01 0.01 0.01 0.01 0.01 0.01 0.01 0.01 0.01 0.01 0.01 0.01
0 0.01 0.01 0.01 0.01 0.01 0.01 0.01 0.01 0.01 0.01 0.01 0.01 0.01 0.01 0.01 0.01 0.01 0.01 0.01 0.01 0.01 0.01 0.01 0.01 0.01 0.01 0.01 0.01 0.01 0.01 0.01 0.01 0.01 0.01 0.01 0.01 0.01 0.01 0.01 0.01 0.01 0.01 0.01 0.01 0.01 0.01 0.01 0.01 0.01 0.01 0.01 0.01 0.01 0.01 0.01 0.01 0.01 0.01
0 0.01 0.01 0.01 0.01 0.01 0.01 0.01 0.01 0.01 0.01 0.01 0.01 0.01 0.01 0.01 0.01 0.01 0.01 0.01 0.01 0.01 0.01 0.01 0.01 0.01 0.01 0.01 0.01 0.01 0.01
0 0.01 0.01 0.01 0.01 0.01 0.01 0.01 0.01 0.01 0.01 0.01 0.01 0.01 0.01 0.01 0.01 0.01 0.01 0.01 0.01 0.01 0.01 0.01 0.01 0.01 0.01 0.01 0.01 0.01 0.01 0.01 0.01 0.01 0.01 0.01 0.01
0 0.01 0.01 0.01 0.01 0.01 0.01 0.01 0.01 0.01 0.01 0.01 0.01 0.01 0.01 0.01 0.01 0.01 0.01 0.01 0.01 0.01 0.01 0.01 0.01 0.01 0.01 0.01 0.01 0.01 0.01 0.01 0.01 0.01 0.01 0.01 0.01 0.01 0.01 0.01 0.01 0.01 0.01 0.01 0.01 0.01 0.01 0.01 0.01 0.01 0.01 0.01 0.01 0.01 0.01 0.01 0.01 0.01 0.01 0.01 0.01 0.01 0.01
0 0.01 0.01 0.01 0.01 0.01 0.01 0.01 0.01 0.01 0.01 0.01 0.01 0.01 0.01 0.01 0.01 0.01 0.01 0.01 0.01 0.01 0.01 0.01 0.01
0 0.01 0.24947368421052601 0.01 0.13894736842105204 0.01 0.01 0.01 0.01 0.01 0.01 0.01 0.01 0.01 0.023157894736841628 0.01 0.12842105263157805 0.01 0.28105263157894683 0.01 0.4336842105263156 0.01 0.5336842105263156 0.01 0.5915789473684208 0.01 0.7021052631578948 0.01 0.7915789473684208 0.01 0.8021052631578948 0.01 0.7284210526315781 0.01 0.5705263157894729 0.01 0.4231578947368416 0.01 0.32842105263157806 0.01 0.26 0.01 0.21263157894736764 0.01 0.07052631578947284 0.01 0.06526315789473643 0.01 0.11263157894736764 0.01 0.15473684210526245 0.01 0.25473684210526243 0.01 0.3442105263157896 0.01 0.43894736842105203 0.01 0.47052631578947285 0.01 0.47052631578947285 0.01 0.3915789473684208 0.01 0.30736842105263124
0 0.01 0.9389473684210521 0.01 0.9073684210526313 0.01 0.849473684210526 0.01 0.8968421052631572 0.01 1.0494736842105261 0.01 1.0547368421052625 0.01 1.038947368421052 0.01 1.0126315789473677 0.01 0.9126315789473677 0.01 0.9073684210526313 0.01 0.9442105263157885 0.01 1.1021052631578947 0.01 1.2652631578947364 0.01 1.3336842105263156 0.01 1.370526315789473 0.01 1.4021052631578936 0.01 1.4757894736842103 0.01 1.5863157894736832 0.01 1.6705263157894727 0.01 1.73 0.01 1.7178947368421051 0.01 1.6073684210526311 0.01 1.5178947368421052 0.01 1.4547368421052624 0.01 1.4231578947368417 0.01 1.3336842105263156 0.01 1.2810526315789468 0.01 1.3073684210526313 0.01 1.3547368421052624 0.01 1.36 0.01 1.2810526315789468 0.01 1.26 0.01 1.2810526315789468 0.01 1.438947368421052 0.01 1.4652631578947364 0.01 1.1968421052631573
0 0.01 1.1126315789473677 0.01 1.1863157894736833 0.01 1.249473684210526 0.01 1.2652631578947364 0.01 1.2073684210526312 0.01 1.0547368421052625 0.01 0.849473684210526 0.01 0.7231578947368417 0.01 0.649473684210526 0.01 0.549473684210526 0.01 0.5336842105263156 0.01 0.6178947368421052 0.01 0.7336842105263156 0.01 0.7757894736842104 0.01 0.8652631578947364 0.01 0.949473684210526 0.01 1.038947368421052
0 0.01 1.2021052631578948 0.01 1.1863157894736833 0.01 1.2547368421052625 0.01 1.3126315789473677 0.01 1.328421052631578 0.01 1.2915789473684207
0 0.01 1.4652631578947364 0.01 1.3547368421052624 0.01 1.349473684210526 0.01 1.4652631578947364 0.01 1.4968421052631573 0.01 1.5126315789473677 0.01 1.4652631578947364 0.01 1.3863157894736833 0.01 1.3336842105263156 0.01 1.3336842105263156 0.01 1.36 0.01 1.4757894736842103 0.01 1.6021052631578936 0.01 1.73 0.01 1.73 0.01 1.728421052631578 0.01 1.6547368421052624 0.01 1.5863157894736832 0.01 1.4863157894736831
0 0.01 1.728421052631578 0.01 1.66 0.01 1.6231578947368417 0.01 1.649473684210526 0.01 1.728421052631578 0.01 1.728421052631578
0 0.01 1.7231578947368416 0.01 1.6757894736842105 0.01 1.6231578947368417 0.01 1.5915789473684208 0.01 1.5705263157894729 0.01 1.5652631578947365 0.01 1.5336842105263155 0.01 1.538947368421052 0.01 1.5757894736842104 0.01 1.6231578947368417 0.01 1.66 0.01 1.7178947368421051 0.01 1.728421052631578 0.01 1.7231578947368416
0 0.01 1.0442105263157884 0.01 0.8915789473684208 0.01 0.7494736842105261 0.01 0.5915789473684208 0.01 0.45473684210526244 0.01 0.5757894736842104 0.01 0.7284210526315781 0.01 0.86 0.01 1.0021052631578948 0.01 1.0442105263157884 0.01 1.0915789473684208 0.01 1.0810526315789468
0 0.01 0.0757894736842104 0.01 0.044210526315789596 0.01 0.01 0.01 0.044210526315789596 0.01 0.044210526315789596 0.01 0.044210526315789596 0.01 0.03368421052631561 0.01 0.023157894736841628 0.01 0.08631578947368325 0.01 0.08631578947368325 0.01 0.1178947368421052 0.01 0.12315789473684163 0.01 0.149473684210526 0.01 0.18631578947368324 0.01 0.19684210526315724 0.01 0.22315789473684164 0.01 0.22842105263157805 0.01 0.22315789473684164 0.01 0.22315789473684164 0.01 0.22315789473684164 0.01 0.20736842105263123 0.01 0.17052631578947286 0.01 0.12842105263157805 0.01 0.09684210526315723
0 0.01 0.01 0.01 0.01 0.01 0.01 0.01 0.01 0.01 0.01 0.01 0.01 0.01 0.01 0.01 0.01 0.01 0.01 0.01 0.01 0.01 0.01 0.01 0.01 0.01 0.01 0.01 0.01 0.01 0.01 0.01 0.01 0.01 0.01 0.01 0.01 0.01 0.01 0.01 0.01 0.01 0.01 0.01 0.01 0.01 0.01 0.01 0.01 0.01 0.01 0.01 0.01 0.01 0.01 0.01 0.01 0.01 0.01 0.01 0.01 0.01 0.01 0.01 0.01 0.01 0.01 0.01 0.01 0.01 0.01 0.01 0.01 0.01 0.01 0.01 0.01 0.01 0.01 0.01 0.01 0.01 0.01 0.01 0.01 0.01 0.01 0.01 0.01
0 0.01 0.01 0.01 0.01 0.01 0.01 0.01 0.01 0.01 0.01 0.01 0.01 0.01 0.01 0.01 0.01 0.01 0.01 0.01 0.01
0 0.01 0.01 0.01 0.01 0.01 0.01 0.01 0.01 0.01 0.01 0.01 0.01 0.01 0.01 0.01 0.01 0.01 0.01 0.01 0.01 0.01 0.01 0.01 0.01 0.01 0.01 0.01 0.01 0.01 0.01 0.01 0.01 0.01 0.01 0.01 0.01 0.01 0.01 0.01 0.01 0.01 0.01 0.01 0.01 0.01 0.06526315789473643 0.01 0.12315789473684163 0.01 0.09684210526315723 0.01 0.05473684210526244 0.01 0.01 0.01 0.01 0.01 0.01 0.01 0.01
0 0.01 0.01 0.01 0.01 0.01 0.01 0.01 0.01 0.01 0.01 0.01 0.01 0.01 0.01 0.01 0.01 0.01 0.01 0.01 0.01 0.01 0.01 0.01 0.01 0.01 0.01 0.01 0.01 0.01 0.01 0.01 0.01 0.01 0.01 0.01 0.01 0.01 0.01 0.01 0.01 0.01 0.01 0.01 0.01 0.01 0.01 0.01 0.01 0.01 0.01 0.01 0.01 0.01 0.01
0 0.01 0.01 0.01 0.01 0.01 0.01 0.01 0.01 0.01 0.01 0.01 0.017894736842105203 0.01 0.15473684210526245 0.01 0.31789473684210523 0.01 0.4126315789473676 0.01 0.3652631578947364 0.01 0.2915789473684208 0.01 0.1178947368421052 0.01 0.08105263157894683 0.01 0.01 0.01 0.01 0.01 0.01 0.01 0.01 0.01 0.01
0 0.01 0.04692810457516316 0.01 0.01 0.01 0.01 0.01 0.01 0.01 0.01 0.01 0.01 0.01 0.01 0.01 0.01 0.01 0.01 0.01 0.01 0.01 0.07960784313725526 0.01 0.14496732026143833 0.01 0.19071895424836613 0.01 0.2364705882352939 0.01 0.28875816993464015 0.01 0.3541176470588232 0.01 0.4064052287581694 0.01 0.45869281045751675 0.01 0.34758169934640476 0.01 0.2756862745098033 0.01 0.2822222222222217 0.01 0.36718954248366004 0.01 0.41947712418300626 0.01 0.4456209150326799 0.01 0.5567320261437908 0.01 0.6286274509803923 0.01 0.6416993464052291 0.01 0.6155555555555554 0.01 0.5959477124183001 0.01 0.5305882352941171 0.01 0.4129411764705878 0.01 0.34104575163398637 0.01 0.2626143790849676 0.01 0.18418300653594769 0.01 0.14496732026143833
0 0.01 0.01 0.01 0.01 0.01 0.01 0.01 0.01 0.01 0.01 0.01 0.01 0.01 0.01 0.01 0.01 0.01 0.01 0.01 0.01 0.01 0.01 0.01 0.01 0.01 0.01 0.01 0.01 0.01 0.01 0.01 0.01 0.01 0.01 0.01 0.01
0 0.01 0.01 0.01 0.01 0.01 0.01 0.01 0.01 0.01 0.01 0.01 0.01 0.01 0.01 0.01 0.01 0.01 0.01 0.01 0.01 0.01 0.01 0.01 0.01 0.01 0.01 0.01 0.01 0.01 0.01
0 0.01 0.01 0.01 0.01 0.01 0.01 0.01 0.01 0.01 0.01 0.01 0.01 0.01 0.01 0.01 0.01 0.01 0.01 0.01 0.01 0.01 0.01 0.01 0.01 0.01 0.01
0 0.01 0.01 0.01 0.01 0.01 0.01 0.01 0.01 0.01 0.01 0.01 0.01 0.01 0.01 0.01 0.01 0.01 0.01 0.01 0.01 0.01 0.01 0.01 0.01 0.01 0.01 0.01 0.01 0.01 0.01 0.01 0.01 0.01 0.01 0.01 0.01 0.01 0.01 0.01 0.01 0.01 0.01 0.01 0.01 0.01 0.01 0.01 0.01 0.01 0.01 0.01 0.01 0.01 0.01 0.01 0.01 0.01 0.01 0.01 0.01 0.01 0.01
0 0.01 0.01 0.01 0.01 0.01 0.01 0.01 0.01 0.01 0.01 0.01 0.01 0.01 0.01 0.01 0.01 0.01 0.01 0.01 0.01 0.01 0.01 0.01 0.01
0 0.01 0.01 0.01 0.01 0.01 0.01 0.01 0.01 0.01 0.01 0.01 0.01 0.01 0.01 0.01 0.01 0.01 0.01 0.01 0.01 0.01 0.01 0.01 0.01 0.01 0.01 0.01 0.01 0.01 0.01 0.01 0.01 0.01 0.01 0.01 0.01
0 0.01 0.01 0.01 0.01 0.01 0.01 0.01 0.01 0.01 0.01 0.01 0.01 0.01 0.01 0.01 0.01 0.01 0.01 0.01 0.01 0.01 0.01 0.01 0.01 0.01 0.01 0.01 0.01 0.01 0.01 0.01 0.01 0.01 0.01 0.01 0.01 0.01 0.01
0 0.01 0.01 0.01 0.01 0.01 0.01 0.01 0.01 0.01 0.01 0.01 0.01 0.01 0.01 0.01 0.01 0.01 0.01 0.01 0.01 0.01 0.01 0.01 0.01 0.01 0.01 0.01 0.01 0.01 0.01 0.01 0.01 0.01 0.01 0.01 0.01 0.01 0.01 0.01 0.01
0 0.01 0.01 0.01 0.01 0.01 0.01 0.01 0.01 0.01 0.01 0.01 0.01 0.01 0.01 0.01 0.01 0.01 0.01 0.01 0.01 0.01 0.01 0.01 0.01
0 0.01 0.01 0.01 0.01 0.01 0.01 0.01 0.01 0.01 0.01 0.01 0.01 0.01 0.01 0.01 0.01 0.01 0.01 0.01 0.01 0.01 0.01 0.01 0.01 0.01 0.01 0.01 0.01 0.01 0.01 0.01 0.01 0.01 0.01
0 0.01 0.01 0.01 0.01 0.01 0.01 0.01 0.01 0.01 0.01 0.01 0.01 0.01 0.01 0.01 0.01 0.01 0.01 0.01 0.01 0.01 0.01
0 0.01 1.412941176470588 0.01 1.4194771241830062 0.01 1.4325490196078432 0.01 1.4652287581699341 0.01 1.510980392156863 0.01 1.5175163398692815 0.01 1.5371241830065356
0 0.01 0.45869281045751675 0.01 0.6547712418300649 0.01 0.7985620915032677 0.01 0.8377777777777772 0.01 0.8704575163398692 0.01 1.0011764705882353 0.01 1.1318954248366015 0.01 1.236470588235294 0.01 1.3214379084967323 0.01 1.3933333333333338 0.01 1.4586928104575168 0.01 1.5175163398692815 0.01 1.5698039215686277 0.01 1.6416993464052292 0.01 1.73 0.01 1.7201307189542479 0.01 1.687450980392157 0.01 1.5959477124183001 0.01 1.3933333333333338 0.01 1.3149019607843138 0.01 1.2756862745098032 0.01 0.9292810457516338 0.01 0.6874509803921569 0.01 0.5959477124183001 0.01 0.49137254901960775
0 0.01 0.01 0.01 0.01 0.01 0.01 0.01 0.01 0.01 0.01 0.01 0.01 0.01 0.04039215686274474 0.01 0.06 0.01 0.01 0.01 0.01 0.01 0.01 0.01 0.01 0.01 0.01 0.01 0.01 0.01 0.01 0.01 0.01 0.01 0.01 0.01 0.01 0.01 0.01 0.01 0.01 0.01 0.01
0 0.01 0.01 0.01 0.01 0.01 0.01 0.01 0.01 0.01 0.01 0.01 0.01 0.01 0.01 0.01 0.01 0.01 0.01 0.01 0.01 0.01 0.01
0 0.01 0.01 0.01 0.01 0.01 0.01 0.01 0.01 0.01 0.01 0.01 0.01 0.01 0.01 0.01 0.01 0.01 0.01 0.01 0.01 0.01 0.01 0.01 0.01 0.01 0.01 0.01 0.01 0.01 0.01 0.01 0.01 0.01 0.01 0.01 0.01 0.01 0.01 0.01 0.01 0.01 0.01 0.01 0.01 0.01 0.01 0.01 0.01 0.01 0.01 0.01 0.01 0.01 0.01 0.01 0.01 0.01 0.01 0.01 0.01 0.01 0.01 0.01 0.01 0.01 0.01 0.01 0.01 0.01 0.01 0.01 0.01 0.01 0.01 0.01 0.01 0.01 0.01 0.01 0.01 0.01 0.01 0.01 0.01 0.01 0.01 0.01 0.01 0.01 0.01 0.01 0.01 0.01 0.01 0.01 0.01 0.01 0.01 0.01 0.01 0.01 0.01 0.01 0.01 0.01 0.01 0.01 0.01
0 0.01 0.01 0.01 0.01 0.01 0.01 0.01 0.01 0.01 0.01 0.01 0.01 0.01 0.01 0.01 0.01 0.01 0.01 0.01 0.01 0.01 0.01 0.01 0.01 0.01 0.01 0.01 0.01 0.01 0.01 0.01 0.01 0.01 0.01 0.01 0.01 0.01 0.01 0.01 0.01 0.01 0.01 0.01 0.01 0.01 0.01 0.01 0.01 0.01 0.01 0.01 0.01 0.01 0.01 0.01 0.01 0.01 0.01 0.01 0.01 0.01 0.01 0.01 0.01 0.01 0.01 0.01 0.01 0.01 0.01 0.01 0.01 0.01 0.01 0.01 0.01 0.01 0.01 0.01 0.01 0.01 0.01 0.01 0.01 0.01 0.01
0 0.01 0.01 0.01 0.01 0.01 0.01 0.01 0.01 0.01 0.01 0.01 0.01 0.01 0.01 0.01 0.01 0.01 0.01 0.01 0.01 0.01 0.01 0.01 0.01 0.01 0.01 0.01 0.01 0.01 0.01 0.01 0.01 0.01 0.01 0.01 0.01 0.01 0.01 0.01 0.01 0.01 0.01 0.01 0.01 0.01 0.01 0.01 0.01 0.01 0.01 0.01 0.01 0.01 0.01 0.01 0.01 0.01 0.01 0.01 0.01
0 0.01 0.01 0.01 0.01 0.01 0.01 0.01 0.01 0.01 0.01 0.01 0.01 0.01 0.01 0.01 0.01 0.01 0.01 0.01 0.01 0.01 0.01 0.01 0.01 0.01 0.01 0.01 0.01 0.01 0.01 0.01 0.01 0.01 0.01 0.01 0.01 0.01 0.01
0 0.01 0.01 0.01 0.01 0.01 0.01 0.01 0.01 0.01 0.01 0.01 0.01 0.01 0.01 0.01 0.01 0.01 0.01 0.01 0.01 0.01 0.01 0.01 0.01 0.01 0.01 0.01 0.01 0.01 0.01 0.01 0.01 0.01 0.01 0.01 0.01 0.01 0.01 0.01 0.01 0.01 0.01 0.01 0.01 0.01 0.01 0.01 0.01 0.01 0.01 0.01 0.01 0.01 0.01 0.01 0.01 0.01 0.01 0.01 0.01 0.01 0.01 0.01 0.01 0.01 0.01 0.01 0.01 0.01 0.01 0.01 0.01 0.01 0.01 0.01 0.01 0.01 0.01 0.01 0.01 0.01 0.01 0.01 0.01 0.01 0.01 0.01 0.01 0.01 0.01
0 0.01 0.01 0.01 0.01 0.01 0.01 0.01 0.01 0.01 0.01 0.01 0.01 0.01 0.01 0.01 0.01 0.01 0.01 0.01 0.01 0.01 0.01 0.01 0.01 0.01 0.01 0.01 0.01 0.01 0.01
0 0.01 0.01 0.01 0.01 0.01 0.01 0.01 0.01 0.01 0.01 0.01 0.01 0.01 0.01 0.01 0.01 0.01 0.01 0.01 0.01 0.01 0.01 0.01 0.01 0.01 0.01 0.01 0.01 0.01 0.01 0.01 0.01
0 0.01 0.01 0.01 0.01 0.01 0.01 0.01 0.01 0.01 0.01 0.01 0.01 0.01 0.01 0.01 0.01 0.01 0.01 0.01 0.01 0.01 0.01 0.01 0.01 0.01 0.01 0.01 0.01 0.01 0.01 0.01 0.01 0.01 0.01 0.01 0.01 0.01 0.01 0.01 0.01 0.01 0.01
0 0.01 0.01 0.01 0.01 0.01 0.01 0.01 0.01 0.01 0.01 0.01 0.01 0.01 0.01 0.01 0.01 0.01 0.01 0.01 0.01 0.01 0.01 0.01 0.01
0 0.01 0.01 0.01 0.01 0.01 0.01 0.01 0.01 0.01 0.01 0.01 0.01 0.01 0.01 0.01 0.01 0.01 0.01 0.01 0.01 0.01 0.01 0.01 0.01 0.01 0.01 0.01 0.01 0.01 0.01 0.01 0.01
0 0.01 0.01 0.01 0.01 0.01 0.01 0.01 0.01 0.01 0.01 0.01 0.01 0.01 0.01 0.01 0.01
0 0.01 0.01 0.01 0.01 0.01 0.01 0.01 0.01 0.01 0.01 0.01 0.01 0.01 0.01 0.01 0.01 0.01 0.01
0 0.01 0.01 0.01 0.01 0.01 0.01 0.01 0.01 0.01 0.01 0.01 0.01 0.01 0.01 0.01 0.01 0.01 0.01 0.01 0.01
0 0.01 0.01 0.01 0.01 0.01 0.01 0.01 0.01 0.01 0.01 0.01 0.01 0.01 0.01 0.01 0.01 0.01 0.01 0.01 0.01 0.01 0.01 0.01 0.01 0.01 0.01 0.01 0.01 0.01 0.01 0.01 0.01 0.01 0.01 0.01 0.01 0.01 0.01 0.01 0.01 0.01 0.01 0.01 0.01 0.01 0.01 0.01 0.01 0.01 0.01 0.01 0.01 0.01 0.01 0.01 0.01 0.01 0.01 0.01 0.01 0.01 0.01 0.01 0.01 0.01 0.01 0.01 0.01 0.01 0.01 0.01 0.01 0.01 0.01 0.01 0.01 0.01 0.01 0.01 0.01 0.01 0.01 0.01 0.01 0.01 0.01 0.01 0.01 0.01 0.030802919708028186 0.01 0.01 0.01 0.01 0.01 0.01 0.01 0.01 0.01 0.01 0.01 0.01 0.01 0.01 0.01 0.01 0.01 0.01 0.01 0.01 0.01 0.01 0.01 0.01 0.01 0.01 0.01 0.01 0.01 0.01 0.01 0.01 0.01 0.01 0.01 0.01 0.01 0.01 0.01 0.01 0.01 0.01
0 0.01 0.01 0.01 0.01 0.01 0.01 0.01 0.01 0.01 0.01 0.01 0.01 0.01 0.01 0.01 0.01 0.01 0.01 0.01 0.01 0.01 0.01 0.01 0.01 0.01 0.01 0.01 0.01 0.01 0.01 0.01 0.01 0.01 0.01 0.01 0.01 0.01 0.01 0.01 0.01 0.01 0.01 0.01 0.01 0.01 0.01 0.01 0.01 0.01 0.01 0.01 0.01 0.01 0.01 0.01 0.01 0.01 0.01 0.01 0.01 0.01 0.01 0.01 0.01 0.01 0.01 0.01 0.01 0.01 0.01 0.01 0.01 0.01 0.01 0.01 0.01 0.01 0.01
0 0.01 0.01 0.01 0.01 0.01 0.01 0.01 0.01 0.01 0.01 0.01 0.01 0.01 0.01 0.01 0.01 0.01 0.01 0.01 0.01 0.01 0.01 0.01 0.01 0.01 0.01 0.01 0.01 0.01 0.01 0.01 0.01 0.01 0.01 0.01 0.01 0.01 0.01 0.01 0.01 0.01 0.01 0.01 0.01 0.01 0.01 0.01 0.01 0.01 0.01 0.01 0.01 0.01 0.01 0.01 0.01 0.01 0.01 0.01 0.01 0.01 0.01
0 0.01 0.01 0.01 0.01 0.01 0.01 0.01 0.01 0.01 0.01 0.01 0.01 0.01 0.01 0.01 0.01 0.01 0.01 0.01 0.01 0.01 0.01 0.01 0.01 0.01 0.01 0.01 0.01 0.01 0.01 0.01 0.01 0.01 0.01 0.01 0.01 0.01 0.01 0.01 0.01
0 0.01 0.01 0.01 0.01 0.01 0.01 0.01 0.01 0.01 0.01 0.01 0.01 0.01 0.01 0.01 0.01 0.01 0.01 0.01 0.01 0.01 0.01 0.01 0.01 0.01 0.01 0.01 0.01 0.01 0.01 0.01 0.01 0.01 0.01 0.01 0.01 0.01 0.01 0.01 0.01 0.01 0.01 0.01 0.01 0.01 0.01 0.01 0.01 0.01 0.01 0.01 0.01 0.01 0.01 0.01 0.01
0 0.01 0.01 0.01 0.01 0.01 0.01 0.01 0.01 0.01 0.01 0.04520325203252014 0.01 0.15741573033707937 0.01 0.24168539325842744 0.01 0.404606741573034 0.01 0.5282022471910114 0.01 0.5562921348314614 0.01 0.5057303370786519 0.01 0.47764044943820294 0.01 0.4326966292134841 0.01 0.3877528089887642 0.01 0.28662921348314624 0.01 0.11247191011236055 0.01 0.01 0.01 0.01 0.01 0.011348314606742634 0.01 0.01 0.01 0.01 0.01 0.01 0.01 0.01 0.01 0.01 0.01 0.01 0.01
0 0.01 0.01 0.01 0.01 0.01 0.01 0.01 0.01 0.01 0.01 0.01 0.01 0.01 0.01 0.01 0.01 0.01 0.01 0.01 0.01 0.01 0.01 0.01 0.01 0.01 0.01 0.01 0.01 0.01 0.01
0 0.01 0.01 0.01 0.01 0.01 0.01 0.01 0.01 0.04505617977528118 0.01 0.11808988764045011 0.01 0.11808988764045011 0.01 0.16303370786516894 0.01 0.1742696629213492 0.01 0.18550561797752835 0.06 0.02258426966292177 0.01 0.01 0.01 0.01 0.01
0 0.01 0.01 0.01 0.01 0.01 0.01 0.01 0.01 0.01 0.01 0.01 0.01 0.01 0.01 0.01 0.01 0.01 0.01 0.01 0.01 0.01 0.01 0.01 0.01 0.01 0.01 0.01 0.01 0.01 0.01 0.01 0.01 0.01 0.01 0.01 0.01
0 0.01 0.01 0.01 0.01 0.01 0.01 0.06752808988764059 0.01 0.14056179775280953 0.01 0.2023595505617982 0.01 0.19112359550561792 0.01 0.2023595505617982 0.01 0.2753932584269671 0.01 0.29786516853932654 0.01 0.3203370786516859 0.01 0.2697752808988764 0.01 0.13494382022471996 0.01 0.03943820224719161 0.01 0.01 0.01 0.01 0.01 0.01 0.01 0.01 0.01 0.01 0.01 0.01 0.01 0.01 0.01
0 0.01 0.027314814814815236 0.01 0.01 0.01 0.01 0.01 0.01 0.01 0.01 0.01 0.01 0.01 0.027314814814815236 0.01 0.2958333333333337 0.01 0.749537037037037 0.01 0.925462962962963 0.01 1.0365740740740739 0.01 1.059722222222223 0.01 0.9300925925925924 0.01 0.7634259259259261 0.01 0.749537037037037 0.01 0.7125 0.01 0.5921296296296293 0.01 0.49953703703703695 0.01 0.47638888888888914 0.01 0.44398148148148153 0.01 0.30972222222222284 0.01 0.11527777777777828
0 0.01 0.45787037037037065 0.01 0.3976851851851859 0.052962962962963045 0.43472222222222284 0.13629629629629675 0.5365740740740739 0.215 0.6199074074074076 0.25666666666666743 0.675462962962963 0.1825925925925924 0.7078703703703707 0.11777777777777829 0.7171296296296293
0 0.01 0.01 0.01 0.01 0.01 0.01 0.01 0.01 0.01 0.01 0.01 0.01 0.01 0.01 0.01 0.01 0.01 0.01 0.01 0.01 0.01 0.01 0.01 0.01 0.01 0.01 0.01 0.01 0.01 0.01 0.01 0.01 0.01 0.01 0.01 0.01 0.01 0.01
0 0.01 0.01 0.12240740740740762 0.01 0.34 0.01 0.5529629629629631 0.01 0.8446296296296305 0.01 1.0575925925925924 0.01 1.0668518518518522 0.01 0.9372222222222228 0.01 0.7103703703703707 0.01 0.44185185185185216 0.01 0.29833333333333373 0.01 0.22888888888888914 0.01 0.11777777777777829 0.01 0.01 0.01 0.01 0.01
0 0.01 0.01 0.01 0.01 0.01 0.01 0.01 0.01 0.01 0.01 0.01 0.01 0.01 0.01 0.01 0.01 0.01 0.01
0 0.01 0.01 0.01 0.01 0.01 0.01 0.01 0.01 0.01 0.01 0.01 0.01 0.01 0.01 0.01 0.01 0.01 0.01 0.01 0.01 0.01 0.01 0.01 0.01 0.01 0.01 0.01 0.01 0.01 0.01 0.01 0.01 0.01 0.01 0.01 0.01 0.01 0.01 0.01 0.01 0.01 0.01
0 0.01 0.01 0.01 0.01 0.01 0.01 0.01 0.01 0.01 0.01 0.01 0.01 0.01 0.01 0.01 0.01 0.01 0.01 0.01 0.01
0 0.01 0.01 0.01 0.01 0.01 0.01 0.01 0.01 0.01 0.01 0.01 0.01 0.01 0.01 0.01 0.01 0.01 0.01 0.01 0.01 0.01 0.01 0.01 0.01 0.01 0.01 0.01 0.01 0.01 0.01 0.01 0.01 0.01 0.01 0.01 0.01 0.01 0.01 0.01 0.01 0.01 0.01
0 0.01 0.01 0.01 0.01 0.01 0.01 0.01 0.01 0.01 0.01 0.01 0.01 0.01 0.01 0.01 0.01 0.01 0.01 0.01 0.01 0.01 0.01 0.01 0.01 0.01 0.01 0.01 0.01 0.01 0.01 0.01 0.01 0.01 0.01 0.01 0.01 0.01 0.01 0.01 0.01 0.01 0.01 0.01 0.01 0.01 0.01 0.01 0.01 0.01 0.01
0 0.01 0.01 0.01 0.01 0.01 0.01 0.19648148148148153 0.01 0.28444444444444456 0.01 0.43259259259259236 0.01 0.5992592592592598 0.01 0.6825925925925924 0.01 0.7844444444444446 0.01 0.8724074074074076 0.01 0.9511111111111109 0.01 1.0066666666666675 0.01 1.0298148148148152 0.01 1.1177777777777782 0.01 1.2011111111111108 0.01 1.2427777777777782 0.01 1.3214814814814815 0.01 1.2983333333333338 0.01 1.1085185185185185 0.01 0.988148148148149 0.01 0.8029629629629631 0.01 0.7288888888888891 0.01 0.7705555555555554 0.01 0.8261111111111109 0.01 0.84 0.01 0.8353703703703707 0.01 0.7057407407407413 0.01 0.5946296296296305 0.01 0.5159259259259261 0.01 0.46037037037037065 0.01 0.41870370370370436 0.01 0.30296296296296304 0.01 0.17796296296296304 0.01 0.05759259259259238 0.01 0.01 0.01 0.01 0.01 0.01 0.01 0.01 0.01
0 0.15944444444444458 0.01 0.21962962962963048 0.01 0.29370370370370436 0.01 0.36314814814814894 0.01 0.43259259259259236 0.01 0.5159259259259261 0.01 0.5344444444444446 0.01 0.47888888888888914 0.01 0.41870370370370436 0.01 0.45574074074074133 0.01 0.5066666666666674 0.01 0.5853703703703707 0.01 0.6594444444444446 0.01 0.7427777777777783 0.01 0.5390740740740739 0.01 0.41870370370370436 0.01 0.33074074074074133 0.01 0.2427777777777783 0.01 0.16870370370370438 0.01
0 0.25666666666666743 0.01 0.29370370370370436 0.01 0.4001851851851859 0.01 0.5112962962962968 0.01 0.6733333333333337 0.01 0.7798148148148152 0.01 0.8168518518518522 0.01 0.877037037037037 0.01 0.863148148148149 0.01 0.752037037037037 0.01 0.5761111111111109 0.01 0.44648148148148153 0.01 0.34462962962963045 0.01 0.28444444444444456 0.01 0.2335185185185185 0.01 0.21962962962963048 0.01
0 0.33074074074074133 0.01 0.465 0.01 0.6640740740740739 0.01 0.8214814814814815 0.01 0.9187037037037044 0.01 0.9464814814814815 0.01 1.0112962962962968 0.01 1.0946296296296294 0.01 1.1316666666666675 0.01 1.1825925925925924 0.01 1.1918518518518522 0.01 1.1177777777777782 0.01 1.052962962962963 0.01 1.0159259259259261 0.01 0.9603703703703707 0.01 0.9048148148148152 0.01 0.877037037037037 0.01 0.8075925925925924 0.01 0.738148148148149 0.01 0.6733333333333337 0.01 0.5992592592592598 0.01 0.5251851851851859 0.01 0.45574074074074133 0.01 0.38629629629629675 0.01 0.3492592592592598 0.01
0 0.5066666666666674 0.01 0.5112962962962968 0.01 0.5575925925925924 0.01 0.6224074074074076 0.01 0.6918518518518522 0.01 0.7335185185185185 0.01 0.7566666666666674 0.01 0.7983333333333337 0.01 0.877037037037037 0.01 0.9464814814814815 0.01 0.9742592592592598 0.01 1.0437037037037045 0.01 1.09 0.01 1.0807407407407412 0.01 1.0761111111111108 0.01 1.0853703703703708 0.01 1.0853703703703708 0.01 1.0251851851851859 0.01 0.9788888888888891 0.01 0.965 0.01 0.9048148148148152 0.01 0.6918518518518522 0.01
0 0.01 0.01 0.01 0.01 0.01 0.01 0.01 0.01 0.01 0.01 0.020555555555555428 0.01 0.06685185185185219 0.01 0.08074074074074133 0.01 0.05759259259259238 0.01 0.21037037037037065 0.01 0.26129629629629675 0.01 0.27981481481481524 0.01 0.25203703703703695 0.01 0.26129629629629675 0.01 0.36314814814814894 0.01 0.37240740740740763 0.01 0.43259259259259236 0.01 0.47888888888888914 0.01 0.5483333333333337 0.01 0.6085185185185185 0.01 0.5992592592592598 0.01 0.5853703703703707 0.01 0.6455555555555554 0.01 0.7427777777777783 0.01 0.8353703703703707 0.01 0.9187037037037044 0.01 0.9557407407407413 0.01 0.9603703703703707 0.01 0.877037037037037 0.01 0.8168518518518522 0.01 0.7288888888888891 0.01 0.6825925925925924 0.01 0.6501851851851859 0.01 0.6501851851851859 0.01 0.5714814814814815 0.01 0.48814814814814894 0.01 0.44648148148148153 0.01 0.37703703703703695 0.01 0.19648148148148153 0.01 0.03444444444444457 0.01 0.01 0.01 0.01 0.01 0.01 0.01 0.01 0.01 0.01 0.01 0.01 0.01 0.01 0.01 0.01 0.01
0 0.6501851851851859 0.01 0.6224074074074076 0.01 0.6779629629629631 0.01 0.7103703703703707 0.01 0.8075925925925924 0.01 0.9696296296296293 0.01 1.09 0.01 1.1640740740740738 0.01 1.252037037037037 0.01 1.2705555555555554 0.01 1.2427777777777782 0.01 1.1548148148148152 0.01 1.0575925925925924 0.01 0.9696296296296293 0.01 0.9187037037037044 0.01 0.8677777777777783 0.01 0.8261111111111109 0.01 0.7242592592592598 0.01 0.6733333333333337 0.01
0 1.2242592592592598 1.4439814814814815 1.2612962962962968 1.3004629629629632 1.3122222222222228 1.1939814814814815 1.3862962962962968 1.1430555555555555 1.5112962962962968 1.0967592592592599 1.59 1.1013888888888892 1.6825925925925924 1.1523148148148152 1.7751851851851859 1.1337962962962969 1.84 1.0967592592592599 1.8862962962962968 0.9763888888888892 1.9048148148148152 0.8513888888888892 1.9001851851851859 0.7171296296296293 1.8538888888888891 0.5921296296296293 1.8261111111111108 0.5180555555555554 1.9094444444444445 0.49953703703703695 2.0807407407407412 0.5273148148148152 2.1687037037037045 0.550462962962963 2.2566666666666664 0.5875 2.3214814814814817 0.6291666666666674 2.34 0.6800925925925924 2.3075925925925924 0.7449074074074076 2.265925925925926 0.8375 2.2612962962962966 0.8884259259259261 2.270555555555555 0.9902777777777783 2.3168518518518524 1.184722222222223 2.3214814814814817 1.2587962962962969 2.302962962962963 1.3328703703703706 2.2335185185185185 1.3699074074074076 2.09 1.4023148148148152 2.0112962962962966 1.4069444444444446 1.9325925925925924 1.4069444444444446 1.8214814814814815 1.3837962962962969 1.7937037037037045 1.3837962962962969 1.7242592592592598 1.4115740740740739 1.6640740740740738 1.4439814814814815 1.6085185185185185 1.4902777777777783 1.5344444444444445 1.3791666666666662 1.465 1.309722222222223 1.3816666666666675 1.3282407407407413 1.3538888888888891 1.4625 1.3214814814814815 1.499537037037037 1.252037037037037 1.5041666666666662
0 1.2011111111111108 0.01 1.1455555555555554 0.01 1.1594444444444445 0.01 1.2474074074074075 0.01 1.302962962962963 0.01 1.34 0.01 1.3955555555555554 0.01 1.4788888888888891 0.01 1.5761111111111108 0.01 1.6409259259259261 0.01 1.6687037037037045 0.01 1.715 0.01 1.8168518518518522 0.01 1.9233333333333338 0.01 1.9881481481481478 0.01 2.052962962962963 0.01 2.127037037037037 0.01 2.2103703703703705 0.01 2.127037037037037 0.01 2.1224074074074077 0.01 2.1224074074074077 0.01 2.015925925925926 0.01 1.9325925925925924 0.01 1.802962962962963 0.01 1.7705555555555554 0.01 1.6918518518518522 0.01 1.6548148148148152 0.01 1.5946296296296294 0.01 1.5112962962962968 0.01 1.4094444444444445 0.01 1.3538888888888891 0.01 1.2983333333333338 0.01 1.2890740740740738 0.01 1.2659259259259261 0.01 1.1964814814814815 0.01 1.0668518518518522 0.01 1.0066666666666675 0.01 1.0483333333333338 0.01 1.1362962962962968 0.01 1.2612962962962968 0.01 1.3168518518518522 0.01 1.2566666666666675 0.01
0 2.228888888888889 0.01 2.298333333333334 0.01 2.423333333333334 0.01 2.45 0.01 2.45 0.01 2.4464814814814817 0.01 2.45 0.01 2.423333333333334 0.01 2.275185185185186 0.01 2.2335185185185185 0.01 2.2381481481481478 0.01 2.2381481481481478 0.01
0 1.715 0.01 1.802962962962963 0.01 1.8724074074074075 0.01 1.7937037037037045 0.01
0 1.6594444444444445 1.499537037037037 1.7659259259259261 1.4439814814814815 1.8816666666666675 1.4810185185185185 1.9464814814814815 1.4578703703703706 2.020555555555555 1.4532407407407413 2.0437037037037045 1.4949074074074076 2.0668518518518524 1.5319444444444446 2.187222222222223 1.5921296296296292 2.427962962962963 1.7171296296296292 2.2381249999999953 1.73 2.0853703703703705 1.6754629629629632 1.9974074074074075 1.6708333333333336 1.9140740740740738 1.7125 1.7565740740740738 1.73 1.7011111111111108 1.6708333333333336 1.6733333333333338 1.6199074074074076
0 2.437222222222223 0.01 2.3677777777777784 0.01 2.228888888888889 0.01 2.1594444444444445 0.01 2.09 0.01 2.1085185185185185 0.01 2.219629629629629 0.01 2.279814814814815 0.01 2.423333333333334 0.01 2.4464814814814817 0.01
0 1.2844444444444445 0.01 1.2844444444444445 0.01 1.3631481481481489 0.01 1.5344444444444445 0.01 1.6131481481481478 0.01 1.6548148148148152 0.01 1.7196296296296294 0.01 1.8538888888888891 0.01 1.6918518518518522 0.01 1.6687037037037045 0.01 1.6038888888888891 0.01 1.552962962962963 0.01 1.4835185185185185 0.01 1.4187037037037045 0.01
0 1.6362962962962968 0.01 1.6872222222222228 0.01 1.8168518518518522 0.01 1.9696296296296294 0.01 2.0668518518518524 0.01 2.150185185185186 0.01 2.2844444444444445 0.01 2.312222222222223 0.01 2.326111111111111 0.01 2.22425925925926 0.01 2.0575925925925924 0.01 1.9233333333333338 0.01 1.8724074074074075 0.01 1.7242592592592598 0.01
0 1.6594444444444445 0.01 1.7937037037037045 0.01 1.9511111111111108 0.01 2.140925925925926 0.01 2.275185185185186 0.01 2.265925925925926 0.01 2.34925925925926 0.01 2.45 0.01 2.45 0.031944444444444574 2.4418518518518524 0.1615740740740739 2.390925925925926 0.18472222222222284 2.270555555555555 0.0875 2.1594444444444445 0.06898148148148152 2.094629629629629 0.12916666666666743 2.025185185185186 0.10138888888888914 1.9788888888888891 0.05509259259259238 1.9001851851851859 0.036574074074073905 1.7612962962962968 0.01
0 1.8816666666666675 0.01 1.9464814814814815 0.01 2.025185185185186 0.01 2.094629629629629 0.01 2.1825925925925924 0.01 2.2937037037037045 0.01 2.302962962962963 0.01 2.265925925925926 0.01 2.2474074074074077 0.01 2.302962962962963 0.01 2.395555555555555 0.01 2.4464814814814817 0.01 2.45 0.01 2.45 0.01 2.326111111111111 0.01 2.302962962962963 0.01 2.302962962962963 0.01 2.2381481481481478 0.01 1.965 0.01 1.9325925925925924 0.01
0 1.9372222222222228 0.11064814814814895 1.9788888888888891 0.11064814814814895 2.002037037037037 0.1615740740740739 2.0344444444444445 0.25879629629629675 2.039074074074074 0.32824074074074133 2.0066666666666673 0.37916666666666743 1.9974074074074075 0.43009259259259236 1.9511111111111108 0.43472222222222284 1.9372222222222228 0.30972222222222284 1.9464814814814815 0.23101851851851848
0 2.395555555555555 0.24953703703703695 2.437222222222223 0.19861111111111085 2.4464814814814817 0.37453703703703695 2.404814814814815 0.32361111111111085
0 2.3168518518518524 0.8143518518518522 2.423333333333334 0.8375 2.4418518518518524 0.9115740740740739 2.4418518518518524 1.3189814814814815 2.3677777777777784 1.2449074074074076 2.3168518518518524 1.022685185185186 2.302962962962963 0.9208333333333337
0 2.0714814814814817 0.01 2.2103703703703705 0.01 2.279814814814815 0.01 2.312222222222223 0.01 2.390925925925926 0.01 2.45 0.01 2.4464814814814817 0.01 2.34925925925926 0.01 2.265925925925926 0.01 2.177962962962963 0.01 2.140925925925926 0.01 2.1825925925925924 0.01 2.154814814814815 0.01 2.09 0.01 2.1085185185185185 0.01 2.103888888888889 0.01
1 0.01 0.01 0.01 0.01 0.01 0.01 0.01 0.01 0.01 0.01 0.01 0.01 0.01 0.01 0.01 0.01 0.01 0.01 0.01 0.01 0.01 0.01 0.01 0.01 0.01 0.01 0.01 0.01 0.01 0.01 0.01 0.01 0.01 0.01 0.01 0.01 0.01 0.01
1 0.01 0.01 0.01 0.01 0.01 0.01 0.01 0.01 0.01 0.01 0.01 0.01 0.01 0.01
1 0.01 0.01 0.01 0.01 0.01 0.01 0.01 0.01 0.01 0.01 0.01 0.01 0.01 0.01 0.01 0.01
1 0.01 0.01 0.01 0.01 0.01 0.01 0.01 0.01 0.01 0.01 0.01 0.01
1 0.01 0.01 0.01 0.01 0.01 0.01 0.01 0.01 0.01 0.01 0.01 0.01 0.01 0.01 0.01 0.01 0.01 0.01 0.01 0.01 0.01 0.01 0.01 0.01 0.01 0.01 0.01 0.01 0.01 0.01 0.01 0.01 0.01 0.01 0.01 0.01 0.01 0.01 0.01 0.01 0.01 0.01 0.01 0.01 0.01 0.01 0.01 0.01 0.01 0.01 0.01 0.01 0.01 0.01
1 0.01 0.01 0.01 0.01 0.01 0.01 0.01 0.01 0.01 0.01 0.01 0.01 0.01 0.01 0.01 0.01 0.01 0.01 0.01 0.01 0.01 0.01 0.01 0.01 0.01 0.01 0.01 0.01 0.01 0.01 0.01 0.01 0.01 0.01 0.01 0.01
1 0.01 0.01 0.01 0.01 0.01 0.01 0.01 0.01 0.01 0.01 0.01 0.01 0.01 0.01 0.01 0.01 0.01 0.01 0.01 0.01 0.01 0.01 0.01 0.01 0.01 0.01 0.01 0.01 0.01 0.01
1 0.01 0.01 0.01 0.01 0.01 0.01 0.01 0.01 0.01 0.01 0.01 0.01 0.01 0.01 0.01 0.01 0.01 0.01 0.01 0.01 0.01 0.01 0.01 0.01 0.01 0.01 0.01 0.01 0.01 0.01 0.01 0.01 0.01 0.01 0.01 0.01 0.01 0.01 0.01 0.01 0.01 0.01 0.01 0.01
1 0.01 0.01 0.01 0.01 0.01 0.01 0.01 0.01 0.01 0.01 0.01 0.01 0.01 0.01 0.01 0.01 0.01 0.01 0.01 0.01 0.01 0.01 0.01 0.01 0.01 0.01 0.01 0.01
1 0.01 0.01 0.01 0.01 0.01 0.01 0.01 0.01 0.01 0.01 0.01 0.01 0.01 0.01 0.01 0.01 0.01 0.01 0.01 0.01 0.01 0.01 0.01 0.01 0.01 0.01 0.01 0.01 0.01 0.01 0.01 0.01 0.01 0.01
1 0.01 0.01 0.01 0.01 0.01 0.01 0.01 0.01 0.01 0.01
1 0.01 0.01 0.01 0.01 0.01 0.01 0.01 0.01 0.01 0.01 0.01 0.01 0.01 0.01 0.01 0.01 0.01 0.01 0.01 0.01 0.01 0.01 0.01 0.01 0.01 0.01 0.01 0.01 0.01 0.01 0.01 0.01 0.01 0.01 0.01 0.01 0.01 0.01 0.01 0.01 0.01 0.01 0.01 0.01 0.01 0.01 0.01 0.01 0.01 0.01 0.01 0.01
1 0.01 0.01 0.01 0.01 0.01 0.01 0.01 0.01 0.01 0.01 0.01 0.01 0.01 0.01 0.01 0.01 0.01 0.01 0.01 0.01 0.01 0.01
1 0.01 0.01 0.01 0.01 0.01 0.01 0.01 0.01 0.01 0.01 0.01 0.01 0.01 0.01 0.01 0.01 0.01 0.01 0.01 0.01 0.01 0.01 0.01 0.01
1 0.01 0.01 0.01 0.01 0.01 0.01 0.01 0.01 0.01 0.01 0.01 0.01 0.01 0.01 0.01 0.01 0.01 0.01 0.01 0.01 0.01 0.01 0.01 0.01 0.01 0.01 0.01 0.01
1 0.01 0.01 0.01 0.01 0.01 0.01 0.01 0.01 0.01 0.01 0.01 0.01 0.01 0.01 0.01 0.01 0.01 0.01 0.01 0.01 0.01 0.01 0.01 0.01 0.01 0.01 0.01 0.01 0.01 0.01 0.01 0.01 0.01 0.01 0.01 0.01 0.01 0.01 0.01 0.01 0.01 0.01 0.01 0.01 0.01 0.01 0.01 0.01 0.01 0.01 0.01 0.01
1 0.01 0.01 0.01 0.01 0.01 0.01 0.01 0.01 0.01 0.01 0.01 0.01 0.01 0.01 0.01 0.01 0.01 0.01 0.01 0.01 0.01 0.01 0.01 0.01
1 0.01 0.01 0.01 0.01 0.01 0.01 0.01 0.01 0.01 0.01 0.01 0.01 0.01 0.01 0.01 0.01 0.01 0.01 0.01 0.01 0.01 0.01 0.01 0.01 0.01 0.01 0.01 0.01 0.01 0.01 0.01 0.01 0.01 0.01
1 0.01 0.01 0.01 0.01 0.01 0.01 0.01 0.01 0.01 0.01 0.01 0.01 0.01 0.01 0.01 0.01 0.01 0.01 0.01 0.01 0.01 0.01 0.01 0.01 0.01 0.01 0.01 0.01 0.01 0.01 0.01 0.01 0.01 0.01 0.01 0.01
1 0.01 0.01 0.01 0.01 0.01 0.01 0.01 0.01 0.01 0.01 0.01 0.01 0.01 0.01 0.01 0.01 0.01 0.01 0.01 0.01 0.01 0.01 0.01 0.01 0.01 0.01 0.01 0.01 0.01 0.01
1 0.01 0.01 0.01 0.01 0.01 0.01 0.01 0.01 0.01 0.01 0.01 0.01 0.01 0.01 0.01 0.01 0.01 0.01 0.01 0.01 0.01 0.01 0.01 0.01
1 0.01 0.01 0.01 0.01 0.01 0.01 0.01 0.01 0.01 0.01 0.01 0.01 0.01 0.01 0.01 0.01 0.01 0.01 0.01 0.01 0.01 0.01 0.01 0.01 0.01 0.01
1 0.01 0.01 0.01 0.01 0.01 0.01 0.01 0.01 0.01 0.01 0.01 0.01 0.01 0.01 0.01 0.01 0.01 0.01 0.01 0.01 0.01 0.01 0.01 0.01 0.01 0.01 0.01 0.01 0.01 0.01 0.01 0.01 0.01 0.01 0.01 0.01
1 0.01 0.01 0.01 0.01 0.01 0.01 0.01 0.01 0.01 0.01 0.01 0.01 0.01 0.01
1 0.01 0.01 0.01 0.01 0.01 0.01 0.01 0.01 0.01 0.01 0.01 0.01 0.01 0.01 0.01 0.01 0.01 0.01 0.01 0.01 0.01 0.01 0.01 0.01 0.01 0.01 0.01 0.01 0.01 0.01
1 0.01 0.01 0.01 0.01 0.01 0.01 0.01 0.01 0.01 0.01 0.01 0.01 0.01 0.01 0.01 0.01 0.01 0.01 0.01 0.01 0.01 0.01 0.01 0.01 0.01 0.01 0.01 0.01 0.01 0.01 0.01 0.01 0.01 0.01 0.01 0.01 0.01 0.01
1 0.01 0.3542942942942943 0.01 0.1741141141141145 0.01 0.12906906906906898 0.01 0.12306306306306283 0.01 0.1470870870870874 0.01 0.22516516516516505 0.01 0.2912312312312315 0.01 0.37531531531531526 0.01 0.5795195195195197 0.01 0.7146546546546539 0.01 0.8527927927927931 0.01 0.8888288288288289 0.01 0.8918318318318313 0.01 0.72966966966967 0.01 0.5344744744744742 0.01 0.4173573573573572
1 0.01 0.36030030030030047 0.01 0.3362762762762759 0.01 0.39933933933933874 0.01 0.5194594594594594 0.01 0.6425825825825825 0.01 0.7146546546546539 0.01 0.8017417417417414 0.01 0.8107507507507501 0.01 0.8197597597597599 0.01 0.6185585585585579 0.01 0.48042042042042 0.01 0.39033033033033004
1 0.01 0.5464864864864865 0.01 0.4203603603603597 0.01 0.3362762762762759 0.01 0.3062462462462463 0.01 0.342282282282282 0.01 0.39933933933933874 0.01 0.5134534534534532 0.01 0.6185585585585579 0.01 0.7386786786786785 0.01 0.8227627627627624 0.01 0.7386786786786785 0.01 0.6906306306306306 0.01 0.6125525525525529
1 0.01 1.2431831831831834 0.01 1.087027027027027 0.01 1.0239639639639642 0.01 1.087027027027027 0.01 1.1020420420420418 0.01 1.1020420420420418 0.01 1.1140540540540542 0.01 1.2311711711711713 0.01 1.3362762762762759 0.01 1.411351351351351 0.01 1.459399399399399 0.01 1.4774174174174175 0.01 1.4503903903903903 0.01 1.3542942942942944 0.01 1.2822222222222217
1 0.01 1.7056456456456452 0.01 1.564504504504505 0.01 1.5134534534534532 0.01 1.507447447447447 0.01 1.4714114114114114 0.01 1.4233633633633633 0.01 1.3693093093093092 0.01 1.3963363363363361 0.01 1.432372372372372 0.01 1.4744144144144138 0.01 1.57051051051051 0.01 1.624564564564564 0.01 1.681621621621622 0.01 1.7176576576576577 0.01 1.7176576576576577 0.01 1.7176576576576577 0.01 1.72066066066066 0.01 1.7236636636636637
1 0.01 1.5134534534534532 0.01 1.501441441441441 0.01 1.5404804804804804 0.01 1.6275675675675678 0.01 1.6906306306306305 0.01 1.708648648648649 0.01 1.72066066066066 0.01 1.5855255255255258
1 0.01 1.432372372372372 0.01 1.315255255255255 0.01 1.3062462462462463 0.01 1.3452852852852857 0.01 1.3933333333333338 0.01 1.4203603603603596 0.01 1.411351351351351 0.01 1.3783183183183179 0.01 1.3452852852852857 0.01 1.3332732732732735 0.01 1.4293693693693694 0.01 1.4744144144144138 0.01 1.549489489489489 0.01 1.681621621621622 0.01 1.7266666666666663 0.01 1.73 0.01 1.72066066066066 0.01 1.6756156156156157 0.01 1.5434834834834827 0.01 1.4684084084084077
1 0.01 0.5675075075075074 0.01 0.5254654654654655 0.01 0.5104504504504507 0.01 0.48642642642642614 0.01 0.660600600600601 0.01 0.7266666666666662 0.01 0.7747147147147143 0.01 0.7536936936936933 0.01 0.6876276276276281
1 0.01 0.8197597597597599 0.01 0.7747147147147143 0.01 0.8437837837837833 0.01 0.8437837837837833 0.01 0.7867267267267266 0.01 0.7747147147147143 0.01 0.8197597597597599 0.01 0.9699099099099101 0.01 1.0209609609609607 0.01 0.9879279279279274 0.01 0.9518918918918916 0.01 0.8738138138138141
1 0.01 0.7446846846846847 0.01 0.6515915915915912 0.01 0.5885285285285283 0.01 0.72966966966967 0.01 0.7957357357357353 0.01 0.7987387387387389 0.01 0.7687087087087082
1 0.01 0.8377777777777772 0.01 0.8407807807807808 0.01 0.8918318318318313 0.01 0.9639039039039039 0.01 1.0059459459459459 0.01 1.017957957957958 0.01 1.017957957957958 0.01 0.9488888888888891 0.01 0.894834834834835
1 0.01 0.6936336336336331 0.01 0.7056456456456454 0.01 0.735675675675676 0.01 0.756696696696697 0.01 0.8287687687687685 0.01 0.8768168168168166 0.01 0.8678078078078079 0.01 0.8017417417417414
1 0.01 0.4624024024024027 0.01 0.36030030030030047 0.01 0.3693093093093091 0.01 0.4053453453453449 0.01 0.4654054054054052 0.01 0.6365765765765764 0.01 0.7026426426426429 0.01 0.6756156156156158 0.01 0.6575975975975973 0.01 0.6575975975975973 0.01 0.549489489489489
1 0.01 0.2581981981981983 0.01 0.2551951951951946 0.01 0.3182582582582586 0.01 0.3813213213213214 0.01 0.42336336336336333 0.01 0.4203603603603597 0.01 0.3182582582582586
1 0.01 0.2551951951951946 0.01 0.19513513513513545 0.01 0.15009009009008992 0.01 0.19513513513513545 0.01 0.24018018018017984 0.01 0.3212612612612611 0.01 0.3663063063063066 0.01 0.36030030030030047 0.01 0.3182582582582586
1 0.01 0.38432432432432395 0.01 0.31525525525525494 0.01 0.2672072072072069 0.01 0.2551951951951946 0.01 0.3182582582582586 0.01 0.39933933933933874 0.01 0.4684084084084088 0.01 0.5044444444444446 0.01 0.6125525525525529 0.01 0.7056456456456454 0.01 0.7717117117117118 0.01 0.8197597597597599 0.01 0.7596996996996995 0.01 0.6395795795795789 0.01 0.5314714714714717 0.01 0.4383783783783781
1 0.01 0.8738138138138141 0.01 0.8167567567567562 0.01 0.7957357357357353 0.01 0.8347747747747747 0.01 0.8798198198198202 0.01 0.9278678678678682 0.01 1.0239639639639642 0.01 1.053993993993994 0.01 0.9789189189189187 0.01 0.9068468468468472
1 0.01 0.4924324324324323 0.01 0.5074474474474471 0.01 0.5795195195195197 0.01 0.6305705705705702 0.01 0.804744744744745 0.01 0.9699099099099101 0.01 1.0660060060060061 0.01 1.0690090090090087 0.01 1.0509909909909914 0.01 1.0329729729729729 0.01 0.9759159159159162 0.01 0.8287687687687685 0.01 0.7536936936936933 0.01 0.6636036036036035 0.01 0.5945345345345345 0.01 0.5434834834834829
1 0.01 0.25219219219219213 0.01 0.25219219219219213 0.01 0.25219219219219213 0.01 0.23717717717717732 0.01 0.22516516516516505 0.01 0.21015015015015023 0.01 0.3092492492492488 0.01 0.33027027027026973 0.01 0.33027027027026973 0.01 0.3813213213213214 0.01 0.4654054054054052 0.01 0.45639639639639656 0.01 0.44438438438438427 0.01 0.3663063063063066 0.01 0.3212612612612611
1 0.01 0.48642642642642614 0.01 0.37531531531531526 0.01 0.36030030030030047 0.01 0.36030030030030047 0.01 0.36330330330330296 0.01 0.3963363363363362 0.01 0.44738738738738676 0.01 0.5825225225225222 0.01 0.5524924924924925
1 0.01 0.01 0.01 0.01 0.01 0.01 0.01 0.01 0.01 0.01 0.01 0.01 0.01 0.01 0.01 0.01
1 0.01 0.01 0.01 0.01 0.01 0.01 0.01 0.01 0.01 0.01 0.01 0.01 0.01 0.01 0.01 0.01 0.01 0.01 0.01 0.01 0.01 0.01 0.01 0.01 0.01 0.01 0.01 0.01 0.01 0.01 0.01 0.01 0.01 0.01 0.01 0.01
1 0.01 0.01 0.01 0.01 0.01 0.01 0.01 0.01 0.01 0.01 0.01 0.01 0.01 0.01 0.01 0.01 0.01 0.01 0.01 0.01
1 0.01 0.01 0.01 0.01 0.01 0.01 0.01 0.01 0.01 0.01 0.01 0.01 0.01 0.01 0.01 0.01
1 0.01 0.01 0.01 0.01 0.01 0.01 0.01 0.01 0.01 0.01 0.01 0.01 0.01 0.01 0.01 0.01 0.01 0.01 0.01 0.01 0.01 0.01 0.01 0.01
1 0.01 0.01 0.01 0.01 0.01 0.01 0.01 0.01 0.01 0.01 0.01 0.01 0.01 0.01 0.01 0.01 0.01 0.01
1 0.01 0.01 0.01 0.01 0.01 0.01 0.01 0.01 0.01 0.01 0.01 0.01 0.01 0.01 0.01 0.01 0.01 0.01 0.01 0.01 0.01 0.01 0.01 0.01 0.01 0.01 0.01 0.01 0.01 0.01 0.01 0.01 0.01 0.01 0.01 0.01 0.01 0.01
1 0.01 0.01 0.01 0.01 0.01 0.01 0.01 0.01 0.01 0.01 0.01 0.01 0.01 0.01 0.01 0.01
1 0.01 0.01 0.01 0.01 0.01 0.01 0.01 0.01 0.01 0.01 0.01 0.01 0.01 0.01 0.01 0.01 0.01 0.01 0.01 0.01 0.01 0.01 0.01 0.01 0.01 0.01
1 0.01 0.01 0.01 0.01 0.01 0.01 0.01 0.01 0.01 0.01 0.01 0.01
1 0.01 0.01 0.01 0.01 0.01 0.01 0.01 0.01 0.01 0.01 0.01 0.01 0.01 0.01 0.01 0.01 0.01 0.01 0.01 0.01 0.01 0.01 0.01 0.01
1 0.01 0.01 0.01 0.01 0.01 0.01 0.01 0.01 0.01 0.01 0.01 0.01 0.01 0.01 0.01 0.01 0.01 0.01 0.01 0.01 0.01 0.01
1 0.01 0.01 0.01 0.01 0.01 0.01 0.01 0.01 0.01 0.01 0.01 0.01 0.01 0.01 0.01 0.01 0.01 0.01 0.01 0.01 0.01 0.01 0.01 0.01 0.01 0.01
1 0.01 0.01 0.01 0.01 0.01 0.01 0.01 0.01 0.01 0.01 0.01 0.01 0.01 0.01 0.01 0.01 0.01 0.01 0.01 0.01 0.01 0.01 0.01 0.01 0.01 0.01 0.01 0.01 0.01 0.01 0.01 0.01 0.01 0.01 0.01 0.01 0.01 0.01 0.01 0.01 0.01 0.01 0.01 0.01 0.01 0.01 0.01 0.01 0.01 0.01 0.01 0.01 0.01 0.01 0.01 0.01 0.01 0.01 0.01 0.01 0.01 0.01 0.01 0.01 0.01 0.01 0.01 0.01 0.01 0.01 0.01 0.01
1 0.01 0.01 0.01 0.01 0.01 0.01 0.01 0.01 0.01 0.01 0.01 0.01 0.01 0.01 0.01 0.01 0.01 0.01 0.01 0.01
1 0.01 0.01 0.01 0.01 0.01 0.01 0.01 0.01 0.01 0.01 0.01 0.01 0.01 0.01 0.01 0.01 0.01 0.01 0.01 0.01 0.01 0.01 0.01 0.01 0.01 0.01 0.01 0.01 0.01 0.01 0.01 0.01 0.01 0.01 0.01 0.01 0.01 0.01 0.01 0.01 0.01 0.01 0.01 0.01 0.01 0.01
1 0.01 0.01 0.01 0.01 0.01 0.01 0.01 0.01 0.01 0.01 0.01 0.01 0.01 0.01 0.01 0.01 0.01 0.01 0.01 0.01 0.01 0.01 0.01 0.01 0.01 0.01 0.01 0.01 0.01 0.01
1 0.01 0.01 0.01 0.01 0.01 0.01 0.01 0.01 0.01 0.01 0.01 0.01 0.01 0.01 0.01 0.01 0.01 0.01 0.01 0.01 0.01 0.01 0.01 0.01 0.01 0.01 0.01 0.01 0.01 0.01
1 0.01 1.7207773851590105 0.01 1.7243109540636044 0.01 1.618303886925795 0.01 1.498162544169611 0.01 1.611236749116607
2 0.01 0.01 0.01 0.01 0.01 0.01 0.01 0.01
1 0.01 0.01 0.01 0.01 0.01 0.01 0.01 0.01 0.01 0.01 0.01 0.01 0.01 0.01
1 0.01 0.01 0.01 0.01 0.01 0.01 0.01 0.01 0.01 0.01 0.01 0.01 0.01 0.01 0.01 0.01 0.01 0.01 0.01 0.01 0.01 0.01 0.01 0.01
1 0.01 0.01 0.01 0.01 0.01 0.01 0.01 0.01
1 0.01 0.01 0.01 0.01 0.01 0.01 0.01 0.01 0.01 0.01 0.01 0.01 0.01 0.01 0.01 0.01 0.01 0.01 0.01 0.01 0.01 0.01 0.01 0.01 0.01 0.01
1 0.01 0.01 0.01 0.01 0.01 0.01 0.01 0.01 0.01 0.01 0.01 0.01 0.01 0.01 0.01 0.01 0.01 0.01 0.01 0.01
1 0.01 0.01 0.01 0.01 0.01 0.01 0.01 0.01
1 0.01 0.01 0.01 0.01 0.01 0.01 0.01 0.01 0.01 0.01 0.01 0.01 0.01 0.01
1 0.01 0.01 0.01 0.01 0.01 0.01 0.01 0.01 0.01 0.01 0.01 0.07905405405405418 0.01 0.20743243243243228 0.01 0.39662162162162073 0.01 0.5317567567567562 0.01 0.5722972972972968 0.01 0.6331081081081072 0.01 0.6871621621621614 0.01 0.4709459459459458 0.01 0.32229729729729684 0.01 0.16689189189189166
1 0.01 0.01 0.01 0.01 0.01 0.01 0.01 0.01 0.01 0.01 0.01 0.01
1 0.01 0.01 0.01 0.01 0.01 0.01 0.01 0.01 0.01 0.01 0.01 0.01 0.01 0.01 0.01 0.01 0.01 0.01 0.01 0.01 0.01 0.01 0.01 0.01
1 0.01 0.01 0.01 0.01 0.01 0.01 0.01 0.014107883817426909 0.01 0.06804979253111924 0.01 0.1427385892116172 0.01 0.2298755186721985 0.01 0.22572614107883737 0.01 0.21327800829875515 0.01 0.13443983402489607 0.01 0.043153526970953635 0.01 0.01
1 0.01 0.01 0.01 0.01 0.01 0.01 0.01 0.01 0.01 0.01 0.01 0.01 0.01 0.01 0.01 0.01 0.01 0.01 0.01 0.01 0.01 0.01 0.01 0.01 0.01 0.01 0.01 0.01 0.01 0.01 0.01 0.043153526970953635 0.01 0.039004149377592515 0.01 0.01 0.01 0.01 0.01 0.01 0.01 0.01 0.01 0.01 0.01 0.01
1 0.01 0.01 0.01 0.01 0.01 0.01 0.01 0.01 0.01 0.01 0.01 0.01 0.01 0.01 0.01 0.01 0.01 0.01 0.01 0.01
1 0.01 0.01 0.01 0.01 0.01 0.01 0.01 0.01 0.01 0.01 0.01 0.01 0.01 0.01 0.01 0.01
1 0.01 0.01 0.01 0.01 0.01 0.01 0.01 0.01 0.01 0.01 0.01 0.01 0.01 0.01 0.01 0.01 0.01 0.01
1 0.01 0.01 0.01 0.01 0.01 0.01 0.01 0.01 0.01 0.01 0.01 0.01
1 0.01 0.01 0.01 0.01 0.01 0.01 0.01 0.01 0.01 0.01 0.01 0.01 0.01 0.01 0.01 0.01 0.01 0.01 0.01 0.01 0.01 0.01
1 0.01 0.01 0.01 0.01 0.01 0.01 0.01 0.01 0.01 0.01 0.01 0.01 0.01 0.01 0.01 0.01 0.01 0.01
1 0.01 0.01 0.01 0.01 0.01 0.01 0.01 0.01 0.01 0.01 0.01 0.01 0.01 0.01
1 0.01 0.01 0.01 0.01 0.01 0.01 0.01 0.01 0.01 0.01 0.01 0.01 0.01 0.01 0.01 0.01 0.01 0.01 0.01 0.01 0.01 0.01 0.01 0.01 0.01 0.01 0.01 0.01
1 0.01 0.01 0.01 0.01 0.01 0.01 0.01 0.01 0.01 0.01 0.01 0.01
1 0.01 0.01 0.01 0.01 0.01 0.01 0.01 0.01 0.01 0.01 0.01 0.01 0.01 0.01 0.01 0.01 0.01 0.01 0.01 0.01 0.01 0.01 0.01 0.01 0.01 0.01 0.01 0.01 0.01 0.01 0.01 0.01 0.01 0.01
1 0.01 0.01 0.01 0.01 0.01 0.01 0.01 0.01 0.01 0.01 0.01 0.01 0.01 0.01 0.01 0.01 0.01 0.01
1 0.01 0.01 0.01 0.01 0.01 0.01 0.01 0.01 0.01 0.01 0.01 0.01
1 0.01 0.01 0.01 0.01 0.01 0.01 0.01 0.01 0.01 0.01 0.01 0.01 0.01 0.01 0.01 0.01
1 0.01 0.01 0.01 0.01 0.01 0.01 0.01 0.01 0.01 0.01 0.01 0.01 0.01 0.01 0.01 0.01 0.01 0.01 0.01 0.01 0.01 0.01
1 0.01 0.01 0.01 0.01 0.01 0.01 0.01 0.01 0.01 0.01 0.01 0.01 0.01 0.01 0.01 0.01 0.01 0.01
1 0.01 0.01 0.01 0.01 0.01 0.01 0.01 0.01 0.01 0.01
1 0.01 0.01 0.01 0.01 0.01 0.01 0.01 0.01 0.01 0.01 0.01 0.01 0.01 0.01 0.01 0.01 0.01 0.01 0.01 0.01 0.01 0.01
1 0.01 0.01 0.01 0.01 0.01 0.01 0.01 0.01 0.01 0.01 0.01 0.01
1 0.01 0.01 0.01 0.01 0.01 0.01 0.01 0.01 0.01 0.01 0.01 0.01 0.01 0.01 0.01 0.01 0.01 0.01 0.01 0.01 0.01 0.01 0.01 0.01 0.01 0.01 0.01 0.01 0.01 0.01 0.01 0.01 0.01 0.01 0.01 0.01 0.01 0.01
1 0.01 0.01 0.01 0.01 0.01 0.01 0.01 0.01 0.01 0.01 0.01 0.01 0.01 0.01 0.01 0.01 0.01 0.01 0.01 0.01 0.01 0.01 0.01 0.01 0.01 0.01 0.01 0.01 0.01 0.01 0.01 0.01
1 0.01 0.01 0.01 0.01 0.01 0.01 0.01 0.01 0.01 0.01 0.01 0.01 0.01 0.01 0.01 0.01 0.01 0.01 0.01 0.01 0.01 0.01
1 0.01 0.01 0.01 0.01 0.01 0.01 0.01 0.01 0.01 0.01 0.01 0.01 0.01 0.01 0.01 0.01 0.01 0.01 0.01 0.01 0.01 0.01 0.01 0.01 0.01 0.01 0.01 0.01 0.01 0.01 0.01 0.01 0.01 0.01 0.01 0.01 0.01 0.01 0.01 0.01 0.01 0.01 0.01 0.01
1 0.01 0.01 0.01 0.01 0.01 0.01 0.01 0.01 0.01 0.01 0.01 0.01 0.01 0.01 0.01 0.01 0.01 0.01 0.01 0.01 0.01 0.01 0.01 0.01 0.01 0.01 0.01 0.01
1 0.01 0.01 0.01 0.01 0.01 0.01 0.01 0.01 0.01 0.01 0.01 0.01 0.01 0.01 0.01 0.01 0.01 0.01
1 0.01 0.01 0.01 0.01 0.01 0.01 0.01 0.01 0.01 0.01 0.01 0.01 0.01 0.01 0.01 0.01 0.01 0.01
1 0.01 0.01 0.01 0.01 0.01 0.01 0.01 0.01 0.01 0.01 0.01 0.01 0.01 0.01 0.01 0.01 0.01 0.01 0.01 0.01 0.01 0.01 0.01 0.01 0.01 0.01 0.01 0.01
1 0.01 0.01 0.01 0.01 0.01 0.01 0.01 0.01 0.01 0.01 0.01 0.01 0.01 0.01 0.01 0.01 0.01 0.01 0.01 0.01 0.01 0.01 0.01 0.01 0.01 0.01 0.01 0.01
1 0.01 0.01 0.01 0.01 0.01 0.01 0.01 0.01 0.01 0.01 0.01 0.01 0.01 0.01 0.01 0.01
1 0.01 0.01 0.01 0.01 0.01 0.01 0.01 0.01 0.01 0.01 0.01 0.01 0.01 0.01 0.01 0.01 0.01 0.01
1 0.01 0.01 0.01 0.01 0.01 0.01 0.01 0.01 0.01 0.01 0.01 0.01 0.01 0.01 0.01 0.01 0.01 0.01 0.01 0.01 0.01 0.01 0.01 0.01
1 0.01 0.01 0.01 0.01 0.01 0.01 0.01 0.01 0.01 0.01 0.01 0.01 0.01 0.01 0.01 0.01 0.01 0.01 0.01 0.01 0.01 0.01 0.01 0.01 0.01 0.01
1 0.01 0.01 0.01 0.01 0.01 0.01 0.01 0.01 0.01 0.01 0.01 0.01 0.01 0.01 0.01 0.01
1 0.01 0.01 0.01 0.01 0.01 0.01 0.01 0.01 0.01 0.01 0.01 0.01 0.01 0.01 0.01 0.01 0.01 0.01 0.01 0.01 0.01 0.01 0.01 0.01 0.01 0.01 0.01 0.01 0.01 0.01 0.01 0.01 0.01 0.01 0.01 0.01 0.01 0.01 0.01 0.01
1 0.01 0.01 0.01 0.01 0.01 0.01 0.01 0.01 0.01 0.01 0.01 0.01 0.01 0.01 0.01 0.01 0.01 0.01 0.01 0.01 0.01 0.01 0.01 0.01
1 0.01 0.01 0.01 0.01 0.01 0.01 0.01 0.01 0.01 0.01 0.01 0.01 0.01 0.01 0.01 0.01 0.01 0.01 0.01 0.01 0.01 0.01 0.01 0.01 0.01 0.01 0.01 0.01 0.01 0.01
1 0.01 0.01 0.01 0.01 0.01 0.01 0.01 0.01 0.01 0.01 0.01 0.01 0.01 0.01 0.01 0.01 0.01 0.01 0.01 0.01 0.01 0.01 0.01 0.01 0.01 0.01 0.01 0.01 0.01 0.01
1 0.01 0.01 0.01 0.01 0.01 0.01 0.01 0.01 0.01 0.01 0.01 0.01 0.01 0.01 0.01 0.01 0.01 0.01
1 0.01 0.01 0.01 0.01 0.01 0.01 0.01 0.01 0.01 0.01 0.01 0.01 0.01 0.01 0.01 0.01 0.01 0.01 0.01 0.01 0.01 0.01 0.01 0.01 0.01 0.01
1 0.01 0.01 0.01 0.01 0.01 0.01 0.01 0.01 0.01 0.01 0.01 0.01 0.01 0.01 0.01 0.01 0.01 0.01 0.01 0.01 0.01 0.01 0.01 0.01 0.01 0.01 0.01 0.01 0.01 0.01
1 0.01 0.01 0.01 0.01 0.01 0.01 0.01 0.01 0.01 0.01 0.01 0.01 0.01 0.01 0.01 0.01 0.01 0.01 0.01 0.01 0.01 0.01
1 0.01 0.01 0.01 0.01 0.01 0.01 0.01 0.01 0.01 0.01 0.01 0.01 0.01 0.01 0.01 0.01 0.01 0.01 0.01 0.01 0.01 0.01 0.01 0.01 0.01 0.01 0.01 0.01
1 0.01 0.01 0.01 0.01 0.01 0.01 0.01 0.01 0.01 0.01 0.01 0.01
1 0.01 0.01 0.01 0.01 0.01 0.01 0.01 0.01 0.01 0.01 0.01 0.01 0.01 0.01 0.01 0.01 0.01 0.01 0.01 0.01 0.01 0.01 0.01 0.01 0.01 0.01 0.01 0.01 0.01 0.01 0.01 0.01 0.01 0.01 0.01 0.01 0.01 0.01 0.01 0.01 0.01 0.01 0.01 0.01
1 0.01 0.01 0.01 0.01 0.01 0.01 0.01 0.01 0.01 0.11078125 0.01 0.22015625 0.01 0.01
1 0.01 0.01 0.01 0.01 0.01 0.01 0.01 0.01 0.01 0.01 0.01 0.01 0.01 0.01 0.01 0.01
1 0.01 0.01 0.01 0.01 0.01 0.01 0.01 0.01 0.01 0.01 0.01 0.01 0.01 0.01 0.01 0.01 0.01 0.01 0.01 0.044375 0.01 0.106875 0.01 0.18890625 0.01 0.21234375 0.01 0.18109375 0.01 0.013125 0.01 0.01 0.01 0.01 0.01 0.01
1 0.01 0.01 0.01 0.01 0.01 0.01 0.01 0.01 0.01 0.01 0.01 0.01 0.01 0.01 0.01 0.01 0.01 0.01 0.01 0.01 0.01 0.01 0.01 0.01 0.01 0.01 0.01 0.01 0.01 0.01
1 0.01 0.01 0.01 0.01 0.01 0.01 0.01 0.01 0.01 0.01 0.01 0.01 0.01 0.01 0.01 0.01 0.01 0.01 0.01 0.01 0.01 0.01 0.01 0.01 0.01 0.01 0.01 0.01 0.01 0.01 0.01 0.01 0.01 0.01 0.01 0.01 0.01 0.01
1 0.01 0.01 0.01 0.01 0.01 0.01 0.01 0.01 0.01 0.01 0.01 0.01 0.01 0.01 0.01 0.01 0.01 0.01 0.01 0.01
1 0.01 0.01 0.01 0.01 0.01 0.01 0.01 0.01 0.01 0.01 0.01 0.01 0.01 0.01 0.01 0.01 0.01 0.01 0.01 0.01 0.01 0.01 0.01 0.01 0.01 0.01
1 0.01 0.01 0.01 0.01 0.01 0.01 0.01 0.01 0.01 0.01 0.01 0.01 0.01 0.01 0.01 0.01 0.01 0.01 0.01 0.01
1 0.01 0.01 0.01 0.01 0.01 0.01 0.01 0.02484375 0.01 0.0521875 0.01 0.04828125 0.01 0.01703125 0.01 0.01 0.01 0.01 0.01 0.01 0.01 0.01
1 0.01 0.01 0.01 0.044375 0.01 0.075625 0.01 0.09125 0.01 0.106875 0.01 0.01703125 0.01 0.01 0.01 0.01
1 0.01 0.01 0.01 0.01 0.01 0.01 0.01 0.01 0.01 0.01 0.01 0.01 0.01 0.01
1 0.01 0.01 0.01 0.01 0.01 0.01 0.01 0.01 0.01 0.07953125 0.01 0.08734375 0.01 0.04828125 0.01 0.013125 0.01 0.01
1 0.01 0.01 0.01 0.01 0.01 0.01 0.01 0.01 0.01 0.01 0.01 0.01 0.01 0.01 0.01 0.01 0.01 0.01 0.01 0.01 0.01 0.01 0.01 0.01 0.01 0.01 0.01 0.04046875 0.01 0.1146875 0.01 0.18109375 0.01 0.10296875 0.01 0.09125 0.01 0.01 0.01 0.01
1 0.01 0.200625 0.01 0.1303125 0.01 0.106875 0.01 0.13421875 0.01 0.19671875 0.01 0.3021875 0.01 0.31390625 0.01 0.3178125 0.01 0.2709375
1 0.01 0.01 0.01 0.01 0.01 0.01 0.01 0.01 0.01 0.01 0.01 0.01 0.01 0.01 0.01 0.01 0.01 0.01 0.01 0.01 0.01 0.01 0.01 0.01 0.01 0.01 0.01 0.01
1 0.01 0.01 0.01 0.01 0.01 0.01 0.01 0.01 0.01 0.01 0.01 0.01 0.01 0.01 0.01 0.01 0.01 0.01 0.01 0.01 0.01 0.01 0.01 0.01 0.01 0.01 0.01 0.01 0.01 0.01 0.01 0.01 0.01 0.01 0.01 0.01 0.01 0.01 0.01 0.01 0.01 0.01
1 0.01 0.01 0.01 0.01 0.01 0.01 0.01 0.01 0.01 0.01 0.01 0.01 0.01 0.01 0.01 0.01 0.01 0.01 0.01 0.01 0.01 0.01 0.01 0.01 0.01 0.01 0.01 0.01 0.01 0.01
1 0.01 0.01 0.01 0.01 0.01 0.01 0.01 0.01 0.01 0.01 0.03640625 0.01 0.0325 0.01 0.01 0.01 0.01 0.01 0.01 0.01 0.01 0.01
1 0.01 0.01 0.01 0.01 0.01 0.01 0.01 0.01 0.01 0.01 0.01 0.01 0.01 0.01 0.01 0.01 0.01 0.01 0.01 0.01 0.01 0.01 0.01 0.01 0.01 0.01 0.01 0.01
1 0.01 0.01 0.01 0.01 0.01 0.01 0.01 0.01 0.01 0.01 0.01 0.01 0.01 0.01 0.01 0.01 0.01 0.01 0.01 0.01 0.01 0.01 0.01 0.01 0.01 0.01 0.01 0.01 0.01 0.01 0.01 0.01 0.01 0.01 0.01 0.01 0.01 0.01 0.01 0.01 0.01 0.01
1 0.01 0.01 0.01 0.01 0.01 0.01 0.01 0.01 0.01 0.01 0.01 0.01 0.01 0.01
1 0.01 0.01 0.01 0.01 0.01 0.01 0.01 0.01 0.01 0.01 0.01 0.01 0.01 0.01 0.01 0.01 0.01 0.01 0.01 0.01
1 0.01 0.01 0.01 0.01 0.01 0.01 0.01 0.01 0.01 0.01 0.01 0.01 0.01 0.01 0.01 0.01 0.01 0.01 0.01 0.01 0.01 0.01 0.01 0.01 0.01 0.01 0.01 0.01 0.01 0.01 0.01 0.01 0.01 0.01
1 0.01 0.01 0.01 0.01 0.01 0.01 0.01 0.01 0.01 0.01 0.01 0.01 0.01 0.01 0.01 0.01 0.01 0.01 0.01 0.01 0.01 0.01 0.01 0.01 0.01 0.01
1 0.01 0.01 0.01 0.01 0.01 0.01 0.01 0.01 0.01 0.01 0.01 0.01 0.01 0.01 0.01 0.01 0.01 0.01 0.01 0.01 0.01 0.01 0.01 0.01 0.01 0.01 0.01 0.01 0.01 0.01
1 0.01 1.1303125 0.01 1.19671875 0.01 1.263125 0.01 1.3646875 0.01 1.39984375 0.01 1.3646875 0.01 1.26703125 0.01 1.20453125 0.01 1.10296875 0.01 1.04828125 0.01 1.08734375 0.01 1.1146875
1 0.01 1.0053125 0.01 0.93109375 0.01 0.9271875 0.01 0.98578125 0.01 1.1459375 0.01 1.2084375 0.01 1.20453125 0.01 1.08734375
1 0.01 0.92328125 0.01 0.90375 0.01 0.88421875 0.01 0.95453125 0.01 1.0834375 0.01 1.169375 0.01 1.1615625 0.01 1.0678125 0.01 0.9975
1 0.01 0.01 0.01 0.01 0.01 0.01 0.01 0.01 0.01 0.01 0.01 0.01 0.01 0.01 0.01 0.01 0.01 0.01 0.01 0.01 0.01 0.01 0.01 0.01 0.01 0.01 0.01 0.01 0.01 0.01 0.01 0.01 0.01 0.01 0.01 0.01
1 0.01 0.01 0.01 0.01 0.01 0.01 0.01 0.01 0.01 0.01 0.01 0.01 0.01 0.01 0.01 0.01 0.01 0.01 0.01 0.01 0.01 0.01 0.01 0.01 0.01 0.01 0.01 0.01 0.01 0.01 0.01 0.01 0.01 0.01 0.01 0.01 0.01 0.01 0.01 0.01 0.01 0.01 0.01 0.01 0.01 0.01 0.01 0.01 0.01 0.01 0.01 0.01 0.01 0.01
1 0.01 0.01 0.01 0.01 0.01 0.01 0.01 0.01 0.01 0.01 0.01 0.01 0.01 0.01 0.01 0.01 0.01 0.01 0.01 0.01
1 0.01 0.01 0.01 0.01 0.01 0.01 0.01 0.01 0.01 0.01 0.01 0.01 0.01 0.01 0.01 0.01 0.01 0.01 0.01 0.01 0.01 0.01 0.01 0.01 0.01 0.01 0.01 0.01 0.01 0.01
1 0.01 1.46625 0.01 1.3803125 0.01 1.27875 0.01 1.24359375 0.01 1.2475 0.01 1.3334375 0.01 1.44671875 0.01 1.5365625 0.01 1.62640625 0.01 1.68890625 0.01 1.72015625 0.01 1.70453125 0.01 1.62640625
1 0.01 0.47015625 0.01 0.356875 0.01 0.32171875 0.01 0.39203125 0.01 0.49359375 0.01 0.64984375 0.01 0.8725 0.01 0.888125 0.01 0.84125 0.01 0.72015625 0.01 0.60296875
1 0.01 0.01 0.01 0.01 0.01 0.01 0.01 0.01 0.01 0.01 0.01 0.01 0.01 0.01 0.01 0.01 0.01 0.01 0.01 0.01 0.01 0.01 0.01 0.01 0.01 0.01 0.01 0.01 0.01 0.01 0.01 0.01 0.01 0.01 0.01 0.01 0.01 0.01
1 0.01 0.01 0.01 0.01 0.01 0.01 0.01 0.01 0.01 0.01 0.01 0.01 0.01 0.01 0.01 0.01 0.01 0.01 0.01 0.01 0.01 0.01 0.01 0.01
1 0.01 0.01 0.01 0.01 0.01 0.01 0.01 0.01 0.01 0.01 0.01 0.01 0.01 0.01 0.01 0.01
1 0.01 0.01 0.01 0.01 0.01 0.01 0.01 0.01 0.01 0.01 0.01 0.01 0.01 0.01 0.01 0.01 0.01 0.01 0.01 0.01 0.01 0.01 0.01 0.01 0.01 0.01
1 0.01 0.01 0.01 0.01 0.01 0.01 0.01 0.01 0.01 0.01 0.01 0.01 0.01 0.01 0.01 0.01 0.01 0.01 0.01 0.01
1 0.01 0.01 0.01 0.01 0.01 0.01 0.01 0.01 0.01 0.01 0.01 0.01 0.01 0.01 0.01 0.01 0.01 0.01 0.01 0.01 0.01 0.01 0.01 0.01 0.01 0.01 0.01 0.01
1 0.01 0.01 0.01 0.01 0.01 0.01 0.01 0.01 0.01 0.01 0.01 0.01 0.01 0.01 0.01 0.01 0.01 0.01 0.01 0.01 0.01 0.01 0.01 0.01
1 0.01 0.01 0.01 0.01 0.01 0.01 0.01 0.01 0.01 0.01 0.01 0.01 0.01 0.01 0.01 0.01 0.01 0.01 0.01 0.01 0.01 0.01
1 0.01 0.01 0.01 0.01 0.01 0.01 0.01 0.01 0.01 0.01 0.01 0.01 0.01 0.01 0.01 0.01 0.01 0.01 0.01 0.01 0.01 0.01 0.01 0.01 0.01 0.01 0.01 0.01 0.01 0.01 0.01 0.01 0.01 0.01
1 0.01 0.01 0.01 0.01 0.01 0.01 0.01 0.01 0.01 0.01 0.01 0.01 0.01 0.01 0.01 0.01 0.01 0.01 0.01 0.01 0.01 0.01 0.01 0.01 0.01 0.01
1 0.01 0.01 0.01 0.01 0.01 0.01 0.01 0.01 0.01 0.01 0.01 0.01 0.01 0.01 0.01 0.01 0.01 0.01 0.01 0.01 0.01 0.01 0.01 0.01 0.01 0.01 0.01 0.01 0.01 0.01 0.01 0.01 0.01 0.01 0.01 0.01 0.01 0.01 0.01 0.01 0.01 0.01
1 0.01 0.01 0.01 0.01 0.01 0.01 0.01 0.01 0.01 0.01 0.01 0.01 0.01 0.01 0.01 0.01 0.01 0.01 0.01 0.01 0.01 0.01 0.01 0.01 0.01 0.01 0.01 0.01 0.01 0.01
1 0.01 0.01 0.01 0.01 0.01 0.01 0.01 0.01 0.01 0.01 0.01 0.01 0.01 0.01 0.01 0.01 0.01 0.01 0.01 0.01 0.01 0.01 0.01 0.01 0.01 0.01 0.01 0.01 0.01 0.01 0.01 0.01 0.01 0.01 0.01 0.01 0.01 0.01 0.01 0.01 0.01 0.01 0.01 0.01 0.01 0.01 0.01 0.01 0.01 0.01
1 0.01 0.01 0.01 0.01 0.01 0.01 0.01 0.01 0.01 0.01
1 0.01 0.01 0.01 0.01 0.01 0.01 0.01 0.01 0.01 0.01 0.01 0.01 0.01 0.01 0.01 0.01 0.01 0.01 0.01 0.01
1 0.01 0.11901639344262208 0.01 0.023934426229507155 0.01 0.023934426229507155 0.01 0.09278688524590166 0.01 0.2075409836065569 0.01 0.1550819672131138
1 0.01 1.2731147540983603 0.01 1.214098360655737 0.01 1.1944262295081955 0.01 1.214098360655737 0.01 1.315737704918032 0.01 1.417377049180327 0.01 1.4698360655737701 0.01 1.4337704918032785
1 0.01 1.5550819672131138 0.01 1.4567213114754087 0.01 1.3681967213114752 0.01 1.3354098360655735 0.01 1.3550819672131138 0.01 1.4698360655737701 0.01 1.5550819672131138 0.01 1.617377049180327 0.01 1.6370491803278684 0.01 1.5419672131147535
1 0.01 1.7190163934426221 0.01 1.6009836065573768 0.01 1.656721311475409 0.01 1.7255737704918022
1 0.01 0.9255737704918022 0.01 0.8927868852459006 0.01 1.0009836065573767 0.01 1.1583606557377037 0.01 1.2862295081967203 0.01 1.319016393442622 0.01 1.2206557377049172 0.01 1.059999999999999
1 0.01 0.8337704918032784 0.01 0.7288524590163934 0.01 0.7681967213114751 0.01 0.8534426229508187 0.01 0.8665573770491801 0.01 1.1222950819672122 0.01 1.07311475409836 0.01 1.0468852459016387 0.01 0.9485245901639336
1 0.01 1.3091803278688519 0.01 1.0763934426229502 0.01 1.1026229508196719 0.01 1.1419672131147536 0.01 1.1747540983606553 0.01 1.2632786885245901 0.01 1.315737704918032 0.01 1.4501639344262287 0.01 1.410819672131147 0.01 1.2927868852459006 0.01 1.3518032786885237 0.01 1.4304918032786884 0.01 1.4993442622950817 0.01 1.4993442622950817 0.01 1.410819672131147
1 0.01 1.7190163934426221 0.01 1.6501639344262287 0.01 1.6009836065573768 0.01 1.5321311475409833 0.01 1.5321311475409833 0.01 1.5518032786885236 0.01 1.5977049180327867 0.01 1.6534426229508188 0.01 1.7190163934426221 0.01 1.73 0.01 1.73
1 0.01 1.1321311475409834 0.01 1.0009836065573767 0.01 0.8206557377049171 0.01 0.6960655737704917 0.01 0.6698360655737702 0.01 0.6599999999999988 0.01 0.8108196721311469 0.01 0.8796721311475403 0.01 0.9222950819672121 0.01 1.1026229508196719 0.01 1.2927868852459006 0.01 1.2993442622950817 0.01 1.2895081967213105 0.01 1.2042622950819668
1 0.01 1.3091803278688519 0.01 1.4206557377049172 0.01 1.4206557377049172 0.01 1.417377049180327 0.01 1.3780327868852453 0.01 1.0927868852459006 0.01 0.9944262295081956 0.01 0.912459016393442 0.01 0.8599999999999989 0.01 0.912459016393442 0.01 0.9255737704918022 0.01 0.9255737704918022 0.01 0.9911475409836055 0.01 1.1026229508196719 0.01 1.1977049180327868
1 0.01 0.7878688524590154 0.01 0.5321311475409835 0.01 0.4796721311475403 0.01 0.39770491803278674 0.01 0.4042622950819668 0.01 0.4337704918032784 0.01 0.47639344262295025 0.01 0.5977049180327867 0.01 0.7288524590163934 0.01 0.8403278688524586 0.01 0.9518032786885238 0.01 0.9419672131147536 0.01 0.86327868852459
1 0.01 1.715737704918032 0.01 1.4960655737704918 0.01 1.4370491803278684 0.01 1.4534426229508188 0.01 1.4501639344262287 0.01 1.4567213114754087 0.01 1.515737704918032 0.01 1.5747540983606552 0.01 1.5977049180327867 0.01 1.6403278688524585 0.01 1.712459016393442 0.01 1.73 0.01 1.722295081967212 0.01 1.7190163934426221
1 0.01 1.3550819672131138 0.01 1.1714754098360651 0.01 1.0009836065573767 0.01 0.9485245901639336 0.01 0.9026229508196718 0.01 0.8763934426229503 0.01 0.8960655737704917 0.01 1.007540983606557 0.01 1.164918032786885 0.01 1.2304918032786885 0.01 1.358360655737704 0.01 1.4009836065573769 0.01 1.5091803278688518 0.01 1.512459016393442 0.01 1.5288524590163923 0.01 1.4337704918032785 0.01 1.4009836065573769 0.01 1.3944262295081955
1 0.01 0.36491803278688506 0.01 0.2665573770491801 0.01 0.2370491803278685 0.01 0.3845901639344254 0.01 0.42393442622950717 0.01 0.3911475409836055
1 0.01 0.42721311475409834 0.01 0.25672131147540883 0.01 0.09606557377049171 0.01 0.05344262295081876 0.01 0.04032786885245855 0.01 0.0370491803278685 0.01 0.11573770491803202 0.01 0.25672131147540883 0.01 0.4042622950819668 0.01 0.47311475409836024 0.01 0.561639344262295 0.01 0.5780327868852453 0.01 0.4796721311475403
1 0.01 0.6337704918032785 0.01 0.5747540983606553 0.01 0.5124590163934419 0.01 0.5813114754098353 0.01 0.66327868852459 0.01 0.7321311475409834 0.01 0.9321311475409835 0.01 1.0829508196721305 0.01 1.1977049180327868 0.01 1.2862295081967203 0.01 1.2567213114754088 0.01 1.1813114754098353 0.01 0.8960655737704917 0.01 0.7485245901639337
1 0.01 1.319016393442622 0.01 1.214098360655737 0.01 1.2763934426229502 0.01 1.3977049180327867 0.01 1.4436065573770487 0.01 1.4665573770491802 0.01 1.5026229508196718 0.01 1.505901639344262 0.01 1.3845901639344254
1 0.01 1.5550819672131138 0.01 1.6370491803278684 0.01 1.66327868852459 0.01 1.610819672131147 0.01 1.5255737704918022 0.01 1.4468852459016386 0.01 1.4763934426229504 0.01 1.4960655737704918 0.01 1.505901639344262
1 0.01 1.1681967213114752 0.01 1.0829508196721305 0.01 1.0108196721311469 0.01 0.9550819672131138 0.01 0.9878688524590155 0.01 1.0567213114754088 0.01 1.164918032786885 0.01 1.2403278688524586 0.01 1.3255737704918023 0.01 1.417377049180327 0.01 1.3616393442622938 0.01 1.2796721311475403 0.01 1.210819672131147
1 0.01 1.7190163934426221 0.01 1.6468852459016388 0.01 1.5944262295081955 0.01 1.6468852459016388 0.01 1.6763934426229503 0.01 1.6960655737704906 0.01 1.73 0.01 1.7255737704918022 0.01 1.715737704918032
1 0.01 0.715737704918032 0.01 0.6370491803278685 0.01 0.6239344262295071 0.01 0.7091803278688519 0.01 0.719016393442622 0.01 0.715737704918032 0.01 0.8403278688524586 0.01 0.9550819672131138 0.01 1.007540983606557 0.01 1.0403278688524586 0.01 0.9681967213114752 0.01 0.9321311475409835 0.01 0.909180327868852 0.01 0.8665573770491801
1 0.01 0.5747540983606553 0.01 0.33213114754098344 0.01 0.26 0.01 0.26983606557377016 0.01 0.2927868852459017 0.01 0.3583606557377038 0.01 0.44688524590163864 0.01 0.6075409836065568 0.01 0.6731147540983602 0.01 0.6829508196721303 0.01 0.6567213114754088
1 0.01 0.25672131147540883 0.01 0.11573770491803202 0.01 0.07639344262295027 0.01 0.09934426229508177 0.01 0.17475409836065522 0.01 0.3583606557377038 0.01 0.4337704918032784 0.01 0.4501639344262287 0.01 0.4042622950819668 0.01 0.3583606557377038 0.01 0.30590163934426184
1 0.01 0.01 0.03639344262295026 0.05344262295081876 0.13147540983606518 0.09606557377049171 0.10852459016393368 0.2206557377049171 0.09540983606557348 0.36819672131147513 0.06918032786885192 0.3878688524590154 0.01 0.34524590163934366 0.01 0.33213114754098344 0.01 0.2796721311475403 0.01 0.08950819672131047
1 0.01 0.3583606557377038 0.01 0.3714754098360652 0.01 0.46 0.01 0.5354098360655735 0.01 0.5813114754098353 0.01 0.5944262295081967
1 0.01 0.6370491803278685 0.01 0.6206557377049171 0.01 0.5911475409836054 0.01 0.5714754098360652 0.016721311475408812 0.6829508196721303 0.07245901639344197 0.7386885245901635 0.01 0.8042622950819669 0.01 0.8763934426229503 0.01 0.912459016393442 0.01 0.8763934426229503 0.01 0.7222950819672121
1 0.01 0.6731147540983602 0.01 0.5419672131147536 0.01 0.4009836065573768 0.01 0.38131147540983534 0.01 0.42393442622950717 0.01 0.47311475409836024 0.01 0.5813114754098353 0.01 0.6895081967213105 0.01 0.7354098360655734 0.01 0.7518032786885237 0.01 0.8927868852459006 0.01 0.9288524590163934 0.01 0.9583606557377038 0.01 0.9681967213114752 0.01 0.9550819672131138 0.01 0.7550819672131138
1 0.01 1.5993258426966293 0.01 1.6105617977528084 0.01 1.4757303370786519 0.01 1.3577528089887643 0.01 1.2229213483146066 0.01 1.0656179775280896 0.01 1.0656179775280896 0.01 1.088089887640449 0.01 1.1611235955056178 0.01 1.2510112359550556 0.01 1.329662921348314 0.01 1.3970786516853935 0.01 1.4139325842696633 0.01 1.4813483146067414
1 0.01 1.0262921348314604 0.01 0.9813483146067415 0.01 1.0712359550561792 0.01 1.1217977528089886 0.01 1.2060674157303368 0.01 1.245393258426966 0.01 1.3577528089887643 0.01 1.4420224719101122 0.01 1.3802247191011237 0.01 1.217303370786517 0.01 1.1105617977528084
1 0.01 0.01 0.05962264150943383 0.01 0.19798742138364786 0.01 0.3206289308176099 0.01 0.3583647798742129 0.01 0.26716981132075374 0.01 0.29861635220125776 0.01 0.3929559748427664 0.01 0.26716981132075374 0.01 0.21056603773584812 0.01 0.17597484276729575 0.01 0.16025157232704373 0.01 0.22943396226415075 0.01 0.26716981132075374 0.01 0.10050314465408747 0.01 0.01 0.01 0.01 0.01 0.01 0.01 0.01 0.01 0.01 0.01 0.01 0.01 0.01 0.01
1 0.01 0.01 0.01 0.01 0.01 0.01 0.01 0.01 0.01 0.01 0.01 0.01 0.01 0.01 0.01 0.01 0.01 0.01 0.01 0.01 0.01 0.01 0.01 0.01 0.01 0.01
1 0.01 0.01 0.17911949685534523 0.01 0.040754716981131194 0.01 0.01 0.01 0.01 0.01
1 0.01 0.01 0.10364779874213809 0.01 0.24201257861635214 0.01 0.32377358490566055 0.01 0.5250314465408803 0.01 0.6759748427672957 0.01 0.9872955974842762 0.01 1.0281761006289298 0.01 0.9055345911949678 0.01 0.7388679245283015 0.01 0.6445283018867918 0.01 0.5722012578616352 0.01 0.44641509433962256 0.01 0.32377358490566055 0.01 0.10993710691823821 0.01 0.012452830188678946 0.01
1 0.01 0.01 0.01 0.01 0.01 0.01 0.01 0.01 0.01 0.01 0.01 0.01 0.01 0.01 0.01 0.01 0.01 0.01 0.01 0.01 0.01 0.01 0.01 0.01 0.01 0.01 0.01 0.01 0.01 0.01 0.01 0.01 0.01 0.01 0.01 0.01
1 0.018742138364779067 0.01 0.16968553459119448 0.01 0.3898113207547169 0.01 0.5250314465408803 0.01 0.5784905660377353 0.01 0.6225157232704396 0.01 0.6916981132075466 0.01 0.6413836477987422 0.01 0.6130817610062889 0.01 0.6696855345911945 0.01 0.7105660377358481 0.01 0.6067924528301887 0.01 0.6193710691823889 0.01 0.7483018867924522 0.01 0.5910691823899367 0.01 0.5093081761006283 0.01 0.4369811320754718 0.01 0.4086792452830184 0.01 0.28918238993710704 0.01 0.3300628930817606 0.01 0.25459119496855354 0.01 0.1225157232704396 0.01 0.028176100628930955 0.01 0.01 0.01 0.040754716981131194 0.01 0.01 0.01
1 0.6979874213836479 0.01 0.8300628930817606 0.01 0.9527044025157226 0.01 1.081635220125786 0.01 1.2797484276729552 0.01 1.3394968553459115 0.01 1.3017610062893072 0.01 1.1916981132075466 0.01 1.1319496855345903 0.01 1.1130817610062889 0.01 1.1288050314465408 0.01 1.188553459119496 0.01 1.1822641509433958 0.01 1.0627672955974834 0.01 0.9589937106918239 0.01 0.8363522012578608 0.01 0.7514465408805029 0.01 0.6791194968553452 0.01 0.6791194968553452 0.01 0.7168553459119493 0.01
0 0.9684276729559746 0.01 1.1099371069182382 0.01 1.3772327044025154 0.01 1.443270440251572 0.01 1.4810062893081761 0.01 1.5627672955974834 0.01 1.7231446540880495 0.01 1.8017610062893072 0.01 1.7923270440251564 0.01 1.7137106918238987 0.01 1.6665408805031439 0.01 1.5879245283018861 0.01 1.443270440251572 0.01 1.304905660377358 0.01 1.2294339622641508 0.01 1.150817610062893 0.01 1.1162264150943395 0.01 1.0973584905660367 0.01 1.050188679245283 0.01
1 0.01 1.7037037037037033 0.01 1.6962962962962969 0.01 1.5259259259259261 0.01 1.4518518518518522 0.01 1.5481481481481478
1 0.01 0.01 0.01 0.01 0.01 0.01 0.01 0.01 0.01 0.01 0.01 0.01 0.01 0.01 0.01 0.01 0.01 0.01
1 0.01 0.01 0.01 0.01 0.01 0.01 0.01 0.01 0.01 0.01 0.01 0.01 0.01 0.01 0.01 0.01 0.01 0.01 0.01 0.01 0.01 0.01
1 0.01 0.01 0.01 0.01 0.01 0.01 0.01 0.01 0.01 0.01 0.01 0.01 0.01 0.01 0.01 0.01 0.01 0.01 0.01 0.01 0.01 0.01 0.01 0.01
1 0.01 0.01 0.01 0.01 0.01 0.01 0.01 0.01 0.014180327868853055 0.01 0.1289344262295083 0.01 0.2313934426229514 0.01 0.4035245901639348 0.01 0.4404098360655746 0.01 0.36663934426229616 0.01 0.20680327868852488 0.01 0.07565573770491824 0.01 0.01 0.01
1 0.01 0.01 0.01 0.01 0.01 0.01 0.01 0.01 0.05516393442622984 0.01 0.07155737704918125 0.01 0.21909836065573812 0.01 0.30516393442622985 0.01 0.36663934426229616 0.01 0.4240163934426232 0.01 0.5428688524590166 0.01 0.5756557377049183 0.01 0.4895901639344265 0.01 0.3748360655737713 0.01 0.19450819672131162 0.01 0.11254098360655802 0.01 0.01 0.01 0.01 0.01 0.01 0.01 0.01 0.01
1 0.505983606557378 0.01 0.5715573770491812 0.01 0.6986065573770497 0.01 0.7231967213114763 0.01 0.6002459016393448 0.01 0.5223770491803282 0.01
1 0.01 0.01 0.01 0.01 0.01 0.01 0.01 0.01 0.01 0.01 0.01 0.01 0.11663934426229616 0.01 0.14122950819672156 0.01 0.1904098360655746 0.01 0.022377049180328186 0.01 0.01 0.01
1 0.01 0.01 0.01 0.01 0.01 0.01 0.01 0.01 0.01 0.01 0.01 0.01 0.01 0.01 0.01 0.01 0.01 0.01
1 0.1822131147540995 0.01 0.41172131147540997 0.01 0.4731967213114763 0.01 0.6371311475409845 0.01 0.6863114754098365 0.01 0.7231967213114763 0.01 0.514180327868853 0.01 0.35024590163934477 0.01 0.26008196721311494 0.01
1 0.14532786885245969 0.01 0.19450819672131162 0.01 0.38303278688524645 0.01 0.6084426229508199 0.01 0.9035245901639348 0.01 0.9895901639344266 0.01 1.0305737704918045 0.16639344262295025 0.8912295081967215 0.24836065573770497 0.7887704918032796 0.2647540983606552 0.6248360655737712 0.17459016393442653 0.41172131147540997 0.1090163934426232 0.23959016393442653 0.08442622950819668 0.20680327868852488 0.01 0.16172131147540994 0.01
1 0.12073770491803316 0.4696721311475403 0.16172131147540994 0.19098360655737678 0.20680327868852488 0.1295081967213116 0.3584426229508199 0.1295081967213116 0.5674590163934431 0.1950819672131149 0.7682786885245911 0.2852459016393436 0.8174590163934431 0.3631147540983602 0.7764754098360663 0.5393442622950818 0.7395901639344266 0.604918032786885 0.6330327868852464 0.6581967213114751 0.5469672131147547 0.7237704918032785 0.4527049180327879 0.7893442622950818 0.3584426229508199 0.7975409836065569 0.29286885245901656 0.7442622950819668 0.28877049180327957 0.6336065573770486 0.1658196721311481 0.5106557377049182
1 0.01 1.154098360655737 0.01 1.0475409836065568 0.01 0.9696721311475404 0.01 0.9163934426229503 0.01 0.9491803278688519 0.01 1.0106557377049183 0.01 1.1622950819672133 0.01 1.2729508196721315 0.01 1.3426229508196719 0.01 1.4081967213114752 0.01 1.4860655737704918 0.01 1.2811475409836066 0.01 1.2360655737704918
1 0.01 0.9286885245901635 0.01 0.8344262295081967 0.09204918032786963 0.8713114754098353 0.32565573770491824 0.9163934426229503 0.4854918032786895 0.8221311475409834 0.6330327868852464 0.9081967213114751 0.5797540983606564 0.9901639344262299 0.3789344262295083 1.0844262295081968 0.26418032786885304 1.1704918032786884 0.051065573770492846 1.1663934426229503 0.01 1.0598360655737702
1 0.0838524590163945 1.20327868852459 0.29286885245901656 1.2237704918032783 0.23549180327868954 1.3877049180327867 0.19450819672131162 1.5352459016393436 0.07565573770491824 1.5557377049180332
1 0.01 1.4942622950819668 0.01 1.6377049180327867 0.01 1.5598360655737702 0.01 1.3959016393442618 0.010081967213114922 1.2278688524590167 0.01 1.1213114754098354 0.01 1.2278688524590167 0.01 1.4245901639344265
1 0.01 1.7196721311475403 0.01 1.7237704918032783 0.01 1.65 0.01 1.5393442622950817 0.01 1.6295081967213116
1 0.01 1.7155737704918033 0.01 1.6377049180327867 0.051065573770492846 1.5721311475409834 0.24368852459016466 1.5926229508196719 0.32155737704918125 1.690983606557377 0.32155737704918125 1.7237704918032783 0.05516393442622984 1.7278688524590167
1 0.25598360655737795 1.5393442622950817 0.38303278688524645 1.6418032786885248 0.38713114754098454 1.7073770491803282 0.8584426229508199 1.7155737704918033 0.9445081967213116 1.6745901639344265 0.9363114754098365 1.5434426229508198 0.9813934426229514 1.4614754098360652 1.0674590163934432 1.404098360655737 1.1453278688524597 1.3303278688524585 1.1740163934426233 1.2401639344262299 1.104344262295083 1.0270491803278685 0.9813934426229514 0.9737704918032785 0.809262295081968 1.002459016393442 0.6863114754098365 0.9983606557377049 0.6043442622950829 1.0352459016393436 0.4240163934426232 1.1131147540983601 0.3543442622950829 1.154098360655737 0.3379508196721315 1.2934426229508198 0.27647540983606633 1.449180327868852
1 0.9895901639344266 1.6622950819672133 1.0756557377049183 1.7114754098360652 1.210901639344263 1.6868852459016386 1.407622950819673 1.7114754098360652 1.6863114754098365 1.7073770491803282 1.5715573770491813 1.4778688524590167 1.4650000000000012 1.3590163934426231 1.4240163934426233 1.3590163934426231 1.4035245901639348 1.45327868852459 1.3502459016393447 1.5270491803278685 1.2518852459016399 1.5475409836065568 1.1945081967213116 1.4573770491803282 1.0797540983606564 1.4573770491803282 1.0264754098360662 1.502459016393442 0.9936885245901647 1.5885245901639349
1 0.514180327868853 0.01 0.6617213114754099 0.01 0.8502459016393448 0.01 0.9486065573770497 0.01 0.9281147540983613 0.01 0.7723770491803282 0.01 0.5674590163934431 0.01
1 0.960901639344263 0.01 1.10844262295082 0.01 1.2887704918032796 0.01 1.3461475409836066 0.01 1.419918032786886 0.01 1.5182786885245911 0.01 1.559262295081968 0.01 1.5961475409836066 0.01 1.657622950819673 0.01 1.6289344262295082 0.01 1.5305737704918045 0.01 1.3297540983606564 0.01 1.169918032786886 0.01 1.0223770491803281 0.01 0.9158196721311481 0.01 0.8953278688524597 0.01
1 0.9486065573770497 0.01 1.0018852459016399 0.01 1.104344262295083 0.01 1.1535245901639348 0.01 1.1535245901639348 0.01 1.1002459016393447 0.01 1.005983606557378 0.01 0.9650000000000012 0.01
1 0.6207377049180332 0.01 0.6371311475409845 0.01 0.6945081967213116 0.01 0.7313934426229514 0.01 0.8953278688524597 0.01 1.0182786885245911 0.01 1.10844262295082 0.01 1.1248360655737712 0.01 1.1904098360655746 0.01 1.1535245901639348 0.01 1.0961475409836066 0.01 0.8010655737704928 0.01 0.7150000000000012 0.01 0.6494262295081978 0.01
1 0.5223770491803282 0.7893442622950818 0.6248360655737712 0.7032786885245901 0.7723770491803282 0.6254098360655734 0.9240163934426232 0.7237704918032785 0.9690983606557382 0.7647540983606552 0.9445081967213116 0.9204918032786884 0.8338524590163945 0.9491803278688519 0.6617213114754099 0.9614754098360652 0.6740163934426232 0.8959016393442618
1 0.9854918032786896 0.6950819672131149 1.165819672131148 0.6213114754098353 1.264180327868853 0.551639344262295 1.3379508196721315 0.4573770491803282 1.4895901639344264 0.404098360655737 1.669918032786886 0.4696721311475403 1.7518852459016399 0.498360655737705 1.8133606557377062 0.5844262295081967 1.8420491803278696 0.7811475409836066 1.8256557377049183 1.0106557377049183 1.7354918032786895 1.1090163934426231 1.5715573770491813 1.0557377049180332 1.41172131147541 1.0926229508196719 1.2846721311475415 1.1581967213114752 1.1945081967213116 1.1663934426229503 1.1494262295081978 1.0229508196721315 1.0428688524590166 0.9614754098360652 0.9854918032786896 0.9245901639344265 0.9977868852459028 0.7852459016393436
1 2.1207377049180334 1.4696721311475403 2.210901639344263 1.440983606557377 2.3256557377049183 1.3713114754098354 2.35844262295082 1.301639344262295 2.440409836065575 1.3713114754098354 2.4486065573770497 1.654098360655737 2.1945081967213116 1.551639344262295 2.0879508196721317 1.4942622950819668
1 0.8420491803278697 0.30163934426229505 1.005983606557378 0.23196721311475357 1.1002459016393447 0.19918032786885193 1.2723770491803281 0.19098360655737678 1.35844262295082 0.26065573770491823 1.4240163934426233 0.3795081967213116 1.255983606557378 0.4696721311475403 1.104344262295083 0.6172131147540983 0.9486065573770497 0.6704918032786884 0.813360655737705 0.59672131147541 0.8420491803278697 0.4081967213114751
1 0.9404098360655746 0.01 1.0182786885245911 0.01 1.104344262295083 0.01 1.1945081967213116 0.01 1.264180327868853 0.01 1.264180327868853 0.01 1.2764754098360662 0.1295081967213116 1.0797540983606564 0.16229508196721326 1.0346721311475415 0.01 1.010081967213115 0.01
1 1.2231967213114763 0.01 1.415819672131148 0.01 1.4936885245901648 0.01 1.5469672131147547 0.01 1.514180327868853 0.01 1.4813934426229514 0.01 1.3256557377049183 0.01
1 1.3133606557377062 0.01 1.5428688524590166 0.01 1.604344262295083 0.01 1.665819672131148 0.01 1.809262295081968 0.01 1.8707377049180332 0.06393442622950829 1.915819672131148 0.2647540983606552 1.9035245901639348 0.42868852459016354 1.8133606557377062 0.46147540983606516 1.5264754098360662 0.3631147540983602 1.4445081967213116 0.3303278688524586 1.362540983606558 0.1950819672131149 1.3174590163934432 0.14590163934426187 1.3051639344262298 0.01 1.2969672131147547 0.01
1 2.063360655737706 0.17868852459016352 2.1289344262295082 0.154098360655737 2.202704918032788 0.1131147540983602 2.317459016393443 0.15819672131147514 2.35844262295082 0.20327868852459005 2.3830327868852463 0.3590163934426232 2.45 0.4574975891996121 2.4445081967213116 0.7811475409836066 2.346147540983608 0.7606557377049182 2.362540983606558 0.6213114754098353 2.2764754098360664 0.5393442622950818 2.018278688524591 0.4573770491803282 2.0797540983606564 0.3180327868852453
1 0.5100819672131149 0.01 0.5756557377049183 0.01 0.6371311475409845 0.01 0.813360655737705 0.01 1.0346721311475415 0.01 1.2272950819672133 0.01 1.41172131147541 0.01 1.4977868852459029 0.01 1.5018852459016399 0.01 1.264180327868853 0.01 1.0223770491803281 0.01 0.7436885245901647 0.01 0.6699180327868862 0.01 0.5428688524590166 0.01 0.4895901639344265 0.01
1 0.6904098360655746 0.01 0.9281147540983613 0.01 1.1289344262295082 0.01 1.2354918032786895 0.01 1.3256557377049183 0.01 1.2846721311475415 0.01 1.2518852459016399 0.01 1.2477868852459029 0.01 1.112540983606558 0.01 0.9854918032786896 0.01 0.9690983606557382 0.01 0.8010655737704928 0.01
1 0.8256557377049183 0.01 1.2682786885245911 0.01 1.3174590163934432 0.01 1.3215573770491813 0.01 1.2313934426229514 0.01 1.1330327868852463 0.01 0.9035245901639348 0.01
1 1.755983606557378 0.01 1.8830327868852463 0.01 2.018278688524591 0.01 2.202704918032788 0.01 2.2928688524590166 0.01 2.3297540983606564 0.01 2.2272950819672133 0.01 1.9486065573770497 0.01 1.8420491803278696 0.01
1 1.5920491803278696 0.01 1.6494262295081978 0.01 1.7436885245901648 0.01 1.8666393442622962 0.01 2.0059836065573777 0.01 2.0879508196721317 0.01 2.1863114754098363 0.01 2.169918032786886 0.01 2.2313934426229514 0.01 2.10844262295082 0.01 1.8871311475409847 0.01 1.6904098360655746 0.01 1.6248360655737712 0.01
1 1.6904098360655746 0.01 1.8379508196721315 0.01 2.063360655737706 0.01 2.2395901639344267 0.01 2.321557377049181 0.01 2.2723770491803283 0.01 2.0797540983606564 0.01 2.0387704918032794 0.01 1.8994262295081978 0.01 1.8830327868852463 0.01 1.907622950819673 0.01 1.8420491803278696 0.01
1 1.1535245901639348 0.01 1.1986065573770497 0.01 1.309262295081968 0.01 1.4977868852459029 0.01 1.5346721311475415 0.01 1.6453278688524597 0.01 1.7150000000000012 0.01 1.7887704918032796 0.01 1.809262295081968 0.01 1.7395901639344264 0.01 1.6904098360655746 0.01 1.5961475409836066 0.01 1.419918032786886 0.01 1.264180327868853 0.01 1.1781147540983614 0.01 1.1904098360655746 0.01 1.1863114754098365 0.01
1 1.157622950819673 0.01 1.3051639344262298 0.01 1.3707377049180332 0.01 1.3256557377049183 0.01 1.3461475409836066 0.01 1.2846721311475415 0.01 1.4281147540983614 0.01 1.4813934426229514 0.01 1.5674590163934432 0.01 1.6330327868852463 0.01 1.6330327868852463 0.01 1.5633606557377062 0.01 1.4240163934426233 0.01 1.2231967213114763 0.01 1.1535245901639348 0.01
1 2.2518852459016396 0.01 2.3502459016393447 0.01 2.4240163934426233 0.01 2.4363114754098363 0.01 2.45 0.01 2.4445081967213116 0.01 2.3707377049180334 0.01 2.2764754098360664 0.01
1 1.1207377049180332 0.01 1.2313934426229514 0.01 1.309262295081968 0.01 1.4731967213114763 0.01 1.5551639344262298 0.01 1.665819672131148 0.01 1.7190983606557382 0.01 1.665819672131148 0.01 1.5018852459016399 0.01 1.309262295081968 0.01
1 1.3297540983606564 0.01 1.4731967213114763 0.01 1.5346721311475415 0.01 1.5879508196721315 0.01 1.5961475409836066 0.01 1.4322131147540995 0.01 1.3789344262295082 0.01
1 2.313360655737706 0.01 2.4445081967213116 0.01 2.440409836065575 0.01 2.30516393442623 0.01 2.34204918032787 0.01
1 1.5797540983606564 0.01 1.7313934426229514 0.01 1.8666393442622962 0.01 2.018278688524591 0.01 1.9895901639344264 0.01 1.9035245901639348 0.01 1.8502459016393447 0.01 1.8953278688524597 0.01 1.7150000000000012 0.01 1.6371311475409847 0.01 1.5469672131147547 0.01 1.5674590163934432 0.01
1 1.112540983606558 0.01 1.1166393442622962 0.01 1.1207377049180332 0.01 1.1986065573770497 0.01 1.3666393442622962 0.01 1.657622950819673 0.01 1.8297540983606564 0.01 2.010081967213115 0.01 2.067459016393443 0.01 2.215000000000001 0.01 2.313360655737706 0.01 2.4486065573770497 0.01 2.4445081967213116 0.01 2.3379508196721317 0.01 2.247786885245903 0.01 2.014180327868853 0.01 1.8051639344262298 0.01 1.7068032786885248 0.01 1.6412295081967216 0.01 1.5510655737704928 0.01 1.3789344262295082 0.01 1.260081967213115 0.01 1.1986065573770497 0.01 1.2231967213114763 0.01 1.1453278688524597 0.01
1 1.9445081967213116 0.01 2.0018852459016396 0.01 2.1248360655737715 0.01 2.2354918032786895 0.01 2.309262295081968 0.01 2.4363114754098363 0.01 2.4240163934426233 0.01 2.35844262295082 0.01 2.219098360655738 0.01 2.116639344262296 0.01 2.0346721311475413 0.01
0 2.34204918032787 0.01 2.440409836065575 0.01 2.4363114754098363 0.01 2.3502459016393447 0.01
1 1.5387704918032796 0.01 1.5469672131147547 0.01 1.66172131147541 0.01 1.8215573770491813 0.01 1.9404098360655746 0.01 1.9568032786885248 0.01 1.9240163934426233 0.01 1.8953278688524597 0.01 1.7395901639344264 0.01 1.6166393442622962 0.01 1.5387704918032796 0.01
1 1.7027049180327878 0.01 1.7436885245901648 0.01 1.7477868852459029 0.01 1.8707377049180332 0.01 2.05516393442623 0.01 2.1248360655737715 0.01 2.116639344262296 0.01 1.9568032786885248 0.01 1.8133606557377062 0.01
1 1.9731967213114763 0.01 2.051065573770493 0.01 2.1453278688524597 0.01 2.223196721311476 0.01 2.2887704918032794 0.01 2.2395901639344267 0.01 2.1248360655737715 0.01 2.014180327868853 0.01
1 1.5756557377049183 0.01 1.665819672131148 0.01 1.7477868852459029 0.01 1.8256557377049183 0.01 1.8666393442622962 0.01 2.018278688524591 0.01 2.0469672131147547 0.01 2.05516393442623 0.01 2.05516393442623 0.01 2.0838524590163945 0.01 2.1207377049180334 0.01 2.10844262295082 0.01 2.1330327868852463 0.01 1.9650000000000012 0.01 1.8010655737704928 0.01 1.7272950819672133 0.01 1.657622950819673 0.01
1 0.04286885245901658 0.8139344262295083 0.1822131147540995 0.84672131147541 0.29286885245901656 0.8672131147540983 0.3789344262295083 0.8344262295081967 0.2313934426229514 0.7524590163934419 0.13303278688524642 0.7688524590163933
1 1.7150000000000012 0.01 1.7272950819672133 0.01 1.7027049180327878 0.01 1.7969672131147547 0.01 1.9240163934426233 0.01 2.063360655737706 0.01 2.149426229508198 0.01 2.1371311475409844 0.01 1.9363114754098365 0.01
1 1.9650000000000012 0.01 2.1043442622950828 0.01 2.268278688524591 0.01 2.3789344262295082 0.01 2.3707377049180334 0.01 2.215000000000001 0.01 2.1002459016393447 0.01
1 2.16172131147541 0.01 2.190409836065575 0.01 2.313360655737706 0.01 2.4281147540983614 0.01 2.4486065573770497 0.01 2.4486065573770497 0.01 2.35844262295082 0.01 2.2354918032786895 0.01
