0 0.054605371560388846 0.0019570986289252318 0.05625308947108253 0.021859796550199005 0.04389520514087986 0.052819548872180426 0.0282418849892898 0.08156789031402033 0.01011698797165923 0.08820212295444492 0.006821552150271836 0.09815347191508181 0.011764705882352913 0.1169504643962848 0.004349975284231324 0.13464175143741705 0.000980392156862745 0.12379951980792324 0.000980392156862745 0.07161654135338344 0.0010545394628439296 0.024071207430340538 0.000980392156862745 0.008502874834144575 0.000980392156862745 0.0013157894736842105 0.03895205140879879 0.0013157894736842105
0 0.07520184544405996 0.0019570986289252318 0.09579831932773104 0.013014153029632883 0.10898006261328057 0.0284940291906236 0.12545724172021747 0.053925254312251196 0.138638985005767 0.08377930119416185 0.14770143351458231 0.08156789031402033 0.17159334321964076 0.06055948695267578 0.18312736859449663 0.04839672711189737 0.18395122754984344 0.01854268022998671 0.18724666337123083 0.010802742149491354 0.20125226561212717 0.013014153029632883 0.20949085516559562 0.005274214949137528 0.20598356989854766 0.0013157894736842105 0.17241720217498765 0.0013157894736842105 0.1411105618718075 0.0013157894736842105 0.12051408798813644 0.0013157894736842105 0.09497446037238422 0.0013157894736842105 0.0834404349975284 0.0013157894736842105
0 0.2218487394957983 0.0013157894736842105 0.20784313725490197 0.01854268022998671 0.1963091118800461 0.04397390535161431 0.18889438128192454 0.05724237063246349 0.16747404844290656 0.07493365767359574 0.1353435491843796 0.09815347191508181 0.12216180589883009 0.11916187527642634 0.11557093425605536 0.1324303405572755 0.1336958312736859 0.13574745687748782 0.15264458724666333 0.1324303405572755 0.17241720217498765 0.11805616983635558 0.1921898171033119 0.09704776647501104 0.22349645740649196 0.04839672711189737 0.2424452133794694 0.015225563909774415 0.25233152084363153 0.0013157894736842105 0.23667820069204148 0.0019570986289252318
0 0.018355577525127675 0.11031623175586022 0.0315373208106772 0.09925917735515256 0.07355412753336625 0.09815347191508181 0.0999176141044653 0.08046218487394956 0.11474707530070848 0.08930782839451568 0.11804251112209589 0.11031623175586022 0.10568462679189321 0.130218929677134 0.09332674246169056 0.15122733303847852 0.07437798648871313 0.1744471472799646 0.06284396111385729 0.18882131800088453 0.05213379469434831 0.19545555064130915 0.03812819245345196 0.17334144183989386 0.02906574394463666 0.149015922158337 0.023298731257208754 0.13574745687748782 0.017531718569780818 0.12579610791685092
0 0.014236282748393453 0.19213843432109684 0.0027022573735376127 0.17665855816010612 0.001878398418190785 0.19324413976116764 0.000980392156862745 0.21425254312251216 0.000980392156862745 0.23636665192392745 0.001878398418190785 0.25958646616541353 0.013412423793046597 0.24852941176470586 0.017531718569780818 0.23304953560371514 0.01917943648047453 0.21646395400265367 0.016707859614433992 0.20319548872180448
0 0.11474707530070848 0.14127598407784164 0.1336958312736859 0.1423816895179124 0.1353435491843796 0.15675586023883237 0.1345196902290328 0.19324413976116764 0.13287197231833908 0.2253095975232198 0.13204811336299224 0.24189517912428127 0.12463338276487063 0.2518465280849182 0.11227549843466798 0.25958646616541353 0.10486076783654637 0.2606921716054843 0.09579831932773104 0.24963511720477663 0.09250288350634368 0.22973241928350288 0.09579831932773104 0.18992702344095533 0.10568462679189321 0.16339009287925693
0 0.004349975284231324 0.26732640424590887 0.025770308123249264 0.24631800088456435 0.04554292305157355 0.23857806280406896 0.07520184544405996 0.24410659000442278 0.09415060141703739 0.26179787704555507 0.11062778052397428 0.2706435205661212 0.11392321634536165 0.29718045112781954 0.09167902455099684 0.3170831490490933 0.0719064096226726 0.31929455992923483 0.05295765364969514 0.3336687306501548 0.04142362827483933 0.3535714285714286 0.032361179766024026 0.39669394073418845 0.013412423793046597 0.41880804953560374 0.001878398418190785 0.4265479876160991 0.000980392156862745 0.3895731977001332 0.0010545394628439296 0.28722910216718267
0 0.12051408798813644 0.26290358248562584 0.13616740813972644 0.25074082264484737 0.14934915142527597 0.24852941176470586 0.1584115999340913 0.26290358248562584 0.15923545888943813 0.2828062804068996 0.16500247157686604 0.3237173816895179 0.17159334321964076 0.36573418841220706 0.17241720217498765 0.3823197700132685 0.1575877409787444 0.3767912428129147 0.14358213873784806 0.3756855373728439 0.12051408798813644 0.39448252985404686 0.11062778052397428 0.40996240601503764 0.10238919097050583 0.39890535161433 0.09003130664030314 0.3756855373728439 0.07602570439940678 0.3568885448916409 0.05707694842642936 0.34693719593100397 0.060372384247816754 0.33256302521008396 0.07684956335475367 0.328140203449801 0.10156533201515901 0.32261167624944714 0.11557093425605536 0.30934321096859796 0.12051408798813644 0.28612339672711185 0.11804251112209589 0.2772777532065458
0 0.20454770143351453 0.10036488279522333 0.23008732904926676 0.07714506855373726 0.2432690723348163 0.08488500663423261 0.2572746745757126 0.09925917735515256 0.2597462514417532 0.11805616983635558 0.26386554621848735 0.14017027863777087 0.26304168726314053 0.1622843874391862 0.26468940517383427 0.17886996904024768 0.25892239248640636 0.2065126050420168 0.2424452133794694 0.20540689960194602 0.2210248805404515 0.19545555064130915 0.20784313725490197 0.17776426360017689 0.19713297083539297 0.14017027863777087 0.1938375350140056 0.1324303405572755 0.20125226561212717 0.11584475895621404
0 0.2663371230845279 0.10257629367536487 0.2844620201021585 0.10147058823529409 0.3001153402537486 0.10147058823529409 0.32565496786950077 0.08820212295444492 0.3462514417531718 0.0660880141530296 0.37014335145823035 0.04839672711189737 0.37508650519031145 0.04507961079168507 0.38085351787773936 0.06277089783281732 0.37673422310100513 0.08930782839451568 0.3577854671280276 0.11142193719593098 0.3511945954852529 0.14017027863777087 0.3380128521997034 0.16449579831932773 0.31988795518207275 0.17776426360017689 0.29929148129840166 0.1877156125608138 0.28693359696819903 0.18882131800088453 0.27292799472730267 0.17334144183989386 0.26716098203987476 0.14459310039805395 0.26716098203987476 0.11805616983635558
0 0.36108090294941503 0.130218929677134 0.3652001977261493 0.11031623175586022 0.3742626462349645 0.09925917735515256 0.3965068380293294 0.10147058823529409 0.41957488877904103 0.09925917735515256 0.43605206788597795 0.09041353383458645 0.4434667984840995 0.07714506855373726 0.4484099522161806 0.06277089783281732 0.4459383753501401 0.04286819991154354 0.44264293952875267 0.0284940291906236 0.451705388037568 0.013014153029632883 0.4648871313231175 0.020754091110128246 0.48960289998352285 0.02959973463069436 0.5126709507332344 0.04618531623175584 0.5291481298401713 0.06940513047324191 0.5423298731257208 0.09373065015479874 0.5489207447684957 0.12137328615656787 0.5439775910364146 0.13795886775762933 0.5233811171527435 0.15896727111897388 0.5085516559565002 0.16781291463954 0.47230186192123913 0.17002432551968155 0.4401713626627122 0.1711300309597523 0.43110891415389685 0.1622843874391862 0.41463173504695994 0.14459310039805395 0.39485912011863566 0.1456988058381247 0.38085351787773936 0.1578615656789031 0.37261492832427084 0.16781291463954
0 0.33306969846762235 0.21978107032286598 0.34130828802109076 0.19213843432109684 0.3569616081726808 0.18660990712074302 0.37014335145823035 0.1843984962406015 0.38085351787773936 0.17002432551968155 0.3940352611632888 0.15454444935869083 0.4105124402702257 0.15343874391862006 0.4220464656450815 0.16339009287925693 0.43687592684132476 0.18550420168067225 0.4657109902784643 0.18660990712074302 0.47230186192123913 0.20761831048208754 0.4681825671445049 0.2319438301636444 0.4574724007249959 0.23857806280406896 0.43028505519855004 0.23415524104378593 0.41957488877904103 0.22973241928350288 0.4096885813148789 0.23747235736399822 0.3940352611632888 0.26290358248562584 0.37920579996704556 0.26179787704555507 0.3619047619047619 0.2474237063246351 0.3404844290657439 0.2319438301636444
0 0.05378151260504199 0.36905130473241926 0.07273026857801942 0.3856368863334808 0.09497446037238422 0.4110681114551084 0.12051408798813644 0.43539363113666524 0.14522985664854177 0.4519792127377267 0.15511616411270387 0.47409332153914197 0.14522985664854177 0.5006302521008404 0.12216180589883009 0.5238500663423264 0.1238095238095238 0.5503869969040248 0.10403690888119954 0.5559155241043786 0.06943483275663205 0.5371185316231757 0.04224748723018618 0.5194272445820434 0.014236282748393453 0.5017359575409112 0.001878398418190785 0.47298761609907125 0.000980392156862745 0.4477775320654582 0.0027022573735376127 0.43207651481645293 0.021651013346515043 0.42212516585581605 0.03895205140879879 0.40001105705440076 0.04389520514087986 0.380108359133127
0 0.17241720217498765 0.4586134453781513 0.18971824023727135 0.4630362671384343 0.20289998352282088 0.4652476780185759 0.2210248805404515 0.47851614329942505 0.23750205964738838 0.5083701901813358 0.2440929312901631 0.5371185316231757 0.2605701103971 0.5525984077841664 0.25809853353105944 0.5879809818664309 0.24162135442412258 0.6023551525873507 0.22843961113857306 0.6156236178682 0.19878068874608662 0.6288920831490492 0.17983193277310922 0.6333149049093322 0.1633547536661723 0.6211521450685538 0.1444059976931949 0.6156236178682 0.13616740813972644 0.5946152145068554 0.12628110067556433 0.563655462184874 0.127928818586258 0.5559155241043786 0.13616740813972644 0.5537041132242371 0.15511616411270387 0.5736068111455109 0.1740649200856813 0.5769239274657232 0.18230350963914974 0.5669725785050863 0.18230350963914974 0.5514927023440956 0.17488877904102818 0.5238500663423264 0.16747404844290656 0.5028416629809819 0.1633547536661723 0.4840446704997789
0 0.001878398418190785 0.5404356479433878 0.024946449167902437 0.5459641751437417 0.05130993573900145 0.5437527642636002 0.07932114022079416 0.5503869969040248 0.09826989619377158 0.5603383458646617 0.11227549843466798 0.563655462184874 0.12133794694348327 0.5725011057054401 0.12875267754160488 0.5912980981866431 0.1353435491843796 0.6156236178682 0.1295765364969517 0.6333149049093322 0.11969022903278956 0.643266253869969 0.09497446037238422 0.6277863777089784 0.07355412753336625 0.6200464396284829 0.05213379469434831 0.6156236178682 0.034008897676717706 0.6100950906678462 0.02412259021255558 0.60124944714728 0.017531718569780818 0.5912980981866431 0.010940846927006058 0.5857695709862893 0.001878398418190785 0.5857695709862893 0.001878398418190785 0.5625497567448032
0 0.23255890591530728 0.2828062804068996 0.2490360850222442 0.2728549314462627 0.2753995715933432 0.27617204776647497 0.29846762234305485 0.28059486952675805 0.33224583951227554 0.2905462184873949 0.34707530070851866 0.32261167624944714 0.3577854671280276 0.3546771340114994 0.3627286208601087 0.37457983193277317 0.3544900313066403 0.39116541353383466 0.3314219805569287 0.40001105705440076 0.3182402372713791 0.42323087129588677 0.30341077607513595 0.44866209641751437 0.2894051738342396 0.46414197257850515 0.29764376338770804 0.511687306501548 0.31000164771791067 0.5326957098628925 0.2894051738342396 0.5415413533834587 0.2704564178612622 0.5415413533834587 0.25892239248640636 0.5360128261831049 0.25068380293293785 0.5172158337019018 0.249859943977591 0.4807275541795666 0.25562695666501895 0.455296329057939 0.24821222606689736 0.4342879256965944 0.22679189322787938 0.417702344095533 0.21196243203163614 0.40001105705440076 0.20537156038886142 0.380108359133127 0.20784313725490197 0.36241707209199475 0.22679189322787938 0.3215059708093764 0.2259680342725325 0.3049203892083149
0 0.4665348492338111 0.0013157894736842105 0.4640632723677706 0.010802742149491354 0.48465974625144176 0.01854268022998671 0.5118470917778877 0.0284940291906236 0.5283242708848246 0.04950243255196814 0.5431537320810678 0.07825077399380803 0.5546877574559236 0.09151923927465722 0.5686933596968199 0.09041353383458645 0.5686933596968199 0.07382795223352497 0.5835228208930631 0.058348076072534255 0.6 0.05060813799203889 0.6098863074641622 0.047291021671826604 0.6098863074641622 0.014119858469703648 0.6032954358213874 0.0019570986289252318 0.5761080902949416 0.0013157894736842105 0.5472730268578019 0.0013157894736842105 0.525852694018784 0.0013157894736842105 0.4961937716262976 0.0013157894736842105 0.483012028340748 0.0013157894736842105
0 0.5769319492502883 0.07825077399380803 0.589289833580491 0.06277089783281732 0.610710166419509 0.058348076072534255 0.6280112044817927 0.06387660327288808 0.6428406656780359 0.07161654135338344 0.6543746910528917 0.07161654135338344 0.6774427418026033 0.06940513047324191 0.690624485088153 0.06719371959310037 0.6996869335969682 0.08930782839451568 0.6963914977755808 0.10921052631578945 0.6593178447849728 0.11363334807607252 0.6395452298566485 0.11363334807607252 0.621420332839018 0.11252764263600176 0.6148294611962433 0.10036488279522333 0.6173010380622838 0.0826735957540911 0.6082385895534685 0.07714506855373726 0.6008238589553468 0.08046218487394956 0.5826989619377163 0.0948363555948695 0.5761080902949416 0.09151923927465722
0 0.573636513428901 0.12800751879699246 0.5826989619377163 0.11805616983635558 0.5909375514911847 0.11584475895621404 0.6057670126874279 0.11252764263600176 0.6098863074641622 0.11363334807607252 0.6222441917943647 0.12026758071649711 0.6378975119459549 0.12800751879699246 0.6469599604547702 0.149015922158337 0.6486076783654638 0.16781291463954 0.6255396276157522 0.1744471472799646 0.610710166419509 0.17776426360017689 0.5925852694018784 0.17223573639982306 0.5802273850716757 0.16339009287925693 0.5686933596968199 0.15012162759840778 0.5670456417861263 0.13906457319770013
0 0.5077277970011534 0.1832927908005307 0.5192618223760092 0.17334144183989386 0.5398582962596803 0.1744471472799646 0.5555116164112704 0.1744471472799646 0.5744603723842477 0.1810813799203892 0.589289833580491 0.18218708536045994 0.6065908716427747 0.1843984962406015 0.6173010380622838 0.1843984962406015 0.6346020761245674 0.1810813799203892 0.6519031141868513 0.17997567448031843 0.6683802932937881 0.18218708536045994 0.6749711649365628 0.19213843432109684 0.6560224089635854 0.20319548872180448 0.637073652990608 0.19434984520123838 0.6247157686604053 0.19213843432109684 0.6049431537320811 0.1998783724015922 0.5818751029823694 0.20208978328173371 0.5571593343219641 0.19766696152145066 0.5406821552150272 0.19545555064130915 0.5275004119294777 0.19434984520123838
0 0.3380128521997034 0.2794891640866873 0.3495468775745592 0.26732640424590887 0.3602570439940682 0.2651149933657673 0.37014335145823035 0.294969040247678 0.37673422310100513 0.3248230871295887 0.37838194101169875 0.33588014153029633 0.37179106936892403 0.3524657231313578 0.3676717745921898 0.3579942503317116 0.3577854671280276 0.33477443609022556 0.3528423133959467 0.31487173816895175 0.3462514417531718 0.3004975674480318 0.3421321469764377 0.28944051304732415
0 0.3676717745921898 0.3790026536930562 0.38662053056516726 0.3436200796107918 0.4080408634041852 0.34030296329057946 0.43110891415389685 0.3447257850508625 0.4484099522161806 0.3546771340114994 0.4648871313231175 0.35909995577178244 0.47312572087658594 0.3734741264927024 0.4665348492338111 0.39005970809376384 0.4714780029658922 0.4088567005749668 0.4681825671445049 0.4276536930561699 0.4607678365463832 0.436499336576736 0.43934750370736525 0.44313356921716057 0.4113362992255725 0.44423927465723134 0.3956829790739825 0.4376050420168067 0.38085351787773936 0.4265479876160991 0.3660240566814961 0.417702344095533 0.35860932608337454 0.4044338788146838 0.3619047619047619 0.3922711189739054
0 0.29764376338770804 0.46856479433878817 0.31659251936068544 0.46635338345864663 0.33389355742296917 0.44313356921716057 0.356137749217334 0.4287593984962406 0.38909210743120776 0.44534498009730206 0.4179271708683474 0.45640203449800976 0.4401713626627122 0.46414197257850515 0.4591201186356896 0.46414197257850515 0.4797165925193607 0.44092215833701903 0.49372219476025697 0.4298651039363114 0.5118470917778877 0.44534498009730206 0.5275004119294777 0.4630362671384343 0.5406821552150272 0.48625608137992044 0.552216180589883 0.48625608137992044 0.5596309111880047 0.5094758956214065 0.5621024880540452 0.5249557717823972 0.5439775910364146 0.5503869969040248 0.5275004119294777 0.5437527642636002 0.5118470917778877 0.5227443609022557 0.48465974625144176 0.5161101282618311 0.4582962596803427 0.5238500663423264 0.440995221618059 0.5338014153029633 0.41710331191300043 0.5470698805838125 0.3981545559400231 0.5603383458646617 0.3849728126544735 0.563655462184874 0.37508650519031145 0.5570212295444494 0.3660240566814961 0.5426470588235295 0.3437798648871313 0.5326957098628925 0.3314219805569287 0.5293785935426802 0.3182402372713791 0.5282728881026095 0.31000164771791067 0.5161101282618311 0.30341077607513595 0.5017359575409112 0.29929148129840166 0.4873617868199912
0 0.005997693194925008 0.6134122069880584 0.02906574394463666 0.6244692613887661 0.058724666337123074 0.6355263157894737 0.04966221782830777 0.6499004865103937 0.03648047454275825 0.6554290137107475 0.015884000659087134 0.657640424590889 0.007645411105618691 0.6565347191508183 0.0027022573735376127 0.638843432109686
0 0.0027022573735376127 0.6675917735515259 0.0373043334981051 0.6631689517912428 0.04554292305157355 0.6664860681114552 0.048014499917614084 0.6841773551525873 0.04389520514087986 0.714031402034498 0.04224748723018618 0.7438854489164087 0.03648047454275825 0.7494139761167624 0.02412259021255558 0.7372512162759841 0.012588564837699769 0.7272998673153471 0.0027022573735376127 0.7272998673153471 0.0027022573735376127 0.7073971693940735 0.001878398418190785 0.6874944714727996
0 0.07767342231010049 0.7317226890756302 0.09003130664030314 0.704080053073861 0.10403690888119954 0.6841773551525873 0.12216180589883009 0.6686974789915967 0.13040039545229853 0.6476890756302521 0.1411105618718075 0.638843432109686 0.15017301038062278 0.6366320212295445 0.16088317680013178 0.6377377266696153 0.17159334321964076 0.6399491375497568 0.18971824023727135 0.6410548429898275 0.2103147141209425 0.6311034940291906 0.23008732904926676 0.6233635559486953 0.24491679024550994 0.6211521450685538 0.2531553797989784 0.6255749668288368 0.2564508156203658 0.6322091994692615 0.2490360850222442 0.6499004865103937 0.2424452133794694 0.6631689517912428 0.2457406492008568 0.6897058823529412 0.24162135442412258 0.7062914639540026 0.23420662382600094 0.7206656346749225 0.21855330367441095 0.7217713401149934 0.20289998352282088 0.7173485183547103 0.18724666337123083 0.7217713401149934 0.1740649200856813 0.7339340999557717 0.16665018948755975 0.7527310924369748 0.1633547536661723 0.770422379478107 0.15594002306805074 0.7859022556390977 0.14687757455923542 0.7958536045997346 0.1402867029164607 0.7991707209199469 0.12628110067556433 0.7925364882795223 0.11557093425605536 0.7836908447589562 0.10898006261328057 0.7671052631578947 0.10568462679189321 0.756048208757187 0.08920744768495631 0.7516253869969041 0.08426429395287523 0.7405683325961964
0 0.4640632723677706 0.25958646616541353 0.4739495798319328 0.24410659000442278 0.49207447684956335 0.23968376824413976 0.5036085022244191 0.2352609464838567 0.5159663865546219 0.22862671384343208 0.5233811171527435 0.21646395400265367 0.5299719887955182 0.21204113224237062 0.5480968858131487 0.2087240159221583 0.567869500741473 0.21867536488279518 0.5818751029823694 0.21978107032286598 0.5925852694018784 0.21535824856258293 0.6041192947767342 0.21535824856258293 0.6140056022408964 0.21978107032286598 0.61565332015159 0.2352609464838567 0.6098863074641622 0.24631800088456435 0.5983522820893064 0.25958646616541353 0.5876421156697974 0.2728549314462627 0.5769319492502883 0.28391198584697036 0.5571593343219641 0.28391198584697036 0.5382105783489867 0.2750663423264042 0.5233811171527435 0.27617204776647497 0.5159663865546219 0.2828062804068996 0.5176141044653155 0.3049203892083149 0.5159663865546219 0.3303516143299425 0.5027846432690724 0.3579942503317116 0.49454605371560395 0.3701570101724901 0.48465974625144176 0.3756855373728439 0.47806887460866704 0.36352277753206547 0.4640632723677706 0.34030296329057946 0.462415554457077 0.3237173816895179 0.46735870818915803 0.3082375055285272 0.4681825671445049 0.29386333480760723 0.4640632723677706 0.2783834586466165
0 0.27375185368264954 0.5702896948252986 0.2778711484593837 0.5614440513047324 0.29105289174493326 0.5514927023440956 0.3075300708518701 0.5459641751437417 0.319064096226726 0.5503869969040248 0.33224583951227554 0.5570212295444494 0.3462514417531718 0.5603383458646617 0.3602570439940682 0.5625497567448032 0.36931949250288354 0.5658668730650155 0.37838194101169875 0.5702896948252986 0.3849728126544735 0.5813467492260063 0.3923875432525952 0.5979323308270676 0.3965068380293294 0.6277863777089784 0.39485912011863566 0.6642746572313136 0.3907398253419015 0.6852830605926582 0.3849728126544735 0.7118199911543565 0.37755808205635194 0.7261941618752764 0.3734387872796177 0.7339340999557717 0.35860932608337454 0.7306169836355595 0.34707530070851866 0.7228770455550642 0.3462514417531718 0.7073971693940735 0.3487230186192124 0.6897058823529412 0.345427582797825 0.6764374170720919 0.3544900313066403 0.6510061919504645 0.34707530070851866 0.6333149049093322 0.3380128521997034 0.6277863777089784 0.32812654473554126 0.6288920831490492 0.31659251936068544 0.6189407341884122 0.30505849398582957 0.6067779743476338 0.2902290327895864 0.60124944714728 0.2786950074147306 0.5901923927465723
0 0.2622178283077937 0.6333149049093322 0.27951886637007745 0.6266806722689076 0.2951721865216675 0.6333149049093322 0.3075300708518701 0.643266253869969 0.3141209424946449 0.6565347191508183 0.3157686604053386 0.6764374170720919 0.3067062118965233 0.6863887660327289 0.28775745592354585 0.699657231313578 0.27457571263799635 0.7162428129146395 0.26716098203987476 0.7372512162759841 0.25892239248640636 0.7527310924369748 0.25397923875432526 0.7604710305174701 0.2399736365134289 0.7494139761167624 0.2383259186027352 0.7350398053958425 0.2383259186027352 0.728405572755418 0.2424452133794694 0.7173485183547103 0.249859943977591 0.7007629367536489 0.2490360850222442 0.6786488279522336 0.24821222606689736 0.6631689517912428 0.25397923875432526 0.6543233082706768 0.2572746745757126 0.6465833701901814
0 0.32400724995880703 0.6476890756302521 0.33389355742296917 0.638843432109686 0.34130828802109076 0.6410548429898275 0.3462514417531718 0.6499004865103937 0.34130828802109076 0.6675917735515259 0.33224583951227554 0.680860238832375 0.32318339100346016 0.6841773551525873 0.32483110891415384 0.6742260061919504 0.32235953204811335 0.6620632463511721
0 0.0010545394628439296 0.7825851393188854 0.018355577525127675 0.808016364440513 0.025770308123249264 0.8445046439628482 0.030713461855330342 0.864407341884122 0.0282418849892898 0.8898385670057497 0.03318503872137088 0.9152697921273772 0.034008897676717706 0.9285382574082265 0.02906574394463666 0.9429124281291464 0.012588564837699769 0.9451238390092879 0.0035261163288844684 0.935172490048651 0.000980392156862745 0.893155683325962 0.0010545394628439296 0.8555616983635559 0.0027022573735376127 0.8212848297213622
0 0.04471906409622669 0.8555616983635559 0.06531553797989784 0.8400818222025652 0.08426429395287523 0.8356590004422821 0.09744603723842475 0.8456103494029191 0.10980392156862745 0.864407341884122 0.12875267754160488 0.878781512605042 0.1633547536661723 0.8865214506855373 0.19136595814796506 0.8865214506855373 0.20042840665678036 0.8909442724458204 0.20701927829955508 0.8986842105263158 0.17900807381776238 0.9296439628482972 0.1641786126215192 0.949546660769571 0.15182072829131651 0.9550751879699249 0.13287197231833908 0.9429124281291464 0.12463338276487063 0.939595311808934 0.09662217828307793 0.9583923042901371 0.0875597297742626 0.9694493586908448 0.07767342231010049 0.9661322423706324 0.06119624320316358 0.9628151260504202 0.04142362827483933 0.9484409553295002 0.0373043334981051 0.9418067226890756 0.03977591036414564 0.925221141088014 0.0373043334981051 0.8986842105263158 0.0373043334981051 0.8688301636444051
0 0.27292799472730267 0.7759509066784608 0.2894051738342396 0.7715280849181777 0.30341077607513595 0.780373728438744 0.31082550667325753 0.8024878372401593 0.3132970835392981 0.8246019460415746 0.31082550667325753 0.8445046439628482 0.29352446861097375 0.8555616983635559 0.28693359696819903 0.8666187527642635 0.2811665842807711 0.8721472799646174 0.2861097380128522 0.8843100398053958 0.29105289174493326 0.8997899159663866 0.29105289174493326 0.9174812030075187 0.2885813148788927 0.9307496682883679 0.28528587905750535 0.9362781954887218 0.2778711484593837 0.939595311808934 0.2721041357719558 0.9418067226890756 0.2605701103971 0.9296439628482972 0.2655132641291811 0.8898385670057497 0.271280276816609 0.8489274657231314 0.28034272532542426 0.8179677134011499 0.271280276816609 0.78921937195931
0 0.2622178283077937 0.7626824413976117 0.271280276816609 0.7671052631578947 0.28528587905750535 0.7671052631578947 0.31494480144999176 0.7770566121185316 0.32400724995880703 0.7770566121185316 0.33224583951227554 0.7693166740380363 0.3511945954852529 0.7626824413976117 0.3627286208601087 0.7615767359575408 0.3742626462349645 0.7648938522777533 0.3709672104135772 0.7483082706766917 0.3660240566814961 0.7405683325961964 0.3429560059317845 0.7350398053958425 0.33554127533366285 0.7317226890756302 0.32235953204811335 0.7195599292348518 0.32235953204811335 0.699657231313578 0.31988795518207275 0.6919172932330827 0.3116493656286044 0.6908115877930119 0.2885813148788927 0.7096085802742149 0.27951886637007745 0.7295112781954888 0.2704564178612622 0.7427797434763378
0 0.37755808205635194 0.7427797434763378 0.3923875432525952 0.7173485183547103 0.39733069698467627 0.6941287041132242 0.4014499917614104 0.6775431225121628 0.4055692865381446 0.6631689517912428 0.41710331191300043 0.6465833701901814 0.43358049101993734 0.6211521450685538 0.4459383753501401 0.60124944714728 0.4698302850551985 0.5813467492260063 0.48136431043005434 0.5691839893852277 0.48795518207282906 0.5912980981866431 0.48218816938540116 0.6255749668288368 0.47065414401054534 0.6543233082706768 0.4574724007249959 0.680860238832375 0.4508815290822212 0.7129256965944272 0.440995221618059 0.7239827509951349 0.43769978579667157 0.7405683325961964 0.4467622343054869 0.7527310924369748 0.4599439775910364 0.7626824413976117 0.4657109902784643 0.770422379478107 0.46735870818915803 0.7903250773993807 0.47065414401054534 0.80359354268023 0.47889273356401385 0.8179677134011499 0.48795518207282906 0.8279190623617868 0.49372219476025697 0.8389761167624945 0.505256220135113 0.8588788146837681 0.5159663865546219 0.8710415745245467 0.5365628604382929 0.8776758071649712 0.5439775910364146 0.8832043343653251 0.5505684626791894 0.893155683325962 0.5695172186521668 0.8776758071649712 0.5777558082056352 0.8677244582043344 0.5876421156697974 0.8776758071649712 0.589289833580491 0.8898385670057497 0.5942329873125721 0.9230097302078726 0.5925852694018784 0.9484409553295002 0.6 0.9683436532507739 0.6016477179106936 0.9860349402919062 0.6008238589553468 0.9981977001326846 0.5948028230900203 1.0078947368421052 0.5769319492502883 1.0078947368421052 0.5637502059647388 0.9926691729323308 0.5456253089471083 0.9760835913312692 0.5217333992420498 0.9694493586908448 0.49866534849233807 0.9672379478107032 0.47559729774262643 0.9661322423706324 0.4574724007249959 0.9594980097302078 0.43358049101993734 0.9561808934099956 0.42616576042181575 0.939595311808934 0.42287032460042834 0.916375497567448 0.4212226066897347 0.9031070322865987 0.43275663206459053 0.9042127377266697 0.4459383753501401 0.9185869084475896 0.4607678365463832 0.9329610791685096 0.47065414401054534 0.9174812030075187 0.4681825671445049 0.8942613887660327 0.4574724007249959 0.8898385670057497 0.4467622343054869 0.8865214506855373 0.43440434997528427 0.8865214506855373 0.4154555940023068 0.887627156125608 0.4121601581809194 0.8732529854046881 0.4129840171362663 0.8633016364440513 0.42039874773438785 0.8555616983635559 0.4269896193771626 0.8378704113224238 0.4179271708683474 0.8301304732419282 0.4030977096721042 0.8179677134011499 0.4014499917614104 0.7958536045997346 0.3998022738507167 0.7781623175586023 0.3940352611632888 0.7671052631578947 0.38332509474377985 0.7626824413976117
0 0.6164771791069369 0.20098407784166297 0.6321304992585269 0.1998783724015922 0.6411929477673423 0.20761831048208754 0.6436645246333828 0.2219924812030075 0.6362497940352612 0.23083812472357362 0.6288350634371396 0.23304953560371514 0.6222441917943647 0.23083812472357362 0.6164771791069369 0.21425254312251216
0 0.6222441917943647 0.24078947368421053 0.6420168067226891 0.23747235736399822 0.6519031141868513 0.22862671384343208 0.6617894216510133 0.2219924812030075 0.6667325753830944 0.2319438301636444 0.6626132806063603 0.25074082264484737 0.6617894216510133 0.26732640424590887 0.6626132806063603 0.2794891640866873 0.6543746910528917 0.3016032728881026 0.6461361014994234 0.328140203449801 0.6362497940352612 0.33809155241043787 0.6189487559729774 0.3436200796107918 0.5942329873125721 0.34583149049093326 0.5794035261163288 0.3502543122512163 0.5612786290986983 0.3414086687306502 0.5513923216345361 0.35578283945157013 0.5538638985005767 0.37126271561256086 0.5612786290986983 0.39779964617425917 0.5588070522326577 0.41659663865546226 0.5579831932773109 0.4298651039363114 0.5621024880540452 0.44755639097744365 0.5588070522326577 0.46082485625829284 0.5555116164112704 0.47630473241928356 0.5390344373043335 0.47077620521892966 0.5275004119294777 0.4464506855373729 0.5143186686439282 0.4276536930561699 0.5011369253583786 0.42212516585581605 0.49207447684956335 0.417702344095533 0.48960289998352285 0.40001105705440076 0.48795518207282906 0.39005970809376384 0.49289833580491016 0.3823197700132685 0.505256220135113 0.37457983193277317 0.5093755149118471 0.35909995577178244 0.5159663865546219 0.34583149049093326 0.5192618223760092 0.328140203449801 0.5283242708848246 0.31044891640866873 0.541506014170374 0.3038146837682441 0.5579831932773109 0.3016032728881026 0.5670456417861263 0.3016032728881026 0.5859943977591036 0.3027089783281734 0.5950568462679189 0.3027089783281734 0.6057670126874279 0.3004975674480318 0.610710166419509 0.28722910216718267 0.6115340253748558 0.2695378151260504 0.6123578843302027 0.25958646616541353
0 0.5670456417861263 0.44092215833701903 0.5917614104465315 0.436499336576736 0.6115340253748558 0.4309708093763821 0.6271873455264458 0.436499336576736 0.6387213709013017 0.4464506855373729 0.6519031141868513 0.455296329057939 0.6675564343384413 0.4586134453781513 0.6898006261328061 0.45640203449800976 0.7071016641950898 0.46082485625829284 0.7136925358378645 0.4751990269792128 0.7178118306145989 0.4962074303405573 0.7178118306145989 0.5161101282618311 0.72275498434668 0.5349071207430341 0.7260504201680672 0.5537041132242371 0.7342890097215357 0.5758182220256524 0.7441753171856978 0.5946152145068554 0.7548854836052068 0.6167293233082707 0.7557093425605537 0.6255749668288368 0.748294611962432 0.638843432109686 0.7449991761410447 0.6543233082706768 0.7408798813643105 0.6709088898717382 0.7351128686768825 0.6841773551525873 0.7260504201680672 0.6919172932330827 0.7128686768825178 0.6974458204334365 0.6996869335969682 0.6786488279522336 0.695567638820234 0.6554290137107475 0.6988630746416213 0.6399491375497568 0.6972153567309277 0.6189407341884122 0.6889767671774591 0.5924038036267139 0.6865051903114187 0.5691839893852277 0.6922722029988466 0.5393299425033171 0.6865051903114187 0.5194272445820434 0.6724995880705223 0.5183215391419725 0.6642609985170539 0.5326957098628925 0.6617894216510133 0.5514927023440956 0.6535508320975449 0.559232640424591 0.6486076783654638 0.5426470588235295 0.6453122425440764 0.5249557717823972 0.6444883835887296 0.5083701901813358 0.637073652990608 0.4939960194604158 0.6255396276157522 0.4906789031402035 0.6024715768660405 0.4873617868199912 0.5950568462679189 0.4873617868199912 0.5802273850716757 0.4939960194604158 0.5695172186521668 0.4962074303405573 0.5596309111880047 0.4873617868199912 0.5637502059647388 0.46967049977885894 0.5645740649200857 0.4575077399380805
0 0.4648871313231175 0.728405572755418 0.4648871313231175 0.7018686421937196 0.47806887460866704 0.657640424590889 0.49536991267095076 0.6421605484298983 0.5110232328225408 0.643266253869969 0.525852694018784 0.6510061919504645 0.5373867193936398 0.6565347191508183 0.5431537320810678 0.657640424590889 0.5596309111880047 0.6532176028306059 0.5711649365628605 0.6487947810703228 0.5876421156697974 0.6410548429898275 0.610710166419509 0.6521118973905352 0.6230680507497116 0.6465833701901814 0.6494315373208107 0.6333149049093322 0.6642609985170539 0.6233635559486953 0.6832097544900313 0.6233635559486953 0.6939199209095402 0.6355263157894737 0.684857472400725 0.6620632463511721 0.6733234470258692 0.6786488279522336 0.6601417037403197 0.6897058823529412 0.6568462679189322 0.7073971693940735 0.6617894216510133 0.7405683325961964 0.6708518701598286 0.7571539141972577 0.684033613445378 0.7715280849181777 0.7005107925523151 0.7748452012383901 0.7038062283737024 0.8157563025210083 0.6815620365793377 0.8201791242812915 0.6609655626956665 0.812439186200796 0.6288350634371396 0.80359354268023 0.61565332015159 0.7947478991596639 0.5991761410446532 0.7870079610791686 0.5794035261163288 0.7870079610791686 0.5579831932773109 0.7759509066784608 0.5390344373043335 0.7648938522777533 0.5184379634206624 0.756048208757187 0.4970176305816444 0.7472025652366209 0.49042675893886967 0.7449911543564794 0.47642115669797325 0.7383569217160548
0 0.6280112044817927 0.40996240601503764 0.6469599604547702 0.36462848297213624 0.6593178447849728 0.33809155241043787 0.6733234470258692 0.32261167624944714 0.695567638820234 0.33477443609022556 0.7095732410611303 0.3513600176912871 0.7235788433020267 0.37126271561256086 0.7425275992750041 0.38895400265369307 0.7598286373372878 0.40996240601503764 0.7705388037567968 0.41991375497567446 0.7828966880869995 0.43207651481645293 0.8001977261492833 0.43539363113666524 0.8109078925687923 0.4420278637770898 0.8117317515241391 0.4630362671384343 0.8216180589883011 0.47962184873949587 0.8323282254078102 0.48957319770013275 0.8488054045147471 0.5150044228217603 0.8586917119789093 0.5338014153029633 0.8644587246663371 0.5470698805838125 0.8669303015323778 0.5658668730650155 0.8644587246663371 0.5791353383458647 0.8504531224254408 0.5713954002653694 0.8413906739166255 0.5625497567448032 0.8257373537650355 0.5393299425033171 0.8150271873455265 0.5238500663423264 0.8034931619706706 0.5205329500221142 0.7985500082385896 0.5360128261831049 0.7977261492832427 0.5503869969040248 0.7894875597297742 0.5548098186643078 0.7746580985335311 0.5514927023440956 0.7680672268907563 0.5360128261831049 0.7573570604712473 0.5094758956214065 0.7524139067391663 0.49841884122069885 0.7441753171856978 0.47962184873949587 0.7425275992750041 0.4630362671384343 0.7384083044982699 0.4464506855373729 0.7351128686768825 0.4398164528969483 0.7293458559894547 0.4420278637770898 0.711220958971824 0.44755639097744365 0.6988630746416213 0.45087350729765596 0.6799143186686439 0.44755639097744365 0.6626132806063603 0.436499336576736 0.6420168067226891 0.4331822202565237
0 0.6947437798648871 0.24631800088456435 0.7268742791234141 0.257375055285272 0.748294611962432 0.26179787704555507 0.7655956500247157 0.2651149933657673 0.7845444059976933 0.27174922600619195 0.8158510463008734 0.2817005749668288 0.8315043664524633 0.28722910216718267 0.844686109738013 0.2993918620079611 0.8529246992914813 0.29386333480760723 0.8628110067556434 0.27174922600619195 0.8710495963091119 0.25516364440513045 0.8784643269072335 0.24300088456435204 0.885879057505355 0.24189517912428127 0.8974130828802108 0.24631800088456435 0.8941176470588236 0.27174922600619195 0.8792881858625804 0.29386333480760723 0.8710495963091119 0.31266032728881027 0.8669303015323778 0.33477443609022556 0.8619871478002966 0.3447257850508625 0.8471576866040534 0.3502543122512163 0.833975943318504 0.3513600176912871 0.8142033283901796 0.3491486068111455 0.7944307134618553 0.34251437417072095 0.7845444059976933 0.33698584697036715 0.7746580985335311 0.3336687306501548 0.7499423298731258 0.33256302521008396 0.737584445542923 0.34251437417072095 0.7301697149448014 0.3535714285714286 0.716987971659252 0.34251437417072095 0.716987971659252 0.3248230871295887 0.7194595485252925 0.31155462184873944 0.716164112703905 0.2905462184873949 0.7013346515076619 0.2828062804068996 0.695567638820234 0.2794891640866873 0.6881529082221124 0.2651149933657673
0 0.748294611962432 0.34583149049093326 0.7449991761410447 0.37236842105263157 0.7581809194265942 0.3856368863334808 0.7705388037567968 0.403328173374613 0.7861921239083869 0.417702344095533 0.7993738671939364 0.42323087129588677 0.8150271873455265 0.4298651039363114 0.8166749052562201 0.4464506855373729 0.8183226231669138 0.4652476780185759 0.8323282254078102 0.47409332153914197 0.8422145328719722 0.4586134453781513 0.8521008403361344 0.42212516585581605 0.8603394298896029 0.380108359133127 0.8652825836216839 0.3546771340114994 0.8430383918273191 0.3613113666519239 0.8117317515241391 0.3579942503317116 0.7952545724172022 0.3524657231313578 0.7787773933102653 0.3436200796107918 0.7623002142033284 0.34030296329057946
0 0.7046300873290492 0.0013157894736842105 0.7095732410611303 0.030705440070765127 0.7202834074806393 0.06166519239274655 0.7293458559894547 0.07935647943387879 0.7441753171856978 0.09925917735515256 0.7573570604712473 0.11142193719593098 0.7730103806228374 0.12469040247678016 0.7812489701763058 0.11473905351614327 0.7779535343549184 0.08820212295444492 0.7763058164442247 0.059453781512605025 0.7688910858461031 0.030705440070765127 0.7664195089800626 0.007485625829279058 0.7672392486406328 0.0013157894736842105 0.7301697149448014 0.0019570986289252318 0.7171637282363927 0.0013157894736842105 0.7087493821057835 0.0013157894736842105
0 0.669204152249135 0.7029743476337903 0.6749711649365628 0.6908115877930119 0.684857472400725 0.6830716497125165 0.6922722029988466 0.6852830605926582 0.7005107925523151 0.6985515258735072 0.7087493821057835 0.7239827509951349 0.7128686768825178 0.7394626271561255 0.7054539462843961 0.7571539141972577 0.6963914977755808 0.7593653250773994 0.6774427418026033 0.7483082706766917 0.6700280112044819 0.7339340999557717 0.6700280112044819 0.7162428129146395
0 0.7524139067391663 0.2219924812030075 0.7647717910693689 0.19434984520123838 0.7828966880869995 0.16339009287925693 0.7977261492832427 0.16781291463954 0.8092601746580986 0.17776426360017689 0.8100840336134454 0.22309818664307826 0.8092601746580986 0.2518465280849182 0.7985500082385896 0.2606921716054843 0.7672433679354095 0.24631800088456435
0 0.7787773933102653 0.0019570986289252318 0.7927994727302685 0.0013157894736842105 0.8265612127203823 0.0013157894736842105 0.8479815455594003 0.0013157894736842105 0.8422145328719722 0.02296550199026977 0.8347998022738509 0.04065678903140201 0.8199703410776075 0.05171384343210966 0.8051408798813644 0.05503095975232196 0.7969022903278958 0.04507961079168507 0.7886637007744275 0.03181114551083589 0.7820728291316528 0.020754091110128246
0 0.9081232492997198 0.0013157894736842105 0.9188334157192288 0.02296550199026977 0.9353105948261659 0.04950243255196814 0.9451969022903279 0.07272224679345421 0.9575547866205306 0.10257629367536487 0.9707365299060801 0.0948363555948695 0.9839182731916295 0.08377930119416185 0.997923875432526 0.0826735957540911 0.9971000164771793 0.07051083591331267 0.988037567968364 0.059453781512605025 0.981446696325589 0.04618531623175584 0.9740319657274674 0.02959973463069436 0.9690888119953864 0.009697036709420587 0.9690888119953864 0.0013157894736842105 0.9427253254242874 0.0019570986289252318 0.9320151590047785 0.0013157894736842105
0 0.988037567968364 0.006379920389208292 0.9847421321469764 0.034022556390977426 0.9929807217004448 0.04950243255196814 1.0029411764705882 0.06801194161875276 1.0029411764705882 0.03181114551083589 1.0029411764705882 0.005274214949137528
0 0.8545724172021749 0.0030628040689959974 0.8512769813807876 0.015225563909774415 0.8776404679518868 0.019648385670057476 0.8792881858625804 0.03181114551083589 0.8644587246663371 0.037339672711189716 0.8521008403361344 0.032916850950906656 0.844686109738013 0.04065678903140201 0.8380952380952381 0.053925254312251196 0.8273850716757292 0.06498230871295885 0.8191464821222606 0.06940513047324191 0.8133794694348327 0.08156789031402033 0.806788597792058 0.10036488279522333 0.8018454440599769 0.1269018133569217 0.8018454440599769 0.1423816895179124 0.817498764211567 0.14127598407784164 0.8290327895864228 0.13795886775762933 0.8488054045147471 0.149015922158337 0.8595155709342561 0.1556501547987616 0.8710495963091119 0.16449579831932773 0.8875267754160486 0.17665855816010612 0.8957653649695172 0.1843984962406015 0.9138902619871478 0.18550420168067225 0.9188334157192288 0.1832927908005307 0.9328390179601254 0.16891862007961075 0.9410776075135936 0.15675586023883237 0.9451969022903279 0.14127598407784164 0.9451969022903279 0.1235846970367094 0.9476684791563684 0.09704776647501104 0.9402537485582467 0.07161654135338344 0.92377656945131 0.05613666519239272 0.9155379798978415 0.032916850950906656 0.9064755313890261 0.015225563909774415 0.900313066403032 0.0013157894736842105 0.8891744933267426 0.0013157894736842105 0.8718734552644587 0.0019570986289252318
0 0.9213049925852695 0.19324413976116764 0.9311913000494314 0.17886996904024768 0.9460207612456748 0.16560150375939847 0.9592025045312242 0.16007297655904465 0.9715603888614269 0.16449579831932773 0.9748558246828142 0.17776426360017689 0.9707365299060801 0.19877266696152146 0.9765035425935081 0.21093542680229985 0.9781512605042018 0.2319438301636444 0.9732081067721206 0.24963511720477663 0.9666172351293459 0.26622069880583815 0.9592025045312242 0.2739606368863335 0.949316197067062 0.2540579389650597 0.9353105948261659 0.23083812472357362 0.9278958642280442 0.22309818664307826 0.92377656945131 0.2087240159221583
0 0.9633217993079584 0.511687306501548 0.9797989784148954 0.4939960194604158 0.9954522985664853 0.47962184873949587 1.0029411764705882 0.4823629930441077 1.0029411764705882 0.5326957098628925 1.0029411764705882 0.5725011057054401 1.0012193112539134 0.5924038036267139 0.9888614269237107 0.5957209199469262 0.9773274015488549 0.5968266253869969 0.9682649530400396 0.5935095090667847 0.9575547866205306 0.5835581601061477 0.9583786455758775 0.5625497567448032 0.9592025045312242 0.5393299425033171
0 0.9888614269237107 0.6078836797877046 0.9896852858790576 0.6189407341884122 0.9971000164771793 0.6288920831490492 0.997923875432526 0.6465833701901814 0.9946284396111386 0.6664860681114552 0.9946284396111386 0.6830716497125165 1.0003954522985665 0.6963401149933657 1.0029411764705882 0.682673595754091 1.0029411764705882 0.6487947810703228 1.0029411764705882 0.6178350287483415 1.0029411764705882 0.6023551525873507
0 0.9806228373702423 0.9473352498894295 0.9954522985664853 0.9528637770897832 1.0028670291646071 0.9639208314904909 1.0029411764705882 0.9653637770897833 1.0012193112539134 1.0026205218929676 0.9905091448344043 0.9993034055727554 0.9781512605042018 0.9882463511720477 0.9723842478167737 0.9683436532507739 0.9723842478167737 0.9550751879699249
0 0.0035261163288844684 0.9639208314904909 0.014236282748393453 0.9628151260504202 0.0315373208106772 0.9771892967713401 0.04554292305157355 0.9904577620521892 0.05790080738177621 1.0037262273330385 0.05523856601464108 1.0078947368421052 0.02906574394463666 1.0078947368421052 0.0010545394628439296 1.0070433436532509 0.000980392156862745 0.9978438743918622
0 0.06531553797989784 0.9727664750110571 0.07849728126544733 0.9760835913312692 0.09085516559565002 0.9771892967713401 0.10156533201515901 0.9661322423706324 0.11227549843466798 0.9583923042901371 0.1238095238095238 0.9594980097302078 0.1444059976931949 0.9672379478107032 0.16747404844290656 0.9727664750110571 0.18147965068380292 0.9782950022114109 0.20454770143351453 0.9849292348518355 0.21361014994232988 0.9860349402919062 0.22843961113857306 0.9860349402919062 0.23914977755808203 0.9782950022114109 0.2531553797989784 0.9782950022114109 0.2597462514417532 0.9948805838124724 0.2622178283077937 1.0070433436532509 0.2590459713297084 1.0078947368421052 0.18971824023727135 1.0078947368421052 0.1682979073982534 1.0070433436532509 0.14292305157357085 1.0078947368421052 0.11392321634536165 1.0078947368421052 0.09662217828307793 1.0078947368421052 0.08096885813148787 1.0078947368421052 0.0719064096226726 1.0078947368421052 0.06613939693524466 1.0048319327731092 0.06119624320316358 0.9981977001326846 0.05790080738177621 0.9860349402919062
0 0.29846762234305485 0.9539694825298539 0.29187675070028013 0.9760835913312692 0.2894051738342396 0.9893520566121184 0.28528587905750535 1.0037262273330385 0.29846762234305485 1.0048319327731092 0.3124732245839512 1.0037262273330385 0.32483110891415384 1.0037262273330385 0.32153567309276654 0.9915634674922601 0.3132970835392981 0.9860349402919062 0.3067062118965233 0.9794007076514817 0.30423463503048276 0.9705550641309155
0 0.37591036414565826 1.0059376382131802 0.38250123578843304 0.9893520566121184 0.38085351787773936 0.9716607695709862 0.37755808205635194 0.9594980097302078 0.38414895369912666 0.9473352498894295 0.4006261328060636 0.9418067226890756 0.4138078760916131 0.9462295444493586 0.4212226066897347 0.9561808934099956 0.42287032460042834 0.9683436532507739 0.4162794529576536 0.9849292348518355 0.4138078760916131 0.9959862892525431 0.4121601581809194 1.0070433436532509 0.3981545559400231 1.0070433436532509 0.38800461361015 1.0078947368421052 0.37755808205635194 1.0078947368421052
0 0.8982369418355577 0.1965612560813799 0.9138902619871478 0.19766696152145066 0.9122425440764542 0.21867536488279518 0.907299390344373 0.23083812472357362 0.9015323776569452 0.22309818664307826 0.8998846597462515 0.2087240159221583
0 0.9031800955676389 0.24300088456435204 0.9138902619871478 0.23968376824413976 0.9204811336299225 0.2352609464838567 0.9320151590047785 0.24963511720477663 0.9427253254242874 0.25958646616541353 0.9592025045312242 0.2817005749668288 0.9723842478167737 0.2739606368863335 0.9847421321469764 0.26400928792569656 1.0003954522985665 0.26732640424590887 1.0020431702092603 0.28612339672711185 1.0020431702092603 0.3159774436090225 1.0012193112539134 0.3513600176912871 1.0029411764705882 0.3721583370190182 1.0029411764705882 0.42212516585581605 0.9971000164771793 0.42212516585581605 0.9863898500576702 0.41327952233524995 0.9740319657274674 0.4055395842547545 0.9592025045312242 0.4121738168951791 0.949316197067062 0.42212516585581605 0.9377821716922063 0.4210194604157453 0.92377656945131 0.4143852277753207 0.9114186851211074 0.4077509951348961 0.907299390344373 0.39337682441397614 0.9040039545229857 0.3756855373728439 0.8949415060141703 0.36241707209199475 0.8834074806393145 0.3502543122512163 0.8776404679518868 0.3414086687306502 0.880935903773274 0.3248230871295887 0.8867029164607019 0.30602609464838565 0.8899983522820893 0.29165192392746575 0.8990608007909047 0.2783834586466165 0.9007085187015984 0.26179787704555507
0 0.4212226066897347 1.0048319327731092 0.42781347833250943 0.9882463511720477 0.43687592684132476 0.9794007076514817 0.4525292469929148 0.9794007076514817 0.46735870818915803 0.9760835913312692 0.48054045147470753 0.9760835913312692 0.49042675893886967 0.9760835913312692 0.5085516559565002 0.9782950022114109 0.5242049761080902 0.9838235294117648 0.5390344373043335 0.9882463511720477 0.5546877574559236 0.9937748783724016 0.5604547701433514 1.0026205218929676 0.5582091660193489 1.0078947368421052 0.5077277970011534 1.0078947368421052 0.49042675893886967 1.0078947368421052 0.4640632723677706 1.0078947368421052 0.4467622343054869 1.0078947368421052
0 0.6049431537320811 0.9451238390092879 0.6164771791069369 0.9329610791685096 0.6329543582138738 0.9329610791685096 0.6535508320975449 0.9407010172490049 0.663437139561707 0.9418067226890756 0.6766188828472566 0.9418067226890756 0.6873290492667655 0.9384896063688632 0.695567638820234 0.9407010172490049 0.7054539462843961 0.9462295444493586 0.7120448179271709 0.9539694825298539 0.7309935739001483 0.9683436532507739 0.7392321634536168 0.9860349402919062 0.7466468940517383 0.9981977001326846 0.7507661888284726 1.0070433436532509 0.7418849892898337 1.0078947368421052 0.6856813313560719 1.0078947368421052 0.6494315373208107 1.0078947368421052 0.6280112044817927 1.0070433436532509 0.6131817432855494 1.0059376382131802 0.6041192947767342 1.0059376382131802 0.6123578843302027 0.987140645731977 0.6098863074641622 0.9683436532507739
0 0.6963914977755808 0.926326846528085 0.6988630746416213 0.9053184431667404 0.7095732410611303 0.8942613887660327 0.716987971659252 0.874358690844759 0.7235788433020267 0.8577731092436974 0.7153402537485583 0.8389761167624945 0.716164112703905 0.826813356921716 0.7309935739001483 0.8168620079610792 0.7425275992750041 0.8179677134011499 0.7491184709177788 0.8422932330827068 0.7540616246498599 0.8610902255639098 0.7565332015159005 0.8832043343653251 0.7672433679354095 0.8986842105263158 0.7787773933102653 0.911952675807165 0.8051408798813644 0.926326846528085 0.8191464821222606 0.9196926138876603 0.8282089306310759 0.9042127377266697 0.8471576866040534 0.8898385670057497 0.8685780194430714 0.878781512605042 0.8735211731751524 0.874358690844759 0.880935903773274 0.864407341884122 0.8850551985500082 0.8544559929234852 0.8957653649695172 0.8400818222025652 0.9048278134783325 0.8334475895621406 0.9204811336299225 0.8356590004422821 0.9278958642280442 0.8411875276426359 0.9254242873620037 0.8610902255639098 0.9138902619871478 0.8798872180451127 0.9064755313890261 0.8898385670057497 0.8875267754160486 0.9075298540468819 0.8694018783984182 0.920798319327731 0.8521008403361344 0.9318553737284386 0.8331520843631569 0.9550751879699249 0.8166749052562201 0.9716607695709862 0.8092601746580986 0.9827178239716938 0.8051408798813644 1.0004091110128261 0.8044436892404021 1.0078947368421052 0.7837205470423464 1.0078947368421052 0.7655956500247157 1.0078947368421052 0.7515900477838194 0.9904577620521892 0.7466468940517383 0.9782950022114109 0.7392321634536168 0.9639208314904909 0.7276981380787609 0.9550751879699249 0.716987971659252 0.9473352498894295 0.7071016641950898 0.939595311808934
0 0.823265776898995 1.0037262273330385 0.8306805074971164 0.987140645731977 0.8397429560059317 0.9760835913312692 0.8488054045147471 0.9683436532507739 0.8669303015323778 0.9594980097302078 0.8792881858625804 0.9451238390092879 0.880935903773274 0.9285382574082265 0.8867029164607019 0.9185869084475896 0.8998846597462515 0.9108469703670943 0.9122425440764542 0.9042127377266697 0.9295435821387378 0.9141640866873065 0.9361344537815126 0.926326846528085 0.9419014664689405 0.9384896063688632 0.9484923381117153 0.9550751879699249 0.9517877739331025 0.9617094206103494 0.9542593507991433 0.9794007076514817 0.9526116328884494 0.9893520566121184 0.9600263634865711 1.0026205218929676 0.9295435821387378 1.0059376382131802 0.8945460537156041 1.0078947368421052 0.8669303015323778 1.0078947368421052 0.8471576866040534 1.0078947368421052
0 0.7721865216674906 0.808016364440513 0.7812489701763058 0.793642193719593 0.7927829955511616 0.7859022556390977 0.806788597792058 0.7770566121185316 0.8166749052562201 0.7726337903582486 0.822441917943648 0.7836908447589562 0.8216180589883011 0.8058049535603715 0.8282089306310759 0.8212848297213622 0.8306805074971164 0.8411875276426359 0.833975943318504 0.8666187527642635 0.8298566485417697 0.8820986289252544 0.817498764211567 0.893155683325962 0.8059647388367112 0.897578505086245 0.796078431372549 0.8953670942061034 0.7878398418190806 0.8776758071649712 0.7845444059976933 0.8610902255639098 0.7828966880869995 0.8400818222025652 0.7763058164442247 0.826813356921716
0 0.7672433679354095 0.7107142857142856 0.7730103806228374 0.6863887660327289 0.7894875597297742 0.6731203007518797 0.8043170209260175 0.6554290137107475 0.8199703410776075 0.6410548429898275 0.8257373537650355 0.6255749668288368 0.8331520843631569 0.6067779743476338 0.838919097050585 0.6001437417072093 0.8545724172021749 0.6078836797877046 0.8669303015323778 0.6288920831490492 0.8776404679518868 0.6410548429898275 0.8850551985500082 0.6465833701901814 0.8883506343713957 0.6675917735515259 0.8998846597462515 0.6686974789915967 0.9031800955676389 0.6753317116320212 0.9015323776569452 0.6863887660327289 0.8891744933267426 0.6974458204334365 0.8743450321304992 0.695234409553295 0.8685780194430714 0.6897058823529412 0.8405668149612786 0.6963401149933657 0.8298566485417697 0.7029743476337903 0.8191464821222606 0.7107142857142856 0.8026693030153238 0.7195599292348518 0.7919591365958147 0.7239827509951349 0.7779535343549184 0.7228770455550642
0 0.7779535343549184 0.7394626271561255 0.7894875597297742 0.7582596196373287 0.7969022903278958 0.7726337903582486 0.8092601746580986 0.7682109685979654 0.8249134948096887 0.7637881468376824 0.8298566485417697 0.7770566121185316 0.8298566485417697 0.793642193719593 0.8298566485417697 0.8058049535603715 0.8364475201845445 0.8190734188412206 0.8413906739166255 0.8323418841220699 0.8479815455594003 0.8456103494029191 0.8628110067556434 0.8566674038036267 0.8694018783984182 0.8577731092436974 0.8842313395946614 0.8411875276426359 0.8957653649695172 0.8257076514816453 0.9138902619871478 0.8257076514816453 0.9287197231833909 0.826813356921716 0.9377821716922063 0.8168620079610792 0.9427253254242874 0.7870079610791686 0.9320151590047785 0.7604710305174701 0.9270720052726973 0.7383569217160548 0.9270720052726973 0.7173485183547103 0.9229527104959632 0.6985515258735072 0.9213049925852695 0.6742260061919504 0.9147141209424947 0.6686974789915967 0.9097709672104137 0.6841773551525873 0.9048278134783325 0.6985515258735072 0.8932937881034767 0.7062914639540026 0.8817597627286209 0.7062914639540026 0.8694018783984182 0.7051857585139318 0.844686109738013 0.7073971693940735 0.8347998022738509 0.7129256965944272 0.822441917943648 0.7217713401149934 0.806788597792058 0.7328283945157009 0.7936068545065086 0.7372512162759841
1 0.060372384247816754 0.0030628040689959974 0.06943483275663205 0.008591331269349821 0.08426429395287523 0.017436974789915943 0.09744603723842475 0.02959973463069436 0.10733234470258692 0.05060813799203889 0.10403690888119954 0.06277089783281732 0.09250288350634368 0.07714506855373726 0.07684956335475367 0.08599071207430338 0.05790080738177621 0.08599071207430338 0.046366782006920404 0.08930782839451568 0.032361179766024026 0.09041353383458645 0.03895205140879879 0.07714506855373726 0.05213379469434831 0.053925254312251196 0.0595485252924699 0.037339672711189716 0.060372384247816754 0.02296550199026977
1 0.0010545394628439296 0.16007297655904465 0.007645411105618691 0.1368531623175586 0.016707859614433992 0.14127598407784164 0.023298731257208754 0.1711300309597523 0.04307134618553301 0.1965612560813799 0.06119624320316358 0.19877266696152146 0.07520184544405996 0.1843984962406015 0.0817927170868347 0.17223573639982306 0.09579831932773104 0.15675586023883237 0.09497446037238422 0.17002432551968155 0.08673587081891578 0.1965612560813799 0.08591201186356895 0.2219924812030075 0.0875597297742626 0.23636665192392745 0.062020102158510435 0.2253095975232198 0.04966221782830777 0.22641530296329057 0.030713461855330342 0.22973241928350288 0.02659416707859612 0.22973241928350288 0.02412259021255558 0.20540689960194602 0.020827154391168213 0.19103272888102607 0.015060141703740308 0.17334144183989386
1 0.2424452133794694 0.04286819991154354 0.25562695666501895 0.027388323750552834 0.27951886637007745 0.006379920389208292 0.298154555940023 0.0013157894736842105 0.33389355742296917 0.0013157894736842105 0.3553138902619871 0.0030628040689959974 0.36108090294941503 0.03181114551083589 0.36108090294941503 0.047291021671826604 0.33059812160158175 0.0660880141530296 0.3141209424946449 0.07935647943387879 0.29352446861097375 0.08488500663423261 0.27457571263799635 0.08156789031402033 0.2564508156203658 0.07272224679345421 0.2432690723348163 0.06498230871295885 0.23750205964738838 0.052819548872180426
1 0.3676717745921898 0.0030628040689959974 0.37261492832427084 0.021859796550199005 0.38414895369912666 0.041762494471472775 0.38991596638655457 0.058348076072534255 0.38909210743120776 0.07825077399380803 0.3849728126544735 0.09151923927465722 0.3998022738507167 0.08930782839451568 0.41463173504695994 0.08599071207430338 0.42534190146646894 0.08046218487394956 0.43358049101993734 0.06719371959310037 0.4352282089306311 0.04839672711189737 0.43440434997528427 0.026282618310482068 0.4459383753501401 0.007485625829279058 0.44511451639479327 0.0013157894736842105 0.41710331191300043 0.004168509509066763 0.3965068380293294 0.004168509509066763 0.38002965892239254 0.005274214949137528
1 0.1460537156038886 0.1456988058381247 0.16170703575547865 0.13464175143741705 0.18147965068380292 0.1269018133569217 0.18559894546053718 0.14348739495798318 0.19466139396935245 0.17223573639982306 0.20289998352282088 0.18882131800088453 0.2202010215851046 0.21093542680229985 0.23914977755808203 0.21756965944272444 0.25233152084363153 0.22309818664307826 0.25068380293293785 0.24410659000442278 0.24738836711155046 0.2562693498452012 0.22843961113857306 0.26843210968597964 0.21772944471906405 0.29165192392746575 0.2144340088976767 0.31818885448916406 0.2103147141209425 0.33919725785050864 0.20207612456747406 0.3535714285714286 0.19713297083539297 0.37457983193277317 0.1938375350140056 0.39779964617425917 0.18230350963914974 0.39116541353383466 0.17900807381776238 0.36352277753206547 0.17818421486241554 0.33256302521008396 0.17488877904102818 0.3004975674480318 0.17076948426429392 0.27617204776647497 0.16747404844290656 0.2540579389650597 0.1584115999340913 0.23747235736399822 0.14852529246992913 0.22862671384343208 0.14522985664854177 0.19545555064130915 0.14522985664854177 0.1744471472799646
1 0.26716098203987476 0.23083812472357362 0.2828143021914648 0.22088677576293675 0.29929148129840166 0.21314683768244136 0.31988795518207275 0.1998783724015922 0.32647882682484763 0.20208978328173371 0.32318339100346016 0.22973241928350288 0.32647882682484763 0.24852941176470586 0.32730268578019445 0.26843210968597964 0.319064096226726 0.2739606368863335 0.29929148129840166 0.26843210968597964 0.28034272532542426 0.2651149933657673 0.2605701103971 0.2651149933657673 0.2597462514417532 0.24963511720477663
1 0.37673422310100513 0.2728549314462627 0.39485912011863566 0.2772777532065458 0.4047454275827978 0.26843210968597964 0.4129840171362663 0.24963511720477663 0.42534190146646894 0.24189517912428127 0.44181908057340585 0.24852941176470586 0.4566485417696491 0.25516364440513045 0.4541769649036085 0.2783834586466165 0.4574724007249959 0.30602609464838565 0.4550008238589553 0.33256302521008396 0.43193277310924366 0.33256302521008396 0.4096885813148789 0.3292459088898717 0.3956829790739825 0.3237173816895179 0.3874443895205141 0.3071318000884564 0.38167737683308617 0.28944051304732415
1 0.5406821552150272 0.5780296329057939 0.5489207447684957 0.5548098186643078 0.5637502059647388 0.5393299425033171 0.5818751029823694 0.5161101282618311 0.6057670126874279 0.5194272445820434 0.6181248970176305 0.5293785935426802 0.6280112044817927 0.5514927023440956 0.6304827813478333 0.5835581601061477 0.6346020761245674 0.605672268907563 0.6247157686604053 0.6255749668288368 0.5975284231339595 0.6244692613887661 0.5662217828307794 0.6299977885891199 0.5456253089471083 0.6277863777089784 0.5382105783489867 0.605672268907563
1 0.32235953204811335 0.7991707209199469 0.3396605701103971 0.780373728438744 0.3660240566814961 0.7726337903582486 0.37838194101169875 0.7748452012383901 0.3874443895205141 0.7925364882795223 0.38991596638655457 0.8212848297213622 0.3956829790739825 0.8433989385227775 0.39733069698467627 0.8566674038036267 0.3874443895205141 0.8677244582043344 0.3660240566814961 0.8655130473241928 0.3421321469764377 0.8621959310039805 0.32977426264623494 0.8555616983635559 0.32153567309276654 0.8356590004422821 0.32235953204811335 0.8146505970809376
1 0.11969022903278956 0.41549093321539143 0.14852529246992913 0.4011167624944715 0.1625308947108255 0.39448252985404686 0.18477508650519028 0.4055395842547545 0.1938375350140056 0.4088567005749668 0.18312736859449663 0.43207651481645293 0.17159334321964076 0.4420278637770898 0.15676388202339758 0.44423927465723134 0.13946284396111386 0.4342879256965944 0.12628110067556433 0.42212516585581605
1 0.8784643269072335 0.36462848297213624 0.8932937881034767 0.3756855373728439 0.9007085187015984 0.40001105705440076 0.9089471082550666 0.4210194604157453 0.9353105948261659 0.43539363113666524 0.9526116328884494 0.4298651039363114 0.9690888119953864 0.42212516585581605 0.9938045806557917 0.4287593984962406 1.0028670291646071 0.43871074745687755 0.9847421321469764 0.47077620521892966 0.9690888119953864 0.49178460858027423 0.955907068709837 0.5105816010614772 0.9534354918437965 0.5382242370632464 0.9517877739331025 0.5736068111455109 0.9460207612456748 0.5935095090667847 0.9303674410940846 0.6189407341884122 0.9147141209424947 0.6145179124281293 0.8924699291481298 0.60124944714728 0.8743450321304992 0.5957209199469262 0.8661064425770307 0.5924038036267139 0.880935903773274 0.563655462184874 0.8784643269072335 0.544858469703671 0.8652825836216839 0.5216386554621849 0.853748558246828 0.5028416629809819 0.844686109738013 0.48957319770013275 0.8496292634700939 0.459719150818222 0.8578678530235624 0.4309708093763821 0.8669303015323778 0.4077509951348961 0.8669303015323778 0.38895400265369307 0.8669303015323778 0.3734741264927024 0.8685780194430714 0.35909995577178244
1 0.8652825836216839 0.6100950906678462 0.8776404679518868 0.605672268907563 0.8965892239248641 0.6123065015479876 0.9048278134783325 0.6189407341884122 0.9188334157192288 0.6266806722689076 0.9204811336299225 0.6355263157894737 0.913066403031801 0.6521118973905352 0.907299390344373 0.6620632463511721 0.8982369418355577 0.6598518354710305 0.8916460701927831 0.6443719593100399 0.880935903773274 0.6311034940291906
1 0.9386060306475531 0.6244692613887661 0.9542593507991433 0.6023551525873507 0.9773274015488549 0.6156236178682 0.9847421321469764 0.6277863777089784 0.988037567968364 0.6510061919504645 0.9847421321469764 0.672014595311809 0.9896852858790576 0.6863887660327289 0.9797989784148954 0.6919172932330827 0.9641456582633054 0.6941287041132242 0.9468446202010217 0.695234409553295 0.9377821716922063 0.6974458204334365 0.9320151590047785 0.6852830605926582 0.9246004284066568 0.6709088898717382 0.92377656945131 0.6476890756302521 0.9303674410940846 0.6333149049093322
1 0.19960454770143352 0.4210194604157453 0.21278629098698304 0.44534498009730206 0.22514417531718567 0.45640203449800976 0.22267259845114515 0.4630362671384343 0.20454770143351453 0.4530849181777975 0.1921898171033119 0.45087350729765596 0.18230350963914974 0.44866209641751437 0.18395122754984344 0.4398164528969483 0.19136595814796506 0.43207651481645293
1 0.054605371560388846 0.6609575409111014 0.06531553797989784 0.6476890756302521 0.07602570439940678 0.6366320212295445 0.09415060141703739 0.6366320212295445 0.10815620365793374 0.6465833701901814 0.11392321634536165 0.6543233082706768 0.10898006261328057 0.6653803626713845 0.08838358872960948 0.6863887660327289 0.08014499917614104 0.6985515258735072 0.07355412753336625 0.718454223794781 0.07520184544405996 0.7483082706766917 0.08838358872960948 0.7648938522777533 0.0999176141044653 0.7748452012383901 0.11392321634536165 0.7958536045997346 0.12051408798813644 0.8102277753206546 0.10321304992585266 0.8201791242812915 0.09167902455099684 0.8234962406015038 0.07273026857801942 0.8234962406015038 0.06119624320316358 0.8257076514816453 0.048014499917614084 0.8002764263600176 0.04471906409622669 0.7737394957983194 0.04471906409622669 0.7593653250773994 0.05130993573900145 0.7339340999557717 0.054605371560388846 0.7073971693940735 0.054605371560388846 0.6874944714727996 0.05542923051573568 0.6731203007518797
1 0.9369583127368595 0.7085028748341442 0.9550832097544901 0.704080053073861 0.9789751194595486 0.704080053073861 1.0003954522985665 0.7096085802742149 1.0029411764705882 0.7153029632905793 1.0029411764705882 0.7715280849181777 0.9995715933432198 0.78921937195931 0.981446696325589 0.8002764263600176 0.9592025045312242 0.7980650154798761 0.949316197067062 0.7870079610791686 0.9402537485582467 0.7648938522777533 0.934486735870819 0.7405683325961964 0.9336628769154721 0.7217713401149934
1 0.9451969022903279 0.8002764263600176 0.9633217993079584 0.808016364440513 0.9905091448344043 0.812439186200796 1.0029411764705882 0.8078044375644994 1.0029411764705882 0.8599845201238391 1.0029411764705882 0.9141640866873065 1.0029411764705882 0.9407010172490049 0.9905091448344043 0.935172490048651 0.9756796836381613 0.9307496682883679 0.9649695172186523 0.9440181335692172 0.9550832097544901 0.9407010172490049 0.9435491843796343 0.925221141088014 0.934486735870819 0.9042127377266697 0.9221288515406163 0.8942613887660327 0.9270720052726973 0.878781512605042 0.9377821716922063 0.8599845201238391 0.9369583127368595 0.8433989385227775 0.9377821716922063 0.8367647058823529 0.9460207612456748 0.8257076514816453 0.9476684791563684 0.812439186200796
1 0.4747734387872796 0.7516253869969041 0.4970176305816444 0.7593653250773994 0.5250288350634371 0.7715280849181777 0.5571593343219641 0.7825851393188854 0.5794035261163288 0.7958536045997346 0.5843466798484099 0.80359354268023 0.5802273850716757 0.8323418841220699 0.5794035261163288 0.8511388766032728 0.5728126544735541 0.8577731092436974 0.5629263470093919 0.8699358690844758 0.5530400395452298 0.8754643962848297 0.5398582962596803 0.8677244582043344 0.5242049761080902 0.8610902255639098 0.5101993738671938 0.8456103494029191 0.5019607843137255 0.8301304732419282 0.49454605371560395 0.8190734188412206 0.48218816938540116 0.8069106590004422 0.47559729774262643 0.7914307828394516 0.4747734387872796 0.7770566121185316
1 0.5950568462679189 0.8046992481203007 0.6173010380622838 0.808016364440513 0.6453122425440764 0.8179677134011499 0.658493985829626 0.8212848297213622 0.6782666007579502 0.8279190623617868 0.6996869335969682 0.8334475895621406 0.7029823694183556 0.8489274657231314 0.6988630746416213 0.8655130473241928 0.6947437798648871 0.8843100398053958 0.6881529082221124 0.9031070322865987 0.6881529082221124 0.9219040247678019 0.6733234470258692 0.926326846528085 0.6494315373208107 0.926326846528085 0.6354259350799144 0.925221141088014 0.6222441917943647 0.9230097302078726 0.610710166419509 0.9219040247678019 0.6016477179106936 0.9230097302078726 0.5983522820893064 0.902001326846528 0.5983522820893064 0.8820986289252544 0.589289833580491 0.8666187527642635 0.5876421156697974 0.8533502874834145 0.5868182567144505 0.8378704113224238 0.589289833580491 0.8212848297213622
1 0.10403690888119954 0.8312361786819992 0.12133794694348327 0.8179677134011499 0.1444059976931949 0.8157563025210083 0.15923545888943813 0.7991707209199469 0.1699456253089471 0.7737394957983194 0.17818421486241554 0.7505196815568334 0.18559894546053718 0.7361455108359134 0.20372384247816772 0.7328283945157009 0.22432031636183886 0.7339340999557717 0.23338276487065412 0.7438854489164087 0.2457406492008568 0.770422379478107 0.25892239248640636 0.7770566121185316 0.26386554621848735 0.7859022556390977 0.2655132641291811 0.8179677134011499 0.26386554621848735 0.8456103494029191 0.2605701103971 0.8655130473241928 0.2572746745757126 0.8776758071649712 0.2383259186027352 0.8776758071649712 0.21772944471906405 0.8798872180451127 0.20619541934420824 0.8832043343653251 0.19136595814796506 0.8765701017249005 0.17983193277310922 0.8754643962848297 0.16088317680013178 0.8710415745245467 0.1411105618718075 0.8666187527642635 0.12463338276487063 0.8599845201238391 0.11062778052397428 0.8522445820433435 0.10486076783654637 0.8433989385227775
1 0.001878398418190785 0.7372512162759841 0.018355577525127675 0.7416740380362671 0.0282418849892898 0.7527310924369748 0.03648047454275825 0.7637881468376824 0.04059976931949247 0.7947478991596639 0.04966221782830777 0.8168620079610792 0.05378151260504199 0.8323418841220699 0.048014499917614084 0.8433989385227775 0.04059976931949247 0.8489274657231314 0.0315373208106772 0.8356590004422821 0.02906574394463666 0.8201791242812915 0.021651013346515043 0.7947478991596639 0.013412423793046597 0.7825851393188854 0.005173834239578152 0.770422379478107 0.000980392156862745 0.7604710305174701
1 0.16582633053221285 0.9572865988500664 0.17818421486241554 0.9462295444493586 0.18889438128192454 0.9329610791685096 0.20125226561212717 0.9174812030075187 0.2103147141209425 0.9064241486068111 0.21525786785302353 0.8964727996461743 0.22432031636183886 0.893155683325962 0.2424452133794694 0.8920499778858911 0.25397923875432526 0.8942613887660327 0.25233152084363153 0.916375497567448 0.2564508156203658 0.9340667846085803 0.26386554621848735 0.9462295444493586 0.2770472895040369 0.9539694825298539 0.2811665842807711 0.9594980097302078 0.28199044323611794 0.9738721804511278 0.2811665842807711 0.9882463511720477 0.2778711484593837 1.0004091110128261 0.26880869995056844 0.9937748783724016 0.26304168726314053 0.9794007076514817 0.25233152084363153 0.9661322423706324 0.22926347009391992 0.9661322423706324 0.2160817268083704 0.9727664750110571 0.19466139396935245 0.9705550641309155 0.18230350963914974 0.9683436532507739
1 0.29270060965562694 0.874358690844759 0.3058823529411765 0.8633016364440513 0.319064096226726 0.8610902255639098 0.3314219805569287 0.8721472799646174 0.3569616081726808 0.8765701017249005 0.37673422310100513 0.8809929234851834 0.3923875432525952 0.8832043343653251 0.3998022738507167 0.9042127377266697 0.4047454275827978 0.9219040247678019 0.3874443895205141 0.9329610791685096 0.37261492832427084 0.9462295444493586 0.3734387872796177 0.9705550641309155 0.37179106936892403 0.9904577620521892 0.3676717745921898 1.0048319327731092 0.3528423133959467 1.0048319327731092 0.3371889932443566 1.0048319327731092 0.33059812160158175 0.9915634674922601 0.31988795518207275 0.9827178239716938 0.31000164771791067 0.9606037151702785 0.3058823529411765 0.9440181335692172 0.3017630581644422 0.9384896063688632 0.29929148129840166 0.920798319327731 0.29764376338770804 0.8953670942061034
1 0.3981545559400231 0.5747125165855816 0.42287032460042834 0.5548098186643078 0.44758609326083376 0.5371185316231757 0.4714780029658922 0.5326957098628925 0.49207447684956335 0.5338014153029633 0.5101993738671938 0.5393299425033171 0.525852694018784 0.5503869969040248 0.5299719887955182 0.5702896948252986 0.5299719887955182 0.5979323308270676 0.5357390014829461 0.6222578505086246 0.5382105783489867 0.6399491375497568 0.5209095402867029 0.6333149049093322 0.504432361179766 0.6322091994692615 0.48795518207282906 0.6333149049093322 0.49536991267095076 0.605672268907563 0.49372219476025697 0.5802410437859354 0.48136431043005434 0.563655462184874 0.4657109902784643 0.568078283945157 0.4550008238589553 0.5791353383458647 0.44181908057340585 0.5924038036267139 0.4269896193771626 0.6167293233082707 0.41710331191300043 0.6311034940291906 0.4080408634041852 0.6454776647501106 0.4022738507167573 0.6476890756302521 0.4014499917614104 0.6233635559486953 0.4014499917614104 0.60124944714728
1 0.7384083044982699 0.6930229986731535 0.7491184709177788 0.6908115877930119 0.7573570604712473 0.6930229986731535 0.7647717910693689 0.7206656346749225 0.7754819574888778 0.7527310924369748 0.7845444059976933 0.7693166740380363 0.7746580985335311 0.7859022556390977 0.7655956500247157 0.8002764263600176 0.7499423298731258 0.8069106590004422 0.7285219970341078 0.8069106590004422 0.716164112703905 0.812439186200796 0.7120448179271709 0.812439186200796 0.711220958971824 0.7925364882795223 0.711220958971824 0.7759509066784608 0.721931125391333 0.7571539141972577 0.7202834074806393 0.7361455108359134 0.7178118306145989 0.718454223794781 0.7202834074806393 0.7085028748341442 0.7285219970341078 0.7018686421937196
1 0.806788597792058 0.15896727111897388 0.8191464821222606 0.15454444935869083 0.8422145328719722 0.16007297655904465 0.8628110067556434 0.17334144183989386 0.8875267754160486 0.19103272888102607 0.8916460701927831 0.21204113224237062 0.8891744933267426 0.2275210084033613 0.8718734552644587 0.23968376824413976 0.8628110067556434 0.2518465280849182 0.8521008403361344 0.26843210968597964 0.8463338276487067 0.2828062804068996 0.8323282254078102 0.2728549314462627 0.822441917943648 0.2518465280849182 0.8199703410776075 0.23083812472357362 0.8183226231669138 0.1998783724015922 0.817498764211567 0.1843984962406015 0.8109078925687923 0.16891862007961075
1 0.5629263470093919 0.36241707209199475 0.5826989619377163 0.36352277753206547 0.6041192947767342 0.3613113666519239 0.621420332839018 0.3535714285714286 0.6362497940352612 0.3491486068111455 0.6321304992585269 0.36905130473241926 0.6238919097050585 0.39337682441397614 0.6222441917943647 0.4088567005749668 0.6255396276157522 0.42323087129588677 0.6074147305981216 0.42544228217602836 0.5934091283572253 0.4287593984962406 0.5752842313395946 0.4287593984962406 0.5653979238754325 0.4309708093763821 0.5686933596968199 0.40664528969482533 0.5719887955182072 0.39116541353383466 0.5670456417861263 0.3823197700132685
1 0.6173010380622838 0.004168509509066763 0.6519031141868513 0.006379920389208292 0.6766188828472566 0.005274214949137528 0.6972153567309277 0.0030628040689959974 0.7054539462843961 0.02959973463069436 0.7095732410611303 0.04950243255196814 0.716164112703905 0.06940513047324191 0.7235788433020267 0.08709641751437415 0.7318174328554952 0.10478770455550639 0.7408798813643105 0.11363334807607252 0.7598286373372878 0.1269018133569217 0.7779535343549184 0.1368531623175586 0.7820728291316528 0.14680451127819547 0.7639479321140221 0.16891862007961075 0.7540616246498599 0.19324413976116764 0.7474707530070852 0.2087240159221583 0.7425275992750041 0.22641530296329057 0.7342890097215357 0.2352609464838567 0.716164112703905 0.23857806280406896 0.6988630746416213 0.23857806280406896 0.6898006261328061 0.23747235736399822 0.6823858955346844 0.23857806280406896 0.6757950238919097 0.23304953560371514 0.6716757291151755 0.21867536488279518 0.6741473059812161 0.20761831048208754 0.6815620365793377 0.1965612560813799 0.684033613445378 0.18218708536045994 0.6724995880705223 0.17223573639982306 0.663437139561707 0.16449579831932773 0.6568462679189322 0.15454444935869083 0.6494315373208107 0.1335360459973463 0.647783819410117 0.12579610791685092 0.663437139561707 0.1235846970367094 0.6823858955346844 0.12579610791685092 0.6898006261328061 0.12469040247678016 0.7054539462843961 0.11142193719593098 0.706277805239743 0.10036488279522333 0.7038062283737024 0.08599071207430338 0.6988630746416213 0.06719371959310037 0.6922722029988466 0.058348076072534255 0.6733234470258692 0.06055948695267578 0.6626132806063603 0.06166519239274655 0.6486076783654638 0.06055948695267578 0.6395452298566485 0.05613666519239272 0.6296589223924863 0.05060813799203889 0.6205964738836711 0.047291021671826604
1 0.9550832097544901 0.13574745687748782 0.9666172351293459 0.10921052631578945 0.9888614269237107 0.0948363555948695 0.9995715933432198 0.08930782839451568 1.0029411764705882 0.10287483414418395 1.0029411764705882 0.17776426360017689 1.0029411764705882 0.1998783724015922 0.9855659911023232 0.1965612560813799 0.9806228373702423 0.18550420168067225 0.9789751194595486 0.1622843874391862 0.9707365299060801 0.15343874391862006 0.9624979403526116 0.14791021671826624
1 0.716164112703905 0.46082485625829284 0.7301697149448014 0.4530849181777975 0.7359367276322294 0.4829389650597081 0.748294611962432 0.5150044228217603 0.7647717910693689 0.5459641751437417 0.7787773933102653 0.5647611676249448 0.7927829955511616 0.5647611676249448 0.8059647388367112 0.5559155241043786 0.8092601746580986 0.5371185316231757 0.8191464821222606 0.5481755860238833 0.8315043664524633 0.5658668730650155 0.8463338276487067 0.5791353383458647 0.8562201351128688 0.5879809818664309 0.8545724172021749 0.5968266253869969 0.8380952380952381 0.5912980981866431 0.8240896358543418 0.60124944714728 0.8183226231669138 0.6211521450685538 0.8059647388367112 0.6465833701901814 0.7936068545065086 0.6598518354710305 0.7738342395781842 0.6742260061919504 0.7647717910693689 0.680860238832375 0.7532377656945131 0.6786488279522336 0.7458230350963915 0.6753317116320212 0.7507661888284726 0.6543233082706768 0.7565332015159005 0.6366320212295445 0.7623002142033284 0.6067779743476338 0.7507661888284726 0.5901923927465723 0.743351458230351 0.5702896948252986 0.7359367276322294 0.5537041132242371 0.7318174328554952 0.526061477222468 0.7285219970341078 0.5127930119416187 0.7244027022573736 0.49510172490048654 0.7211072664359861 0.4807275541795666
