1 0.004270391949152519 0.3511659807956104 0.043994968220338965 0.3511659807956104 0.03985699152542371 0.3511659807956104 0.026615466101694907 0.3511659807956104 0.0034427966101694685 0.3511659807956104 0.004270391949152519 0.3511659807956104
1 0.04896054025423727 0.3511659807956104 0.08206435381355931 0.3511659807956104 0.09861626059322032 0.3511659807956104 0.0961334745762712 0.3511659807956104 0.09282309322033899 0.3511659807956104 0.10192664194915252 0.3511659807956104 0.10523702330508472 0.3511659807956104 0.11020259533898302 0.3511659807956104 0.11185778601694912 0.3511659807956104 0.1060646186440678 0.3511659807956104 0.08868511652542371 0.3511659807956104 0.07627118644067793 0.3511659807956104 0.05889168432203387 0.3511659807956104 0.05061573093220337 0.3511659807956104 0.043167372881355914 0.3511659807956104 0.03902939618644066 0.3511659807956104 0.03571901483050846 0.3511659807956104 0.03158103813559321 0.3511659807956104 0.03323622881355931 0.3511659807956104 0.041512182203389814 0.3511659807956104
1 0.1466167902542373 0.3511659807956104 0.1846861758474576 0.3511659807956104 0.1987552966101695 0.3511659807956104 0.2053760593220339 0.3511659807956104 0.1846861758474576 0.3511659807956104 0.17392743644067798 0.3511659807956104 0.16896186440677963 0.3511659807956104 0.158203125 0.3511659807956104 0.1499271716101695 0.3511659807956104 0.1399960275423729 0.3511659807956104 0.1292372881355932 0.3511659807956104 0.1275820974576271 0.3511659807956104 0.1284096927966102 0.3511659807956104 0.1375132415254237 0.3511659807956104
1 0.09365068855932202 0.3511659807956104 0.12509931144067793 0.3511659807956104 0.1449615995762712 0.3511659807956104 0.15406514830508472 0.3511659807956104 0.16234110169491522 0.3511659807956104 0.16565148305084743 0.3511659807956104 0.1697894597457627 0.3511659807956104 0.15737552966101692 0.3511659807956104 0.1358580508474576 0.3511659807956104 0.11682335805084743 0.3511659807956104 0.10192664194915252 0.3511659807956104 0.0961334745762712 0.3511659807956104
1 0.0688228283898305 0.3511659807956104 0.09696106991525422 0.3511659807956104 0.1209613347457627 0.3511659807956104 0.1366856461864407 0.3511659807956104 0.1449615995762712 0.3511659807956104 0.1449615995762712 0.3511659807956104 0.14413400423728812 0.3511659807956104 0.1342028601694915 0.3511659807956104 0.09282309322033899 0.3511659807956104 0.0754435911016949 0.3511659807956104 0.06965042372881353 0.3511659807956104
1 0.0009765625 0.3511659807956104 0.021649894067796605 0.3511659807956104 0.03820180084745761 0.3511659807956104 0.05061573093220337 0.3511659807956104 0.06468485169491522 0.3511659807956104 0.07627118644067793 0.3511659807956104 0.0638572563559322 0.3511659807956104 0.05723649364406777 0.3511659807956104 0.04978813559322032 0.3511659807956104 0.03323622881355931 0.3511659807956104 0.010063559322033871 0.3511659807956104 0.0034427966101694685 0.3511659807956104 0.0017876059322033677 0.3511659807956104 0.0034427966101694685 0.3511659807956104
1 0.0009765625 0.3511659807956104 0.015029131355932202 0.3511659807956104 0.019167108050847453 0.3511659807956104 0.015856726694915252 0.3511659807956104 0.0034427966101694685 0.3511659807956104 0.0009765625 0.3511659807956104 0.0009765625 0.3511659807956104 0.0009765625 0.3511659807956104
1 0.060546875 0.3511659807956104 0.07296080508474573 0.3511659807956104 0.08289194915254239 0.3511659807956104 0.09282309322033899 0.3511659807956104 0.1077198093220339 0.3511659807956104 0.1110301906779661 0.3511659807956104 0.11185778601694912 0.3511659807956104 0.1060646186440678 0.3511659807956104 0.0961334745762712 0.3511659807956104 0.08289194915254239 0.3511659807956104 0.0671676377118644 0.3511659807956104
1 0.15737552966101692 0.3511659807956104 0.1846861758474576 0.3511659807956104 0.1714446504237288 0.3511659807956104 0.1772378177966102 0.3511659807956104 0.1797206038135593 0.3511659807956104 0.16068591101694912 0.3511659807956104 0.14744438559322032 0.3511659807956104 0.1433064088983051 0.3511659807956104 0.1499271716101695 0.3511659807956104 0.1532375529661017 0.3511659807956104
1 0.190479343220339 0.3511659807956104 0.21613479872881358 0.3511659807956104 0.24179025423728812 0.3511659807956104 0.2277211334745763 0.3511659807956104 0.21447960805084743 0.3511659807956104 0.2004104872881356 0.3511659807956104 0.18965174788135591 0.3511659807956104 0.1697894597457627 0.3511659807956104 0.1631686970338983 0.3511659807956104 0.1615135063559322 0.3511659807956104 0.1648238877118644 0.3511659807956104 0.17061705508474573 0.3511659807956104 0.1822033898305085 0.3511659807956104
1 0.18965174788135591 0.3511659807956104 0.20620365466101692 0.3511659807956104 0.223583156779661 0.3511659807956104 0.2302039194915254 0.3511659807956104 0.24013506355932202 0.3511659807956104 0.2533765889830508 0.3511659807956104 0.2657905190677966 0.3511659807956104 0.2773768538135593 0.3511659807956104 0.2906183792372881 0.3511659807956104 0.2980667372881356 0.3511659807956104 0.2980667372881356 0.3511659807956104 0.2939287605932203 0.3511659807956104 0.288963188559322 0.3511659807956104 0.272411281779661 0.3511659807956104 0.2674457097457627 0.3511659807956104 0.2624801377118644 0.3511659807956104 0.24675582627118642 0.3511659807956104 0.2252383474576271 0.3511659807956104 0.2169623940677966 0.3511659807956104 0.20785884533898302 0.3511659807956104 0.2020656779661017 0.3511659807956104 0.1954449152542373 0.3511659807956104
1 0.2591697563559322 0.3511659807956104 0.2691009004237288 0.3511659807956104 0.2674457097457627 0.3511659807956104 0.2608249470338983 0.3511659807956104 0.2641353283898305 0.3511659807956104 0.2691009004237288 0.3511659807956104 0.2699284957627119 0.3511659807956104 0.2641353283898305 0.3511659807956104 0.256686970338983 0.3511659807956104 0.24179025423728812 0.3511659807956104 0.2326867055084746 0.3511659807956104 0.21447960805084743 0.3511659807956104 0.21116922669491522 0.3511659807956104 0.2202727754237288 0.3511659807956104 0.2268935381355932 0.3511659807956104 0.23847987288135591 0.3511659807956104 0.2442730402542373 0.3511659807956104 0.2508938029661017 0.3511659807956104
1 0.19792770127118642 0.3511659807956104 0.20123808262711862 0.3511659807956104 0.2066643493997175 0.3511659807956104 0.21778998940677968 0.3511659807956104 0.2318591101694915 0.3511659807956104 0.24841101694915252 0.3511659807956104 0.2542041843220339 0.3511659807956104 0.2599973516949152 0.3511659807956104 0.2707560911016949 0.3511659807956104 0.2839976165254237 0.3511659807956104 0.2897907838983051 0.3511659807956104 0.2947563559322034 0.3511659807956104 0.2972391419491525 0.3511659807956104 0.2856528072033898 0.3511659807956104 0.2782044491525424 0.3511659807956104 0.2682733050847458 0.3511659807956104 0.2517213983050847 0.3511659807956104 0.2343418961864407 0.3511659807956104 0.20454846398305082 0.3511659807956104 0.1987552966101695 0.3511659807956104
1 0.2575145656779661 0.3511659807956104 0.2707560911016949 0.3511659807956104 0.288963188559322 0.3511659807956104 0.3005495233050847 0.3511659807956104 0.3071702860169492 0.3511659807956104 0.3096530720338983 0.3511659807956104 0.3005495233050847 0.3511659807956104 0.2914459745762712 0.3511659807956104 0.2823424258474576 0.3511659807956104 0.2674457097457627 0.3511659807956104 0.2591697563559322 0.3511659807956104
1 0.0034427966101694685 0.3511659807956104 0.03654661016949151 0.3511659807956104 0.04813294491525422 0.3511659807956104 0.06468485169491522 0.3511659807956104 0.07958156779661013 0.3511659807956104 0.08868511652542371 0.3511659807956104 0.08537473516949151 0.3511659807956104 0.07130561440677963 0.3511659807956104 0.05806408898305082 0.3511659807956104 0.042339777542372864 0.3511659807956104 0.00840836864406777 0.3511659807956104 0.0009765625 0.3511659807956104
1 0.11682335805084743 0.3511659807956104 0.1333752648305085 0.3511659807956104 0.14909957627118642 0.3511659807956104 0.15903072033898302 0.3511659807956104 0.17227224576271188 0.3511659807956104 0.1788930084745763 0.3511659807956104 0.17061705508474573 0.3511659807956104 0.16234110169491522 0.3511659807956104 0.15240995762711862 0.3511659807956104 0.1375132415254237 0.3511659807956104 0.12509931144067793 0.3511659807956104 0.10854740466101692 0.3511659807956104 0.1044094279661017 0.3511659807956104 0.10689221398305082 0.3511659807956104 0.1176509533898305 0.3511659807956104 0.12013373940677963 0.3511659807956104 0.1193061440677966 0.3511659807956104
1 0.2053760593220339 0.3511659807956104 0.2368246822033898 0.3511659807956104 0.24510063559322032 0.3511659807956104 0.2442730402542373 0.3511659807956104 0.2442730402542373 0.3511659807956104 0.24841101694915252 0.3511659807956104 0.2533765889830508 0.3511659807956104 0.2533765889830508 0.3511659807956104 0.2525489936440678 0.3511659807956104 0.2326867055084746 0.3511659807956104 0.223583156779661 0.3511659807956104 0.21282441737288132 0.3511659807956104 0.2020656779661017 0.3511659807956104 0.1987552966101695 0.3511659807956104 0.19958289194915252 0.3511659807956104
1 0.12013373940677963 0.3511659807956104 0.1284096927966102 0.3511659807956104 0.14082362288135591 0.3511659807956104 0.1631686970338983 0.3511659807956104 0.1813757944915254 0.3511659807956104 0.19627251059322032 0.3511659807956104 0.20454846398305082 0.3511659807956104 0.22110037076271188 0.3511659807956104 0.2277211334745763 0.3511659807956104 0.22441075211864409 0.3511659807956104 0.21282441737288132 0.3511659807956104 0.1971001059322034 0.3511659807956104 0.1838585805084746 0.3511659807956104 0.17392743644067798 0.3511659807956104 0.15240995762711862 0.3511659807956104 0.1391684322033898 0.3511659807956104 0.1284096927966102 0.3511659807956104 0.1242717161016949 0.3511659807956104
1 0.2980667372881356 0.3511659807956104 0.33199814618644063 0.3511659807956104 0.321239406779661 0.3511659807956104 0.3096530720338983 0.3511659807956104
1 0.3171014300847458 0.3511659807956104 0.3278601694915254 0.3511659807956104 0.3402740995762712 0.3511659807956104 0.3502052436440678 0.3511659807956104 0.369239936440678 0.3511659807956104 0.38082627118644063 0.3511659807956104 0.38082627118644063 0.3511659807956104 0.37420550847457623 0.3511659807956104 0.3634467690677966 0.3511659807956104 0.34192929025423724 0.3511659807956104 0.33199814618644063 0.3511659807956104 0.32289459745762716 0.3511659807956104
1 0.31627383474576276 0.3511659807956104 0.34192929025423724 0.3511659807956104 0.3568260063559322 0.3511659807956104 0.36841234110169496 0.3511659807956104 0.370067531779661 0.3511659807956104 0.37089512711864403 0.3511659807956104 0.369239936440678 0.3511659807956104 0.35848119703389836 0.3511659807956104 0.3477224576271186 0.3511659807956104 0.3336533368644068 0.3511659807956104 0.3179290254237288 0.3511659807956104 0.3121358580508475 0.3511659807956104 0.3055150953389831 0.3511659807956104 0.3022047139830508 0.3511659807956104 0.3005495233050847 0.3511659807956104 0.2997219279661017 0.3511659807956104 0.3022047139830508 0.3511659807956104
1 0.3154462394067796 0.3511659807956104 0.33861890889830504 0.3511659807956104 0.3510328389830508 0.3511659807956104 0.3758606991525424 0.3511659807956104 0.386619438559322 0.3511659807956104 0.40068855932203395 0.3511659807956104 0.41061970338983056 0.3511659807956104 0.4056541313559322 0.3511659807956104 0.38496424788135597 0.3511659807956104 0.36758474576271183 0.3511659807956104 0.3502052436440678 0.3511659807956104 0.3270325741525424 0.3511659807956104 0.31958421610169496 0.3511659807956104 0.3129634533898305 0.3511659807956104 0.3121358580508475 0.3511659807956104 0.3146186440677966 0.3511659807956104
1 0.42386122881355937 0.3511659807956104 0.4412407309322034 0.3511659807956104 0.4445511122881356 0.3511659807956104 0.4387579449152542 0.3511659807956104 0.4313095868644068 0.3511659807956104 0.42055084745762716 0.3511659807956104 0.4081369173728814 0.3511659807956104 0.386619438559322 0.3511659807956104 0.37089512711864403 0.3511659807956104 0.35186043432203395 0.3511659807956104 0.336963718220339 0.3511659807956104 0.352688029661017 0.3511659807956104 0.3667571504237288 0.3511659807956104 0.37751588983050843 0.3511659807956104 0.386619438559322 0.3511659807956104 0.39406779661016944 0.3511659807956104 0.4064817266949152 0.3511659807956104 0.4155852754237288 0.3511659807956104
1 0.4131024894067796 0.3511659807956104 0.43627515889830504 0.3511659807956104 0.451171875 0.3511659807956104 0.46524099576271183 0.3511659807956104 0.450344279661017 0.3511659807956104 0.4445511122881356 0.3511659807956104 0.43627515889830504 0.3511659807956104 0.4255164194915254 0.3511659807956104 0.4147576800847458 0.3511659807956104 0.3799986758474576 0.3511659807956104 0.3791710805084746 0.3511659807956104 0.37751588983050843 0.3511659807956104 0.38413665254237284 0.3511659807956104 0.39075741525423724 0.3511659807956104 0.40068855932203395 0.3511659807956104
1 0.466896186440678 0.3511659807956104 0.483448093220339 0.3511659807956104 0.5 0.3511659807956104 0.5033103813559322 0.3511659807956104 0.49172404661016955 0.3511659807956104 0.48262049788135597 0.3511659807956104 0.46524099576271183 0.3511659807956104 0.45282706567796616 0.3511659807956104 0.4445511122881356 0.3511659807956104 0.4313095868644068 0.3511659807956104 0.4420683262711864 0.3511659807956104 0.4470338983050848 0.3511659807956104 0.4569650423728814 0.3511659807956104 0.45944782838983056 0.3511659807956104
1 0.48262049788135597 0.3511659807956104 0.5124139300847458 0.3511659807956104 0.5248278601694916 0.3511659807956104 0.5289658368644068 0.3511659807956104 0.5215174788135594 0.3511659807956104 0.5066207627118644 0.3511659807956104 0.49172404661016955 0.3511659807956104 0.4809653072033898 0.3511659807956104 0.47848252118644063 0.3511659807956104 0.47848252118644063 0.3511659807956104 0.47931011652542377 0.3511659807956104
1 0.46606859110169496 0.3511659807956104 0.4801377118644068 0.3511659807956104 0.4958620233050848 0.3511659807956104 0.5016551906779662 0.3511659807956104 0.5082759533898306 0.3511659807956104 0.5140691207627118 0.3511659807956104 0.5124139300847458 0.3511659807956104 0.5115863347457628 0.3511659807956104 0.515724311440678 0.3511659807956104 0.532276218220339 0.3511659807956104 0.5380693855932204 0.3511659807956104 0.5397245762711864 0.3511659807956104 0.5413797669491526 0.3511659807956104 0.5438625529661018 0.3511659807956104 0.5554488877118644 0.3511659807956104 0.564552436440678 0.3511659807956104 0.5612420550847458 0.3511659807956104 0.547172934322034 0.3511659807956104 0.5256554555084746 0.3511659807956104 0.5033103813559322 0.3511659807956104 0.4908964512711864 0.3511659807956104 0.47517213983050843 0.3511659807956104 0.4635858050847458 0.3511659807956104 0.45282706567796616 0.3511659807956104 0.44620630296610175 0.3511659807956104 0.4486890889830508 0.3511659807956104 0.4544822563559322 0.3511659807956104 0.4611030190677966 0.3511659807956104
1 0.5546212923728814 0.3511659807956104 0.5711731991525424 0.3511659807956104 0.5777939618644068 0.3511659807956104 0.581104343220339 0.3511659807956104 0.5868975105932204 0.3511659807956104 0.5753111758474576 0.3511659807956104 0.5686904131355932 0.3511659807956104 0.5546212923728814 0.3511659807956104 0.5504833156779662 0.3511659807956104 0.5554488877118644 0.3511659807956104 0.5562764830508474 0.3511659807956104
1 0.5786215572033898 0.3511659807956104 0.6026218220338984 0.3511659807956104 0.6183461334745763 0.3511659807956104 0.6572431144067796 0.3511659807956104 0.6688294491525424 0.3511659807956104 0.6737950211864407 0.3511659807956104 0.6704846398305085 0.3511659807956104 0.645656779661017 0.3511659807956104 0.6274496822033898 0.3511659807956104 0.6108977754237288 0.3511659807956104 0.5902078919491526 0.3511659807956104 0.5786215572033898 0.3511659807956104
1 0.6688294491525424 0.3511659807956104 0.6742170948093221 0.3511659807956104 0.6911745233050848 0.3511659807956104 0.6903469279661018 0.3511659807956104 0.6886917372881356 0.3511659807956104 0.6845537605932204 0.3511659807956104 0.6762778072033898 0.3511659807956104 0.6704846398305085 0.3511659807956104 0.6688294491525424 0.3511659807956104
1 0.711036811440678 0.3511659807956104 0.7383474576271186 0.3511659807956104 0.7731064618644068 0.3511659807956104 0.7797272245762712 0.3511659807956104 0.7846927966101696 0.3511659807956104 0.792141154661017 0.3511659807956104 0.8128310381355932 0.3511659807956104 0.8128310381355932 0.3511659807956104 0.8070378707627119 0.3511659807956104 0.8020722987288136 0.3511659807956104 0.7987619173728814 0.3511659807956104 0.791313559322034 0.3511659807956104 0.7333818855932204 0.3511659807956104 0.7143471927966102 0.3511659807956104 0.7019332627118644 0.3511659807956104 0.7019332627118644 0.3511659807956104 0.696140095338983 0.3511659807956104 0.6920021186440678 0.3511659807956104 0.696140095338983 0.3511659807956104 0.7002780720338984 0.3511659807956104 0.7068988347457628 0.3511659807956104
1 0.5910354872881356 0.3511659807956104 0.6208289194915254 0.3511659807956104 0.6406912076271186 0.3511659807956104 0.6415188029661018 0.3511659807956104 0.644829184322034 0.3511659807956104 0.645656779661017 0.3511659807956104 0.6382084216101696 0.3511659807956104 0.629932468220339 0.3511659807956104 0.6051046080508474 0.3511659807956104 0.5951734639830508 0.3511659807956104 0.5893802966101696 0.3511659807956104 0.5885527012711864 0.3511659807956104 0.5902078919491526 0.3511659807956104
1 0.6539327330508474 0.3511659807956104 0.6804157838983051 0.3511659807956104 0.6903469279661018 0.3511659807956104 0.693657309322034 0.3511659807956104 0.6754502118644068 0.3511659807956104 0.6605534957627118 0.3511659807956104 0.6539327330508474 0.3511659807956104
1 0.5910354872881356 0.3511659807956104 0.6175185381355932 0.3511659807956104 0.6100701800847458 0.3511659807956104 0.598483845338983 0.3511659807956104 0.5711731991525424 0.3511659807956104 0.564552436440678 0.3511659807956104 0.5711731991525424 0.3511659807956104 0.5761387711864407 0.3511659807956104 0.581931938559322 0.3511659807956104 0.5860699152542374 0.3511659807956104
1 0.37834348516949157 0.3511659807956104 0.3957229872881356 0.3511659807956104 0.40068855932203395 0.3511659807956104 0.3957229872881356 0.3511659807956104 0.386619438559322 0.3511659807956104 0.3824814618644068 0.3511659807956104 0.3758606991525424 0.3511659807956104 0.37420550847457623 0.3511659807956104 0.37420550847457623 0.3511659807956104
1 0.4114472987288136 0.3511659807956104 0.42965439618644063 0.3511659807956104 0.450344279661017 0.3511659807956104 0.46524099576271183 0.3511659807956104 0.47848252118644063 0.3511659807956104 0.4776549258474576 0.3511659807956104 0.4635858050847458 0.3511659807956104 0.44620630296610175 0.3511659807956104 0.4279992055084746 0.3511659807956104 0.4131024894067796 0.3511659807956104 0.40399894067796616 0.3511659807956104 0.4056541313559322 0.3511659807956104 0.4097921080508474 0.3511659807956104
1 0.2599973516949152 0.3511659807956104 0.2914459745762712 0.3511659807956104 0.3022047139830508 0.3511659807956104 0.3154462394067796 0.3511659807956104 0.3104806673728814 0.3511659807956104 0.3038599046610169 0.3511659807956104 0.2906183792372881 0.3511659807956104 0.2641353283898305 0.3511659807956104 0.2608249470338983 0.3511659807956104 0.2542041843220339 0.3511659807956104 0.2542041843220339 0.3511659807956104 0.2542041843220339 0.3511659807956104
1 0.32868776483050843 0.3511659807956104 0.3411016949152542 0.3511659807956104 0.3502052436440678 0.3511659807956104 0.3510328389830508 0.3511659807956104 0.3444120762711864 0.3511659807956104 0.3278601694915254 0.3511659807956104 0.31627383474576276 0.3511659807956104 0.3079978813559322 0.3511659807956104 0.3113082627118644 0.3511659807956104 0.3245497881355932 0.3511659807956104
1 0.3121358580508475 0.3511659807956104 0.3311705508474576 0.3511659807956104 0.3576536016949152 0.3511659807956104 0.3824814618644068 0.3511659807956104 0.3957229872881356 0.3511659807956104 0.4097921080508474 0.3511659807956104 0.41061970338983056 0.3511659807956104 0.3982057733050848 0.3511659807956104 0.37503310381355937 0.3511659807956104 0.353515625 0.3511659807956104 0.3311705508474576 0.3511659807956104 0.31627383474576276 0.3511659807956104
1 0.42634401483050843 0.3511659807956104 0.4611030190677966 0.3511659807956104 0.48262049788135597 0.3511659807956104 0.5033103813559322 0.3511659807956104 0.514896716101695 0.3511659807956104 0.5231726694915254 0.3511659807956104 0.5256554555084746 0.3511659807956104 0.5264830508474576 0.3511659807956104 0.517379502118644 0.3511659807956104 0.5049655720338984 0.3511659807956104 0.4735169491525424 0.3511659807956104 0.45613744703389836 0.3511659807956104 0.451999470338983 0.3511659807956104 0.4486890889830508 0.3511659807956104 0.4387579449152542 0.3511659807956104 0.4213784427966102 0.3511659807956104 0.41061970338983056 0.3511659807956104 0.40234375 0.3511659807956104 0.3982057733050848 0.3511659807956104 0.3915850105932204 0.3511659807956104 0.3924126059322034 0.3511659807956104 0.3982057733050848 0.3511659807956104 0.4081369173728814 0.3511659807956104 0.418068061440678 0.3511659807956104
1 0.6497947563559322 0.3511659807956104 0.663036281779661 0.3511659807956104 0.6704846398305085 0.3511659807956104 0.678760593220339 0.3511659807956104 0.6704846398305085 0.3511659807956104 0.6506223516949152 0.3511659807956104 0.629932468220339 0.3511659807956104 0.6084149894067796 0.3511659807956104 0.6009666313559322 0.3511659807956104 0.5993114406779662 0.3511659807956104 0.6067597987288136 0.3511659807956104 0.6200013241525424 0.3511659807956104 0.629104872881356 0.3511659807956104 0.646484375 0.3511659807956104
1 0.6895193326271186 0.3511659807956104 0.710209216101695 0.3511659807956104 0.7193127648305085 0.3511659807956104 0.7317266949152542 0.3511659807956104 0.744968220338983 0.3511659807956104 0.742485434322034 0.3511659807956104 0.7317266949152542 0.3511659807956104 0.7217955508474576 0.3511659807956104 0.7135195974576272 0.3511659807956104 0.694484904661017 0.3511659807956104 0.6812433792372882 0.3511659807956104
1 0.6746226165254238 0.3511659807956104 0.6920021186440678 0.3511659807956104 0.7019332627118644 0.3511659807956104 0.7077264300847458 0.3511659807956104 0.7176575741525424 0.3511659807956104 0.7251059322033898 0.3511659807956104 0.7234507415254238 0.3511659807956104 0.744140625 0.3511659807956104 0.7524165783898306 0.3511659807956104 0.7491061970338984 0.3511659807956104 0.7366922669491526 0.3511659807956104 0.7168299788135594 0.3511659807956104 0.7002780720338984 0.3511659807956104 0.6870365466101696 0.3511659807956104 0.677105402542373 0.3511659807956104 0.6762778072033898 0.3511659807956104
1 0.6878641419491526 0.3511659807956104 0.7242783368644068 0.3511659807956104 0.7375198622881356 0.3511659807956104 0.744140625 0.3511659807956104 0.7383474576271186 0.3511659807956104 0.727588718220339 0.3511659807956104 0.7242783368644068 0.3511659807956104 0.7093816207627119 0.3511659807956104 0.694484904661017 0.3511659807956104 0.6837261652542374 0.3511659807956104 0.6828985699152542 0.3511659807956104
1 0.255859375 0.3511659807956104 0.2748940677966102 0.3511659807956104 0.2906183792372881 0.3511659807956104 0.2980667372881356 0.3511659807956104 0.3030323093220339 0.3511659807956104 0.2964115466101695 0.3511659807956104 0.2831700211864407 0.3511659807956104 0.2666181144067797 0.3511659807956104 0.256686970338983 0.3511659807956104
1 0.2955839512711864 0.3511659807956104 0.3121358580508475 0.3511659807956104 0.321239406779661 0.3511659807956104 0.3344809322033898 0.3511659807956104 0.3411016949152542 0.3511659807956104 0.3402740995762712 0.3511659807956104 0.32868776483050843 0.3511659807956104 0.3079978813559322 0.3511659807956104 0.2972391419491525 0.3511659807956104 0.2955839512711864 0.3511659807956104
1 0.35848119703389836 0.3511659807956104 0.385791843220339 0.3511659807956104 0.40234375 0.3511659807956104 0.4122748940677966 0.3511659807956104 0.40399894067796616 0.3511659807956104 0.3899298199152542 0.3511659807956104 0.3833090572033898 0.3511659807956104 0.36841234110169496 0.3511659807956104 0.3601363877118644 0.3511659807956104 0.3593087923728814 0.3511659807956104
1 0.4155852754237288 0.3511659807956104 0.40399894067796616 0.3511659807956104 0.39406779661016944 0.3511659807956104 0.418895656779661 0.3511659807956104 0.42634401483050843 0.3511659807956104 0.4246888241525424 0.3511659807956104
1 0.42965439618644063 0.3511659807956104 0.43958554025423735 0.3511659807956104 0.44620630296610175 0.3511659807956104 0.451999470338983 0.3511659807956104 0.4486890889830508 0.3511659807956104 0.43627515889830504 0.3511659807956104 0.42965439618644063 0.3511659807956104 0.4279992055084746 0.3511659807956104 0.42717161016949157 0.3511659807956104
1 0.002615201271186418 0.3511659807956104 0.017511917372881353 0.3511659807956104 0.03158103813559321 0.3511659807956104 0.03075344279661016 0.3511659807956104 0.015856726694915252 0.3511659807956104 0.013373940677966073 0.3511659807956104 0.00840836864406777 0.3511659807956104 0.004270391949152519 0.3511659807956104 0.0009765625 0.3511659807956104 0.0017876059322033677 0.3511659807956104 0.0009765625 0.3511659807956104
1 0.0688228283898305 0.3511659807956104 0.08868511652542371 0.3511659807956104 0.10523702330508472 0.3511659807956104 0.10689221398305082 0.3511659807956104 0.11185778601694912 0.3511659807956104 0.12178893008474573 0.3511659807956104 0.1300648834745763 0.3511659807956104 0.12178893008474573 0.3511659807956104 0.0961334745762712 0.3511659807956104 0.0721332097457627 0.3511659807956104 0.06965042372881353 0.3511659807956104 0.0622020656779661 0.3511659807956104 0.05061573093220337 0.3511659807956104 0.029098252118644058 0.3511659807956104 0.041512182203389814 0.3511659807956104 0.05475370762711862 0.3511659807956104 0.05971927966101695 0.3511659807956104 0.06302966101694915 0.3511659807956104
1 0.02992584745762711 0.3511659807956104 0.041512182203389814 0.3511659807956104 0.05061573093220337 0.3511659807956104 0.0638572563559322 0.3511659807956104 0.06137447033898305 0.3511659807956104 0.047305349576271166 0.3511659807956104 0.03323622881355931 0.3511659807956104 0.028270656779661008 0.3511659807956104 0.027443061440677957 0.3511659807956104 0.027443061440677957 0.3511659807956104
1 0.174755031779661 0.3511659807956104 0.20123808262711862 0.3511659807956104 0.2252383474576271 0.3511659807956104 0.2798596398305085 0.3511659807956104 0.2782044491525424 0.3511659807956104 0.2682733050847458 0.3511659807956104 0.256686970338983 0.3511659807956104 0.2426178495762712 0.3511659807956104 0.2376522775423729 0.3511659807956104 0.2351694915254237 0.3511659807956104 0.2285487288135593 0.3511659807956104 0.20951403601694912 0.3511659807956104 0.19958289194915252 0.3511659807956104 0.1830309851694915 0.3511659807956104 0.1664790783898305 0.3511659807956104 0.1598583156779661 0.3511659807956104 0.1615135063559322 0.3511659807956104 0.16896186440677963 0.3511659807956104
1 0.1284096927966102 0.3511659807956104 0.1391684322033898 0.3511659807956104 0.1681342690677966 0.3511659807956104 0.18965174788135591 0.3511659807956104 0.19627251059322032 0.3511659807956104 0.1954449152542373 0.3511659807956104 0.1764102224576271 0.3511659807956104 0.15903072033898302 0.3511659807956104 0.1375132415254237 0.3511659807956104 0.12178893008474573 0.3511659807956104 0.1159957627118644 0.3511659807956104 0.12178893008474573 0.3511659807956104
1 0.03737420550847456 0.3511659807956104 0.05144332627118642 0.3511659807956104 0.06799523305084743 0.3511659807956104 0.08206435381355931 0.3511659807956104 0.08785752118644069 0.3511659807956104 0.0961334745762712 0.3511659807956104 0.1044094279661017 0.3511659807956104 0.08123675847457623 0.3511659807956104 0.060546875 0.3511659807956104 0.043167372881355914 0.3511659807956104
1 0.16730667372881353 0.3511659807956104 0.1772378177966102 0.3511659807956104 0.1888241525423729 0.3511659807956104 0.20454846398305082 0.3511659807956104 0.21944518008474578 0.3511659807956104 0.2368246822033898 0.3511659807956104 0.24675582627118642 0.3511659807956104 0.2508938029661017 0.3511659807956104 0.2368246822033898 0.3511659807956104 0.21447960805084743 0.3511659807956104 0.190479343220339 0.3511659807956104
1 0.2260659427966102 0.3511659807956104 0.2442730402542373 0.3511659807956104 0.256686970338983 0.3511659807956104 0.255859375 0.3511659807956104 0.24841101694915252 0.3511659807956104 0.2359970868644068 0.3511659807956104 0.223583156779661 0.3511659807956104 0.2103416313559322 0.3511659807956104
1 0.2897907838983051 0.3511659807956104 0.2988943326271186 0.3511659807956104 0.3005495233050847 0.3511659807956104 0.3046875 0.3511659807956104 0.320411811440678 0.3511659807956104 0.32868776483050843 0.3511659807956104 0.32868776483050843 0.3511659807956104 0.3129634533898305 0.3511659807956104 0.2997219279661017 0.3511659807956104 0.288963188559322 0.3511659807956104 0.2815148305084746 0.3511659807956104 0.2641353283898305 0.3511659807956104 0.2492386122881356 0.3511659807956104 0.23847987288135591 0.3511659807956104 0.2442730402542373 0.3511659807956104 0.24841101694915252 0.3511659807956104 0.2550317796610169 0.3511659807956104 0.2682733050847458 0.3511659807956104 0.2782044491525424 0.3511659807956104
1 0.0638572563559322 0.3511659807956104 0.08371954449152541 0.3511659807956104 0.0977886652542373 0.3511659807956104 0.09861626059322032 0.3511659807956104 0.07875397245762711 0.3511659807956104 0.07130561440677963 0.3511659807956104
1 0.4635858050847458 0.3511659807956104 0.47599973516949157 0.3511659807956104 0.46937897245762716 0.3511659807956104 0.45944782838983056 0.3511659807956104 0.45613744703389836 0.3511659807956104 0.45282706567796616 0.3511659807956104
1 0.370067531779661 0.3511659807956104 0.41061970338983056 0.3511659807956104 0.4379303495762712 0.3511659807956104 0.46524099576271183 0.3511659807956104 0.46855137711864403 0.3511659807956104 0.47186175847457623 0.3511659807956104 0.4710341631355932 0.3511659807956104 0.45944782838983056 0.3511659807956104 0.4478614936440678 0.3511659807956104 0.4246888241525424 0.3511659807956104 0.4097921080508474 0.3511659807956104 0.386619438559322 0.3511659807956104 0.35848119703389836 0.3511659807956104 0.3502052436440678 0.3511659807956104 0.3460672669491526 0.3511659807956104 0.35848119703389836 0.3511659807956104
1 0.255859375 0.3511659807956104 0.2674457097457627 0.3511659807956104 0.2798596398305085 0.3511659807956104 0.2980667372881356 0.3511659807956104 0.32206700211864403 0.3511659807956104 0.33530852754237284 0.3511659807956104 0.3402740995762712 0.3511659807956104 0.3435844809322034 0.3511659807956104 0.3460672669491526 0.3511659807956104 0.3427568855932204 0.3511659807956104 0.337791313559322 0.3511659807956104 0.3129634533898305 0.3511659807956104 0.2931011652542373 0.3511659807956104 0.2815148305084746 0.3511659807956104 0.2748940677966102 0.3511659807956104
1 0.385791843220339 0.3511659807956104 0.38413665254237284 0.3511659807956104 0.39737817796610175 0.3511659807956104 0.4147576800847458 0.3511659807956104 0.42965439618644063 0.3511659807956104 0.451999470338983 0.3511659807956104 0.4635858050847458 0.3511659807956104 0.46937897245762716 0.3511659807956104 0.46855137711864403 0.3511659807956104 0.467723781779661 0.3511659807956104 0.4288268008474576 0.3511659807956104 0.4155852754237288 0.3511659807956104
1 0.47268935381355937 0.3511659807956104 0.4900688559322034 0.3511659807956104 0.5 0.3511659807956104 0.514896716101695 0.3511659807956104 0.533103813559322 0.3511659807956104 0.5455177436440678 0.3511659807956104 0.5579316737288136 0.3511659807956104 0.564552436440678 0.3511659807956104 0.5703456038135594 0.3511659807956104 0.5744835805084746 0.3511659807956104 0.5744835805084746 0.3511659807956104 0.566207627118644 0.3511659807956104 0.5504833156779662 0.3511659807956104 0.5347590042372882 0.3511659807956104 0.5297934322033898 0.3511659807956104 0.5240002648305084 0.3511659807956104 0.5074483580508474 0.3511659807956104 0.48841366525423735 0.3511659807956104 0.4776549258474576 0.3511659807956104 0.4710341631355932 0.3511659807956104
1 0.5016551906779662 0.3511659807956104 0.5231726694915254 0.3511659807956104 0.5455177436440678 0.3511659807956104 0.5711731991525424 0.3511659807956104 0.5844147245762712 0.3511659807956104 0.5926906779661018 0.3511659807956104 0.596828654661017 0.3511659807956104 0.5926906779661018 0.3511659807956104 0.5753111758474576 0.3511659807956104 0.566207627118644 0.3511659807956104 0.5521385063559322 0.3511659807956104 0.533103813559322 0.3511659807956104 0.5182070974576272 0.3511659807956104 0.5074483580508474 0.3511659807956104 0.5033103813559322 0.3511659807956104 0.5016551906779662 0.3511659807956104
1 0.4801377118644068 0.3511659807956104 0.5057931673728814 0.3511659807956104 0.5115863347457628 0.3511659807956104 0.530621027542373 0.3511659807956104 0.5422073622881356 0.3511659807956104 0.5604144597457628 0.3511659807956104 0.5670352224576272 0.3511659807956104 0.5769663665254238 0.3511659807956104 0.5852423199152542 0.3511659807956104 0.5868975105932204 0.3511659807956104 0.5868975105932204 0.3511659807956104 0.5769663665254238 0.3511659807956104 0.5686904131355932 0.3511659807956104 0.5438625529661018 0.3511659807956104 0.5182070974576272 0.3511659807956104 0.5041379766949152 0.3511659807956104 0.4908964512711864 0.3511659807956104 0.484275688559322 0.3511659807956104
1 0.5860699152542374 0.3511659807956104 0.59765625 0.3511659807956104 0.6067597987288136 0.3511659807956104 0.612552966101695 0.3511659807956104 0.629932468220339 0.3511659807956104 0.6398636122881356 0.3511659807956104 0.6481395656779662 0.3511659807956104 0.6481395656779662 0.3511659807956104 0.6423463983050848 0.3511659807956104 0.6357256355932204 0.3511659807956104 0.6191737288135594 0.3511659807956104 0.6075873940677966 0.3511659807956104 0.598483845338983 0.3511659807956104 0.5918630826271186 0.3511659807956104
1 0.6440015889830508 0.3511659807956104 0.661381091101695 0.3511659807956104 0.6721398305084746 0.3511659807956104 0.6845537605932204 0.3511659807956104 0.6994504766949152 0.3511659807956104 0.7160023834745763 0.3511659807956104 0.725933527542373 0.3511659807956104 0.7292439088983051 0.3511659807956104 0.7300715042372882 0.3511659807956104 0.7300715042372882 0.3511659807956104 0.727588718220339 0.3511659807956104 0.7226231461864407 0.3511659807956104 0.7176575741525424 0.3511659807956104 0.7044160487288136 0.3511659807956104 0.6845537605932204 0.3511659807956104 0.6638638771186441 0.3511659807956104 0.6522775423728814 0.3511659807956104 0.6514499470338984 0.3511659807956104 0.6539327330508474 0.3511659807956104 0.6555879237288136 0.3511659807956104 0.6489671610169492 0.3511659807956104
1 0.6663466631355932 0.3511659807956104 0.6812433792372882 0.3511659807956104 0.7052436440677966 0.3511659807956104 0.7234507415254238 0.3511659807956104 0.7457958156779662 0.3511659807956104 0.7557269597457628 0.3511659807956104 0.7375198622881356 0.3511659807956104 0.728416313559322 0.3511659807956104 0.7160023834745763 0.3511659807956104 0.7052436440677966 0.3511659807956104 0.6804157838983051 0.3511659807956104 0.6564155190677966 0.3511659807956104 0.6514499470338984 0.3511659807956104 0.6373808262711864 0.3511659807956104 0.6332428495762712 0.3511659807956104 0.6373808262711864 0.3511659807956104 0.645656779661017 0.3511659807956104 0.6605534957627118 0.3511659807956104
1 0.6315876588983051 0.3511659807956104 0.6324152542372882 0.3511659807956104 0.6357256355932204 0.3511659807956104 0.647311970338983 0.3511659807956104 0.6539327330508474 0.3511659807956104 0.6572431144067796 0.3511659807956104 0.661381091101695 0.3511659807956104 0.6655190677966102 0.3511659807956104 0.6514499470338984 0.3511659807956104 0.6390360169491526 0.3511659807956104 0.628277277542373 0.3511659807956104
1 0.579449152542373 0.3511659807956104 0.6084149894067796 0.3511659807956104 0.6257944915254238 0.3511659807956104 0.6200013241525424 0.3511659807956104 0.6059322033898306 0.3511659807956104 0.5860699152542374 0.3511659807956104
2 0.922073622881356 0.3511659807956104 0.9295219809322035 0.3511659807956104 0.9320047669491527 0.3511659807956104 0.9270391949152543 0.3511659807956104
1 0.7408302436440678 0.3511659807956104 0.7507613877118644 0.3511659807956104 0.759037341101695 0.3511659807956104 0.7640029131355932 0.3511659807956104 0.7780720338983051 0.3511659807956104 0.7846927966101696 0.3511659807956104 0.7954515360169492 0.3511659807956104 0.7962791313559322 0.3511659807956104 0.792141154661017 0.3511659807956104 0.7813824152542374 0.3511659807956104 0.7631753177966102 0.3511659807956104 0.7532441737288136 0.3511659807956104 0.7482786016949152 0.3511659807956104
1 0.7739340572033898 0.3511659807956104 0.7880031779661018 0.3511659807956104 0.8037274894067797 0.3511659807956104 0.8153138241525424 0.3511659807956104 0.826072563559322 0.3511659807956104 0.8368313029661016 0.3511659807956104 0.8484176377118644 0.3511659807956104 0.8699351165254237 0.3511659807956104 0.8806938559322035 0.3511659807956104 0.8740730932203391 0.3511659807956104 0.8566935911016949 0.3511659807956104 0.8351761122881356 0.3511659807956104 0.8136586334745763 0.3511659807956104 0.7979343220338984 0.3511659807956104 0.7904859639830508 0.3511659807956104
1 0.840141684322034 0.3511659807956104 0.8633143538135593 0.3511659807956104 0.8649695444915255 0.3511659807956104 0.8616591631355932 0.3511659807956104 0.8533832097457628 0.3511659807956104 0.840141684322034 0.3511659807956104 0.8335209216101696 0.3511659807956104
1 0.7565545550847458 0.3511659807956104 0.7797272245762712 0.3511659807956104 0.7904859639830508 0.3511659807956104 0.8111758474576272 0.3511659807956104 0.8128310381355932 0.3511659807956104 0.79296875 0.3511659807956104 0.7780720338983051 0.3511659807956104 0.7880031779661018 0.3511659807956104 0.7623477224576272 0.3511659807956104 0.7515889830508474 0.3511659807956104 0.7383474576271186 0.3511659807956104 0.7416578389830508 0.3511659807956104
1 0.7805548199152542 0.3511659807956104 0.7904859639830508 0.3511659807956104 0.8053826800847458 0.3511659807956104 0.8186242055084747 0.3511659807956104 0.8351761122881356 0.3511659807956104 0.8351761122881356 0.3511659807956104 0.824417372881356 0.3511659807956104 0.8161414194915255 0.3511659807956104 0.8136586334745763 0.3511659807956104 0.8111758474576272 0.3511659807956104 0.8227621822033899 0.3511659807956104 0.8053826800847458 0.3511659807956104 0.7830376059322034 0.3511659807956104 0.7689684851694916 0.3511659807956104 0.759864936440678 0.3511659807956104 0.7640029131355932 0.3511659807956104 0.7714512711864407 0.3511659807956104 0.776416843220339 0.3511659807956104
1 0.7648305084745763 0.3511659807956104 0.7681408898305085 0.3511659807956104 0.7648305084745763 0.3511659807956104 0.7548993644067797 0.3511659807956104 0.7457958156779662 0.3511659807956104 0.7391750529661018 0.3511659807956104 0.7333818855932204 0.3511659807956104 0.7308990995762712 0.3511659807956104 0.7383474576271186 0.3511659807956104 0.7482786016949152 0.3511659807956104
1 0.7731064618644068 0.3511659807956104 0.7954515360169492 0.3511659807956104 0.7946239406779662 0.3511659807956104 0.7805548199152542 0.3511659807956104 0.7722788665254238 0.3511659807956104 0.7631753177966102 0.3511659807956104 0.7540717690677966 0.3511659807956104 0.7491061970338984 0.3511659807956104 0.7524165783898306 0.3511659807956104 0.759037341101695 0.3511659807956104
1 0.7044160487288136 0.3511659807956104 0.7300715042372882 0.3511659807956104 0.7507613877118644 0.3511659807956104 0.7797272245762712 0.3511659807956104 0.7904859639830508 0.3511659807956104 0.7995895127118644 0.3511659807956104 0.7822100105932204 0.3511659807956104 0.7333818855932204 0.3511659807956104 0.7052436440677966 0.3511659807956104 0.694484904661017 0.3511659807956104 0.696140095338983 0.3511659807956104
1 0.906349311440678 0.3511659807956104 0.9253840042372881 0.3511659807956104 0.9576602224576272 0.3511659807956104 0.98828125 0.3511659807956104 0.9949020127118644 0.3511659807956104 0.9949020127118644 0.3511659807956104 0.9808328919491527 0.3511659807956104 0.9634533898305084 0.3511659807956104 0.9626257944915255 0.3511659807956104 0.9469014830508475 0.3511659807956104 0.9262115995762712 0.3511659807956104 0.908004502118644 0.3511659807956104 0.892280190677966 0.3511659807956104 0.8707627118644068 0.3511659807956104 0.8633143538135593 0.3511659807956104 0.874900688559322 0.3511659807956104 0.892280190677966 0.3511659807956104 0.8997285487288136 0.3511659807956104
1 0.857521186440678 0.3511659807956104 0.8649695444915255 0.3511659807956104 0.8856594279661016 0.3511659807956104 0.8657971398305084 0.3511659807956104 0.8624867584745763 0.3511659807956104 0.8641419491525424 0.3511659807956104 0.8724179025423728 0.3511659807956104 0.8823490466101696 0.3511659807956104 0.8815214512711864 0.3511659807956104 0.8790386652542372 0.3511659807956104 0.8740730932203391 0.3511659807956104 0.8682799258474576 0.3511659807956104 0.8641419491525424 0.3511659807956104 0.8368313029661016 0.3511659807956104 0.8144862288135593 0.3511659807956104 0.8202793961864407 0.3511659807956104 0.8219345868644068 0.3511659807956104 0.8335209216101696 0.3511659807956104 0.8368313029661016 0.3511659807956104 0.840141684322034 0.3511659807956104 0.8500728283898304 0.3511659807956104 0.8542108050847459 0.3511659807956104 0.8550384004237288 0.3511659807956104
1 0.8964181673728815 0.3511659807956104 0.9195908368644068 0.3511659807956104 0.937797934322034 0.3511659807956104 0.9535222457627119 0.3511659807956104 0.972556938559322 0.3511659807956104 0.9816604872881356 0.3511659807956104 0.9891088453389831 0.3511659807956104 0.9849708686440679 0.3511659807956104 0.9775225105932204 0.3511659807956104 0.972556938559322 0.3511659807956104 0.9717293432203391 0.3511659807956104 0.9684189618644068 0.3511659807956104 0.9344875529661016 0.3511659807956104 0.906349311440678 0.3511659807956104 0.8740730932203391 0.3511659807956104 0.8864870233050848 0.3511659807956104
0 0.8542108050847459 0.3511659807956104 0.859176377118644 0.3511659807956104 0.8724179025423728 0.3511659807956104 0.8823490466101696 0.3511659807956104
1 0.808693061440678 0.3511659807956104 0.8517280190677967 0.3511659807956104 0.8451072563559323 0.3511659807956104 0.8128310381355932 0.3511659807956104
1 0.8624867584745763 0.3511659807956104 0.9096596927966103 0.3511659807956104 0.9146252648305084 0.3511659807956104 0.908004502118644 0.3511659807956104 0.874900688559322 0.3511659807956104 0.8509004237288136 0.3511659807956104 0.8393140889830508 0.3511659807956104 0.840141684322034 0.3511659807956104
1 0.8765558792372881 0.3511659807956104 0.8881422139830508 0.3511659807956104 0.9055217161016949 0.3511659807956104 0.9195908368644068 0.3511659807956104 0.9328323622881356 0.3511659807956104 0.9328323622881356 0.3511659807956104 0.9278667902542372 0.3511659807956104 0.9005561440677967 0.3511659807956104 0.8757282838983051 0.3511659807956104 0.874900688559322 0.3511659807956104
1 0.9353151483050848 0.3511659807956104 0.9477290783898304 0.3511659807956104 0.9386255296610171 0.3511659807956104 0.9493842690677967 0.3511659807956104 0.9659361758474576 0.3511659807956104 0.9766949152542372 0.3511659807956104 0.9924192266949152 0.3511659807956104 0.9982123940677967 0.3511659807956104 0.9990234375 0.3511659807956104 0.9874536546610171 0.3511659807956104 0.9791777012711864 0.3511659807956104 0.9626257944915255 0.3511659807956104 0.9493842690677967 0.3511659807956104 0.9510394597457628 0.3511659807956104 0.9286943855932204 0.3511659807956104 0.9195908368644068 0.3511659807956104 0.9121424788135593 0.3511659807956104 0.9195908368644068 0.3511659807956104 0.9270391949152543 0.3511659807956104
1 0.8318657309322035 0.3511659807956104 0.8177966101694916 0.3511659807956104 0.8219345868644068 0.3511659807956104 0.8277277542372881 0.3511659807956104 0.8509004237288136 0.3511659807956104 0.8840042372881356 0.3511659807956104 0.9046941207627119 0.3511659807956104 0.9328323622881356 0.3511659807956104 0.9469014830508475 0.3511659807956104 0.9526946504237288 0.3511659807956104 0.955177436440678 0.3511659807956104 0.9303495762711864 0.3511659807956104 0.9071769067796611 0.3511659807956104 0.8566935911016949 0.3511659807956104
1 0.8351761122881356 0.3511659807956104 0.8624867584745763 0.3511659807956104 0.8864870233050848 0.3511659807956104 0.9055217161016949 0.3511659807956104 0.9204184322033899 0.3511659807956104 0.9195908368644068 0.3511659807956104 0.906349311440678 0.3511659807956104 0.892280190677966 0.3511659807956104 0.8856594279661016 0.3511659807956104 0.8699351165254237 0.3511659807956104 0.8566935911016949 0.3511659807956104 0.8459348516949152 0.3511659807956104 0.840141684322034 0.3511659807956104
1 0.9369703389830508 0.3511659807956104 0.9543498411016949 0.3511659807956104 0.9675913665254237 0.3511659807956104 0.9766949152542372 0.3511659807956104 0.9766949152542372 0.3511659807956104 0.9742121292372881 0.3511659807956104 0.970901747881356 0.3511659807956104 0.9684189618644068 0.3511659807956104 0.9609706038135593 0.3511659807956104 0.9526946504237288 0.3511659807956104 0.9402807203389831 0.3511659807956104 0.9344875529661016 0.3511659807956104 0.9328323622881356 0.3511659807956104 0.9328323622881356 0.3511659807956104 0.9344875529661016 0.3511659807956104
1 0.9651085805084747 0.3511659807956104 0.9940744173728815 0.3511659807956104 0.9982123940677967 0.3511659807956104 0.9982123940677967 0.3511659807956104 0.9816604872881356 0.3511659807956104
1 0.8177966101694916 0.3511659807956104 0.8384864936440679 0.3511659807956104 0.8550384004237288 0.3511659807956104 0.888969809322034 0.3511659807956104 0.9055217161016949 0.3511659807956104 0.9212460275423728 0.3511659807956104 0.9353151483050848 0.3511659807956104 0.9353151483050848 0.3511659807956104 0.9311771716101696 0.3511659807956104 0.9270391949152543 0.3511659807956104 0.9179356461864407 0.3511659807956104 0.9030389300847459 0.3511659807956104 0.8798662605932204 0.3511659807956104 0.8542108050847459 0.3511659807956104 0.8360037076271187 0.3511659807956104 0.8302105402542372 0.3511659807956104 0.824417372881356 0.3511659807956104 0.8136586334745763 0.3511659807956104 0.8045550847457628 0.3511659807956104 0.8004171080508475 0.3511659807956104 0.8028998940677966 0.3511659807956104 0.808693061440678 0.3511659807956104
1 0.9444186970338984 0.3511659807956104 0.9584878177966103 0.3511659807956104 0.9700741525423728 0.3511659807956104 0.9808328919491527 0.3511659807956104 0.9891088453389831 0.3511659807956104 0.9849708686440679 0.3511659807956104 0.9766949152542372 0.3511659807956104 0.9659361758474576 0.3511659807956104 0.9477290783898304 0.3511659807956104 0.941108315677966 0.3511659807956104 0.9402807203389831 0.3511659807956104 0.9444186970338984 0.3511659807956104 0.9485566737288136 0.3511659807956104
1 0.9949020127118644 0.3511659807956104 0.9990234375 0.3511659807956104 0.9990234375 0.3511659807956104 0.9990234375 0.3511659807956104 0.9990234375 0.3511659807956104 0.9990234375 0.3511659807956104 0.9717293432203391 0.3511659807956104 0.955177436440678 0.3511659807956104 0.9493842690677967 0.3511659807956104 0.9543498411016949 0.3511659807956104 0.9535222457627119 0.3511659807956104 0.956832627118644 0.3511659807956104 0.9659361758474576 0.3511659807956104 0.9758673199152543 0.3511659807956104 0.9857984639830508 0.3511659807956104
1 0.9949020127118644 0.3511659807956104 0.9891088453389831 0.3511659807956104 0.989936440677966 0.3511659807956104 0.989936440677966 0.3511659807956104 0.989936440677966 0.3511659807956104 0.9982123940677967 0.3511659807956104 0.9990234375 0.3511659807956104 0.9982123940677967 0.3511659807956104 0.9990234375 0.3511659807956104 0.9990234375 0.3511659807956104 0.9990234375 0.3511659807956104
0 0.9684189618644068 0.3511659807956104 0.9924192266949152 0.3511659807956104 0.9990234375 0.3511659807956104 0.9990234375 0.3511659807956104 0.9990234375 0.3511659807956104 0.9990234375 0.3511659807956104 0.9874536546610171 0.3511659807956104 0.9849708686440679 0.3511659807956104 0.9841432733050848 0.3511659807956104 0.9717293432203391 0.3511659807956104 0.9617981991525424 0.3511659807956104 0.9642809851694916 0.3511659807956104 0.9766949152542372 0.3511659807956104 0.9816604872881356 0.3511659807956104 0.9841432733050848 0.3511659807956104 0.9857984639830508 0.3511659807956104 0.986626059322034 0.3511659807956104 0.9642809851694916 0.3511659807956104
0 0.7846927966101696 0.3511659807956104 0.8061440677966103 0.3511659807956104 0.8120034427966102 0.3511659807956104 0.8120034427966102 0.3511659807956104 0.8202793961864407 0.3511659807956104 0.8020722987288136 0.3511659807956104 0.793796345338983 0.3511659807956104 0.7896583686440678 0.3511659807956104
0 0.824417372881356 0.3511659807956104 0.8376588983050848 0.3511659807956104 0.8467624470338984 0.3511659807956104 0.8707627118644068 0.3511659807956104 0.8757282838983051 0.3511659807956104 0.8773834745762712 0.3511659807956104 0.8790386652542372 0.3511659807956104 0.8616591631355932 0.3511659807956104 0.8459348516949152 0.3511659807956104 0.8235897775423728 0.3511659807956104 0.807865466101695 0.3511659807956104 0.8053826800847458 0.3511659807956104 0.807865466101695 0.3511659807956104 0.8120034427966102 0.3511659807956104 0.8177966101694916 0.3511659807956104 0.8194518008474576 0.3511659807956104
0 0.661381091101695 0.3511659807956104 0.6853813559322034 0.3511659807956104 0.710209216101695 0.3511659807956104 0.7160023834745763 0.3511659807956104 0.7193127648305085 0.3511659807956104 0.6953125 0.3511659807956104 0.6820709745762712 0.3511659807956104 0.6704846398305085 0.3511659807956104 0.6680018538135594 0.3511659807956104 0.6680018538135594 0.3511659807956104
0 0.6564155190677966 0.3511659807956104 0.662208686440678 0.3511659807956104 0.6655190677966102 0.3511659807956104 0.6729674258474576 0.3511659807956104 0.6754502118644068 0.3511659807956104 0.6737950211864407 0.3511659807956104 0.6680018538135594 0.3511659807956104 0.6481395656779662 0.3511659807956104 0.6415188029661018 0.3511659807956104 0.6440015889830508 0.3511659807956104 0.6522775423728814 0.3511659807956104 0.6547603283898306 0.3511659807956104 0.6564155190677966 0.3511659807956104
1 0.6357256355932204 0.3511659807956104 0.6555879237288136 0.3511659807956104 0.6605534957627118 0.3511659807956104 0.6605534957627118 0.3511659807956104 0.6572431144067796 0.3511659807956104 0.6506223516949152 0.3511659807956104 0.6440015889830508 0.3511659807956104
0 0.6737950211864407 0.3511659807956104 0.6920021186440678 0.3511659807956104 0.7011056673728814 0.3511659807956104 0.7077264300847458 0.3511659807956104 0.7151747881355932 0.3511659807956104 0.7168299788135594 0.3511659807956104 0.7019332627118644 0.3511659807956104 0.6886917372881356 0.3511659807956104 0.6762778072033898 0.3511659807956104 0.663036281779661 0.3511659807956104 0.6688294491525424 0.3511659807956104 0.6713122351694916 0.3511659807956104
0 0.6224841101694916 0.3511659807956104 0.6373808262711864 0.3511659807956104 0.6398636122881356 0.3511659807956104 0.6332428495762712 0.3511659807956104 0.6332428495762712 0.3511659807956104 0.6216565148305085 0.3511659807956104 0.615035752118644 0.3511659807956104 0.6166909427966102 0.3511659807956104 0.6208289194915254 0.3511659807956104
0 0.5620696504237288 0.3511659807956104 0.5844147245762712 0.3511659807956104 0.598483845338983 0.3511659807956104 0.6067597987288136 0.3511659807956104 0.613380561440678 0.3511659807956104 0.614208156779661 0.3511659807956104 0.6117253707627118 0.3511659807956104 0.6042770127118644 0.3511659807956104 0.5910354872881356 0.3511659807956104 0.5860699152542374 0.3511659807956104 0.5786215572033898 0.3511659807956104 0.5753111758474576 0.3511659807956104 0.565380031779661 0.3511659807956104
1 0.547172934322034 0.3511659807956104 0.5562764830508474 0.3511659807956104 0.5736559851694916 0.3511659807956104 0.581104343220339 0.3511659807956104 0.5877251059322034 0.3511659807956104 0.5918630826271186 0.3511659807956104 0.5761387711864407 0.3511659807956104 0.5728283898305084 0.3511659807956104 0.5678628177966102 0.3511659807956104 0.5604144597457628 0.3511659807956104 0.5463453389830508 0.3511659807956104 0.5289658368644068 0.3511659807956104 0.5397245762711864 0.3511659807956104
0 0.4611030190677966 0.3511659807956104 0.48841366525423735 0.3511659807956104 0.5033103813559322 0.3511659807956104 0.5289658368644068 0.3511659807956104 0.5430349576271186 0.3511659807956104 0.5587592690677966 0.3511659807956104 0.5587592690677966 0.3511659807956104 0.547172934322034 0.3511659807956104 0.5364141949152542 0.3511659807956104 0.5182070974576272 0.3511659807956104 0.49834480932203395 0.3511659807956104 0.484275688559322 0.3511659807956104 0.4735169491525424 0.3511659807956104 0.4644134004237288 0.3511659807956104
0 0.49172404661016955 0.3511659807956104 0.5256554555084746 0.3511659807956104 0.532276218220339 0.3511659807956104 0.5289658368644068 0.3511659807956104 0.5215174788135594 0.3511659807956104 0.517379502118644 0.3511659807956104 0.5057931673728814 0.3511659807956104 0.4933792372881356 0.3511659807956104 0.47931011652542377 0.3511659807956104 0.4404131355932204 0.3511659807956104 0.46275820974576276 0.3511659807956104 0.4801377118644068 0.3511659807956104 0.4900688559322034 0.3511659807956104
0 0.5182070974576272 0.3511659807956104 0.5297934322033898 0.3511659807956104 0.5438625529661018 0.3511659807956104 0.5537936970338984 0.3511659807956104 0.5587592690677966 0.3511659807956104 0.5628972457627118 0.3511659807956104 0.563724841101695 0.3511659807956104 0.5628972457627118 0.3511659807956104 0.548828125 0.3511659807956104 0.5223450741525424 0.3511659807956104 0.5364141949152542 0.3511659807956104 0.5397245762711864 0.3511659807956104 0.5405521716101696 0.3511659807956104 0.5364141949152542 0.3511659807956104 0.5281382415254238 0.3511659807956104 0.5231726694915254 0.3511659807956104
0 0.3270325741525424 0.3511659807956104 0.3427568855932204 0.3511659807956104 0.3634467690677966 0.3511659807956104 0.3824814618644068 0.3511659807956104 0.3833090572033898 0.3511659807956104 0.35848119703389836 0.3511659807956104 0.3411016949152542 0.3511659807956104 0.3311705508474576 0.3511659807956104
0 0.3402740995762712 0.3511659807956104 0.369239936440678 0.3511659807956104 0.39075741525423724 0.3511659807956104 0.3965505826271186 0.3511659807956104 0.3957229872881356 0.3511659807956104 0.3924126059322034 0.3511659807956104 0.3915850105932204 0.3511659807956104 0.3791710805084746 0.3511659807956104 0.3593087923728814 0.3511659807956104 0.3609639830508474 0.3511659807956104 0.35517081567796616 0.3511659807956104 0.34855005296610164 0.3511659807956104
0 0.4048265360169492 0.3511659807956104 0.4213784427966102 0.3511659807956104 0.4321371822033898 0.3511659807956104 0.45282706567796616 0.3511659807956104 0.4586202330508474 0.3511659807956104 0.44951668432203395 0.3511659807956104 0.43627515889830504 0.3511659807956104 0.4255164194915254 0.3511659807956104 0.4131024894067796 0.3511659807956104 0.4056541313559322 0.3511659807956104
0 0.4602754237288136 0.3511659807956104 0.4875860699152542 0.3511659807956104 0.5082759533898306 0.3511659807956104 0.4966896186440678 0.3511659807956104 0.48510328389830515 0.3511659807956104 0.4743445444915254 0.3511659807956104 0.4635858050847458 0.3511659807956104 0.4553098516949152 0.3511659807956104
0 0.4470338983050848 0.3511659807956104 0.466896186440678 0.3511659807956104 0.4768273305084746 0.3511659807956104 0.4809653072033898 0.3511659807956104 0.484275688559322 0.3511659807956104 0.4892412605932204 0.3511659807956104 0.49834480932203395 0.3511659807956104 0.4867584745762712 0.3511659807956104 0.4801377118644068 0.3511659807956104 0.47517213983050843 0.3511659807956104 0.467723781779661 0.3511659807956104 0.4569650423728814 0.3511659807956104 0.4611030190677966 0.3511659807956104 0.45944782838983056 0.3511659807956104 0.451999470338983 0.3511659807956104
0 0.3005495233050847 0.3511659807956104 0.3311705508474576 0.3511659807956104 0.3460672669491526 0.3511659807956104 0.3601363877118644 0.3511659807956104 0.37420550847457623 0.3511659807956104 0.369239936440678 0.3511659807956104 0.3634467690677966 0.3511659807956104 0.354343220338983 0.3511659807956104 0.3510328389830508 0.3511659807956104 0.3477224576271186 0.3511659807956104 0.33944650423728817 0.3511659807956104 0.32868776483050843 0.3511659807956104 0.3179290254237288 0.3511659807956104 0.3071702860169492 0.3511659807956104 0.3030323093220339 0.3511659807956104
0 0.38496424788135597 0.3511659807956104 0.4131024894067796 0.3511659807956104 0.43048199152542377 0.3511659807956104 0.4544822563559322 0.3511659807956104 0.47186175847457623 0.3511659807956104 0.4544822563559322 0.3511659807956104 0.43710275423728817 0.3511659807956104 0.41724046610169496 0.3511659807956104 0.39406779661016944 0.3511659807956104 0.3791710805084746 0.3511659807956104 0.38165386652542377 0.3511659807956104
0 0.0017876059322033677 0.3511659807956104 0.020822298728813554 0.3511659807956104 0.024960275423728806 0.3511659807956104 0.03323622881355931 0.3511659807956104 0.03406382415254236 0.3511659807956104 0.03820180084745761 0.3511659807956104 0.042339777542372864 0.3511659807956104 0.05723649364406777 0.3511659807956104 0.07709878177966101 0.3511659807956104 0.08537473516949151 0.3511659807956104 0.0977886652542373 0.3511659807956104 0.08868511652542371 0.3511659807956104 0.07296080508474573 0.3511659807956104 0.06468485169491522 0.3511659807956104 0.04978813559322032 0.3511659807956104 0.023305084745762705 0.3511659807956104 0.013373940677966073 0.3511659807956104 0.012546345338983023 0.3511659807956104 0.00758077330508472 0.3511659807956104 0.00592558262711862 0.3511659807956104 0.0009765625 0.3511659807956104 0.0009765625 0.3511659807956104
0 0.0034427966101694685 0.3511659807956104 0.015856726694915252 0.3511659807956104 0.024960275423728806 0.3511659807956104 0.023305084745762705 0.3511659807956104 0.018339512711864403 0.3511659807956104 0.010891154661016922 0.3511659807956104 0.004270391949152519 0.3511659807956104 0.0017876059322033677 0.3511659807956104 0.0034427966101694685 0.3511659807956104 0.004270391949152519 0.3511659807956104
0 0.03737420550847456 0.3511659807956104 0.06468485169491522 0.3511659807956104 0.07130561440677963 0.3511659807956104 0.0671676377118644 0.3511659807956104 0.060546875 0.3511659807956104 0.05392611228813557 0.3511659807956104 0.043167372881355914 0.3511659807956104 0.03406382415254236 0.3511659807956104 0.03158103813559321 0.3511659807956104 0.03240863347457626 0.3511659807956104
0 0.05889168432203387 0.3511659807956104 0.07006422139830508 0.3511659807956104 0.07130561440677963 0.3511659807956104 0.05889168432203387 0.3511659807956104
0 0.09365068855932202 0.3511659807956104 0.1010990466101695 0.3511659807956104 0.1027542372881356 0.3511659807956104 0.0944782838983051 0.3511659807956104 0.08785752118644069 0.3511659807956104
0 0.11020259533898302 0.3511659807956104 0.1333752648305085 0.3511659807956104 0.1383408368644068 0.3511659807956104 0.1391684322033898 0.3511659807956104 0.141651218220339 0.3511659807956104 0.141651218220339 0.3511659807956104 0.11847854872881353 0.3511659807956104 0.10854740466101692 0.3511659807956104 0.10523702330508472 0.3511659807956104 0.10854740466101692 0.3511659807956104 0.11185778601694912 0.3511659807956104
0 0.1143405720338983 0.3511659807956104 0.1242717161016949 0.3511659807956104 0.1226165254237288 0.3511659807956104 0.1358580508474576 0.3511659807956104 0.14413400423728812 0.3511659807956104 0.14082362288135591 0.3511659807956104 0.11847854872881353 0.3511659807956104 0.11516816737288132 0.3511659807956104 0.1110301906779661 0.3511659807956104 0.1110301906779661 0.3511659807956104
0 0.14082362288135591 0.3511659807956104 0.15903072033898302 0.3511659807956104 0.1764102224576271 0.3511659807956104 0.1879965572033898 0.3511659807956104 0.18965174788135591 0.3511659807956104 0.1879965572033898 0.3511659807956104 0.1598583156779661 0.3511659807956104 0.1499271716101695 0.3511659807956104 0.1499271716101695 0.3511659807956104 0.14744438559322032 0.3511659807956104
0 0.2037208686440678 0.3511659807956104 0.2268935381355932 0.3511659807956104 0.2459282309322034 0.3511659807956104 0.2616525423728814 0.3511659807956104 0.2633077330508475 0.3511659807956104 0.2426178495762712 0.3511659807956104 0.2277211334745763 0.3511659807956104 0.21613479872881358 0.3511659807956104 0.20785884533898302 0.3511659807956104
0 0.1830309851694915 0.3511659807956104 0.20123808262711862 0.3511659807956104 0.21613479872881358 0.3511659807956104 0.2318591101694915 0.3511659807956104 0.239307468220339 0.3511659807956104 0.2277211334745763 0.3511659807956104 0.21447960805084743 0.3511659807956104 0.2053760593220339 0.3511659807956104 0.1971001059322034 0.3511659807956104 0.1780654131355932 0.3511659807956104 0.17227224576271188 0.3511659807956104 0.1764102224576271 0.3511659807956104 0.1797206038135593 0.3511659807956104
0 0.17558262711864409 0.3511659807956104 0.19792770127118642 0.3511659807956104 0.2004104872881356 0.3511659807956104 0.19792770127118642 0.3511659807956104 0.18965174788135591 0.3511659807956104 0.1813757944915254 0.3511659807956104 0.1772378177966102 0.3511659807956104
0 0.1780654131355932 0.3511659807956104 0.19130693855932202 0.3511659807956104 0.20703125 0.3511659807956104 0.223583156779661 0.3511659807956104 0.2359970868644068 0.3511659807956104 0.2293763241525424 0.3511659807956104 0.21944518008474578 0.3511659807956104 0.2119968220338983 0.3511659807956104 0.20289327330508472 0.3511659807956104 0.1921345338983051 0.3511659807956104 0.1838585805084746 0.3511659807956104
0 0.174755031779661 0.3511659807956104 0.1846861758474576 0.3511659807956104 0.1937897245762712 0.3511659807956104 0.21116922669491522 0.3511659807956104 0.2326867055084746 0.3511659807956104 0.24841101694915252 0.3511659807956104 0.2641353283898305 0.3511659807956104 0.2591697563559322 0.3511659807956104 0.2500662076271186 0.3511659807956104 0.2376522775423729 0.3511659807956104 0.2343418961864407 0.3511659807956104 0.2219279661016949 0.3511659807956104 0.2136520127118644 0.3511659807956104 0.2053760593220339 0.3511659807956104 0.1987552966101695 0.3511659807956104 0.1855137711864407 0.3511659807956104
0 0.2674457097457627 0.3511659807956104 0.2790320444915254 0.3511659807956104 0.2848252118644068 0.3511659807956104 0.2914459745762712 0.3511659807956104 0.2922735699152542 0.3511659807956104 0.3022047139830508 0.3511659807956104 0.2972391419491525 0.3511659807956104 0.2964115466101695 0.3511659807956104 0.2806872351694915 0.3511659807956104 0.2748940677966102 0.3511659807956104 0.2691009004237288 0.3511659807956104 0.2707560911016949 0.3511659807956104 0.2782044491525424 0.3511659807956104 0.2773768538135593 0.3511659807956104 0.272411281779661 0.3511659807956104
0 0.31627383474576276 0.3511659807956104 0.3468948622881356 0.3511659807956104 0.3725503177966102 0.3511659807956104 0.37089512711864403 0.3511659807956104 0.3502052436440678 0.3511659807956104 0.32206700211864403 0.3511659807956104 0.3046875 0.3511659807956104 0.3079978813559322 0.3511659807956104 0.3088254766949153 0.3511659807956104 0.3088254766949153 0.3511659807956104 0.3179290254237288 0.3511659807956104
0 0.109375 0.3511659807956104 0.1333752648305085 0.3511659807956104 0.14413400423728812 0.3511659807956104 0.1515823622881356 0.3511659807956104 0.15240995762711862 0.3511659807956104 0.1515823622881356 0.3511659807956104 0.1565479343220339 0.3511659807956104 0.15737552966101692 0.3511659807956104 0.14247881355932202 0.3511659807956104 0.11847854872881353 0.3511659807956104 0.109375 0.3511659807956104 0.109375 0.3511659807956104 0.11682335805084743 0.3511659807956104 0.12013373940677963 0.3511659807956104 0.1209613347457627 0.3511659807956104 0.1159957627118644 0.3511659807956104
0 0.027443061440677957 0.3511659807956104 0.047305349576271166 0.3511659807956104 0.05144332627118642 0.3511659807956104 0.05309851694915252 0.3511659807956104 0.05475370762711862 0.3511659807956104 0.05061573093220337 0.3511659807956104 0.043994968220338965 0.3511659807956104 0.021649894067796605 0.3511659807956104 0.0009765625 0.3511659807956104 0.0009765625 0.3511659807956104 0.0009765625 0.3511659807956104 0.015029131355932202 0.3511659807956104 0.022477489406779655 0.3511659807956104 0.026615466101694907 0.3511659807956104
0 0.06468485169491522 0.3511659807956104 0.08289194915254239 0.3511659807956104 0.09199549788135591 0.3511659807956104 0.1060646186440678 0.3511659807956104 0.11020259533898302 0.3511659807956104 0.1060646186440678 0.3511659807956104 0.10358183262711862 0.3511659807956104 0.1044094279661017 0.3511659807956104 0.10523702330508472 0.3511659807956104 0.1044094279661017 0.3511659807956104 0.0994438559322034 0.3511659807956104 0.08785752118644069 0.3511659807956104 0.0721332097457627 0.3511659807956104 0.05640889830508472 0.3511659807956104 0.05558130296610167 0.3511659807956104 0.06302966101694915 0.3511659807956104 0.0671676377118644 0.3511659807956104
0 0.002615201271186418 0.3511659807956104 0.03240863347457626 0.3511659807956104 0.041512182203389814 0.3511659807956104 0.0688228283898305 0.3511659807956104 0.09199549788135591 0.3511659807956104 0.09696106991525422 0.3511659807956104 0.09696106991525422 0.3511659807956104 0.08620233050847459 0.3511659807956104 0.0704780190677966 0.3511659807956104 0.06302966101694915 0.3511659807956104 0.05309851694915252 0.3511659807956104 0.05144332627118642 0.3511659807956104 0.043994968220338965 0.3511659807956104 0.03240863347457626 0.3511659807956104 0.017511917372881353 0.3511659807956104 0.00592558262711862 0.3511659807956104
0 0.024132680084745756 0.3511659807956104 0.043167372881355914 0.3511659807956104 0.05061573093220337 0.3511659807956104 0.04978813559322032 0.3511659807956104 0.046477754237288116 0.3511659807956104 0.03737420550847456 0.3511659807956104 0.026615466101694907 0.3511659807956104 0.018339512711864403 0.3511659807956104 0.018339512711864403 0.3511659807956104 0.019994703389830504 0.3511659807956104
0 0.002615201271186418 0.3511659807956104 0.009235963983050821 0.3511659807956104 0.019994703389830504 0.3511659807956104 0.03158103813559321 0.3511659807956104 0.045650158898305065 0.3511659807956104 0.0688228283898305 0.3511659807956104 0.07296080508474573 0.3511659807956104 0.07792637711864403 0.3511659807956104 0.07792637711864403 0.3511659807956104 0.04813294491525422 0.3511659807956104 0.03571901483050846 0.3511659807956104 0.018339512711864403 0.3511659807956104 0.00758077330508472 0.3511659807956104 0.002615201271186418 0.3511659807956104 0.0017876059322033677 0.3511659807956104
0 0.0017876059322033677 0.3511659807956104 0.024960275423728806 0.3511659807956104 0.03075344279661016 0.3511659807956104 0.03489141949152541 0.3511659807956104 0.03489141949152541 0.3511659807956104 0.015856726694915252 0.3511659807956104 0.010063559322033871 0.3511659807956104 0.009235963983050821 0.3511659807956104
0 0.0721332097457627 0.3511659807956104 0.08951271186440679 0.3511659807956104 0.0994438559322034 0.3511659807956104 0.10358183262711862 0.3511659807956104 0.109375 0.3511659807956104 0.11847854872881353 0.3511659807956104 0.1275820974576271 0.3511659807956104 0.1317200741525424 0.3511659807956104 0.1209613347457627 0.3511659807956104 0.11351297669491522 0.3511659807956104 0.10689221398305082 0.3511659807956104 0.09861626059322032 0.3511659807956104 0.0961334745762712 0.3511659807956104 0.09116790254237289 0.3511659807956104 0.08289194915254239 0.3511659807956104
0 0.1375132415254237 0.3511659807956104 0.1598583156779661 0.3511659807956104 0.1598583156779661 0.3511659807956104 0.1399960275423729 0.3511659807956104 0.12509931144067793 0.3511659807956104 0.1350304555084746 0.3511659807956104
0 0.1110301906779661 0.3511659807956104 0.1226165254237288 0.3511659807956104 0.12675450211864409 0.3511659807956104 0.109375 0.3511659807956104 0.09282309322033899 0.3511659807956104 0.08123675847457623 0.3511659807956104 0.10027145127118642 0.3511659807956104 0.10689221398305082 0.3511659807956104
0 0.1383408368644068 0.3511659807956104 0.16730667372881353 0.3511659807956104 0.174755031779661 0.3511659807956104 0.17061705508474573 0.3511659807956104 0.1598583156779661 0.3511659807956104 0.15406514830508472 0.3511659807956104 0.1532375529661017 0.3511659807956104 0.1631686970338983 0.3511659807956104 0.19627251059322032 0.3511659807956104 0.2103416313559322 0.3511659807956104 0.21613479872881358 0.3511659807956104 0.20785884533898302 0.3511659807956104 0.19130693855932202 0.3511659807956104 0.17227224576271188 0.3511659807956104 0.1449615995762712 0.3511659807956104 0.1358580508474576 0.3511659807956104 0.14247881355932202 0.3511659807956104 0.1358580508474576 0.3511659807956104 0.1209613347457627 0.3511659807956104 0.1242717161016949 0.3511659807956104 0.12675450211864409 0.3511659807956104 0.1226165254237288 0.3511659807956104 0.1333752648305085 0.3511659807956104 0.1399960275423729 0.3511659807956104 0.14082362288135591 0.3511659807956104
0 0.23847987288135591 0.3511659807956104 0.2475834216101695 0.3511659807956104 0.24675582627118642 0.3511659807956104 0.2409626588983051 0.3511659807956104 0.2186175847457627 0.3511659807956104 0.20123808262711862 0.3511659807956104 0.1888241525423729 0.3511659807956104 0.1863413665254237 0.3511659807956104 0.19792770127118642 0.3511659807956104 0.20951403601694912 0.3511659807956104 0.21613479872881358 0.3511659807956104 0.22275556144067798 0.3511659807956104 0.2293763241525424 0.3511659807956104
0 0.1855137711864407 0.3511659807956104 0.19627251059322032 0.3511659807956104 0.1921345338983051 0.3511659807956104 0.190479343220339 0.3511659807956104 0.1954449152542373 0.3511659807956104 0.1780654131355932 0.3511659807956104 0.158203125 0.3511659807956104 0.14247881355932202 0.3511659807956104 0.1317200741525424 0.3511659807956104 0.1126853813559322 0.3511659807956104 0.1044094279661017 0.3511659807956104 0.125926906779661 0.3511659807956104 0.1383408368644068 0.3511659807956104 0.15572033898305082 0.3511659807956104 0.16399629237288132 0.3511659807956104 0.1797206038135593 0.3511659807956104
0 0.1822033898305085 0.3511659807956104 0.20785884533898302 0.3511659807956104 0.2268935381355932 0.3511659807956104 0.2368246822033898 0.3511659807956104 0.24344544491525422 0.3511659807956104 0.24344544491525422 0.3511659807956104 0.2500662076271186 0.3511659807956104 0.2649629237288136 0.3511659807956104 0.2757216631355932 0.3511659807956104 0.272411281779661 0.3511659807956104 0.2608249470338983 0.3511659807956104 0.24510063559322032 0.3511659807956104 0.223583156779661 0.3511659807956104 0.1987552966101695 0.3511659807956104 0.1830309851694915 0.3511659807956104 0.1805481991525424 0.3511659807956104
0 0.3601363877118644 0.3511659807956104 0.3799986758474576 0.3511659807956104 0.39406779661016944 0.3511659807956104 0.3990333686440678 0.3511659807956104 0.386619438559322 0.3511659807956104 0.37834348516949157 0.3511659807956104 0.37751588983050843 0.3511659807956104 0.3791710805084746 0.3511659807956104 0.3634467690677966 0.3511659807956104 0.35517081567796616 0.3511659807956104 0.354343220338983 0.3511659807956104 0.35517081567796616 0.3511659807956104 0.3576536016949152 0.3511659807956104
0 0.2575145656779661 0.3511659807956104 0.2873079978813559 0.3511659807956104 0.3079978813559322 0.3511659807956104 0.3278601694915254 0.3511659807956104 0.33944650423728817 0.3511659807956104 0.3402740995762712 0.3511659807956104 0.3336533368644068 0.3511659807956104 0.3113082627118644 0.3511659807956104 0.2897907838983051 0.3511659807956104 0.2666181144067797 0.3511659807956104 0.2591697563559322 0.3511659807956104
0 0.5413797669491526 0.3511659807956104 0.5405521716101696 0.3511659807956104 0.548828125 0.3511659807956104 0.5562764830508474 0.3511659807956104 0.5686904131355932 0.3511659807956104 0.5744835805084746 0.3511659807956104 0.5728283898305084 0.3511659807956104
0 0.5074483580508474 0.3511659807956104 0.530621027542373 0.3511659807956104 0.5430349576271186 0.3511659807956104 0.5529661016949152 0.3511659807956104 0.5546212923728814 0.3511659807956104 0.547172934322034 0.3511659807956104 0.531448622881356 0.3511659807956104 0.5256554555084746 0.3511659807956104 0.5231726694915254 0.3511659807956104 0.5115863347457628 0.3511659807956104
0 0.5074483580508474 0.3511659807956104 0.514896716101695 0.3511659807956104 0.5049655720338984 0.3511659807956104 0.49834480932203395 0.3511659807956104 0.48179290254237284 0.3511659807956104 0.4635858050847458 0.3511659807956104 0.4577926377118644 0.3511659807956104 0.46937897245762716 0.3511659807956104 0.48593087923728817 0.3511659807956104
0 0.3510328389830508 0.3511659807956104 0.37420550847457623 0.3511659807956104 0.39406779661016944 0.3511659807956104 0.403171345338983 0.3511659807956104 0.42055084745762716 0.3511659807956104 0.43958554025423735 0.3511659807956104 0.4553098516949152 0.3511659807956104 0.466896186440678 0.3511659807956104 0.47268935381355937 0.3511659807956104 0.4544822563559322 0.3511659807956104 0.4387579449152542 0.3511659807956104 0.42303363347457623 0.3511659807956104 0.39075741525423724 0.3511659807956104 0.3601363877118644 0.3511659807956104
0 0.5190346927966102 0.3511659807956104 0.5355865995762712 0.3511659807956104 0.5455177436440678 0.3511659807956104 0.548000529661017 0.3511659807956104 0.5422073622881356 0.3511659807956104 0.530621027542373 0.3511659807956104 0.5198622881355932 0.3511659807956104 0.5248278601694916 0.3511659807956104 0.516551906779661 0.3511659807956104 0.5140691207627118 0.3511659807956104
0 0.5537936970338984 0.3511659807956104 0.563724841101695 0.3511659807956104 0.5777939618644068 0.3511659807956104 0.5918630826271186 0.3511659807956104 0.6059322033898306 0.3511659807956104 0.6266220868644068 0.3511659807956104 0.6348980402542374 0.3511659807956104 0.6075873940677966 0.3511659807956104 0.596001059322034 0.3511659807956104 0.5868975105932204 0.3511659807956104 0.580276747881356 0.3511659807956104 0.580276747881356 0.3511659807956104 0.581104343220339 0.3511659807956104 0.580276747881356 0.3511659807956104 0.5670352224576272 0.3511659807956104 0.5562764830508474 0.3511659807956104 0.5455177436440678 0.3511659807956104 0.5405521716101696 0.3511659807956104 0.5455177436440678 0.3511659807956104
0 0.5562764830508474 0.3511659807956104 0.565380031779661 0.3511659807956104 0.5720007944915254 0.3511659807956104 0.5695180084745762 0.3511659807956104 0.5612420550847458 0.3511659807956104 0.5604144597457628 0.3511659807956104
0 0.7300715042372882 0.3511659807956104 0.759037341101695 0.3511659807956104 0.7904859639830508 0.3511659807956104 0.7971067266949153 0.3511659807956104 0.7954515360169492 0.3511659807956104 0.7846927966101696 0.3511659807956104 0.7706236758474576 0.3511659807956104 0.759037341101695 0.3511659807956104 0.7466234110169492 0.3511659807956104 0.7358646716101696 0.3511659807956104 0.726761122881356 0.3511659807956104 0.7251059322033898 0.3511659807956104
0 0.7557269597457628 0.3511659807956104 0.791313559322034 0.3511659807956104 0.8020722987288136 0.3511659807956104 0.8153138241525424 0.3511659807956104 0.8153138241525424 0.3511659807956104 0.791313559322034 0.3511659807956104 0.7830376059322034 0.3511659807956104 0.7689684851694916 0.3511659807956104 0.7482786016949152 0.3511659807956104 0.7416578389830508 0.3511659807956104
0 0.6746226165254238 0.3511659807956104 0.6903469279661018 0.3511659807956104 0.7027608580508474 0.3511659807956104 0.7143471927966102 0.3511659807956104 0.7292439088983051 0.3511659807956104 0.7366922669491526 0.3511659807956104 0.7383474576271186 0.3511659807956104 0.726761122881356 0.3511659807956104 0.7085540254237288 0.3511659807956104 0.6911745233050848 0.3511659807956104 0.6820709745762712 0.3511659807956104 0.679588188559322 0.3511659807956104
0 0.8823490466101696 0.3511659807956104 0.9038665254237288 0.3511659807956104 0.9229012182203391 0.3511659807956104 0.922073622881356 0.3511659807956104 0.9253840042372881 0.3511659807956104 0.9402807203389831 0.3511659807956104 0.9518670550847459 0.3511659807956104 0.9477290783898304 0.3511659807956104 0.9336599576271187 0.3511659807956104 0.9088320974576272 0.3511659807956104 0.890625 0.3511659807956104 0.8840042372881356 0.3511659807956104
0 0.9526946504237288 0.3511659807956104 0.9510394597457628 0.3511659807956104 0.9469014830508475 0.3511659807956104 0.9444186970338984 0.3511659807956104 0.9593154131355932 0.3511659807956104 0.9766949152542372 0.3511659807956104 0.9800052966101696 0.3511659807956104 0.9791777012711864 0.3511659807956104 0.9758673199152543 0.3511659807956104 0.9659361758474576 0.3511659807956104
0 0.8343485169491525 0.3511659807956104 0.8451072563559323 0.3511659807956104 0.8566935911016949 0.3511659807956104 0.8840042372881356 0.3511659807956104 0.8947629766949152 0.3511659807956104 0.9137976694915255 0.3511659807956104 0.9344875529661016 0.3511659807956104 0.9402807203389831 0.3511659807956104 0.9245564088983051 0.3511659807956104 0.9336599576271187 0.3511659807956104 0.9328323622881356 0.3511659807956104 0.923728813559322 0.3511659807956104 0.8972457627118644 0.3511659807956104 0.8931077860169492 0.3511659807956104 0.8881422139830508 0.3511659807956104 0.8765558792372881 0.3511659807956104 0.8657971398305084 0.3511659807956104 0.8484176377118644 0.3511659807956104 0.840141684322034 0.3511659807956104
0 0.9444186970338984 0.3511659807956104 0.9733845338983051 0.3511659807956104 0.989936440677966 0.3511659807956104 0.9957296080508475 0.3511659807956104 0.9940744173728815 0.3511659807956104 0.9949020127118644 0.3511659807956104 0.9783501059322035 0.3511659807956104 0.9675913665254237 0.3511659807956104 0.9609706038135593 0.3511659807956104 0.956832627118644 0.3511659807956104 0.9485566737288136 0.3511659807956104 0.9427635063559323 0.3511659807956104 0.9402807203389831 0.3511659807956104 0.9320047669491527 0.3511659807956104
0 0.8045550847457628 0.3511659807956104 0.8360037076271187 0.3511659807956104 0.8666247351694916 0.3511659807956104 0.8600039724576272 0.3511659807956104 0.8384864936440679 0.3511659807956104 0.8293829449152543 0.3511659807956104 0.8302105402542372 0.3511659807956104 0.8492452330508475 0.3511659807956104 0.8302105402542372 0.3511659807956104 0.8211069915254237 0.3511659807956104 0.8227621822033899 0.3511659807956104 0.8161414194915255 0.3511659807956104 0.8037274894067797 0.3511659807956104 0.7962791313559322 0.3511659807956104 0.7946239406779662 0.3511659807956104
0 0.7457958156779662 0.3511659807956104 0.7673132944915254 0.3511659807956104 0.777244438559322 0.3511659807956104 0.7962791313559322 0.3511659807956104 0.8062102754237288 0.3511659807956104 0.793796345338983 0.3511659807956104 0.8012447033898306 0.3511659807956104 0.8120034427966102 0.3511659807956104 0.8177966101694916 0.3511659807956104 0.8302105402542372 0.3511659807956104 0.8335209216101696 0.3511659807956104 0.8335209216101696 0.3511659807956104 0.809520656779661 0.3511659807956104 0.7880031779661018 0.3511659807956104 0.7706236758474576 0.3511659807956104 0.7573821504237288 0.3511659807956104 0.7499337923728814 0.3511659807956104 0.7491061970338984 0.3511659807956104
0 0.7366922669491526 0.3511659807956104 0.7557269597457628 0.3511659807956104 0.7673132944915254 0.3511659807956104 0.759864936440678 0.3511659807956104 0.7499337923728814 0.3511659807956104 0.7507613877118644 0.3511659807956104 0.7375198622881356 0.3511659807956104 0.7068988347457628 0.3511659807956104 0.7135195974576272 0.3511659807956104 0.726761122881356 0.3511659807956104 0.7366922669491526 0.3511659807956104 0.7366922669491526 0.3511659807956104 0.7383474576271186 0.3511659807956104 0.7391750529661018 0.3511659807956104
0 0.6042770127118644 0.3511659807956104 0.6332428495762712 0.3511659807956104 0.6440015889830508 0.3511659807956104 0.6514499470338984 0.3511659807956104 0.6588983050847458 0.3511659807956104 0.6547603283898306 0.3511659807956104 0.646484375 0.3511659807956104 0.6365532309322034 0.3511659807956104 0.6332428495762712 0.3511659807956104 0.628277277542373 0.3511659807956104 0.6175185381355932 0.3511659807956104 0.6067597987288136 0.3511659807956104 0.6009666313559322 0.3511659807956104
0 0.581931938559322 0.3511659807956104 0.5951734639830508 0.3511659807956104 0.615035752118644 0.3511659807956104 0.6257944915254238 0.3511659807956104 0.6233117055084746 0.3511659807956104 0.6108977754237288 0.3511659807956104 0.6034494173728814 0.3511659807956104 0.5910354872881356 0.3511659807956104
0 0.6026218220338984 0.3511659807956104 0.6191737288135594 0.3511659807956104 0.6241393008474576 0.3511659807956104 0.6382084216101696 0.3511659807956104 0.6390360169491526 0.3511659807956104 0.6224841101694916 0.3511659807956104 0.6183461334745763 0.3511659807956104 0.6158633474576272 0.3511659807956104 0.613380561440678 0.3511659807956104 0.5993114406779662 0.3511659807956104 0.5885527012711864 0.3511659807956104 0.581104343220339 0.3511659807956104 0.5720007944915254 0.3511659807956104 0.5670352224576272 0.3511659807956104 0.5736559851694916 0.3511659807956104 0.5868975105932204 0.3511659807956104 0.5943458686440678 0.3511659807956104 0.6009666313559322 0.3511659807956104
0 0.6588983050847458 0.3511659807956104 0.696140095338983 0.3511659807956104 0.6986228813559322 0.3511659807956104 0.6953125 0.3511659807956104 0.6886917372881356 0.3511659807956104 0.6853813559322034 0.3511659807956104 0.6746226165254238 0.3511659807956104 0.6671742584745763 0.3511659807956104 0.6597259004237288 0.3511659807956104 0.6580707097457628 0.3511659807956104
0 0.711864406779661 0.3511659807956104 0.7234507415254238 0.3511659807956104 0.7342094809322034 0.3511659807956104 0.743313029661017 0.3511659807956104 0.7358646716101696 0.3511659807956104 0.7168299788135594 0.3511659807956104 0.7060712394067796 0.3511659807956104 0.7052436440677966 0.3511659807956104
0 0.776416843220339 0.3511659807956104 0.7979343220338984 0.3511659807956104 0.808693061440678 0.3511659807956104 0.8326933262711864 0.3511659807956104 0.843452065677966 0.3511659807956104 0.843452065677966 0.3511659807956104 0.8360037076271187 0.3511659807956104 0.8194518008474576 0.3511659807956104 0.7971067266949153 0.3511659807956104 0.7838652012711864 0.3511659807956104
0 0.8467624470338984 0.3511659807956104 0.8583487817796611 0.3511659807956104 0.8806938559322035 0.3511659807956104 0.8914525953389831 0.3511659807956104 0.8955905720338984 0.3511659807956104 0.8840042372881356 0.3511659807956104 0.8790386652542372 0.3511659807956104 0.8724179025423728 0.3511659807956104 0.8558659957627119 0.3511659807956104 0.841796875 0.3511659807956104 0.8326933262711864 0.3511659807956104 0.826072563559322 0.3511659807956104 0.8285553495762712 0.3511659807956104 0.8343485169491525 0.3511659807956104 0.8384864936440679 0.3511659807956104
0 0.874900688559322 0.3511659807956104 0.8972457627118644 0.3511659807956104 0.9055217161016949 0.3511659807956104 0.9179356461864407 0.3511659807956104 0.9278667902542372 0.3511659807956104 0.9245564088983051 0.3511659807956104 0.9071769067796611 0.3511659807956104 0.8964181673728815 0.3511659807956104 0.8864870233050848 0.3511659807956104 0.8815214512711864 0.3511659807956104
0 0.8012447033898306 0.3511659807956104 0.8194518008474576 0.3511659807956104 0.8227621822033899 0.3511659807956104 0.8161414194915255 0.3511659807956104 0.8062102754237288 0.3511659807956104 0.8053826800847458 0.3511659807956104 0.7979343220338984 0.3511659807956104 0.7780720338983051 0.3511659807956104 0.775589247881356 0.3511659807956104 0.7888307733050848 0.3511659807956104 0.7987619173728814 0.3511659807956104
0 0.9121424788135593 0.3511659807956104 0.9286943855932204 0.3511659807956104 0.9419359110169492 0.3511659807956104 0.9609706038135593 0.3511659807956104 0.972556938559322 0.3511659807956104 0.9800052966101696 0.3511659807956104 0.9560050317796611 0.3511659807956104 0.9386255296610171 0.3511659807956104 0.9162804555084747 0.3511659807956104
