1 0.0013020833333333333 0.22207633053221287 0.0013020833333333333 0.22317051820728293 0.0013020833333333333 0.1575192577030812 0.0013020833333333333 0.13563550420168066 0.0013020833333333333 0.13891806722689073 0.0013020833333333333 0.1684611344537815 0.0013020833333333333 0.21332282913165265 0.0013020833333333333 0.2472426470588235 0.026534051120448154 0.2308298319327731 0.03966430322128852 0.16627275910364145 0.0517003676470588 0.05357142857142855 0.07467830882352937 0.02183998599439774 0.07170012891520246 0.0013020833333333333 0.07170012891518847 0.0013020833333333333 0.0013020833333333333 0.005427170868347317 0.0013020833333333333 0.0013020833333333333 0.0013020833333333333 0.0013020833333333333 0.0013020833333333333 0.025122549019607823 0.0013020833333333333 0.03934698879551819 0.0013020833333333333 0.06534488795518191 0.0013020833333333333 0.14329481792717086
1 0.0013020833333333333 0.2384891456582633 0.0013020833333333333 0.2428658963585434 0.0013020833333333333 0.26365546218487396 0.0013020833333333333 0.29319852941176466 0.0013020833333333333 0.30414040616246496 0.0013020833333333333 0.3085171568627451 0.0013020833333333333 0.30632878151260506 0.0013020833333333333 0.29302345938375385 0.0013020833333333333 0.25271358543417366
0 0.0013020833333333333 0.31836484593837533 0.0013020833333333333 0.31508228291316526 0.0013020833333333333 0.3314950980392157 0.0013020833333333333 0.3544730392156863 0.0013020833333333333 0.37854516806722693 0.0013020833333333333 0.3982405462184874 0.0013020833333333333 0.4288778011204482 0.0013020833333333333 0.4638918067226891 0.0013020833333333333 0.48358718487394964 0.0013020833333333333 0.5142244397759104 0.0013020833333333333 0.5164128151260504 0.0013020833333333333 0.47702205882352944 0.0013020833333333333 0.4037114845938376
1 0.0013020833333333333 0.22098214285714282 0.0013020833333333333 0.17174369747899157 0.0013020833333333333 0.16299019607843135 0.0013020833333333333 0.18268557422969187 0.0013020833333333333 0.21988795518207283 0.0013020833333333333 0.25709033613445376 0.0013020833333333333 0.2735031512605042 0.0013020833333333333 0.31070553221288516 0.0013020833333333333 0.343531162464986 0.0013020833333333333 0.35337885154061627 0.0013020833333333333 0.36869747899159666 0.0013020833333333333 0.3774509803921569 0.0013020833333333333 0.3774509803921569 0.0013020833333333333 0.3522846638655463 0.0013020833333333333 0.3271183473389356 0.0013020833333333333 0.2975752801120448 0.0013020833333333333 0.2581845238095238
1 0.09109112394957981 0.532825630252101 0.05935968137254899 0.5809698879551821 0.03747592787114843 0.6094187675070029 0.012309611344537785 0.6258315826330533 0.0013020833333333333 0.6488095238095238 0.0013020833333333333 0.6805409663865546 0.0013020833333333333 0.694765406162465 0.0013020833333333333 0.7100840336134454 0.0013020833333333333 0.7254026610644257 0.0013020833333333333 0.7571341036414565 0.0013020833333333333 0.776829481792717 0.0013020833333333333 0.7932422969187675 0.0013020833333333333 0.8315388655462185 0.0013020833333333333 0.8829656862745098 0.0013020833333333333 0.9212622549019608 0.0013020833333333333 0.9256390056022409 0.026534051120448154 0.9343925070028011 0.049511992296918717 0.9322041316526611 0.11188068977591037 0.8753063725490197 0.12391675420168073 0.8709296218487395 0.10969231442577028 0.8501400560224089 0.09656206232492992 0.8085609243697478 0.06920737044817926 0.776829481792717 0.049511992296918717 0.7385329131652661 0.07030155812324927 0.6860119047619048 0.12172837885154057 0.6170780812324931 0.1501772584033613 0.5842524509803922 0.12391675420168073 0.5558035714285715 0.1031271883753501 0.5470500700280113
1 0.1479888830532213 0.005427170868347317 0.16440169817927167 0.0634191176470588 0.1917563900560224 0.10718662464985991 0.23661808473389354 0.14001225490196076 0.2530308998599439 0.16627275910364145 0.26178440126050423 0.2155112044817927 0.2792914040616246 0.2789740896358543 0.2705379026610644 0.2964810924369748 0.23661808473389354 0.31508228291316526 0.21473433123249297 0.33806022408963593 0.1906622023809524 0.3347776610644258 0.16002494747899165 0.2964810924369748 0.13157606792717091 0.2702205882352941 0.0932794992997199 0.2538077731092437 0.06373643207282909 0.2505252100840336 0.042946866246498606 0.22754726890756302 0.0462294292717087 0.1914390756302521 0.05388874299719889 0.11484593837535012 0.05388874299719889 0.06998424369747898 0.06483061974789917 0.04591211484593835 0.07905505952380953 0.029499299719887937 0.07905505952380953 0.002144607843137233 0.10907956932773082 0.0013020833333333333
1 0.31102284663865537 0.0043329831932772895 0.3460368522408963 0.025122549019607823 0.3908985469187676 0.04153536414565824 0.41606486344537813 0.0557598039215686 0.4302893032212885 0.08967962184873947 0.4368544292717087 0.13454131652661064 0.4368544292717087 0.16955532212885152 0.370108981092437 0.15970763305322128 0.3153995973389356 0.15533088235294115 0.29023328081232497 0.1575192577030812 0.2639727766106443 0.1640843837535014 0.24646577380952386 0.13344712885154061 0.21582851890756297 0.10499824929971986 0.1895680147058824 0.0787377450980392 0.17534357492997202 0.0557598039215686 0.1578365721288515 0.009803921568627428 0.15872783772599944 0.0013020833333333333 0.1587278377260002 0.0013020833333333333 0.23442970938375352 0.0032387955182072606 0.2792914040616246 0.0013020833333333333
1 0.3219647233893557 0.0013020833333333333 0.3526019782913165 0.002144607843137233 0.3952752976190476 0.0013020833333333333 0.40731136204481794 0.002144607843137233 0.39855786064425774 0.03387605042016805 0.37776829481792723 0.027310924369747882 0.35916710434173665 0.02074579831932771 0.33837753851540614 0.01418067226890754
1 0.42044161414565834 0.0013020833333333333 0.46530330882352944 0.0032387955182072606 0.49337286998132573 0.0013020833333333333 0.5473673844537815 0.0032387955182072606 0.5867581407563026 0.005427170868347317 0.6075477065826331 0.0013020833333333333 0.6195837710084033 0.006521358543417346 0.6250547093837535 0.03168767507002799 0.6239605217086835 0.061230742296918744 0.602076768207283 0.10280987394957981 0.5517441351540616 0.1454831932773109 0.5232952556022409 0.1575192577030812 0.5057882528011204 0.17830882352941177 0.48718706232493 0.19909838935574228 0.46530330882352944 0.17830882352941177 0.4488904936974791 0.17064950980392155 0.4456079306722689 0.14329481792717086 0.4423253676470589 0.10171568627450978 0.4302893032212885 0.062324929971988775 0.411688112745098 0.03387605042016805 0.41387648809523814 0.022934173669467765
1 0.0013020833333333333 0.3468137254901961 0.0035561099439775923 0.37307422969187676 0.02762823879551816 0.40042892156862747 0.0473236169467787 0.4463848039215687 0.056077118347338896 0.47373949579831937 0.07030155812324927 0.5087535014005603 0.06811318277310925 0.5404849439775911 0.04185267857142853 0.5700280112044819 0.024345675770308068 0.6006652661064426 0.0013020833333333333 0.6170780812324931 0.0013020833333333333 0.6356792717086835 0.0013020833333333333 0.657563025210084 0.0013020833333333333 0.6739758403361344 0.0013020833333333333 0.6882002801120448 0.0013020833333333333 0.7013305322128852 0.0013020833333333333 0.7461922268907563 0.0013020833333333333 0.7647934173669467 0.0013020833333333333 0.7636992296918766 0.0013020833333333333 0.7483806022408963 0.0013020833333333333 0.7286852240896358 0.0013020833333333333 0.7057072829131652 0.0013020833333333333 0.6794467787114846 0.0013020833333333333 0.6531862745098039 0.0013020833333333333 0.638477025425555 0.0013020833333333333 0.532825630252101 0.0013020833333333333 0.5196953781512605 0.0013020833333333333 0.49671743697479 0.0013020833333333333 0.4441964285714286 0.0013020833333333333 0.4080882352941177 0.0013020833333333333 0.3905812324929972 0.0013020833333333333 0.38511029411764713 0.0013020833333333333 0.37963935574229696 0.0013020833333333333 0.36322654061624654 0.0013020833333333333 0.35337885154061627
1 0.0013020833333333333 0.2691264005602241 0.018874737394957968 0.25161939775910364 0.040758490896358524 0.24505427170868346 0.06592480742296918 0.2581845238095238 0.10859812675070028 0.2691264005602241 0.12610512955182074 0.28882177871148457 0.1479888830532213 0.31836484593837533 0.16440169817927167 0.3402485994397759 0.18847382703081225 0.3479079131652661 0.22348783263305316 0.35337885154061627 0.25631346288515405 0.3216474089635854 0.2847623424369748 0.3019520308123249 0.3274356617647059 0.3085171568627451 0.36901479341736687 0.3304009103641456 0.40621717436974797 0.3522846638655463 0.4127823004201681 0.37307422969187676 0.4040287990196078 0.38948704481792723 0.3854276085434174 0.3971463585434174 0.36354385504201686 0.3872986694677871 0.34166010154061627 0.4080882352941177 0.31977634803921573 0.4431022408963586 0.28913909313725483 0.48139880952380953 0.25631346288515405 0.5043767507002802 0.22458202030812316 0.532825630252101 0.20488664215686278 0.5568977591036415 0.17753195028011204 0.5645570728291317 0.1578365721288515 0.5656512605042018 0.13595281862745093 0.5404849439775911 0.1020330007002801 0.5153186274509804 0.08999693627450982 0.49671743697479 0.07577249649859945 0.4452906162464986 0.058265493697478986 0.3971463585434174 0.033099177170868334 0.3610381652661065 0.0013020833333333333 0.33806022408963593 0.0013020833333333333 0.32602415966386555 0.0013020833333333333 0.3019520308123249
1 0.16877844887955185 0.5798757002801121 0.21035758053221296 0.5722163865546218 0.23442970938375352 0.5973827030812325 0.25412508753501406 0.6170780812324931 0.28038559173669464 0.6345850840336135 0.3000809698879552 0.6586572128851541 0.28038559173669464 0.694765406162465 0.27382046568627444 0.7188375350140056 0.20379245448179276 0.7450980392156863 0.16768426120448185 0.7702643557422969 0.1490830707282913 0.7976190476190476 0.13048188025210075 0.8205969887955181 0.07796087184873945 0.776829481792717 0.06920737044817926 0.733061974789916 0.07905505952380953 0.6903886554621849 0.10640975140056019 0.6586572128851541 0.13595281862745093 0.6214548319327732 0.1578365721288515 0.5941001400560225
1 0.3580729166666667 0.41574754901960786 0.3963694852941176 0.41355917366946787 0.40184042366946776 0.4474789915966387 0.41606486344537813 0.46717436974789917 0.42591255252100835 0.49234068627450983 0.4335718662464985 0.5262605042016807 0.4467021183473389 0.5601803221288516 0.44451374299719887 0.5941001400560225 0.42591255252100835 0.6192664565826331 0.39308692226890757 0.6302083333333334 0.3493194152661065 0.6323967086834734 0.31758797268907557 0.6356792717086835 0.294610031512605 0.6323967086834734 0.24974833683473388 0.5919117647058824 0.23114714635854336 0.5711221988795518 0.22458202030812316 0.5590861344537815 0.24537158613445373 0.537202380952381 0.27819721638655465 0.5065651260504201 0.3186821603641457 0.46826855742296924 0.3372833508403361 0.4474789915966387 0.34822522759103647 0.43106617647058826
1 0.3186821603641457 0.6531862745098039 0.37229735644257705 0.6444327731092437 0.43247767857142855 0.6323967086834734 0.4521730567226891 0.6148897058823529 0.48718706232493 0.6334908963585434 0.49922312675070035 0.654280462184874 0.524389443277311 0.6706932773109243 0.527672006302521 0.6827293417366946 0.49594056372549017 0.6750700280112044 0.4729626225490196 0.6827293417366946 0.45107886904761907 0.7068014705882352 0.4335718662464985 0.7440038515406163 0.4281009278711485 0.773546918767507 0.42372417717086835 0.809655112044818 0.41387648809523814 0.8435749299719887 0.409499737394958 0.8709296218487395 0.3919927345938376 0.89171918767507 0.36901479341736687 0.8709296218487395 0.35697872899159666 0.8085609243697478 0.3153995973389356 0.7626050420168067 0.292421656162465 0.7286852240896358 0.3011751575630252 0.700236344537815 0.31649378501400555 0.6685049019607843
1 0.13376444327731093 0.8796831232492996 0.16221332282913167 0.890625 0.18519126400560224 0.9048494397759104 0.19394476540616243 0.9212622549019608 0.1928505777310924 0.9617471988795518 0.2081692051820728 0.9967612044817927 0.16221332282913167 0.9923844537815126 0.1020330007002801 0.9901960784313726 0.022157300420168058 0.9978553921568628 0.0013020833333333333 0.9945728291316526 0.0013020833333333333 0.9912902661064426 0.0013020833333333333 0.9420518207282913 0.0013020833333333333 0.9376750700280111 0.02872242647058824 0.9442401960784313 0.04841780462184871 0.9475227591036415 0.07358412114845936 0.9278273809523809 0.09984462535014 0.9026610644257703 0.11735162815126055 0.890625
1 0.1490830707282913 0.8610819327731093 0.1654958858543417 0.810749299719888 0.1961331407563026 0.7801120448179272 0.22895877100840334 0.7615108543417367 0.25959602591036407 0.7407212885154061 0.2771030287114846 0.7385329131652661 0.291327468487395 0.7505689775910364 0.31321122198879553 0.7724527310924368 0.32524728641456574 0.7910539215686274 0.34166010154061627 0.809655112044818 0.34822522759103647 0.8348214285714285 0.3602612920168067 0.8709296218487395 0.37776829481792723 0.8960959383753502 0.40621717436974797 0.89500175070028 0.4335718662464985 0.8479516806722689 0.4357602415966387 0.8019957983193278 0.45873818277310924 0.7472864145658263 0.47186843487394964 0.7133665966386554 0.49594056372549017 0.6882002801120448 0.524389443277311 0.700236344537815 0.5583092612044819 0.7232142857142857 0.5725337009803922 0.7461922268907563 0.5758162640056023 0.7702643557422969 0.5670627626050421 0.7965248599439776 0.5539325105042017 0.8359156162464986 0.5353313200280113 0.88843662464986 0.521106880252101 0.9190738795518207 0.5112591911764706 0.9595588235294117 0.5068824404761906 0.9825367647058824 0.5079766281512605 0.9956670168067226 0.45544103057889823 0.9986979166666666 0.3963694852941176 0.9978553921568628 0.3493194152661065 0.9967612044817927 0.2978925945378152 0.9945728291316526 0.2442773984593837 0.9945728291316526 0.22786458333333334 0.9934786414565826 0.21473433123249297 0.9781600140056023 0.20707501750700277 0.9442401960784313 0.20598082983193278 0.9125087535014006 0.1917563900560224 0.890625 0.16877844887955185 0.8774947478991596
1 0.6611629026610645 0.009803921568627428 0.6469384628851541 0.03278186274509802 0.6349023984593837 0.08639705882352938 0.6228663340336135 0.13235294117647056 0.6184895833333334 0.148765756302521 0.6622570903361344 0.1531425070028011 0.6896117822128852 0.148765756302521 0.7147780987394957 0.13563550420168066 0.7476037289915967 0.0787377450980392 0.7793351715686274 0.04262955182072827 0.8110666141456582 0.01418067226890754 0.8066898634453782 0.005427170868347317 0.7508862920168067 0.005427170868347317 0.7224374124649859 0.005427170868347317
1 0.8384213060224089 0.006521358543417346 0.8132549894957984 0.04262955182072827 0.7738642331932774 0.071078431372549 0.7563572303921569 0.0984331232492997 0.7333792892156863 0.13235294117647056 0.7158722864145659 0.1640843837535014 0.721343224789916 0.1837797619047619 0.7508862920168067 0.20238095238095236 0.7694874824929973 0.21332282913165265 0.7760526085434174 0.18925070028011204 0.7859002976190478 0.1640843837535014 0.8055956757703081 0.15204831932773108 0.8351387429971989 0.15642507002801118 0.8701527485994397 0.16627275910364145 0.9007900035014007 0.17064950980392155 0.9051667542016807 0.18268557422969187 0.9007900035014007 0.19581582633053218 0.87671787464986 0.21879376750700277 0.8471748074229692 0.24067752100840334 0.8427980567226893 0.2505252100840336 0.8603050595238096 0.25599614845938373 0.87124693627451 0.2614670868347339 0.8975074404761904 0.26037289915966383 0.9237679446778712 0.2581845238095238 0.9500284488795518 0.2702205882352941 0.9697238270308123 0.2713147759103641 0.9937959558823529 0.26803221288515405 1.0113029586834734 0.25271358543417366 1.0234375 0.2223772321428569 1.0234375 0.034970238095238075 1.0234375 0.0043329831932772895 0.9642528886554622 0.005427170868347317 0.9336156337535014 0.0087097338935574
1 0.26506696428571425 0.17721463585434172 0.29570421918767503 0.16736694677871147 0.3438484768907563 0.16627275910364145 0.3974636729691876 0.17393207282913162 0.4642091211484594 0.19253326330532214 0.4784335609243698 0.21004026610644255 0.48718706232493 0.23630077030812324 0.5167301295518207 0.2428658963585434 0.5123533788515405 0.2702205882352941 0.4948463760504202 0.30304621848739494 0.46749168417366943 0.3282125350140056 0.4467021183473389 0.35775560224089636 0.4335718662464985 0.36650910364145656 0.4127823004201681 0.3479079131652661 0.38105085784313725 0.3216474089635854 0.3536961659663865 0.30632878151260506 0.32087053571428575 0.3008578431372549 0.3022693452380952 0.29319852941176466 0.28695071778711484 0.2745973389355742 0.2760088410364146 0.2428658963585434 0.26944371498599445 0.19909838935574228
1 0.527672006302521 0.22864145658263305 0.5583092612044819 0.19253326330532214 0.5845697654061625 0.17393207282913162 0.6097360819327732 0.17283788515406162 0.645844275210084 0.18925070028011204 0.6644454656862745 0.19581582633053218 0.684140843837535 0.19253326330532214 0.7027420343137255 0.19909838935574228 0.7421327906162465 0.22098214285714282 0.7716758578431372 0.2384891456582633 0.7869944852941178 0.25161939775910364 0.8154433648459385 0.265843837535014 0.8471748074229692 0.2756915266106443 0.8603050595238096 0.2910101540616246 0.8624934348739496 0.31836484593837533 0.8953190651260504 0.40042892156862747 0.8865655637254903 0.4431022408963586 0.8701527485994397 0.4846813725490196 0.8406096813725489 0.5339198179271709 0.8121608018207281 0.5689338235294118 0.7815235469187676 0.5941001400560225 0.7683932948179272 0.6356792717086835 0.721343224789916 0.6389618347338936 0.6633512780112044 0.6367734593837535 0.6097360819327732 0.6356792717086835 0.5955116421568628 0.6061362044817927 0.5747220763305322 0.5667454481792717 0.5790988270308124 0.5098476890756303 0.564874387254902 0.46608018207282914 0.5364255077030813 0.4245010504201681 0.5123533788515405 0.3949579831932773 0.4970347514005602 0.37198004201680673 0.5167301295518207 0.3325892857142857 0.521106880252101 0.30414040616246496 0.5265778186274509 0.2625612745098039
1 0.41715905112044815 0.41793592436974797 0.44123117997198874 0.3949579831932773 0.48062193627450983 0.3949579831932773 0.4970347514005602 0.40699404761904767 0.5397080707282913 0.4441964285714286 0.5484615721288515 0.46717436974789917 0.5561208858543417 0.4945290616246499 0.5615918242296919 0.5426733193277311 0.568156950280112 0.5787815126050421 0.5823813900560224 0.6028536414565827 0.5998883928571428 0.6411502100840337 0.5364255077030813 0.6608455882352942 0.5145417542016807 0.6389618347338936 0.4762451855742296 0.5951943277310925 0.45326724439775906 0.5350140056022409 0.4477963060224089 0.46826855742296924 0.42919511554621853 0.4245010504201681
0 0.7804293592436974 0.2034751400560224 0.7968421743697478 0.2308298319327731 0.8143491771708685 0.24396008403361344 0.8504573704481793 0.21879376750700277 0.87781206232493 0.2034751400560224 0.8854713760504204 0.187062324929972 0.8646818102240896 0.17721463585434172 0.8329503676470589 0.1684611344537815 0.8220084908963585 0.1640843837535014 0.8023131127450981 0.17174369747899157 0.7902770483193278 0.1837797619047619
0 0.5878523284313726 0.3293067226890756 0.681952468487395 0.3325892857142857 0.7071187850140056 0.3588497899159664 0.7082129726890756 0.37963935574229696 0.6874234068627452 0.3862044817927171 0.6228663340336135 0.3872986694677871 0.5933232668067228 0.3654149159663866 0.5834755777310924 0.3457195378151261
1 0.88109462535014 0.305234593837535 0.9106376925770308 0.2855392156862745 0.9664412640056023 0.29319852941176466 0.9806657037815126 0.33806022408963593 1.0014552696078434 0.4124649859943978 1.0036436449579833 0.4398196778711485 0.995984331232493 0.47811624649859946 0.9533110119047619 0.49890581232493 0.9029783788515408 0.49671743697479 0.8898481267507004 0.49234068627450983 0.8996958158263307 0.4529499299719888 0.9018841911764707 0.3938637955182073 0.8898481267507004 0.35337885154061627 0.87562368697479 0.3325892857142857
0 0.9751947654061626 0.29866946778711484 1.0091145833333333 0.2735031512605042 1.0234375 0.2668191234827264 1.0233390231092436 0.3555672268907563 1.0234375 0.3574875262605042 1.0234375 0.42997198879551823 1.0058320203081232 0.3927696078431373 0.999266894257703 0.37088585434173676 0.991607580532213 0.344625350140056 0.9828540791316526 0.31836484593837533
1 0.5408022584033613 0.6717874649859944 0.5889465161064426 0.6509978991596639 0.6283372724089635 0.652092086834734 0.6797640931372549 0.657563025210084 0.6918001575630252 0.6695990896358542 0.6710105917366946 0.696953781512605 0.6349023984593837 0.7177433473389355 0.6119244572829131 0.7319677871148459 0.5911348914565826 0.7308735994397759 0.5626860119047619 0.7133665966386554 0.5397080707282913 0.6892944677871148
1 0.8734353116246499 0.5065651260504201 0.8460806197478993 0.5404849439775911 0.8231026785714285 0.5722163865546218 0.8023131127450981 0.6116071428571429 0.8012189250700281 0.6334908963585434 0.8220084908963585 0.6641281512605042 0.8537399334733893 0.6849177170868347 0.8909423144257703 0.693671218487395 0.9697238270308123 0.6903886554621849 1.0211506477591037 0.6630339635854342 1.0222448354341738 0.4715511204481793 0.992701768207283 0.49890581232493 0.9347098214285715 0.5142244397759104 0.8964132528011204 0.5142244397759104
1 0.7038362219887956 0.6564688375350141 0.7432269782913165 0.654280462184874 0.7574514180672268 0.657563025210084 0.7694874824929973 0.6871060924369748 0.7782409838935574 0.7199317226890756 0.7848061099439777 0.7429096638655461 0.7924654236694678 0.7626050420168067 0.8077840511204482 0.7713585434173669 0.8318561799719889 0.7921481092436974 0.8570224964985996 0.8184086134453782 0.87562368697479 0.8457633053221288 0.8854713760504204 0.8621761204481793 0.8734353116246499 0.8709296218487395 0.8296678046218489 0.8643644957983193 0.7957479866946778 0.8599877450980392 0.7662049194677872 0.857799369747899 0.7366618522408963 0.8348214285714285 0.7093071603641458 0.7987132352941176 0.6731989670868348 0.7658876050420168 0.6294314600840337 0.7461922268907563 0.6370907738095238 0.729779411764706 0.680858280812325 0.7068014705882352 0.7005536589635853 0.6794467787114846
1 0.5900407037815126 0.7494747899159663 0.6688222163865546 0.7877713585434174 0.6961769082633054 0.812937675070028 0.7333792892156863 0.8424807422969187 0.7443211659663865 0.8621761204481793 0.7432269782913165 0.88953081232493 0.7158722864145659 0.9026610644257703 0.6633512780112044 0.9059436274509803 0.6305256477591037 0.9092261904761904 0.5933232668067228 0.9398634453781513 0.5769104516806722 0.9792542016806722 0.5703453256302521 0.9945728291316526 0.5429906337535014 0.9956670168067226 0.527672006302521 0.9956670168067226 0.5287661939775911 0.9628413865546218 0.5397080707282913 0.9234506302521007 0.565968574929972 0.8599877450980392 0.5823813900560224 0.812937675070028 0.5922290791316526 0.7877713585434174 0.5922290791316526 0.7636992296918766
1 0.5878523284313726 0.9967612044817927 0.6130186449579832 0.9529936974789915 0.6370907738095238 0.9322041316526611 0.6885175945378151 0.9212622549019608 0.7399444152661064 0.9114145658263305 0.7727700455182073 0.8829656862745098 0.7771467962184874 0.8709296218487395 0.8263852415966385 0.8742121848739496 0.8526457457983193 0.8796831232492996 0.87781206232493 0.9015668767507002 0.8876597514005603 0.9245448179271709 0.8898481267507004 0.9431460084033613 0.88328300070028 0.9694065126050421 0.87452949929972 0.9912902661064426 0.8493631827731093 0.9978553921568628 0.7738642331932774 0.9978553921568628 0.6918001575630252 0.9956670168067226 0.645844275210084 0.9934786414565826
1 0.7749584208683474 0.6619397759103641 0.7902770483193278 0.6444327731092437 0.8220084908963585 0.6816351540616247 0.8471748074229692 0.696953781512605 0.87234112394958 0.7013305322128852 0.9139202556022408 0.7035189075630252 0.9576877626050422 0.700236344537815 0.9861366421568626 0.694765406162465 1.0156797093837537 0.6794467787114846 1.0234375 0.6822677934810287 1.0234375 0.7385329131652661 1.0234375 0.8118434873949579 1.0234375 0.8687412464985994 1.0234375 0.9026610644257703 1.0156797093837537 0.9212622549019608 0.9576877626050422 0.9245448179271709 0.9117318802521007 0.9092261904761904 0.9062609418767508 0.8731179971988795 0.9073551295518207 0.8665528711484595 0.87562368697479 0.8205969887955181 0.8526457457983193 0.7888655462184874 0.8340445553221288 0.7615108543417367 0.8012189250700281 0.7341561624649859 0.7902770483193278 0.7089898459383753 0.7859002976190478 0.6882002801120448
1 0.9084493172268907 0.9398634453781513 0.9281446953781511 0.9376750700280111 0.9587819502801121 0.9387692577030813 0.9784773284313726 0.9464285714285715 0.998172706582633 0.9497111344537815 1.0189622724089638 0.9529936974789915 1.0167738970588236 0.9880077030812324 1.0206612474535268 0.9986979166666666 0.9467458858543418 0.9978553921568628 0.916108630952381 0.9978553921568628 0.8898481267507004 0.9934786414565826 0.9095435049019608 0.9639355742296919 0.9062609418767508 0.9508053221288515
1 0.0013020833333333333 0.6663165266106443 0.0013020833333333333 0.6925770308123248 0.0013020833333333333 0.7264968487394957 0.0013020833333333333 0.7571341036414565 0.0013020833333333333 0.7680759803921569 0.0013020833333333333 0.7899597338935574 0.0013020833333333333 0.8009016106442576 0.0013020833333333333 0.8074667366946778 0.0013020833333333333 0.8162202380952381 0.0013020833333333333 0.8184086134453782 0.0013020833333333333 0.7647934173669467 0.0013020833333333333 0.7288894724556493 0.0013020833333333333 0.6849177170868347
1 0.0013020833333333333 0.8370098039215685 0.0013020833333333333 0.8282563025210083 0.0013020833333333333 0.8118434873949579 0.0013020833333333333 0.8041841736694678 0.0013020833333333333 0.8085609243697478 0.0013020833333333333 0.8227853641456582 0.0013020833333333333 0.8468574929971989 0.0013020833333333333 0.8687412464985994 0.0013020833333333333 0.8982843137254902 0.0013020833333333333 0.9234506302521007 0.0013020833333333333 0.9792542016806722 0.0013020833333333333 0.9967612044817927 0.0013020833333333333 0.9956670168067226 0.0013020833333333333 0.9945728291316526 0.0013020833333333333 0.9923844537815126 0.0013020833333333333 0.9190738795518207 0.0013020833333333333 0.8534226190476191
