1 0.1 0.05 0.1 0.05 0.1 0.05 0.1 0.05 0.1 0.05 0.1 0.05 0.1 0.05 0.1 0.05 0.1 0.05 0.1 0.05 0.1 0.05
1 0.1 0.05 0.1 0.05 0.1 0.05 0.1 0.05 0.1 0.05 0.1 0.05 0.1 0.05 0.1 0.05 0.1 0.05 0.1 0.05 0.1 0.05 0.1 0.05 0.1 0.05 0.1 0.05 0.1 0.05 0.1 0.05 0.1 0.05 0.1 0.05
1 0.1 0.05 0.1 0.05 0.1 0.05 0.1 0.05 0.1 0.05 0.1 0.05 0.1 0.05 0.1 0.05 0.1 0.05 0.1 0.05 0.1 0.05 0.1 0.05 0.1 0.05 0.1 0.05 0.1 0.05 0.1 0.05 0.1 0.05
1 0.1 0.05 0.1 0.05 0.1 0.05 0.1 0.05 0.1 0.05 0.1 0.05 0.1 0.05 0.1 0.05 0.1 0.05 0.1 0.05
1 0.1 0.05 0.1 0.05 0.1 0.05 0.1 0.05 0.1 0.05 0.1 0.05 0.1 0.05 0.1 0.05 0.1 0.05
1 0.1 0.05 0.1 0.05 0.1 0.05 0.1 0.05 0.1 0.05 0.1 0.05 0.1 0.05 0.1 0.05 0.1 0.05 0.1 0.05 0.1 0.05 0.1 0.05 0.1 0.05
1 0.1 0.05 0.1 0.05 0.1 0.05 0.1 0.05 0.1 0.05 0.1 0.05 0.1 0.05 0.1 0.05 0.1 0.05
1 0.1 0.05 0.1 0.05 0.1 0.05 0.1 0.05 0.1 0.05 0.1 0.05 0.1 0.05 0.1 0.05 0.1 0.05 0.1 0.05 0.1 0.05
1 0.1 0.05 0.1 0.05 0.1 0.05 0.1 0.05 0.1 0.05 0.1 0.05 0.1 0.05 0.1 0.05 0.1 0.05 0.1 0.05 0.1 0.05 0.1 0.05 0.1 0.05 0.1 0.05
1 0.1 0.05 0.1 0.05 0.1 0.05 0.1 0.05 0.1 0.05 0.1 0.05 0.1 0.05 0.1 0.05 0.1 0.05 0.1 0.05 0.1 0.05 0.1 0.05 0.1 0.05 0.1 0.05 0.1 0.05 0.1 0.05 0.1 0.05 0.1 0.05 0.1 0.05 0.1 0.05 0.1 0.05 0.1 0.05 0.1 0.05 0.1 0.05 0.1 0.05 0.1 0.05 0.1 0.05
1 0.1 0.05 0.1 0.05 0.1 0.05 0.1 0.05 0.1 0.05 0.1 0.05 0.1 0.05 0.1 0.05 0.1 0.05 0.1 0.05 0.1 0.05 0.1 0.05 0.1 0.05 0.1 0.05 0.1 0.05 0.1 0.05 0.1 0.05 0.1 0.05
1 0.1 0.05 0.1 0.05 0.1 0.05 0.1 0.05 0.1 0.05 0.1 0.05 0.1 0.05 0.1 0.05 0.1 0.05 0.1 0.05 0.1 0.05 0.1 0.05 0.1 0.05 0.1 0.05 0.1 0.05 0.1 0.05 0.1 0.05 0.1 0.05 0.1 0.05 0.1 0.05
1 0.1 0.05 0.1 0.05 0.1 0.05 0.1 0.05 0.1 0.05 0.1 0.05 0.1 0.05 0.1 0.05 0.1 0.05 0.1 0.05 0.1 0.05 0.1 0.05
1 0.1 0.05 0.1 0.05 0.1 0.05 0.1 0.05 0.1 0.05 0.1 0.05 0.1 0.05 0.1 0.05 0.1 0.05 0.1 0.05 0.1 0.05 0.1 0.05
1 0.1 0.05 0.1 0.05 0.1 0.05 0.1 0.05 0.1 0.05 0.1 0.05 0.1 0.05 0.1 0.05 0.1 0.05 0.1 0.05 0.1 0.05 0.1 0.05 0.1 0.05 0.1 0.05 0.1 0.05 0.1 0.05 0.1 0.05 0.1 0.05 0.1 0.05 0.1 0.05 0.1 0.05 0.1 0.05 0.1 0.05
1 0.1 0.05 0.1 0.05 0.1 0.05 0.1 0.05 0.1 0.05 0.1 0.05 0.1 0.05 0.1 0.05 0.1 0.05 0.1 0.05 0.1 0.05 0.1 0.05 0.1 0.05 0.1 0.05
1 0.5840336134453764 0.05 2.8529411764705856 0.05 4.869747899159665 0.05 6.4663865546218515 0.05 7.474789915966392 0.05 9.155462184873954 0.05 10.331932773109248 0.05 10.079831932773107 0.05 8.819327731092438 0.05 6.718487394957981 0.05 5.373949579831935 0.05 2.51680672268908 0.05 1.00420168067227 0.05 0.1 0.05 0.1 0.05 0.1 0.05 0.1 0.05 0.1 0.05
1 0.1 0.05 0.1 0.05 0.1 0.05 0.1 0.05 0.1 0.05 0.1 0.05 0.1 0.05 0.1 0.05 0.1 0.05 0.1 0.05 0.1 0.05 0.1 0.05
1 0.1 0.05 0.1 0.05 0.1 0.05 0.1 0.05 0.1 0.05 0.1 0.05 0.1 0.05 0.1 0.05 0.1 0.05 0.1 0.05 0.1 0.05 0.1 0.05 0.1 0.05 0.1 0.05 0.1 0.05
1 0.1 0.05 0.1 0.05 0.1 0.05 0.5 0.05 1.7605042016806691 0.05 4.365546218487395 0.05 5.037815126050418 0.05 4.869747899159665 0.05 4.4495798319327715 0.05 3.8613445378151257 0.05 3.3571428571428554 0.05 3.273109243697479 0.05 3.1050420168067263 0.05 1.2563025210083993 0.05 0.24789915966387072 0.05 0.1 0.05 0.1 0.05 0.1 0.05 0.1 0.05 0.1 0.05
1 6.298319327731088 0.05 7.642857142857144 0.05 8.567226890756308 0.05 9.659663865546213 0.05 10.920168067226893 0.05 11.928571428571434 0.05 12.51680672268908 0.05 13.189075630252102 0.05 12.432773109243692 0.05 10.331932773109248 0.05 8.98739495798319 0.05 8.399159663865543 0.05 7.306722689075627 0.05 5.710084033613441 0.05 4.5336134453781485 0.05 3.8613445378151257 0.05 3.8613445378151257 0.05 4.113445378151255 0.05 4.701680672268912 0.05 5.121848739495794 0.05 5.710084033613441 0.05 5.710084033613441 0.05
1 7.222689075630251 0.05 9.49159663865546 0.05 10.75210084033613 0.05 11.592436974789916 0.05 11.00420168067227 0.05 10.24789915966387 0.05 8.819327731092438 0.05 7.222689075630251 0.05 6.130252100840335 0.05 6.046218487394958 0.05
1 18.399159663865543 0.05 21.00420168067227 0.05 21.928571428571434 0.05 23.189075630252102 0.05 24.617647058823525 0.05 25.03781512605042 0.05 24.78571428571429 0.05 24.617647058823525 0.05 24.533613445378148 0.05 23.693277310924373 0.05 22.600840336134457 0.05 21.592436974789916 0.05 19.911764705882355 0.05 18.73529411764706 0.05 17.054621848739497 0.05 16.634453781512605 0.05 16.298319327731086 0.05 16.21428571428571 0.05 16.970588235294123 0.05 17.558823529411768 0.05
1 0.1 0.05 0.1 0.05 0.1 0.05 0.1 0.05 0.1 0.05 0.1 0.05 0.1 0.05 0.1 0.05 0.1 0.05 0.1 0.05 0.1 0.05
1 0.1 0.05 0.1 0.05 0.1 0.05 0.1 0.05 0.1 0.05 0.1 0.19312977099236547 0.1 0.6511450381679396 0.1 1.1091603053435108 0.1 1.1091603053435108 0.1 0.9564885496183194 0.1 0.536641221374046 0.1 0.3458015267175568 0.1 0.307633587786259 0.1 0.05 0.1 0.05 0.1 0.05
1 0.1 0.05 0.1 0.05 0.1 0.05 0.1 0.05 0.1 0.05 0.1 0.05 0.1 0.05 0.1 0.05 0.1 0.05 0.1 0.05 0.1 0.05 0.1 0.536641221374046 0.1 1.1473282442748087 0.1 1.6435114503816777 0.1 2.1396946564885497 0.1 1.7198473282442734 0.1 0.9183206106870216 0.1 0.26946564885496116 0.1 0.05
1 0.1 4.849618320610685 0.1 3.6664122137404576 0.1 3.055725190839695 0.1 2.2160305343511455 0.1 1.4908396946564864 0.1 1.3763358778625956 0.1 1.4526717557251914 0.1 1.3763358778625956 0.1 0.9946564885496173 0.1 1.8725190839694648 0.1 2.8648854961832058 0.1 3.7045801526717552 0.1 4.544274809160305 0.1 5.193129770992366 0.1 5.918320610687021 0.1 6.261832061068702 0.1 6.2236641221374045 0.1 5.46030534351145 0.1 5.2312977099236635
1 0.1 3.8954198473282444 0.1 3.8572519083969468 0.1 4.086259541984731 0.1 5.040458015267174 1.2251908396946647 5.803816793893128 1.759541984732823 6.452671755725189 1.6832061068702386 7.063358778625951 1.4541984732824402 7.750381679389312 0.1 8.208396946564886 0.1 8.819083969465646 0.1 9.12442748091603 0.1 9.086259541984731 0.1 8.666412213740454 0.1 7.597709923664121 0.1 6.872519083969465 0.1 6.452671755725189 0.1 5.956488549618319 0.1 5.2312977099236635 0.1 4.582442748091603 0.1 4.162595419847326
1 0.1 0.05 0.1 0.05 0.1 0.05 0.1 0.05 0.38549618320610646 0.05 2.5229007633587797 0.05 3.9732824427480864 0.05 4.43129770992366 0.05 4.736641221374043 0.8419847328244259 4.736641221374043 1.7580152671755713 4.736641221374043 2.2160305343511455 4.507633587786268 2.8648854961832058 3.1335877862595454 3.2465648854961815 1.2251908396946647 3.2465648854961815 0.15648854961831943 3.2083969465648834 0.1 3.4374045801526707 0.1 3.4374045801526707 0.1 3.361068702290075 0.1 2.521374045801525 0.1 1.7580152671755713 0.1 0.9946564885496173 0.1 0.536641221374046
1 31.530534351145047 0.05 35.11832061068701 0.05 36.87404580152672 0.05 37.86641221374045 0.05 39.54580152671756 0.05 41.30152671755725 0.05 43.667938931297705 0.05 45.423664122137396 0.05 47.1030534351145 0.05 48.32442748091603 0.05 48.62977099236641 0.05 48.553435114503806 0.05 47.56106870229007 0.05 43.89694656488548 0.05 35.72900763358778 0.05 33.667938931297705 0.05 32.98091603053435 0.05 32.14122137404579 0.05
1 27.179389312977104 0.05 28.553435114503806 0.05 30.003816793893133 0.05 30.91984732824428 0.05 31.148854961832058 0.05 32.98091603053435 0.05 34.81297709923665 0.05 36.18702290076335 0.05 36.95038167938931 0.05 37.86641221374045 0.05 37.86641221374045 0.05 36.95038167938931 0.05 35.652671755725194 0.05 34.73664122137404 0.05 33.51526717557251 0.05 31.45419847328244 0.05 29.622137404580144 0.05 28.935114503816795 0.05 28.858778625954187 0.05 28.171755725190838 0.05
1 39.01145038167938 0.05 40.538167938931295 0.05 41.53053435114502 0.05 43.28625954198471 0.05 44.35496183206105 0.05 44.58396946564885 0.05 44.04961832061067 0.05 43.74427480916029 0.05 43.20992366412213 0.05 42.06488549618321 0.05 41.14885496183206 0.05 40.1564885496183 0.05 38.85877862595419 0.05 37.332061068702295 0.05 38.32442748091603 0.05
1 49.16412213740457 0.05 51.07251908396945 0.05 51.6 0.05 51.6 0.05 50.767175572519065 0.05 49.77480916030534 0.05 49.31679389312976 0.05 49.31679389312976 0.05 49.16412213740457 0.05
1 46.72137404580151 0.05 47.942748091603036 0.05 48.62977099236641 0.05 49.69847328244275 0.05 51.07251908396945 0.05 51.6 0.05 51.6 0.05 51.6 0.05 51.6 0.05 51.6 0.05 50.91984732824426 0.05 49.01145038167938 0.05 47.942748091603036 0.05 47.48473282442747 0.05 47.48473282442747 0.05
1 23.59160305343512 0.05 24.66030534351146 0.05 26.416030534351147 0.05 27.25572519083969 0.05 29.240458015267176 0.05 30.156488549618324 0.05 30.53816793893129 0.05 32.14122137404579 0.05 33.51526717557251 0.05 34.81297709923665 0.05 35.5 0.05 35.5 0.05 34.35496183206108 0.05 32.52290076335878 0.05 31.45419847328244 0.05 30.23282442748091 0.05 28.858778625954187 0.05 27.103053435114496 0.05 25.423664122137392 0.05 24.278625954198468 0.05 23.20992366412213 0.05 22.37022900763359 0.05 21.988549618320597 0.05 21.988549618320597 0.05 22.67557251908397 0.05 23.20992366412213 0.05 23.820610687022896 0.05 23.59160305343512 0.05
1 13.820610687022896 0.05 15.423664122137392 0.05 17.332061068702295 0.05 19.011450381679378 0.05 20.46183206106871 0.05 21.30152671755725 0.05 21.530534351145047 0.05 22.293893129770982 0.05 22.293893129770982 0.05 21.759541984732824 0.05 20.690839694656482 0.05 18.400763358778637 0.05 16.797709923664115 0.05 15.729007633587775 0.05 14.583969465648853 0.05 13.20992366412213 0.05 12.828244274809162 0.05 13.438931297709928 0.05
1 0.1 0.05 0.15648854961831943 0.05 1.6832061068702386 0.05 2.904580152671747 0.05 4.354961832061076 0.05 5.576335877862585 0.05 6.645038167938924 0.05 7.637404580152679 0.05 8.782442748091603 0.05 8.171755725190838 0.05 7.103053435114498 0.05 6.263358778625957 0.05 4.965648854961842 0.05 3.6679389312977038 0.05 2.446564885496173 0.05 1.0725190839694734 0.05 0.1 0.05 0.1 0.05 0.1 0.05
1 0.1 0.05 0.1 0.05 0.1 0.07862595419847196 0.1 0.8038167938931281 0.1 1.5290076335877842 0.1 1.6053435114503798 0.1 1.7198473282442734 0.1 0.9183206106870216 0.1 0.23129770992366333 0.1 0.05
1 0.1 2.1015267175572516 0.1 2.0251908396946563 0.1 2.597709923664121 0.1 3.2465648854961815 0.1 3.284732824427479 0.1 3.1702290076335857 0.1 3.3992366412213726 0.1 3.9335877862595425 0.1 4.467938931297709 0.1 5.11679389312977 0.1 5.76564885496183 0.1 6.2236641221374045 0.1 6.643511450381678 0.1 6.872519083969465 0.1 6.834351145038167 0.1 6.490839694656486 0.1 6.3 0.1 5.956488549618319 0.1 5.193129770992366 0.1 4.544274809160305 0.1 3.780916030534351 0.1 3.1320610687022876 0.1 2.521374045801525
1 0.1 4.620610687022901 0.1 4.887786259541983 0.1 5.536641221374046 0.1 5.994656488549618 0.1 6.3381679389312975 0.1 6.414503816793894 0.1 5.689312977099235 0.1 5.002290076335877
1 0.1 0.05 0.1 0.05 0.1 0.05 0.1 0.05 0.1 0.05 0.1 0.05 0.1 0.05 0.1 0.05 0.1 0.05 0.1 0.05 0.1 0.05 0.1 0.05 0.1 0.05 0.1 0.05 0.1 0.05
1 0.1 0.05 0.1 0.05 0.1 0.05 0.1 0.26946564885496116 0.1 0.7274809160305324 0.1 1.5671755725190821 0.1 2.063358778625954 0.1 2.559541984732823 0.1 3.1702290076335857 0.1 3.590076335877862 0.1 3.1320610687022876 0.1 1.8725190839694648 0.1 0.8801526717557238 0.1 0.15496183206106764
1 0.1 0.05 0.1 0.05 0.1 0.05 0.1 0.05 0.1 0.46030534351145036 0.1 0.7656488549618302 0.1 1.2618320610687022 0.1 1.8343511450381669 0.1 2.368702290076334 0.1 2.1015267175572516 0.1 1.6435114503816777 0.1 1.3 0.1 0.9564885496183194 0.1 0.42213740458015253 0.1 0.05 0.1 0.05 0.1 0.05 0.1 0.05 0.1 0.05 0.1 0.05 0.1 0.05 0.1 0.05 0.1 0.05 0.1 0.05
1 8.553435114503804 0.05 10.6145038167939 0.05 11.912213740458014 0.07862595419847196 13.20992366412213 0.6129770992366417 12.904580152671747 1.4908396946564864 12.980916030534354 2.4068702290076316 13.20992366412213 3.4755725190839684 12.828244274809162 4.506106870229007 11.301526717557248 4.315267175572518 9.54580152671756 3.6664122137404576 7.7137404580152635 3.284732824427479 5.881679389312967 3.0175572519083973 5.194656488549617 2.7503816793893123 5.270992366412202 2.0251908396946563 5.3473282442748085 0.8038167938931281 4.965648854961842 0.05 5.6526717557251915 0.05 6.797709923664115 0.05
1 2.5992366412213643 0.05 1.6832061068702386 0.05 1.4541984732824402 0.05 2.446564885496173 0.05 4.965648854961842 0.05 6.18702290076335 0.05 7.255725190839689 0.05 7.7137404580152635 0.05 7.484732824427487 0.05 6.416030534351148 0.05 5.423664122137393 0.05 3.820610687022895 0.05 3.362595419847321 0.05
1 23.286259541984737 0.05 25.729007633587777 0.05 28.62977099236641 0.05 30.53816793893129 0.05 31.988549618320597 0.05 32.29389312977098 0.05 32.37022900763359 0.05 32.44656488549617 0.05 33.13358778625955 0.05 33.362595419847324 0.05 34.04961832061069 0.6511450381679396 34.43129770992366 1.5290076335877842 32.67557251908397 0.9946564885496173 30.76717557251909 0.3458015267175568 29.087786259541986 0.05 27.179389312977104 0.05 26.492366412213734 0.05 25.19465648854962 0.05 23.820610687022896 0.05 23.20992366412213 0.05 22.980916030534353 0.05 22.980916030534353 0.05
1 18.248091603053446 0.05 20.003816793893133 0.05 22.52290076335878 0.05 24.431297709923662 0.05 25.576335877862583 0.05 26.568702290076338 0.05 28.248091603053446 0.05 29.393129770992367 0.05 30.690839694656482 0.8419847328244259 30.843511450381676 1.1091603053435108 29.851145038167942 1.5671755725190821 28.62977099236641 1.5671755725190821 27.25572519083969 1.5290076335877842 25.881679389312968 1.4526717557251914 22.67557251908397 1.2618320610687022 21.759541984732824 1.032824427480915 20.46183206106871 0.8801526717557238 19.316793893129763 0.6129770992366417 18.553435114503806 0.26946564885496116 18.09541984732825 0.05
1 13.973282442748086 0.9564885496183194 15.576335877862585 0.8038167938931281 17.103053435114496 0.536641221374046 18.32442748091603 0.9564885496183194 18.09541984732825 1.5290076335877842 17.79007633587787 2.597709923664121 17.63740458015268 3.7427480916030533 17.561068702290072 4.27709923664122 17.332061068702295 4.964122137404578 14.812977099236651 4.735114503816794 13.667938931297703 4.658778625954199 13.667938931297703 3.6664122137404576 13.744274809160311 2.826717557251908 13.820610687022896 1.8725190839694648
1 31.148854961832058 0.05 32.52290076335878 0.05 33.59160305343512 0.05 35.19465648854962 0.05 36.33969465648854 0.05 37.25572519083969 0.05 37.48473282442749 0.05 37.332061068702295 0.05 36.11068702290076 0.05 34.66030534351146 0.05 32.37022900763359 0.05 31.377862595419856 0.05
1 33.057251908396935 0.05 34.88931297709924 0.05 37.17938931297711 0.05 39.39312977099237 0.05 40.461832061068684 0.05 42.14122137404579 0.05 42.67557251908397 0.05 43.28625954198471 0.05 41.45419847328244 0.05 40.843511450381676 0.05 40.61450381679388 0.05 40.843511450381676 0.05 41.377862595419835 0.42213740458015253 41.9885496183206 1.5671755725190821 42.52290076335878 2.4832061068702274 40.538167938931295 2.559541984732823 38.85877862595419 2.292366412213741 36.41603053435115 2.0251908396946563 35.347328244274806 1.8343511450381669 34.96564885496182 1.1473282442748087 34.35496183206108 0.05 33.973282442748086 0.05 33.362595419847324 0.05 32.90458015267175 0.05 32.90458015267175 0.05 32.828244274809165 0.05
1 43.667938931297705 0.05 45.19465648854962 0.05 46.11068702290076 0.05 47.48473282442747 0.05 49.54580152671756 0.05 49.77480916030534 0.05 50.461832061068684 0.05 51.22519083969464 0.05 50.69083969465648 0.05 48.553435114503806 0.05 48.09541984732823 0.15496183206106764 46.64503816793892 1.3763358778625956 46.11068702290076 1.796183206106869 44.73664122137404 2.4068702290076316 43.28625954198471 2.330534351145036 42.52290076335878 1.1473282442748087 42.14122137404579 0.1167938931297698 41.912213740458014 0.05 41.07251908396945 0.05 41.22519083969464 0.05 41.45419847328244 0.05 41.683206106870216 0.05 42.06488549618321 0.05 42.98091603053435 0.05 43.89694656488548 0.05 44.20229007633586 0.05
1 18.32442748091603 4.544274809160305 19.469465648854953 4.124427480916029 22.446564885496173 4.162595419847326 23.286259541984737 4.048091603053433 25.19465648854962 3.9335877862595425 26.18702290076335 3.6664122137404576 27.179389312977104 3.4374045801526707 28.62977099236641 3.8572519083969468 29.774809160305335 4.315267175572518 30.843511450381676 4.658778625954199 30.156488549618324 5.11679389312977 30.08015267175572 5.918320610687021 30.3854961832061 6.490839694656486 30.3854961832061 6.872519083969465 29.316793893129763 7.559541984732823 28.47709923664122 7.903053435114503 26.797709923664115 8.246564885496184 25.423664122137392 7.597709923664121 23.820610687022896 7.025190839694654 22.446564885496173 6.758015267175571 20.6145038167939 6.567175572519082 19.087786259541986 6.490839694656486 18.248091603053446 6.109160305343511 17.94274809160306 5.612977099236639 18.019083969465647 5.154961832061067
1 18.62977099236641 6.834351145038167 17.40839694656488 7.3687022900763335 17.25572519083969 7.674045801526717 17.179389312977104 8.437404580152673 17.63740458015268 8.628244274809157 18.47709923664122 9.009923664122136 18.47709923664122 9.391603053435114 18.47709923664122 10.078625954198476 18.47709923664122 10.956488549618319 19.16412213740457 10.61297709923664 19.16412213740457 9.735114503816794 19.087786259541986 8.819083969465646 19.087786259541986 7.750381679389312
1 3.2862595419847365 6.643511450381678 6.110687022900765 6.414503816793894 7.942748091603062 6.872519083969465 8.782442748091603 7.406870229007632 9.622137404580144 7.903053435114503 11.759541984732824 8.590076335877859 13.896946564885502 8.93358778625954 15.5 9.162595419847326 15.729007633587775 9.849618320610688 15.65267175572519 10.57480916030534 14.889312977099234 10.841984732824425 13.667938931297703 11.261832061068702 12.217557251908397 11.796183206106866 11.835877862595407 12.330534351145037 11.072519083969473 12.597709923664121 9.698473282442752 12.483206106870227 8.019083969465646 12.292366412213738 7.255725190839689 11.834351145038164 6.645038167938924 11.070992366412213 6.034351145038158 10.383969465648851 5.270992366412202 9.81145038167939 4.049618320610693 8.819083969465646 3.5916030534351195 8.399236641221375 2.8282442748091627 7.712213740458014 2.446564885496173 7.101526717557249 2.5992366412213643 6.91068702290076
1 0.1 9.391603053435114 0.1 9.048091603053432 0.1 8.819083969465646 0.5381679389312921 8.437404580152673 0.919847328244282 8.208396946564886 2.14122137404579 8.170229007633589 2.980916030534354 8.437404580152673 3.5916030534351195 9.086259541984731 4.354961832061076 9.849618320610688 5.118320610687033 10.460305343511447 5.576335877862585 11.147328244274808 6.034351145038158 11.681679389312979 5.041984732824426 12.292366412213738 4.354961832061076 12.635877862595418 3.2862595419847365 12.750381679389312 1.1488549618320576 12.635877862595418 0.1 12.559541984732823 0.1 12.674045801526717 0.1 12.864885496183206 0.1 12.25419847328244 0.1 11.147328244274808 0.1 10.536641221374044 0.1 10.23129770992366 0.1 9.773282442748092
1 42.06488549618321 7.3687022900763335 44.20229007633586 7.292366412213738 45.5 7.3687022900763335 46.95038167938931 7.597709923664121 47.713740458015266 8.13206106870229 47.79007633587785 9.238931297709922 47.86641221374045 9.773282442748092 46.64503816793892 10.651145038167936 45.80534351145038 11.3 44.20229007633586 11.567175572519085 41.9885496183206 11.49083969465649 40.00381679389314 11.376335877862596 39.24045801526718 11.223664122137404 39.01145038167938 10.61297709923664 38.85877862595419 10.154961832061066 38.93511450381679 9.391603053435114 39.77480916030534 8.93358778625954 40.69083969465648 8.284732824427483
1 36.72137404580153 8.361068702290078 37.713740458015266 8.590076335877859 38.40076335877861 8.93358778625954 38.248091603053425 9.544274809160305 38.171755725190835 10.193129770992362 36.95038167938931 10.002290076335878 36.03435114503816 9.964122137404582 36.33969465648854 9.353435114503815 36.33969465648854 8.780916030534348
1 39.03125 11.609375 41.09375 11.734375 42.15625 11.796875 43.96875 11.859375 45.40625 11.859375 45.53125 12.203125 45.78125 13.328125 45.84375 14.015625 46.09375 14.703125 45.78125 15.109375 44.78125 14.953125 43.71875 14.703125 42.15625 14.265625 40.90625 13.890625 39.65625 13.578125 38.46875 13.421875 37.15625 13.109375 37.15625 12.859375 37.96875 12.546875 38.71875 12.046875
1 35.53125 10.421875 36.53125 10.296875 37.65625 10.453125 38.09375 10.640625 38.53125 11.140625 38.34375 11.484375 37.96875 11.921875 37.53125 12.453125 36.78125 12.671875 35.78125 12.890625 35.15625 13.015625 35.34375 12.359375 35.53125 12.046875 35.59375 11.546875 35.71875 11.046875
1 26.78125 8.921875 26.96875 9.953125 27.59375 10.703125 28.40625 11.359375 28.96875 11.828125 29.40625 12.421875 30.03125 12.796875 30.59375 13.171875 30.59375 13.671875 29.96875 14.046875 29.09375 14.421875 28.53125 14.703125 27.78125 14.703125 26.78125 14.421875 25.59375 14.203125 24.28125 13.984375 23.90625 13.515625 24.34375 12.859375 24.71875 12.453125 24.71875 11.890625 24.59375 11.390625 24.84375 10.640625 25.03125 10.015625 25.40625 9.453125 25.78125 8.703125 26.15625 8.546875 26.59375 8.546875
1 27.40625 8.453125 28.65625 8.140625 29.65625 7.921875 31.15625 8.484375 32.03125 8.890625 33.40625 9.390625 34.53125 9.796875 34.84375 10.140625 34.96875 10.703125 34.90625 11.359375 34.78125 12.015625 34.78125 12.515625 34.59375 12.953125 33.53125 13.109375 32.15625 13.234375 31.46875 13.265625 30.90625 12.765625 30.03125 12.328125 29.59375 11.921875 29.03125 11.390625 28.34375 10.921875 28.03125 10.484375 27.71875 10.109375 27.34375 9.609375 27.34375 9.234375 27.21875 8.921875
2 41.65625 12.390625 42.28125 12.296875 42.28125 12.578125 41.96031746031747 12.665079365079368
1 46.34745762711866 0.05 49.48305084745764 0.05 50.92372881355934 0.05 51.6 0.05 51.26271186440679 0.05 50.24576271186443 0.05 49.31355932203392 0.05 48.381355932203405 0.05 47.27966101694917 0.05 46.26271186440679 0.05 45.669491525423744 0.05 45.669491525423744 0.05 46.093220338983066 0.05
1 35.41525423728815 2.5338983050847474 37.78813559322034 2.576271186440678 40.33050847457628 2.872881355932205 42.110169491525426 2.9576271186440692 41.51694915254238 3.805084745762713 40.92372881355934 4.652542372881356 40.5 5.161016949152542 39.398305084745765 5.076271186440678 37.78813559322034 4.69491525423729 36.43220338983051 4.271186440677968 34.82203389830509 3.7627118644067794 34.48305084745764 3.296610169491527
1 43.21186440677966 2.9576271186440692 44.05932203389832 2.7033898305084763 44.906779661016955 2.830508474576271 46.00847457627119 2.6610169491525424 46.43220338983051 2.4491525423728833 47.70338983050849 2.322033898305085 48.381355932203405 2.745762711864407 49.48305084745764 3.423728813559322 49.48305084745764 4.355932203389832 49.398305084745765 5.076271186440678 49.31355932203392 5.457627118644069 47.872881355932215 5.457627118644069 46.9406779661017 5.245762711864407 45.92372881355934 4.822033898305085 44.398305084745765 4.398305084745763 43.381355932203405 4.228813559322035 42.78813559322034 3.7627118644067794 42.78813559322034 3.423728813559322
1 47.78813559322034 10.796610169491526 49.82203389830509 10.923728813559325 51.00847457627119 11.135593220338984 51.17796610169491 11.771186440677969 51.6 12.685593220338978 51.6 15.076271186440682 51.6 16.177966101694913 51.51694915254238 16.60169491525424 49.73728813559323 16.559322033898308 47.70338983050849 16.474576271186443 47.27966101694917 16.347457627118644 46.686440677966104 15.627118644067798 46.77118644067798 15.24576271186441 46.77118644067798 14.398305084745767 46.60169491525426 13.466101694915256 46.51694915254238 12.703389830508474 46.34745762711866 11.771186440677969 46.51694915254238 11.305084745762713
1 43.80508474576273 17.110169491525426 45.07627118644068 16.898305084745765 45.7542372881356 17.025423728813557 46.77118644067798 17.067796610169495 47.364406779661024 16.85593220338983 48.21186440677966 17.025423728813557 48.29661016949153 17.83050847457627 49.56779661016951 18.677966101694913 50.7542372881356 19.228813559322038 51.42813559322034 19.65 47.110169491525426 19.65 44.82203389830509 19.610169491525426 42.78813559322034 19.610169491525426 41.00847457627119 19.567796610169495 41.77118644067798 19.10169491525424 43.21186440677966 18.55084745762712 43.635593220339004 17.83050847457627
1 0.1 11.347457627118644 0.1 10.54237288135593 0.1 10.28813559322034 0.1 10.24576271186441 0.1 10.415254237288138 0.1 10.71186440677966 0.1 11.135593220338984 0.1 11.601694915254239 0.1 12.322033898305085 0.1 12.78813559322034 0.1 13.466101694915256 0.1 14.35593220338983 0.1 14.864406779661016 0.1 14.610169491525426 0.1 14.1864406779661 0.1 13.88983050847458 0.1 13.508474576271187 0.1 12.872881355932202 0.1 11.940677966101697
1 0.1 8.21186440677966 0.1 8.466101694915256 0.1 9.101694915254239 0.1 9.567796610169495 0.1 10.330508474576272 0.1 11.516949152542372 0.1 12.237288135593223 0.1 12.279661016949154 0.1 12.110169491525426 0.1 11.38983050847458 0.1 10.54237288135593 0.1 9.864406779661016 0.1 9.1864406779661 0.1 8.720338983050851
1 0.1 0.05 0.1 0.05 0.1 0.05 0.1 0.05 0.1 0.05 0.1 0.05 0.1 0.05 0.1 0.05 0.1 0.05 0.1 0.05
1 0.1 10.415254237288138 0.1 9.694915254237287 0.1 9.35593220338983 0.1 9.398305084745767 0.1 9.14406779661017 0.1 8.762711864406782 0.1 8.720338983050851 0.1 9.3135593220339 0.1 9.906779661016952 0.1 10.54237288135593 0.1 11.050847457627123 0.1 11.559322033898308 0.1 12.152542372881356 0.1 12.110169491525426 0.1 11.347457627118644 0.1 10.627118644067798
1 0.1 14.101694915254239 0.1 12.95762711864407 0.1 12.661016949152543 0.1 12.279661016949154 0.1 12.110169491525426 0.1 12.110169491525426 0.1 12.322033898305085 0.1 12.872881355932202 0.1 13.338983050847457 0.1 13.93220338983051 0.1 14.440677966101697 0.1 14.525423728813559 0.1 14.779661016949154 0.1 14.864406779661016 0.1 14.906779661016952 0.1 14.567796610169495
1 0.1 11.177966101694915 0.1 11.474576271186441 0.1 11.559322033898308 0.1 11.347457627118644 0.1 10.584745762711867 0.1 9.864406779661016 0.1 9.440677966101697 0.1 9.14406779661017 0.1 9.059322033898308 0.1 8.423728813559325 0.1 8.04237288135593 0.1 7.618644067796612 0.1 7.449152542372883 0.1 7.957627118644069 0.1 8.466101694915256 0.1 8.847457627118644 0.1 9.398305084745767 0.1 9.779661016949154 0.1 10.5
1 0.1 13.296610169491526 0.1 13.169491525423728 0.1 13.0 0.1 12.703389830508474 0.1 12.152542372881356 0.1 11.601694915254239 0.1 11.43220338983051 0.1 11.516949152542372 0.1 11.940677966101697 0.1 12.576271186440682 0.1 13.508474576271187 0.1 14.14406779661017 0.1 14.779661016949154 0.1 14.949152542372882 0.1 15.076271186440682 0.1 15.161016949152543 0.1 15.372881355932208 0.1 15.542372881355936 0.1 15.754237288135595 0.1 15.754237288135595 0.1 15.627118644067798 0.1 15.542372881355936 0.1 15.45762711864407 0.1 14.398305084745767 0.1 13.974576271186441
1 0.1 19.483050847457626 0.1 18.974576271186443 0.1 18.423728813559325 0.1 18.08474576271187 0.1 18.0 0.1 18.0 0.1 17.91525423728814 0.1 18.0 0.1 18.677966101694913 0.1 19.3135593220339 0.1 19.525423728813557 0.1 19.525423728813557 0.1 19.610169491525426
1 0.1 16.474576271186443 0.1 16.347457627118644 0.1 16.6864406779661 0.1 16.8135593220339 1.0084745762711917 16.983050847457626 1.5169491525423837 17.57627118644068 2.0254237288135526 18.338983050847457 2.533898305084745 18.88983050847458 1.5169491525423837 19.398305084745765 0.1 19.440677966101696 0.1 19.440677966101696 0.1 19.398305084745765 0.1 18.974576271186443 0.1 18.677966101694913 0.1 17.661016949152543 0.1 17.194915254237287
2 0.1 18.593220338983052 0.1 18.16949152542373 0.16101694915254824 18.254237288135595 0.24576271186440976 18.762711864406782
1 10.754237288135595 17.83050847457627 11.177966101694915 16.983050847457626 12.194915254237298 16.728813559322038 12.957627118644064 16.64406779661017 14.56779661016949 16.64406779661017 15.923728813559318 16.432203389830512 16.77118644067796 17.110169491525426 16.85593220338983 17.91525423728814 17.872881355932215 18.381355932203395 18.042372881355938 18.847457627118644 17.533898305084744 19.1864406779661 16.77118644067796 19.483050847457626 14.398305084745767 19.440677966101696 12.957627118644064 19.440677966101696 12.279661016949149 18.88983050847458 11.601694915254233 18.466101694915256 11.347457627118638 18.254237288135595
1 21.516949152542384 15.203389830508474 23.12711864406781 14.652542372881356 24.22881355932204 14.440677966101697 25.92372881355932 14.567796610169495 27.533898305084744 15.118644067796613 28.296610169491533 15.669491525423728 27.957627118644062 16.60169491525424 26.516949152542384 17.57627118644068 25.838983050847467 18.042372881355938 24.14406779661017 17.872881355932208 22.618644067796616 17.194915254237287 21.940677966101703 16.432203389830512 21.601694915254235 15.796610169491526
1 0.1 2.576271186440678 0.1 3.7627118644067794 0.1 5.330508474576272 0.1 6.220338983050849 0.1 7.322033898305085 0.1 8.254237288135595 0.1 8.847457627118644 0.1 7.830508474576272 0.1 7.194915254237287 0.1 6.43220338983051 0.1 5.288135593220341 0.1 4.228813559322035 0.1 3.254237288135593 0.1 2.9576271186440692
1 3.5508474576271283 18.677966101694913 5.669491525423723 18.466101694915256 7.449152542372872 18.16949152542373 9.483050847457639 17.91525423728814 10.076271186440682 17.95762711864407 11.008474576271192 18.72033898305085 12.194915254237298 19.525423728813557 10.923728813559318 19.610169491525426 8.693220338983087 19.65 6.177966101694915 19.65 3.6355932203389782 19.65 2.2796610169491487 19.65 2.703389830508468 19.440677966101696 3.296610169491532 19.14406779661017
1 31.77118644067798 13.762711864406782 33.80508474576273 13.593220338983054 35.2457627118644 13.466101694915256 36.26271186440679 13.296610169491526 36.17796610169491 14.271186440677969 36.60169491525426 15.330508474576272 37.02542372881358 16.05084745762712 36.26271186440679 16.64406779661017 33.889830508474574 16.8135593220339 31.516949152542384 16.85593220338983 30.415254237288128 16.898305084745765 29.99152542372881 16.008474576271187 29.398305084745765 15.28813559322034 29.90677966101696 14.737288135593223 30.838983050847467 14.101694915254239
1 18.21186440677966 19.567796610169495 19.313559322033893 18.932203389830512 20.669491525423723 18.593220338983052 22.957627118644062 18.508474576271187 23.974576271186447 18.338983050847457 25.07627118644068 18.423728813559325 26.432203389830512 18.677966101694913 27.872881355932215 19.27118644067797 28.42388289676426 19.65 25.07627118644068 19.65 22.703389830508467 19.65 21.09322033898304 19.65 19.567796610169488 19.65
1 0.1 4.14406779661017 0.1 4.779661016949154 0.1 5.245762711864407 0.1 5.288135593220341 0.1 5.584745762711864 0.1 5.838983050847458 0.1 5.711864406779663 0.1 4.991525423728814 0.1 3.677966101694915 0.1 3.0423728813559334 0.1 2.4491525423728833 0.1 2.0677966101694922 0.1 1.6864406779661039 0.1 1.135593220338984 0.1 1.5593220338983058 0.1 2.322033898305085 0.1 2.6610169491525424 0.1 3.0423728813559334 0.1 3.55084745762712 0.1 3.932203389830511
1 15.83898305084747 11.050847457627123 17.27966101694915 11.305084745762713 17.957627118644062 12.025423728813559 18.55084745762713 12.872881355932202 19.059322033898297 13.88983050847458 19.14406779661017 14.567796610169495 17.449152542372893 14.779661016949154 15.83898305084747 15.161016949152543 14.56779661016949 14.906779661016952 14.313559322033893 14.398305084745767 14.483050847457639 13.423728813559325 14.14406779661017 12.872881355932202 12.957627118644064 12.95762711864407 11.686440677966107 13.0 12.279661016949149 12.491525423728813 13.042372881355936 11.898305084745767 13.466101694915256 11.6864406779661 14.228813559322044 11.43220338983051 14.991525423728808 11.220338983050851
1 39.73728813559323 0.05 40.7542372881356 0.05 41.686440677966104 0.05 42.53389830508475 0.05 44.31355932203392 0.05 46.51694915254238 0.05 49.31355932203392 0.05 50.584745762711876 0.05 51.26271186440679 0.05 51.51694915254238 0.05 51.6 0.05 51.6 0.05 48.04237288135594 0.05 46.85593220338983 0.05 45.92372881355934 0.05 44.73728813559323 0.05 43.04237288135594 0.05 41.686440677966104 0.05 41.34745762711866 0.05 40.5 0.05
1 0.1 10.161016949152543 0.1 11.093220338983054 0.1 11.43220338983051 0.1 10.881355932203395 0.1 10.24576271186441 0.1 9.610169491525426 0.1 11.516949152542372 0.1 12.025423728813559 0.1 12.576271186440682 0.1 12.830508474576272 0.1 12.95762711864407 0.1 12.95762711864407 0.1 11.64406779661017 0.1 10.71186440677966
1 0.1 1.6864406779661039 0.1 2.1101694915254257 0.1 1.9830508474576276 0.1 1.7288135593220346 0.1 1.8983050847457634 0.1 2.1525423728813564 0.1 2.9576271186440692 0.1 3.635593220338984 0.1 4.14406779661017 0.1 4.398305084745763 0.1 3.8474576271186436 0.1 3.296610169491527 0.1 3.0 0.1 2.3644067796610186 0.1 2.0254237288135615
1 0.1 9.864406779661016 0.1 10.076271186440682 0.1 10.669491525423728 0.1 10.881355932203395 0.1 10.881355932203395 0.1 11.008474576271187 0.1 11.6864406779661 0.1 12.406779661016952 0.1 12.74576271186441 0.1 12.78813559322034 0.1 12.830508474576272 0.1 12.491525423728813 0.1 11.64406779661017 0.1 10.923728813559325 0.1 10.28813559322034
1 0.1 10.669491525423728 0.1 10.5 0.1 10.28813559322034 0.1 9.694915254237287 0.1 9.398305084745767 0.1 9.737288135593223 0.1 10.584745762711867 0.1 11.050847457627123 0.1 11.135593220338984 0.1 11.135593220338984 0.1 11.135593220338984
0 0.1 0.05 0.1 0.05 0.1 0.05 0.1 0.05 0.1 0.05 0.1 0.05 0.1 0.05 0.1 0.05
1 0.1 11.983050847457628 0.1 11.940677966101697 0.1 11.898305084745767 0.1 12.915254237288138 0.1 13.847457627118644 0.1 14.525423728813559 0.1 14.822033898305085 0.1 15.330508474576272 0.1 15.5 0.1 16.22033898305085 0.1 17.83050847457627 0.1 18.88983050847458 0.1 19.3135593220339 0.1 19.483050847457626 0.1 19.3135593220339 0.1 19.35593220338983 0.1 19.35593220338983 0.1 19.27118644067797 0.1 18.72033898305085 0.1 18.0 0.1 17.57627118644068 0.1 17.491525423728813 0.1 16.85593220338983 0.1 16.05084745762712 0.1 15.627118644067798 0.1 14.991525423728813 0.1 14.3135593220339 0.1 13.296610169491526 0.1 12.74576271186441
1 0.1 13.381355932203395 0.1 13.338983050847457 0.1 13.084745762711867 0.1 12.915254237288138 0.1 12.661016949152543 0.1 12.576271186440682 0.1 12.703389830508474 0.1 13.042372881355936 0.1 13.88983050847458 0.1 15.203389830508474 0.1 16.305084745762713 0.1 17.279661016949156 0.1 18.1271186440678 0.1 18.805084745762713 0.1 19.059322033898308 0.1 18.805084745762713 0.1 18.466101694915256 0.1 18.296610169491526 0.1 17.83050847457627 0.1 17.491525423728813 0.1 16.940677966101696 0.1 16.642526964560865 0.1 14.694915254237287 0.1 13.805084745762713
0 0.1 0.05 0.1 0.05 0.1 0.05 0.1 0.05 0.1 0.05 0.1 0.05 0.1 0.05 0.1 0.05 0.1 0.05 0.1 0.05 0.1 0.05
0 0.1 0.05 0.1 0.05 0.1 0.05 0.1 0.05 0.1 0.05 0.1 0.05 0.1 0.05 0.1 0.05 0.1 0.05 0.1 0.05 0.1 0.05 0.1 0.05 0.1 0.05 0.1 0.05 0.1 0.05 0.1 0.05 0.1 0.05 0.1 0.05 0.1 0.05 0.1 0.05
0 0.1 0.05 0.1 0.05 0.1 0.05 0.1 0.05 0.1 0.05 0.1 0.05 0.1 0.05 0.1 0.05 0.1 0.05 0.1 0.05 0.1 0.05 0.1 0.05 0.1 0.05 0.1 0.05 0.1 0.05 0.1 0.05 0.1 0.05 0.1 0.05 0.1 0.05 0.1 0.05 0.1 0.05 0.1 0.05 0.1 0.05 0.1 0.05 0.1 0.05 0.1 0.05 0.1 0.05 0.1 0.05 0.1 0.05 0.1 0.05 0.1 0.05 0.1 0.05 0.1 0.05 0.1 0.05 0.1 0.05 0.1 0.05 0.1 0.05 0.1 0.05 0.1 0.05 0.1 0.05 0.1 0.05 0.1 0.05 0.1 0.05 0.1 0.05 0.1 0.05
0 0.1 0.05 0.1 0.05 0.1 0.05 0.1 0.05 0.1 0.05 0.1 0.05 0.1 0.05 0.1 0.05 0.1 0.05 0.1 0.05 0.1 0.05
0 0.1 0.05 0.1 0.05 0.7542372881355959 0.05 1.1779661016949148 0.05 0.1 0.05 0.1 0.05 0.1 0.05 0.1 0.05 0.1 0.05 0.1 0.05 0.1 0.05 0.1 0.05 0.1 0.05 0.1 0.05 0.1 0.05 0.1 0.05 0.1 0.05 0.1 0.05 0.1 0.05
0 0.1 0.05 1.0084745762711917 0.05 2.703389830508468 0.05 4.906779661016958 0.05 5.754237288135596 0.05 5.330508474576277 0.05 2.8728813559322135 0.05 0.9237288135593189 0.05 0.1 0.05 0.1 0.05 0.1 0.05
0 8.466101694915256 0.05 9.313559322033893 0.05 9.906779661016959 0.05 11.347457627118638 0.05 12.618644067796618 0.05 12.36440677966102 0.05 11.771186440677956 0.05 10.923728813559318 0.05 10.161016949152554 0.05 9.398305084745767 0.05 8.466101694915256 0.05 7.279661016949149 0.05 6.177966101694915 0.05 6.6016949152542335 0.05 7.364406779661022 0.05 8.296610169491533 0.05 8.550847457627128 0.05
1 8.63559322033898 0.05 9.228813559322044 0.05 11.008474576271192 0.05 11.771186440677956 0.05 12.533898305084744 0.05 12.110169491525426 0.05 11.516949152542384 0.05 10.754237288135595 0.05 9.991525423728808 0.05
0 9.228813559322044 0.05 10.584745762711872 0.05 11.43220338983051 0.05 12.618644067796618 0.05 13.12711864406781 0.05 13.21186440677966 0.05 13.889830508474574 0.05 15.5 0.05 16.77118644067796 0.05 18.72033898305085 0.05 20.584745762711872 0.05 22.110169491525426 0.05 22.533898305084744 0.05 23.466101694915256 0.05 24.652542372881364 0.05 25.584745762711872 0.05 26.00847457627119 0.05 24.822033898305087 0.05 23.042372881355938 0.05 21.432203389830512 0.05 19.567796610169488 0.05 18.381355932203384 0.05 17.27966101694915 0.05 17.025423728813553 0.05 16.516949152542384 0.28813559322034055 15.330508474576277 0.45762711864406924 14.56779661016949 0.45762711864406924 12.703389830508467 0.05 11.85593220338983 0.05 10.923728813559318 0.05
0 19.567796610169488 1.3050847457627128 20.754237288135595 1.3050847457627128 21.940677966101703 1.4745762711864416 23.466101694915256 1.6440677966101702 25.07627118644068 1.9406779661016968 26.177966101694913 2.491525423728814 26.26271186440679 3.0423728813559334 25.669491525423723 3.466101694915255 23.974576271186447 3.7203389830508486 22.194915254237298 3.7627118644067794 20.330508474576277 3.805084745762713 19.14406779661017 3.8474576271186436 18.381355932203384 3.9745762711864416 18.466101694915256 3.254237288135593 18.72033898305085 2.6186440677966116 18.805084745762723 2.1101694915254257 18.974576271186447 1.6440677966101702
0 0.1 3.8474576271186436 0.5847457627118728 3.55084745762712 2.2796610169491487 3.635593220338984 4.483050847457639 3.5932203389830506 5.838983050847469 3.55084745762712 6.7711864406779565 3.677966101694915 8.63559322033898 4.10169491525424 9.228813559322044 4.271186440677968 10.076271186440682 4.737288135593221 10.754237288135595 5.372881355932205 11.43220338983051 5.754237288135593 12.703389830508467 6.474576271186441 14.228813559322044 7.025423728813559 15.245762711864405 7.237288135593223 16.26271186440679 7.703389830508473 16.177966101694913 8.21186440677966 15.83898305084747 8.550847457627123 13.974576271186447 8.635593220338984 12.78813559322034 8.381355932203387 11.177966101694915 8.084745762711867 9.737288135593213 7.4067796610169525 8.466101694915256 6.686440677966101 6.940677966101703 6.008474576271186 5.330508474576277 6.008474576271186 3.296610169491532 6.177966101694918 2.2796610169491487 5.881355932203391 1.601694915254234 5.415254237288136 0.669491525423723 4.779661016949154
0 0.1 0.05 0.1 0.05 0.1 0.05 0.1 0.05 0.1 0.05 0.1 0.05 0.1 0.05 0.1 0.05 0.1 0.05
0 0.1 0.05 0.1 0.05 0.1 0.05 0.1 0.05 0.1 0.05 0.1 0.05 0.1 0.05 0.1 0.05 0.1 0.05 0.1 0.05 0.1 0.05 0.1 0.05 0.1 0.05 0.1 0.05 0.1 0.05 0.1 0.05 0.1 0.05 0.1 0.05 0.1 0.05
0 0.1 0.05 0.1 0.05 0.1 0.05 0.1 0.05 0.1 0.05
0 0.1 0.05 0.1 0.05 0.1 0.05 0.1 0.05 0.1 0.05 0.1 0.05 0.1 0.05 0.1 0.05 0.1 0.05 0.1 0.05 0.1 0.05 0.1 0.05 0.1 0.05 0.1 0.05 0.1 0.05 0.1 0.05 0.1 0.05 0.1 0.05 0.1 0.05 0.1 0.05 0.1 0.05 0.1 0.05 0.1 0.05 0.1 0.05
0 0.1 0.05 0.1 0.05 0.1 0.05 0.1 0.05 0.1 0.05 0.1 0.05 0.1 0.05 0.1 0.05 0.1 0.05 0.1 0.05 0.1 0.05 0.1 0.05 0.1 0.05 0.1 0.05
0 0.1 0.05 0.1 0.05 0.1 0.05 0.1 0.07627118644067821 0.1 0.5847457627118644 0.1 1.135593220338984 0.1 1.432203389830508 0.1 1.6864406779661039 0.1 1.6864406779661039 0.1 1.5593220338983058 0.1 1.3898305084745772 0.1 0.881355932203391 0.1 0.24576271186440693 0.1 0.05
0 0.1 0.05 0.1 0.05 0.1 0.05 0.1 0.05 0.1 0.05 0.1 0.05 0.1 0.05 0.1 0.05 0.1 0.05 0.1 0.05 0.1 0.05 0.1 0.05 0.1 0.05 0.1 0.05 0.1 0.05
0 0.1 0.05 0.1 0.05 0.1 0.05 0.1 0.05 0.1 0.05 0.1 0.05 0.1 0.05 0.1 0.05 0.1 0.05 0.1 0.05 0.1 0.05 0.1 0.05 0.1 0.05 0.1 0.05 0.1 0.05 0.1 0.05 0.1 0.05 0.1 0.05 0.1 0.05 0.1 0.05 0.1 0.05 0.1 0.05 0.1 0.05
0 0.1 0.05 0.1 0.05 0.1 0.05 0.1 0.05 0.1 0.05 0.1 0.05 0.1 0.05 0.1 0.05 0.1 0.05 0.1 0.05 0.1 0.05 0.1 0.05 0.1 0.05
0 0.1 0.05 0.1 0.05 0.1 0.05 0.1 0.16101694915254255 0.1 0.5847457627118644 0.1 0.9661016949152554 0.1 0.9237288135593218 0.1 1.2203389830508484 0.1 1.7711864406779683 0.1 2.4491525423728833 0.1 2.9576271186440692 0.1 2.322033898305085 0.1 1.7288135593220346 0.1 1.2203389830508484 0.1 0.6271186440677979 0.1 0.05
0 0.1 0.20338983050847617 0.1 0.24576271186440693 0.1 0.5423728813559336 0.1 0.881355932203391 0.1 1.432203389830508 0.1 1.9830508474576276 0.1 2.6186440677966116 0.1 2.7033898305084763 0.1 2.6610169491525424 0.1 2.6186440677966116 0.1 2.19491525423729 0.1 1.8559322033898327 0.1 1.6016949152542395 0.1 1.3474576271186436 0.1 0.7118644067796623
0 0.1 3.127118644067798 0.1 2.491525423728814 0.1 1.8559322033898327 0.1 1.5169491525423724 0.1 2.1525423728813564 0.1 2.7881355932203404 0.1 3.254237288135593 0.1 3.635593220338984 0.1 4.398305084745763 0.1 4.90677966101695 0.1 5.161016949152542 0.1 5.203389830508476 0.1 5.118644067796612 0.1 4.440677966101697 0.1 4.186440677966104
0 0.1 0.05 0.1 0.05 0.1 0.05 0.1 0.05 0.1 0.05 0.1 0.05 0.9237288135593189 0.05 2.703389830508468 0.05 4.2288135593220435 0.05 5.245762711864404 0.05 4.2288135593220435 0.05 2.8728813559322135 0.05 2.533898305084745 0.05 1.093220338983042 0.05 0.1 0.05 0.1 0.05 0.1 0.05 0.1 0.05 0.1 0.05 0.1 0.05 0.1 0.05
0 7.025423728813553 0.05 6.6864406779661065 0.05 8.720338983050851 0.05 10.161016949152554 0.05 11.262711864406787 0.05 12.618644067796618 0.05 13.381355932203382 0.05 13.550847457627128 0.05 12.025423728813553 0.05 10.245762711864405 0.05 8.805084745762723 0.05
0 14.483050847457639 0.05 15.923728813559318 0.05 17.703389830508467 0.05 18.72033898305085 0.05 19.99152542372881 0.05 22.618644067796616 0.05 24.398305084745765 0.05 25.838983050847467 0.05 25.92372881355932 0.05 26.686440677966107 0.05 28.63559322033898 0.05 30.245762711864405 0.05 30.584745762711872 0.05 30.330508474576277 0.05 28.805084745762723 0.05 26.77118644067798 0.05 24.059322033898297 0.05 21.432203389830512 0.05 18.63559322033898 0.05 16.940677966101703 0.05
0 11.43220338983051 0.05 12.194915254237298 0.05 13.381355932203382 0.05 14.228813559322044 0.05 14.822033898305085 0.05 15.923728813559318 0.05 17.27966101694915 0.05 17.194915254237298 0.05 16.347457627118636 0.05 15.415254237288128 0.05 15.161016949152554 0.05 14.228813559322044 0.05 12.78813559322034 0.05 12.194915254237298 0.05 10.83898305084747 0.05 8.974576271186447 0.05 7.872881355932213 0.05 9.991525423728808 0.05 10.923728813559318 0.05 11.177966101694915 0.05
0 3.3813559322033826 0.05 4.56779661016949 0.05 5.5 0.05 6.85593220338983 0.05 8.21186440677966 0.05 9.56779661016949 0.05 9.991525423728808 0.05 9.906779661016959 0.05 9.398305084745767 0.05 8.21186440677966 0.05 7.110169491525426 0.05 5.838983050847469 0.05 5.076271186440681 0.05 4.059322033898297 0.05
0 10.83898305084747 0.05 11.940677966101703 0.05 12.533898305084744 0.05 13.805084745762723 0.05 14.991525423728808 0.05 15.754237288135595 0.05 16.516949152542384 0.05 17.78813559322034 0.05 18.889830508474574 0.05 20.415254237288128 0.05 22.27966101694915 0.05 22.618644067796616 0.05 22.194915254237298 0.05 21.516949152542384 0.05 21.00847457627119 0.05 20.92372881355932 0.05 20.669491525423723 0.05 19.90677966101696 0.05 18.21186440677966 0.05 15.923728813559318 0.05 14.56779661016949 0.05 14.14406779661017 0.05 13.63559322033898 0.05 12.78813559322034 0.05 11.601694915254233 0.05 10.584745762711872 0.05 9.737288135593213 0.05 10.415254237288128 0.05 10.83898305084747 0.05
0 26.26271186440679 0.05 27.025423728813553 0.05 27.957627118644062 0.05 28.72033898305085 0.05 29.822033898305087 0.05 31.26271186440679 0.05 31.432203389830512 0.05 30.245762711864405 0.05 28.21186440677966 0.05 26.686440677966107 0.05 25.838983050847467 0.05 25.5 0.05 26.00847457627119 0.05 26.09322033898304 0.05
0 0.1 5.627118644067798 0.1 5.627118644067798 0.1 6.008474576271186 0.1 6.262711864406782 0.1 6.940677966101697 0.1 8.04237288135593 0.1 8.88983050847458 0.1 9.440677966101697 0.1 10.372881355932202 0.1 10.966101694915256 0.1 10.923728813559325 0.1 10.161016949152543 0.1 9.525423728813559 0.1 7.830508474576272 0.1 6.728813559322037
0 0.1 6.262711864406782 0.1 6.09322033898305 0.1 6.050847457627119 0.1 6.262711864406782 0.1 6.686440677966101 0.1 7.3644067796610155 0.1 8.04237288135593 0.1 8.635593220338984 0.1 8.974576271186441 0.1 9.3135593220339 0.1 8.93220338983051 0.1 8.508474576271187 0.1 8.127118644067798 0.1 7.872881355932202 0.1 7.788135593220341 0.1 7.194915254237287 0.1 6.771186440677968
0 0.1 2.7881355932203404 0.1 2.576271186440678 0.1 2.4067796610169494 0.1 2.9576271186440692 0.1 3.55084745762712 0.1 4.059322033898306 0.1 4.483050847457628 0.1 5.542372881355933 0.1 6.1355932203389845 0.1 6.686440677966101 0.1 7.322033898305085 0.1 8.21186440677966 0.1 9.1864406779661 0.1 9.822033898305085 0.1 10.5 0.1 10.584745762711867 0.1 10.203389830508474 0.1 9.864406779661016 0.1 9.567796610169495 0.1 9.14406779661017 0.1 8.550847457627123 0.1 7.9152542372881385 0.1 7.194915254237287 0.1 6.60169491525424 0.1 5.923728813559322 0.1 5.203389830508476 0.1 4.440677966101697 0.1 3.7627118644067794
0 0.1 4.69491525423729 0.1 5.076271186440678 0.1 5.796610169491527 0.1 6.262711864406782 0.1 6.813559322033899 0.1 6.771186440677968 0.1 6.177966101694918 0.1 5.669491525423728
0 0.1 6.771186440677968 0.1 6.771186440677968 0.1 7.3644067796610155 0.1 8.169491525423728 0.1 8.508474576271187 0.1 9.14406779661017 0.1 9.822033898305085 0.1 10.24576271186441 0.1 10.330508474576272 0.1 9.652542372881356 0.1 8.550847457627123 0.1 7.872881355932202 0.1 7.322033898305085
0 0.1 6.8983050847457665 0.1 7.067796610169495 0.1 7.279661016949154 0.1 7.322033898305085 0.1 7.957627118644069 0.1 8.466101694915256 0.1 8.93220338983051 0.1 9.14406779661017 0.1 8.169491525423728 0.1 7.576271186440681
0 0.1 7.4067796610169525 0.1 7.152542372881356 0.1 6.8983050847457665 0.1 6.43220338983051 0.1 5.838983050847458 0.1 5.627118644067798 0.1 5.330508474576272 0.1 5.711864406779663 0.1 5.711864406779663 0.1 5.966101694915255 0.1 6.813559322033899 0.1 7.237288135593223 0.1 7.449152542372883 0.1 7.872881355932202 0.1 8.296610169491526 0.1 8.805084745762713 0.1 8.88983050847458 0.1 9.228813559322038 0.1 9.737288135593223 0.1 9.949152542372882 0.1 9.822033898305085 0.1 9.991525423728813 0.1 10.24576271186441 0.1 10.754237288135595 0.1 11.093220338983054 0.1 10.584745762711867 0.1 9.822033898305085 0.1 9.525423728813559 0.1 9.1864406779661 0.1 8.720338983050851 0.1 8.21186440677966 0.1 7.872881355932202
0 0.1 16.05084745762712 0.1 15.966101694915256 0.1 16.262711864406782 0.1 16.305084745762713 0.1 16.22033898305085 0.1 15.966101694915256 0.1 15.669491525423728 0.1 15.627118644067798 0.1 15.584745762711867 0.1 15.45762711864407 0.1 15.966101694915256 0.1 16.64406779661017 0.1 17.237288135593225 0.1 17.57627118644068 0.1 17.40677966101695 0.1 17.449152542372882 0.1 17.491525423728813 0.1 17.57627118644068 0.1 16.940677966101696
0 0.1 17.533898305084744 0.1 17.57627118644068 0.1 17.74576271186441 0.1 18.211864406779664 0.1 18.805084745762713 0.1 19.228813559322038 0.1 19.567796610169495 0.1 19.65 0.1 19.19218847126104 0.1 18.211864406779664
0 0.1 19.059322033898308 0.1 18.635593220338983 0.1 18.55084745762712 0.1 18.847457627118644 0.1 19.1864406779661 0.1 19.440677966101696 0.1 19.610169491525426 0.1 19.610169491525426 0.1 19.610169491525426
0 0.1 18.0 0.1 17.40677966101695 0.1 16.983050847457626 0.1 17.364406779661017 0.1 17.661016949152543 0.1 17.872881355932208 0.1 18.0 0.1 18.677966101694913 0.1 19.398305084745765 0.1 19.65 0.1 19.483050847457626 0.1 19.567796610169495 0.1 19.567796610169495 0.1 19.483050847457626 0.1 19.059322033898308
0 0.1 9.228813559322038 0.1 9.440677966101697 0.1 9.694915254237287 0.1 10.161016949152543 0.1 10.24576271186441 0.1 10.161016949152543
0 0.1 11.728813559322038 0.1 11.728813559322038 0.1 11.85593220338983 0.1 12.237288135593223 0.1 12.067796610169495 0.1 11.516949152542372 0.1 10.754237288135595 0.1 10.584745762711867 0.1 10.5 0.1 10.881355932203395 0.1 11.262711864406782
0 0.1 13.338983050847457 0.1 13.211864406779664 0.1 13.127118644067798 0.1 13.211864406779664 0.1 14.228813559322038 0.1 14.949152542372882 0.1 15.033898305084744 0.1 14.906779661016952 0.1 14.228813559322038
0 0.1 13.88983050847458 0.669491525423723 13.593220338983054 2.1949152542372987 13.550847457627123 2.703389830508468 13.720338983050851 2.9576271186440635 14.483050847457628 3.1271186440677865 15.076271186440682 2.2796610169491487 15.627118644067798 1.3474576271186378 15.966101694915256 0.4152542372881328 16.347457627118644 0.1 16.347457627118644 0.1 16.093220338983052 0.1 15.627118644067798 0.1 15.203389830508474 0.1 14.610169491525426
0 0.1 15.6006993006993 0.1 15.28601398601399 0.1 15.006293706293707 0.1 14.971328671328672 0.1 15.146153846153846 0.1 15.28601398601399 0.1 15.425874125874127 0.1 15.91538461538462 0.1 15.950349650349654 0.1 16.125174825174827 0.1 16.474825174825177 0.1 17.27902097902098 0.1 18.153146853146854 0.1 18.712587412587414 0.1 19.306993006993007 0.1 19.516783216783217 0.1 19.55174825174825 0.1 19.341958041958044 0.1 18.3979020979021 0.1 17.244055944055948 0.1 16.404895104895104
0 0.1 19.516783216783217 0.1 19.55174825174825 0.1 19.55174825174825 0.1 19.0972027972028 0.1 18.95734265734266
0 1.723776223776224 16.404895104895104 2.7027972027972056 15.985314685314687 3.5419580419580483 15.495804195804197 3.9615384615384643 15.18111888111888 5.080419580419584 15.74055944055944 7.038461538461536 16.125174825174827 7.877622377622378 16.195104895104897 9.625874125874134 16.334965034965034 10.674825174825173 16.36993006993007 10.395104895104897 17.139160839160844 9.90559440559441 17.558741258741257 8.087412587412587 17.733566433566438 6.828671328671328 17.943356643356644 4.940559440559445 18.118181818181817 3.8216783216783257 18.29300699300699 3.1923076923076907 18.188111888111887 2.493006993006998 17.593706293706294 2.0734265734265707 17.104195804195808
0 10.884615384615392 4.796503496503499 13.26223776223776 5.0062937062937065 14.800699300699307 5.216083916083917 16.75874125874126 5.355944055944056 17.318181818181824 5.460839160839162 17.5979020979021 6.160139860139862 17.80769230769231 6.684615384615387 17.178321678321687 7.104195804195802 16.339160839160844 7.2090909090909125 15.150349650349654 6.894405594405595 13.751748251748257 6.404895104895107 12.28321678321679 5.7405594405594425 11.444055944055947 5.2860139860139865
0 25.849650349650357 1.8944055944055946 27.108391608391617 1.7195804195804214 28.78671328671329 1.8244755244755253 30.604895104895103 1.6496503496503494 31.23426573426574 1.3 31.933566433566444 1.1601398601398614 33.82167832167833 1.6146853146853146 34.94055944055945 2.0692307692307708 34.38111888111888 2.6986013986014 33.89160839160839 3.188111888111888 34.03146853146853 3.7825174825174828 33.40209790209791 4.132167832167832 32.07342657342658 4.306993006993008 30.884615384615394 4.341958041958042 29.625874125874134 3.852447552447555 28.297202797202807 3.432867132867133 27.527972027972034 3.188111888111888 26.898601398601397 2.6636363636363654 26.68881118881119 2.313986013986016
0 30.534965034965033 0.05 31.653846153846153 0.05 33.1923076923077 0.05 33.68181818181819 0.05 33.96153846153847 0.05 33.61188811188812 0.05 32.91258741258741 0.05 32.003496503496514 0.05 32.07342657342658 0.05 31.374125874125877 0.05
0 30.534965034965033 0.05 31.863636363636363 0.05 33.12237762237762 0.05 33.89160839160839 0.05 34.73076923076924 0.05 35.08041958041959 0.05 33.33216783216784 0.05 31.653846153846153 0.05 30.95454545454546 0.05
0 34.45104895104896 0.05 35.63986013986014 0.05 36.75874125874126 0.05 37.45804195804196 0.05 38.43706293706295 0.05 39.83566433566434 0.05 40.744755244755254 0.05 41.72377622377623 0.05 41.024475524475534 0.05 40.95454545454546 0.05 40.11538461538462 0.05 38.92657342657343 0.05 37.527972027972034 0.05 36.05944055944057 0.05 35.36013986013986 0.05 34.5909090909091 0.05 34.17132867132867 0.05 34.38111888111888 0.05
0 44.66083916083917 0.05 45.43006993006993 0.05 46.19930069930069 0.05 46.6888111888112 0.05 46.82867132867134 0.05 47.17832167832169 0.05 48.506993006993 0.05 50.04545454545455 0.05 50.67482517482517 0.05 50.53496503496503 0.05 49.97552447552448 0.05 48.7867132867133 0.05 47.73776223776224 0.05 46.40909090909092 0.05 45.29020979020979 0.05 44.17132867132867 0.05 43.33216783216784 0.05 42.493006993007 0.05 41.86363636363636 0.05 41.65384615384615 0.05 41.58391608391609 0.05 41.86363636363636 0.05 42.42307692307693 0.05 43.262237762237774 0.05 44.03146853146853 0.05 44.381118881118894 0.05
0 35.5 0.05 36.96853146853148 0.05 38.646853146853154 0.05 39.34615384615385 0.05 39.765734265734274 0.05 40.25524475524476 0.05 40.744755244755254 0.05 41.23426573426574 0.05 42.28321678321679 0.05 43.75174825174825 0.05 44.94055944055945 0.05 45.5 0.05 45.63986013986014 0.05 45.15034965034965 0.05 45.08041958041959 0.05 44.87062937062937 0.05 44.31118881118881 0.05 42.77272727272727 0.05 41.0944055944056 0.05 39.97552447552448 0.05 38.506993006993014 0.05 38.15734265734267 0.05 38.15734265734267 0.05 37.94755244755245 0.05 36.61888111888112 0.05 35.989510489510494 0.05
0 48.506993006993 0.05 49.20629370629372 0.05 49.905594405594414 0.05 50.67482517482517 0.05 51.44405594405596 0.05 51.6 0.05 51.6 0.05 51.6 0.05 51.6 0.05 51.6 0.05 50.60489510489511 0.05 50.25524475524476 0.05 49.55594405594407 0.05 48.71678321678321 0.05
0 46.89860139860141 1.6846153846153868 47.527972027972034 1.1601398601398614 48.08741258741259 0.635664335664336 48.856643356643374 0.2510489510489521 49.97552447552448 0.05 51.02447552447552 0.05 51.6 0.05 51.6 0.915384615384616 51.6 2.13916083916084 51.6 2.908391608391608 51.44405594405596 3.293006993006995 50.67482517482517 3.3979020979020986 49.625874125874134 3.1181818181818186 48.57692307692307 2.348951048951051
0 50.46503496503497 3.9573426573426587 51.44405594405596 3.6776223776223786 51.6 3.8530594405594285 51.6 5.530769230769232 51.583916083916094 6.614685314685315 51.6 6.650874125874097 50.95454545454545 6.964335664335664 50.53496503496503 6.509790209790211 50.25524475524476 5.950349650349651 50.18531468531469 5.076223776223776 50.11538461538462 4.272027972027973
0 31.374125874125877 4.831468531468533 32.42307692307693 4.4468531468531465 33.89160839160839 4.237062937062939 34.80069930069931 4.202097902097904 35.77972027972029 4.551748251748253 36.8986013986014 4.901398601398602 38.367132867132874 5.355944055944056 38.786713286713294 5.530769230769232 39.27622377622377 5.845454545454547 39.625874125874134 6.404895104895107 40.67482517482519 6.999300699300699 41.30419580419581 7.313986013986016 39.97552447552448 8.048251748251749 39.27622377622377 8.432867132867136 38.92657342657343 8.642657342657344 37.5979020979021 8.188111888111887 37.17832167832169 8.048251748251749 36.269230769230774 8.153146853146854 35.91958041958043 8.53776223776224 35.77972027972029 8.957342657342656 35.77972027972029 9.656643356643361 34.80069930069931 9.341958041958042 33.61188811188812 8.887412587412587 32.21328671328672 8.432867132867136 30.255244755244757 7.733566433566432 30.255244755244757 7.488811188811189 31.0944055944056 7.1741258741258775 31.02447552447553 6.6496503496503525 30.744755244755254 6.0552447552447575 30.744755244755254 5.6006993006993016 31.16433566433567 5.181118881118882
0 40.04545454545455 5.670629370629371 40.95454545454546 5.355944055944056 41.86363636363636 4.901398601398602 42.42307692307693 4.481818181818184 43.1923076923077 4.621678321678322 44.45104895104896 4.796503496503499 45.5 5.146153846153848 46.479020979020994 5.635664335664336 47.5979020979021 5.7405594405594425 48.92657342657344 5.845454545454547 49.486013986013994 5.915384615384616 50.18531468531469 6.85944055944056 51.44405594405596 7.593706293706293 51.583916083916094 8.153146853146854 51.583916083916094 9.411888111888112 51.44405594405596 10.810489510489509 50.74475524475524 10.705594405594406 48.856643356643374 10.495804195804197 48.29720279720279 10.495804195804197 48.29720279720279 9.901398601398602 48.71678321678321 9.272027972027974 48.29720279720279 8.53776223776224 48.01748251748252 7.698601398601397 46.89860139860141 7.313986013986016 45.91958041958041 6.999300699300699 44.73076923076924 7.104195804195802 43.262237762237774 7.104195804195802 42.143356643356654 7.034265734265733 41.37412587412588 6.929370629370629 40.46503496503497 6.439860139860142
0 36.548951048951054 13.642657342657344 37.31818181818183 13.502797202797206 38.29720279720281 13.607692307692309 39.55594405594407 13.887412587412587 40.67482517482519 14.16713286713287 42.003496503496514 14.586713286713291 43.61188811188812 15.076223776223776 44.5909090909091 15.251048951048954 45.98951048951049 15.425874125874127 46.6888111888112 16.09020979020979 46.618881118881134 16.71958041958042 44.03146853146853 16.579720279720284 42.77272727272727 17.244055944055948 42.63286713286713 18.153146853146854 42.28321678321679 18.502797202797204 41.37412587412588 18.85244755244755 40.60489510489511 18.95734265734266 39.905594405594414 18.60769230769231 39.13636363636364 18.118181818181817 38.43706293706295 17.628671328671327 37.388111888111894 17.313986013986018 37.108391608391614 16.964335664335664 37.45804195804196 16.265034965034964 37.45804195804196 15.460839160839162 37.17832167832169 14.761538461538464 36.82867132867133 14.16713286713287
0 48.92657342657344 17.41888111888112 48.92657342657344 16.894405594405594 50.32517482517483 16.964335664335664 51.6 17.064979757085023 51.44405594405596 18.223076923076924 51.30419580419582 19.02727272727273 50.04545454545455 18.362937062937068 49.346153846153854 17.97832167832168
0 19.486013986013983 7.034265734265733 20.04545454545455 6.964335664335664 21.16433566433567 6.964335664335664 22.14335664335665 7.034265734265733 23.052447552447553 7.279020979020982 24.5909090909091 7.768531468531473 25.290209790209794 8.188111888111887 25.010489510489514 8.677622377622379 24.5909090909091 9.586713286713286 24.171328671328673 10.565734265734267 24.171328671328673 11.334965034965034 24.171328671328673 12.174125874125878 23.751748251748257 12.558741258741259 23.47202797202798 13.048251748251749 23.541958041958047 13.782517482517482 23.611888111888117 14.202097902097904 22.772727272727273 14.446853146853147 22.003496503496514 14.586713286713291 21.16433566433567 14.831468531468534 20.814685314685324 15.006293706293707 19.97552447552448 14.901398601398602 19.555944055944064 14.656643356643361 19.695804195804204 13.747552447552447 19.276223776223777 13.118181818181819 18.9965034965035 12.628671328671327 18.576923076923084 11.894405594405594 18.78671328671329 11.579720279720283 19.206293706293707 11.16013986013986 19.695804195804204 10.635664335664336 19.97552447552448 10.146153846153846 19.83566433566434 9.132167832167834 19.765734265734274 8.223076923076922 19.555944055944064 7.558741258741259
0 6.269230769230774 12.663636363636362 6.9685314685314665 12.34895104895105 8.087412587412587 12.663636363636362 9.90559440559441 12.873426573426576 12.14335664335665 13.223076923076922 13.19230769230769 13.223076923076922 13.891608391608395 13.502797202797206 13.681818181818187 14.306993006993007 13.961538461538463 15.076223776223776 14.940559440559445 15.495804195804197 15.639860139860138 15.74055944055944 14.800699300699307 16.23006993006993 12.772727272727275 16.3 10.954545454545462 16.265034965034964 11.02447552447553 15.635664335664336 10.954545454545462 14.901398601398602 10.255244755244757 14.516783216783216 8.576923076923084 14.16713286713287 7.178321678321685 13.887412587412587 6.828671328671328 13.258041958041957
0 4.451048951048949 13.327972027972027 5.360139860139862 12.733566433566438 6.129370629370635 13.258041958041957 6.61888111888112 13.92237762237762 7.527972027972032 14.376923076923077 8.996503496503498 14.621678321678326 10.185314685314689 14.971328671328672 10.604895104895103 15.425874125874127 10.395104895104897 16.020279720279724 9.066433566433568 15.950349650349654 7.318181818181825 15.705594405594406 5.919580419580427 15.495804195804197 5.010489510489515 15.11118881118881 4.590909090909099 14.656643356643361 4.451048951048949 14.097202797202801
0 16.54895104895105 15.705594405594406 16.828671328671327 15.35594405594406 17.73776223776224 15.146153846153846 19.066433566433567 15.076223776223776 19.765734265734274 15.28601398601399 20.395104895104897 15.565734265734267 20.604895104895103 16.125174825174827 20.95454545454546 16.684615384615388 21.793706293706293 17.41888111888112 22.842657342657343 18.118181818181817 21.513986013986017 18.29300699300699 20.325174825174827 18.362937062937068 19.206293706293707 18.53776223776224 18.576923076923084 18.46783216783217 17.947552447552447 17.943356643356644 17.5979020979021 17.41888111888112 17.458041958041964 16.71958041958042 16.828671328671327 16.125174825174827
0 26.75874125874126 18.188111888111887 27.66783216783217 17.48881118881119 28.297202797202807 16.92937062937063 28.85664335664336 16.754545454545458 29.695804195804204 16.894405594405594 30.814685314685324 17.27902097902098 30.95454545454546 17.76853146853147 31.583916083916087 18.502797202797204 32.42307692307693 18.92237762237762 30.604895104895103 19.132167832167834 29.206293706293707 19.376923076923077 28.437062937062944 19.132167832167834 27.80769230769231 18.747552447552447
0 31.374125874125877 17.313986013986018 32.84265734265735 17.27902097902098 33.82167832167833 17.313986013986018 35.01048951048951 17.244055944055948 36.269230769230774 17.20909090909091 36.75874125874126 17.313986013986018 37.248251748251754 17.943356643356644 38.08741258741259 18.46783216783217 38.01748251748252 18.92237762237762 37.527972027972034 19.272027972027974 36.75874125874126 19.48181818181818 35.29020979020979 19.446853146853147 34.31118881118881 19.272027972027974 33.61188811188812 18.92237762237762 32.91258741258741 18.60769230769231 31.933566433566444 17.97832167832168
