1 0.1 0.05 0.1 0.05 0.1 0.05 0.1 0.05 0.1 0.05 0.1 0.05
1 0.1 0.05 0.1 0.05 0.1 0.05 0.1 0.05 0.1 0.05 0.1 0.05 0.1 0.05 0.1 0.05 0.1 0.05 0.1 0.05
1 0.1 0.05 0.1 0.05 0.1 0.05 0.1 0.05 0.1 0.05 0.1 0.05 0.1 0.05 0.1 0.05 0.1 0.05 0.1 0.05 0.1 0.05
1 0.1 0.05 0.1 0.05 0.1 0.05 0.1 0.05 0.1 0.05 0.1 0.05 0.1 0.05 0.1 0.05 0.1 0.05
1 0.1 0.05 0.1 0.05 0.1 0.05 0.1 0.05 0.1 0.05 0.1 0.05 0.1 0.05 0.1 0.05 0.1 0.05 0.1 0.05 0.1 0.05 0.1 0.05 0.1 0.05
1 31.46385542168674 0.05 28.873493975903614 0.05 27.969879518072286 0.05 28.090361445783127 0.05 29.35542168674699 0.05 30.92168674698795 0.05 32.78915662650602 0.05 34.47590361445782 0.05 35.92168674698794 0.05 36.22289156626505 0.05 35.13855421686746 0.05 33.75301204819277 0.05
1 0.1 0.05 0.1 0.05 0.1 0.05 0.1 0.05 0.1 0.05 0.1 0.05 0.1 0.05 0.1 0.05 0.1 0.05 0.1 0.05 0.1 0.05 0.1 0.05 0.1 0.05 0.1 0.05
1 0.1 0.05 0.1 0.05 0.1 0.05 0.1 0.05 0.1 0.05 0.1 0.05 0.1 0.05 0.1 0.05 0.1 0.05 0.1 0.05
1 0.1 0.05 0.1 0.05 0.1 0.05 0.1 0.05 0.1 0.05 0.1 0.05 0.1 0.05
1 0.1 0.05 0.1 0.05 0.1 0.05 0.1 0.05 0.1 0.05 0.1 0.05 0.1 0.05 0.1 0.05 0.1 0.21069150551786892 0.1 0.5721372886503986 0.1 1.0540649994937723 0.1 1.325149336843171 0.1 1.62635415612028 0.1 1.837197529614255 0.1 1.7167156019034109
1 0.1 0.05 0.1 0.05 0.6807228915662676 0.05 2.06626506024096 0.05 3.391566265060237 0.05 4.415662650602405 0.05 4.656626506024099 0.05 4.897590361445782 0.05 5.018072289156623 0.05 5.198795180722891 0.05 3.993975903614455 0.05 2.668674698795178 0.05 0.9819277108433766 0.05 0.1 0.05 0.1 0.3073807836387573 0.1 0.3676217474941808 0.1 0.05 0.1 0.05 0.1 0.05 0.1 0.05 0.1 0.05 0.1 0.05
1 0.1 2.204971145084542 0.1 1.8134048800242994 0.1 1.6326819884580346 0.1 1.5122000607471904 0.1 1.48207957881948 0.1 1.9640072896628538 0.1 2.717019337855626 0.1 3.5603928318315297 0.1 4.223043434241168 0.1 5.1567783740002024 0.1 5.518224157132733 0.1 5.939910904120685 0.1 5.849549458337552 0.1 4.8254530727953835 0.1 3.470031386048396 0.1 2.9278627113496016
1 0.1 0.05 0.1 0.05 0.1 0.05 0.1 0.6688265667712869 0.1 1.391718133036349 0.1 2.0242482535182744 0.1 2.265212108939963 0.1 3.1085856029158663 0.1 4.192922952313455 0.1 5.006175964361648 0.1 5.698947048698997 0.1 6.180874759542371 0.1 6.391718133036349 0.1 6.06039283183153 0.1 6.632681988458034 0.1 6.120633795686951 0.1 5.638706084843577 0.1 3.470031386048396 0.1 2.4459350005062275 0.1 2.0242482535182744 0.1 0.6387060848435766 0.1 0.1567783740002028 0.1 0.05
1 0.1 0.05 0.1 0.05 0.1 0.05 0.1 0.05 0.1 0.05 0.1 0.05 0.1 0.05 0.1 0.05 0.1 0.05 0.1 0.05 0.1 0.05 0.1 0.05 0.1 0.05 0.1 0.05 0.1 0.05 0.1 0.05 0.1 0.05 0.1 0.05 0.1 0.05 0.1 0.05 0.1 0.05 0.1 0.05 0.1 1.09051331375924 0.1 2.204971145084542 0.1 3.0182241571327326 0.1 3.6507542776146606 0.1 4.102561506530324 0.1 4.132681988458034 0.1 3.6507542776146606 0.1 2.5362964462893585 0.1 1.7230434342411685 0.1 0.8194289764098415 0.1 0.05 0.1 1.1206337956869503 0.1 1.3615976511086358 0.1 1.0603928318315297 0.1 0.2170193378556263 0.1 0.05 0.1 0.05 0.1 0.05
1 0.1 0.05 0.1 0.05 0.1 0.05 0.1 0.05 0.1 0.05 0.1 0.05 0.4397590361445737 0.05 1.403614457831327 0.05 1.5240963855421683 0.05 1.102409638554218 0.05 0.9216867469879503 0.05 1.1514056224899605 0.05
1 0.1 10.578465120988152 0.1 10.12665789207249 0.1 9.494127771590565 0.1 8.771236205325499 0.1 8.530272349903816 0.1 8.771236205325499 0.1 9.0423205426749 0.1 9.223043434241163 0.1 10.096537410144776 0.1 10.939910904120683 0.1 11.33147716918092 0.1 11.84352536195201 0.1 12.3856940366508 0.1 12.927862711349599 0.1 13.741115723397792 0.1 14.283284398096583 0.1 14.735091627012247 0.1 14.704971145084539 0.1 14.735091627012247 0.1 14.76521210893996 0.1 14.735435861091423
1 0.1 15.108433734939757 0.1 15.108433734939757 0.1 15.121848739495794 0.1 15.078125 0.1 15.228915662650598 0.1 15.319277108433733 0.1 15.891566265060238 0.1 15.765625 0.1 15.771084337349397
1 0.1 8.500151867976104 0.1 8.018224157132732 0.1 8.138706084843573 0.1 7.777260301711044 0.1 7.68689885592791 0.1 8.439910904120683 0.1 9.223043434241163 0.1 10.06641692821707 0.1 10.367621747494178 0.1 10.698947048698994 0.1 10.518224157132732 0.1 9.735091627012247 0.1 9.735091627012247 0.1 9.8856940366508 0.1 9.584489217373692
1 23.33132530120482 1.9064084733449533 24.35542168674699 0.7015891962365203 26.042168674698793 0.05 27.126506024096386 0.05 27.909638554216862 0.05 30.19879518072289 0.5509867865979657 31.76506024096385 0.8521916058750747 33.8734939759036 0.9425530516582057 34.716867469879524 0.7015891962365203 36.04216867469879 0.7618301600919409 37.48795180722891 0.7015891962365203 38.391566265060234 0.8521916058750747 40.981927710843365 1.9967699191280872 42.006024096385545 2.8702638950317008 42.06626506024097 3.3220711239473646 40.981927710843365 3.773878352863025 39.295180722891565 4.135324135995558 36.88554216867469 4.767854256477483 34.89759036144578 5.2196614853931464 33.8132530120482 4.948577148043748 31.102409638554217 5.038938593826882 29.596385542168672 4.978697629971461 28.21084337349397 4.316047027561822 26.945783132530117 3.5931554612967602 25.19879518072289 2.3582157022606167
1 11.885542168674693 3.6507542776146606 13.451807228915664 2.957983193277312 13.993975903614455 2.3254530727953835 14.054216867469881 2.144730181229119 16.52409638554217 2.204971145084542 19.35542168674699 2.174850663156829 22.126506024096386 2.3254530727953835 24.234939759036138 2.7471398197833365 26.283132530120476 3.98207957881948 27.126506024096386 4.765212108939963 27.48795180722891 5.578465120988156 27.246987951807228 6.210995241470082 25.259036144578307 6.933886807735138 23.150602409638555 8.168826566771287 22.427710843373497 8.710995241470078 21.162650602409634 9.132681988458028 17.48795180722891 9.283284398096583 15.259036144578317 9.102561506530321 13.271084337349397 9.102561506530321 11.222891566265059 8.530272349903816 10.018072289156624 8.289308494482128 9.054216867469881 7.355573554723094 9.837349397590355 5.578465120988156 11.042168674698791 4.192922952313455
1 0.1 6.301356687253215 0.1 7.747139819783331 0.1 8.198947048698994 0.1 8.620633795686945 0.1 8.710995241470078 0.1 8.289308494482128 0.1 8.078465120988152 0.1 7.054368735445985 0.1 6.150754277614661 0.1 5.72906753062671 0.1 5.970031386048396 0.1 6.271236205325505
1 0.1 12.054368735445985 0.1 11.692922952313456 0.1 11.723043434241163 0.1 12.174850663156827 0.1 13.168826566771282 0.1 15.12665789207249 0.1 15.638706084843573 0.1 15.608585602915861 0.1 14.614609699301406 0.1 13.289308494482128 0.1 12.235091627012247
1 0.1 12.355573554723094 0.1 12.144730181229113 0.1 11.99412777159056 0.1 12.054368735445985 0.1 12.054368735445985 0.1 12.235091627012247 0.1 13.108585602915861 0.1 13.921838614964054 0.1 14.283284398096583 0.1 14.735091627012247 0.1 14.976055482433935 0.1 14.40376632580743 0.1 14.433886807735139 0.1 14.0423205426749 0.1 12.476055482433935
1 51.10240963855422 0.05 48.8734939759036 0.05 47.42771084337348 0.05 45.62048192771083 0.05 44.6566265060241 0.894208412597763 44.23493975903614 1.707461424645956 44.05421686746988 2.5508349186218595 44.47590361445782 3.002642147537523 48.391566265060234 3.8761361234411367 50.56024096385543 4.418304798139931 51.584337349397586 4.478545761995352
1 0.1 4.042320542674901 0.1 5.578465120988156 0.1 6.241115723397795 0.1 7.355573554723094 0.1 7.837501265566464 0.1 8.168826566771287 0.1 7.807380783638751 0.1 7.6266578920724895 0.1 6.241115723397795 0.1 5.488103675205022 0.1 4.7350916270122525 0.1 4.4037663258074335 0.1 4.01220006074719
1 0.1 13.771236205325499 0.1 13.590513313759237 0.1 13.47003138604839 0.1 12.56641692821707 0.1 11.90376632580743 0.1 11.451959096891766 0.1 11.421838614964054 0.1 12.536296446289356 0.1 13.168826566771282
1 0.1 11.361597651108633 0.198795180722891 10.97003138604839 3.391566265060237 11.301356687253213 6.102409638554218 12.26521210893996 6.403614457831327 13.198947048698994 6.765060240963851 14.46400728966285 6.524096385542168 14.76521210893996 5.861445783132524 14.76521210893996 3.331325301204822 13.921838614964054 0.801204819277109 13.078465120988152 0.1 12.476055482433935 0.1 12.024248253518271
1 27.78915662650602 6.496618051151978 29.415662650602407 7.219509617417037 30.5 8.273726484886918 30.80120481927711 8.996618051151978 28.813253012048186 9.53878672585077 27.126506024096386 9.839991545127878 26.3433734939759 10.111075882477275 24.234939759036138 9.53878672585077 23.21084337349397 9.147220460790532 23.33132530120482 8.574931304164021 24.77710843373494 7.9122807017543835 25.62048192771084 7.068907207778483 26.76506024096385 6.707461424645956
1 25.5 0.05 25.903225806451623 0.05 27.19354838709678 0.05 28.080645161290327 0.05 29.129032258064523 0.05 29.048387096774196 0.05 28.645161290322584 0.05 27.435483870967744 0.05
1 31.870967741935488 9.081635540464067 33.0 9.242925863044707 34.20967741935484 9.847764572722127 34.29032258064516 10.694538766270517 33.725806451612904 11.581635540464067 32.59677419354839 12.065506508206 30.741935483870975 12.388087153367291 28.645161290322584 12.267119411431803 26.79032258064516 11.904216185625353 26.548387096774196 11.541312959818901 26.30645161290323 10.77518392756084 27.435483870967744 10.412280701754383 28.403225806451623 10.009054895302773 29.612903225806452 9.767119411431803 30.822580645161292 9.444538766270517
1 42.11290322580646 0.05 44.37096774193549 0.05 46.225806451612904 0.05 47.03225806451612 0.05 47.43548387096776 0.05 47.83870967741937 0.05 46.145161290322584 0.05 45.33870967741937 0.05 43.645161290322584 0.05 41.62903225806451 0.05
1 0.1 0.05 0.1 0.05 0.1 0.05 0.1 0.05 0.1 0.05 0.1 0.05 0.1 0.05 0.1 0.05 0.1 0.05 0.1 0.05 0.1 0.05
1 0.1 0.05 0.1 0.05 0.1 0.05 0.1 0.05 0.1 0.05 0.1 0.05 0.1 0.05 0.1 0.05 0.1 0.05 0.1 0.05 0.1 0.05 0.1 0.05 0.1 0.05 0.1 0.05 0.1 0.05 0.1 0.05 0.1 0.05 0.1 0.05
1 0.1 0.05 0.1 0.05 0.1 0.05 0.1 0.05 0.1 0.28070175438596723 0.1 0.8508771929824548 1.7280701754385972 0.05 4.096491228070181 0.05 5.938596491228077 0.05 8.219298245614027 0.05 10.763157894736832 0.05 12.60526315789473 0.05 12.254385964912284 0.5438596491228054 12.956140350877195 1.157894736842104 13.131578947368416 1.6842105263157918 12.254385964912284 3.0877192982456108 11.20175438596491 3.614035087719299 9.79824561403509 4.359649122807019 8.921052631578936 4.929824561403507 8.745614035087716 7.6052631578947345 8.833333333333325 8.043859649122805 7.868421052631584 7.780701754385961 7.517543859649118 6.201754385964909 7.517543859649118 4.491228070175436 9.096491228070182 3.3070175438596494 10.236842105263168 2.2982456140350846 10.587719298245611 1.55263157894737 10.061403508771923 0.41228070175438347 9.359649122807014 0.05 8.570175438596493 0.05 7.517543859649118 0.05 5.3245614035087785 0.05 3.3947368421052717 0.10526315789473414 1.2017543859649096 0.8947368421052658 0.1 1.5964912280701753 0.1 2.2543859649122795 0.1 2.736842105263156 0.1 2.8245614035087727 0.1 1.8157894736842082 0.1 1.2456140350877205 0.1 0.6754385964912274 0.1 0.05 0.1 0.05
1 0.1 9.052631578947365 0.1 8.438596491228065 0.1 8.482456140350877 0.1 8.833333333333332 0.1 9.403508771929825 0.1 9.008771929824558 0.1 8.263157894736839 0.1 7.868421052631578 0.1 8.964912280701753 0.1 9.666666666666663 0.1 10.368421052631579 0.1 10.675438596491228 0.1 11.070175438596488 0.1 11.289473684210526 0.1 11.552631578947365 0.1 11.508771929824558 0.1 11.114035087719293 0.1 10.5 0.1 9.929824561403507
1 0.1 8.877192982456137 0.1 8.693277310924367 0.1 8.70175438596491 0.1 9.403508771929825 0.1 9.84210526315789 0.1 10.017543859649118 0.1 9.929824561403507 0.1 9.578947368421051
1 0.1 2.605263157894734 0.1 3.657894736842104 0.1 5.061403508771929 0.1 5.763157894736844 0.1 7.34210526315789 0.1 8.087719298245611 0.1 8.39473684210526 0.1 8.219298245614032 0.1 6.684210526315786 0.1 4.973684210526318 0.1 3.5263157894736823
1 22.780701754385973 0.05 26.728070175438596 0.05 30.149122807017555 0.05 32.07894736842106 0.05 34.09649122807018 0.05 34.62280701754387 0.05 34.359649122807014 0.05 32.16666666666667 0.05 28.657894736842103 0.05 26.640350877192986 0.05 25.41228070175439 0.05 25.236842105263143 0.05 26.28947368421052 0.05 25.938596491228076 0.05 25.236842105263143 0.05 24.71052631578948 0.05 25.58771929824561 0.05 27.07894736842104 0.05 25.58771929824561 0.05 23.39473684210527 0.05 22.429824561403507 0.05 20.763157894736832 0.05 18.745614035087716 0.05 15.587719298245611 0.05 15.061403508771923 0.05 15.587719298245611 0.05 16.99122807017543 0.05 18.482456140350884 0.05 20.58771929824561 0.05 21.728070175438596 0.05
1 47.78070175438597 8.482456140350877 50.5 8.614035087719298 51.46491228070177 8.877192982456137 51.20175438596491 10.543859649122805 51.1140350877193 11.026315789473681 49.09649122807018 11.026315789473681 47.69298245614036 11.026315789473681 46.815789473684205 10.017543859649118 47.07894736842106 9.491228070175435
1 0.1 3.5263157894736823 0.1 3.131578947368422 0.2368421052631618 2.210526315789474 2.6052631578947283 1.026315789473682 4.885964912280701 0.19298245614035067 6.728070175438598 0.05 8.219298245614027 0.14912280701754527 9.184210526315791 0.8508771929824548 9.096491228070182 1.5964912280701753 8.482456140350882 2.5175438596491233 7.254385964912285 3.614035087719299 6.903508771929819 4.666666666666669 6.903508771929819 7.035087719298241 7.342105263157896 7.780701754385961 8.657894736842104 8.570175438596488 10.763157894736832 9.096491228070175 11.815789473684209 10.017543859649118 11.815789473684209 10.631578947368416 12.254385964912284 11.464912280701753 11.99122807017543 12.298245614035086 9.973684210526311 12.254385964912279 6.28947368421052 11.771929824561402 2.780701754385973 10.807017543859649 1.377192982456131 10.5 0.1 10.324561403508767 0.1 10.5 0.1 10.061403508771928 0.1 9.44736842105263 0.1 7.429824561403507 0.1 6.508771929824559 0.1 5.89473684210526 0.1 5.149122807017545 0.1 4.271929824561402
1 30.41228070175439 0.05 30.5 0.05 29.97368421052631 0.05 31.20175438596491 0.05 32.605263157894726 0.05 34.71052631578948 0.05 36.026315789473685 0.05 35.938596491228076 0.05 33.13157894736842 0.05 31.377192982456155 0.05
1 50.32456140350878 0.05 47.517543859649116 0.05 45.41228070175439 0.05 42.605263157894726 0.05 40.850877192982466 0.05 41.37719298245613 0.05 41.90350877192982 0.05 45.67543859649122 0.05 48.74561403508771 0.05 50.41228070175439 0.05 51.37719298245613 0.05 51.6 0.05 51.37719298245613 0.05
1 41.1140350877193 0.05 39.44736842105262 0.05 39.359649122807014 0.5438596491228054 40.58771929824561 1.1140350877192986 41.640350877192986 1.5964912280701753 42.25438596491229 2.1666666666666687 42.78070175438597 2.5175438596491233 44.00877192982457 1.6403508771929807 44.71052631578948 0.05 44.71052631578948 0.05 43.482456140350884 0.05 42.25438596491229 0.05
1 43.57017543859649 3.39473684210526 46.46491228070177 4.4035087719298245 51.46491228070177 4.973684210526318 51.46491228070177 7.736842105263156 48.30701754385966 7.736842105263156 46.37719298245613 8.438596491228065 44.184210526315795 9.140350877192981 42.25438596491229 9.140350877192981 39.62280701754387 9.096491228070175 37.69298245614036 9.491228070175435 36.20175438596491 9.622807017543858 34.44736842105262 9.271929824561402 33.04385964912281 8.789473684210526 31.464912280701764 7.9122807017543835 28.833333333333325 5.938596491228066 28.833333333333325 5.4122807017543835 31.90350877192982 5.850877192982455 34.44736842105262 5.807017543859649 37.42982456140351 5.543859649122806 40.938596491228076 4.491228070175436 42.25438596491229 4.05263157894737
1 36.728070175438596 10.061403508771928 39.09649122807018 9.754385964912279 42.605263157894726 9.622807017543858 44.359649122807014 9.578947368421051 43.83333333333333 10.368421052631579 43.83333333333333 10.89473684210526 44.271929824561404 11.377192982456137 44.71052631578948 11.991228070175435 44.973684210526315 12.780701754385962 45.41228070175439 13.482456140350877 45.850877192982466 14.228070175438592 45.850877192982466 14.578947368421051 46.99122807017543 15.017543859649118 48.13157894736842 15.368421052631579 48.21929824561403 15.675438596491228 39.53508771929826 15.763157894736839 36.20175438596491 14.491228070175435 35.58771929824561 14.008771929824558 32.42982456140351 13.964912280701753 31.991228070175453 14.403508771929818 29.447368421052623 15.14912280701754 24.97368421052631 15.719298245614032 23.043859649122805 14.885964912280702 22.868421052631582 12.912280701754383 23.657894736842103 12.473684210526311 25.675438596491222 12.64912280701754 30.41228070175439 12.824561403508767 34.44736842105262 12.122807017543858 35.41228070175439 11.640350877192981 34.79824561403509 10.280701754385962
1 13.921052631578936 9.578947368421051 18.570175438596493 9.491228070175435 21.37719298245613 9.535087719298241 22.254385964912284 9.84210526315789 22.429824561403507 11.026315789473681 22.517543859649116 11.859649122807014 22.429824561403507 12.122807017543858 19.79824561403509 12.035087719298241 17.429824561403507 11.94736842105263 14.71052631578948 11.377192982456137 13.482456140350882 10.850877192982455 13.482456140350882 10.061403508771928
1 14.00877192982457 11.903508771929818 16.728070175438596 12.298245614035086 17.956140350877195 12.64912280701754 17.429824561403507 13.39473684210526 16.20175438596491 14.271929824561402 14.184210526315791 15.543859649122805 11.026315789473689 15.105263157894735 9.359649122807014 13.614035087719293 8.921052631578936 12.912280701754383 11.026315789473689 13.043859649122805 11.815789473684209 13.043859649122805 12.692982456140339 12.692982456140351
1 19.18421052631579 13.657894736842104 20.850877192982445 14.973684210526311 20.763157894736832 15.499999999999995 17.342105263157897 15.499999999999995 15.850877192982466 15.368421052631579 16.464912280701743 14.798245614035086 17.69298245614034 14.140350877192981
1 15.412280701754389 0.05 13.921052631578936 0.05 12.60526315789473 0.05 12.956140350877195 0.05 13.921052631578936 0.05 16.02631578947369 0.05 18.043859649122805 0.36842105263157804 20.324561403508778 0.05 21.81578947368421 0.05 21.20175438596491 0.05 19.359649122807014 0.05 17.868421052631582 0.05 16.640350877192986 0.05
1 0.1 0.05 0.1 0.05 0.1 0.05 0.1 0.05 0.1 0.05 0.1 0.05 0.1 0.05 0.1 0.05 0.1 0.05 0.1 0.05 0.1 0.05 0.1 0.05 0.1 0.05 0.1 0.05
1 0.1 0.05 0.1 0.05 0.1 0.05 0.1 0.05 0.1 0.05 0.1 0.05 0.1 0.05 0.1 0.05 0.1 0.05 0.1 0.05 0.1 0.05 0.1 0.05 0.1 0.05 0.1 0.05 0.1 0.05
1 0.1 0.05 0.1 0.05 0.1 0.05 0.1 0.05 0.1 0.05 0.1 0.05 0.1 0.05 0.1 0.05 0.1 0.05 0.1 0.05 0.1 0.05 0.1 0.05 0.1 0.05 0.1 0.05 0.1 0.05 0.1 0.05 0.1 0.05
1 0.1 0.05 0.1 0.05 0.1 0.05 0.1 0.05 0.1 0.05 0.1 0.05 0.1 0.05 0.1 0.05 0.1 0.05 0.1 0.05 0.1 0.05 0.1 0.05 0.1 0.05
1 30.324561403508778 0.05 31.464912280701764 0.05 32.25438596491229 0.05 31.81578947368421 0.05 30.41228070175439 0.05 29.659663865546225 0.05 28.657894736842103 0.05 27.429824561403507 0.05 28.482456140350884 0.05 29.447368421052623 0.05
1 32.24418604651163 0.05 33.17441860465116 0.05 33.83333333333333 0.05 33.83333333333333 0.36842105263157804 32.95614035087719 0.45614035087719457 31.02631578947369 0.36842105263157804 30.850877192982466 0.14912280701754527 31.377192982456155 0.05
1 30.149122807017555 0.05 33.482456140350884 0.05 35.149122807017555 0.05 36.20175438596491 0.05 38.74561403508771 0.05 39.184210526315795 0.05 40.061403508771924 0.05 40.58771929824561 0.05 40.850877192982466 0.05 39.973684210526315 0.05 38.57017543859649 0.05 37.95614035087719 0.28070175438596723 34.973684210526315 0.36842105263157804 34.62280701754387 0.05 33.482456140350884 0.05 31.991228070175453 0.05 30.41228070175439 0.05 29.97368421052631 0.05 29.97368421052631 0.05
1 12.517543859649118 0.05 10.236842105263168 0.05 7.692982456140362 0.05 4.885964912280701 0.05 2.9561403508771944 0.05 2.166666666666674 0.05 1.99122807017543 0.05 2.4922807017543844 0.05 5.236842105263167 0.05 9.71052631578948 0.05
1 13.39473684210527 0.05 12.692982456140339 0.05 11.464912280701764 0.05 10.5 0.05 13.131578947368416 0.05 14.71052631578948 0.05 16.464912280701743 0.05 17.868421052631582 0.05 18.39473684210527 0.05 18.570175438596493 0.05 18.570175438596493 0.05 15.412280701754389 0.05
1 16.28947368421052 0.05 16.464912280701743 0.05 16.464912280701743 0.05 16.37719298245613 0.05 16.37719298245613 0.05 16.99122807017543 0.05 18.745614035087716 0.05 21.02631578947369 0.05 21.552631578947377 0.05 20.061403508771924 0.05 18.657894736842103 0.05 17.60526315789473 0.05
1 0.1 6.026315789473682 0.1 6.070175438596488 0.1 6.828125000000003 0.1 7.780701754385961 0.1 7.9122807017543835 0.1 7.780701754385961 0.1 7.122807017543858 0.1 6.684210526315786
1 0.1 12.298245614035086 0.1 12.736842105263156 0.1 14.228070175438592 0.1 14.973684210526311 0.1 15.587719298245611 0.1 15.850877192982455 0.1 15.675438596491228 2.2543859649122853 15.850877192982455 4.71052631578948 15.850877192982455 4.798245614035091 14.666666666666663 1.8157894736842082 13.877192982456137 0.1 13.175438596491228 0.1 12.473684210526311 0.1 11.94736842105263
1 0.1 8.350877192982455 0.1 8.438596491228065 0.1 10.236842105263156 0.1 11.026315789473681 0.1 11.552631578947365 0.1 11.728070175438592 0.1 11.991228070175435 0.1 12.298245614035086 0.1 14.535087719298241 0.1 14.973684210526311 0.1 15.675438596491228 0.1 15.587719298245611 0.1 15.587719298245611 0.1 12.912280701754383 0.1 11.377192982456137 0.1 9.929824561403507 0.1 9.184210526315786
1 0.1 4.4035087719298245 0.1 5.061403508771929 0.1 5.631578947368422 0.1 6.771929824561402 0.1 7.824561403508767 0.1 8.657894736842104 0.1 9.008771929824558 0.1 8.087719298245611 0.1 7.736842105263156 0.1 7.517543859649123 0.1 7.385964912280701 0.1 6.815789473684208 0.1 6.728070175438591 0.1 6.640350877192981 0.1 6.684210526315786 0.1 6.991228070175436 0.1 6.771929824561402 0.1 6.114035087719299 0.1 4.885964912280701 0.1 3.0438596491228056 0.1 2.6929824561403506 0.1 3.131578947368422 0.1 3.438596491228071 0.1 3.9649122807017534
1 0.1 0.05 0.1 0.05 0.1 0.05 0.1 0.05 0.1 0.05 0.1 0.05
1 4.885964912280701 0.05 4.71052631578948 0.05 5.938596491228077 0.05 4.798245614035091 0.05 2.6052631578947283 0.05 2.6052631578947283 0.05 7.078947368421064 0.05 10.587719298245611 0.05 12.780701754385973 0.05 10.938596491228077 0.05 11.903508771929818 0.05 14.973684210526311 0.05 15.675438596491222 0.05 15.587719298245611 0.05 15.412280701754389 0.05 12.956140350877195 0.05 10.675438596491222 0.05 9.184210526315791 0.05 7.429824561403507 0.05 5.938596491228077 0.05
1 14.622807017543868 0.05 12.868421052631584 0.05 12.342105263157896 0.05 12.60526315789473 0.05 13.131578947368416 0.05 14.096491228070182 0.05 15.149122807017534 0.05 15.675438596491222 0.05 15.587719298245611 0.05
1 0.1 0.05 0.1 0.05 0.1 0.05 2.692982456140362 0.05 1.99122807017543 0.05 1.4649122807017647 0.05 1.377192982456131 0.05 1.0263157894736878 0.05 0.2368421052631618 0.05 0.1 0.05 0.1 0.05 0.1 0.05 0.1 0.05 0.1 0.05 0.1 0.05 0.1 0.05 0.1 0.05 0.1 0.05 0.1 0.05
1 0.1 0.05 0.1 0.05 0.1 0.05 0.1 0.05 0.1 0.05 0.1 0.05 0.1 0.05 0.1 0.05
1 0.1 0.05 0.1 0.05 0.1 0.05 0.1 0.05 0.1 0.05 0.1 0.05 0.1 0.05 0.1 0.05 0.1 0.05 0.1 0.061403508771928725 0.1 0.5 0.1 0.7192982456140328 0.1 0.45614035087719457 0.1 0.2368421052631561 0.1 0.05 0.1 0.05 0.1 0.05 0.1 0.05 0.1 0.05 0.1 0.05 0.1 0.05 0.1 0.05
1 37.3421052631579 0.05 40.850877192982466 0.05 41.90350877192982 0.05 43.21929824561403 0.05 43.74561403508771 0.05 43.04385964912281 0.05 41.55263157894738 0.05 39.184210526315795 0.05 38.394736842105274 0.05 38.13157894736842 0.05
1 0.1 0.05 0.1 0.05 0.1 0.05 0.1 0.05 0.1 0.05 0.1 0.05 0.1 0.05 0.1 0.05 0.1 0.05 0.1 0.05 0.1 0.05 0.1 0.05 0.1 0.05 0.1 0.05 0.1 0.05
1 2.6848739495798326 0.05 6.214285714285711 0.05 9.49159663865546 0.05 12.432773109243692 0.05 13.609243697478997 0.05 14.113445378151265 0.05 12.096638655462186 0.05 9.575630252100837 0.05 5.794117647058829 0.05 4.281512605042019 0.05 2.2647058823529393 0.05 1.50840336134454 0.05 1.9285714285714335 0.05 2.432773109243692 0.05
1 5.878151260504206 0.05 8.23109243697479 0.05 11.844537815126046 0.05 14.029411764705879 0.05 14.449579831932772 0.05 13.777310924369749 0.05 12.432773109243692 0.05 11.844537815126046 0.05 12.01260504201681 0.05 11.50840336134454 0.05 9.407563025210084 0.05 7.138655462184874 0.05 5.962184873949582 0.05
1 0.1 0.05 0.1 0.05 0.1 0.05 0.1 0.05 0.1 0.05 0.1 0.05 0.1 0.05 0.1 0.05 0.1 0.05 0.1 0.05 0.1 0.05 0.1 0.05 0.1 0.05 0.1 0.05
1 13.27310924369748 0.05 15.878151260504206 0.6680672268907586 17.810924369747898 0.9201680672268907 19.99579831932773 0.2058823529411768 22.096638655462186 0.05 23.945378151260503 0.05 24.95378151260504 0.05 23.609243697478995 0.4159663865546236 22.76890756302521 1.0882352941176492 21.592436974789916 1.760504201680675 18.903361344537814 1.9285714285714306 15.542016806722689 1.760504201680675 14.449579831932772 1.6344537815126075 13.693277310924373 1.00420168067227 13.105042016806726 0.5
1 0.1 14.99579831932773 0.1 14.281512605042014 0.1 13.945378151260503 0.1 13.861344537815125 0.1 13.777310924369749 0.1 14.365546218487395 0.1 14.953781512605042 0.1 15.542016806722689 0.1 15.710084033613446 0.1 15.710084033613446 0.1 15.668067226890752
1 0.1 0.05 0.1 0.05 0.1 0.05 0.1 0.05 0.1 0.05 0.1 0.05 0.1 0.05 0.1 0.05 0.1 0.05 0.1 0.05 0.1 0.05 0.1 0.05 0.1 0.05 0.1 0.05 0.1 0.05 0.1 0.05 0.1 0.05 0.1 0.05 0.1 0.05 0.1 0.05
1 19.323529411764707 0.05 21.928571428571434 0.05 25.03781512605042 0.05 27.97899159663866 0.05 29.7436974789916 0.05 29.7436974789916 0.05 28.819327731092436 0.05 27.390756302521005 0.05 25.45798319327731 0.05 23.693277310924373 0.05 21.424369747899163 0.05 19.911764705882355 0.05 19.239495798319332 0.05 18.56722689075631 0.05 19.239495798319332 0.05 19.407563025210084 0.05 19.407563025210084 0.05
1 20.5 0.05 22.76890756302521 0.05 24.78571428571429 0.05 25.79411764705883 0.05 26.634453781512605 0.05 27.894957983193272 0.05 29.7436974789916 0.05 31.172268907563023 0.05 31.50840336134454 0.05 30.920168067226893 0.05 31.00420168067227 0.05 28.651260504201684 0.05 26.970588235294123 0.05 24.78571428571429 0.05 23.27310924369748 0.05 22.096638655462186 0.05 21.340336134453786 0.05
1 0.1 0.05 0.1 0.05 0.1 0.05 0.1 0.05 0.1 0.05 0.1 0.05 0.1 0.05 0.1 0.05 0.1 0.05 0.1 0.05 0.1 0.05 0.1 0.05 0.1 0.05
1 0.1 0.05 0.1 0.05 0.1 0.05 0.1 0.05 0.1 0.05 0.1 0.05 0.1 0.05 0.1 0.05 0.1 0.05 0.1 0.05 0.1 0.05 0.1 0.05 0.1 0.05
1 0.1 0.05 0.1 0.05 0.1 0.05 0.1 0.05 0.1 0.05 0.1 0.05
1 0.1 0.05 0.1 0.05 0.1 0.05 0.1 0.05 0.1 0.05 0.1 0.05 0.1 0.05
1 0.1 0.05 0.1 0.05 0.1 0.05 0.1 0.05 0.1 0.05 0.1 0.05 0.1 0.05 0.1 0.05 0.1 0.05
