1 0.1 0.05 0.1 0.05 0.1 0.05 0.1 0.05 0.1 0.05 0.1 0.05 0.1 0.05 0.1 0.05 0.1 0.05 0.1 0.05 0.1 0.05 0.1 0.05 0.1 0.05 0.1 0.05 0.1 0.05 0.1 0.05 0.1 0.05 0.1 0.05 0.1 0.05 0.1 0.05 0.1 0.05 0.1 0.05 0.1 0.05
1 0.1 0.05 0.1 0.05 0.1 0.05 0.1 0.05 0.1 0.05 0.1 0.05 0.1 0.05 0.1 0.05 0.1 0.05 0.1 0.05 0.1 0.05 0.1 0.05 0.1 0.05 0.1 0.05 0.1 0.05 0.1 0.05 0.1 0.05 0.1 0.05 0.1 0.05 0.1 0.05 0.1 0.05 0.1 0.05 0.1 0.05 0.1 0.05
1 0.1 0.05 0.1 0.05 0.1 0.05 0.1 0.05 0.1 0.05 0.1 0.05 0.1 0.05 0.1 0.05 0.1 0.05 0.1 0.05 0.1 0.05 0.1 0.05 0.1 0.05 0.1 0.05 0.1 0.05 0.1 0.05
0 0.1 0.05 0.1 0.05 0.1 0.05 0.1 0.05 0.1 0.05 0.1 0.05 0.1 0.05 0.1 0.05 0.1 0.05 0.1 0.05 0.1 0.05 0.1 0.05 0.1 0.05 0.1 0.05 0.1 0.05
0 19.7436974789916 0.05 21.088235294117645 0.05 21.676470588235293 0.05 21.00420168067227 0.05 19.323529411764707 0.05 18.48319327731092 0.05 18.06302521008404 0.05 18.48319327731092 0.05
0 51.42436974789916 8.10504201680672 45.121848739495796 9.49159663865546 41.92857142857142 10.710084033613446 40.163865546218496 11.802521008403364 38.81932773109245 13.441176470588232 38.063025210084035 14.575630252100842 38.23109243697479 15.752100840336135 38.567226890756295 16.718487394957982 39.40756302521008 17.180672268907564 41.844537815126046 17.096638655462186 44.36554621848741 17.22268907563025 47.47478991596638 16.38235294117647 49.32352941176471 16.04621848739496 51.17226890756304 15.752100840336135 51.6 14.967927170868347 51.42436974789916 13.777310924369749 48.65126050420167 12.76890756302521 49.07142857142858 11.676470588235293 50.75210084033613 10.710084033613446 51.42436974789916 10.5 51.6 9.709663865546219 51.6 8.27310924369748
0 51.42436974789916 11.00420168067227 49.82773109243696 11.802521008403364 49.659663865546214 12.390756302521009 50.07983193277312 12.852941176470585 51.42436974789916 13.23109243697479 51.59243697478992 13.23109243697479 51.50840336134454 11.676470588235293
1 0.1 0.05 0.1 0.05 0.1 0.05 0.1 0.05 1.2563025210083993 0.05 3.1050420168067263 0.05 5.121848739495794 0.05 10.415966386554624 0.05 12.852941176470585 0.05 15.205882352941183 0.05 16.550420168067227 0.05 18.48319327731092 0.05 19.911764705882355 0.05 21.844537815126046 0.05 25.20588235294118 0.05 27.810924369747898 0.05 30.16386554621848 0.05 29.911764705882355 0.05 27.810924369747898 0.05 27.306722689075627 0.05 24.78571428571429 0.05 18.903361344537814 0.05 15.205882352941183 0.05 9.23949579831933 0.05 6.810644257703086 0.05 1.1722689075630228 0.05 0.1 0.05
0 26.970588235294123 0.05 31.2563025210084 0.752100840336135 33.86134453781513 1.5924369747899163 37.89495798319329 3.063025210084035 39.74369747899159 4.323529411764707 42.0126050420168 6.00420168067227 43.77731092436975 7.810924369747897 45.5420168067227 8.777310924369749 43.69327731092437 9.61764705882353 41.42436974789916 10.247899159663865 39.91176470588236 10.962184873949576 36.13025210084034 10.33193277310924 33.77731092436975 9.155462184873949 32.60084033613445 7.432773109243698 30.83613445378152 5.710084033613446 28.31512605042017 3.987394957983196 25.373949579831937 2.6428571428571446 23.52521008403362 1.550420168067228 24.365546218487395 0.5840336134453793 25.96218487394958 0.12184873949580037
0 0.1 0.05 0.1 0.05 0.1 0.752100840336135 0.1 2.9369747899159675 0.1 3.6932773109243726 0.1 4.617647058823531 0.1 5.836134453781514 0.1 7.39075630252101 0.1 8.14705882352941 0.1 8.98739495798319 0.1 10.163865546218489 0.1 10.626050420168065 0.1 10.33193277310924 0.1 8.14705882352941 0.1 3.063025210084035 0.1 0.6260504201680674 0.1 0.05 0.1 0.05
1 0.1 0.05 0.1 0.05 0.1 0.05 0.1 0.05 0.1 0.05 0.1 0.05 0.1 0.05 0.1 0.05 0.1 0.05 0.1 0.05 0.1 0.05 0.1 0.05 0.1 0.05 0.1 1.0882352941176492 0.1 1.8865546218487395 0.1 1.6764705882352957 0.1 0.05 0.1 0.05 0.1 0.05 0.1 0.05 0.1 0.05 0.1 0.05 0.1 0.05 0.1 0.05 0.1 0.05 0.1 0.05
1 0.1 0.05 0.1 0.05 0.1 0.05 0.1 0.05 0.1 0.05 0.1 0.05 0.1 0.05 0.1 0.05 0.1 0.05 0.1 0.05 0.1 0.05 0.1 0.05 0.1 0.05 0.1 0.05 0.1 0.05 0.1 0.05
1 0.1 0.05 0.1 0.05 0.8361344537815171 0.05 2.3487394957983154 0.05 2.768907563025209 0.05 2.768907563025209 0.05 0.8361344537815171 0.05 0.1 0.05 0.1 0.05
1 0.1 0.05 0.1 0.05 0.1 0.05 0.1 0.05 0.1 0.05 1.5924369747899163 0.05 1.8445378151260456 0.05 1.5924369747899163 0.05 0.8361344537815171 0.2058823529411768 0.1 2.012605042016807 0.3319327731092471 2.6428571428571446 5.289915966386559 2.6848739495798326 6.298319327731088 3.5252100840336142 8.063025210084039 4.323529411764707 9.407563025210084 4.617647058823531 11.088235294117647 4.113445378151264 14.197478991596643 2.978991596638656 15.710084033613441 2.0966386554621863 17.22268907563025 1.3403361344537843 16.886554621848745 0.5840336134453793 16.886554621848745 0.05 13.525210084033608 0.05 11.172268907563023 0.05 9.323529411764707 0.05 9.49159663865546 0.05 10.668067226890752 0.05 10.668067226890752 0.05 8.48319327731092 0.05 5.626050420168065 0.05 3.1050420168067263 0.05 1.00420168067227 0.05
1 0.1 0.05 0.1 0.05 0.1 0.05 0.1 0.05 0.1 0.05 0.1 0.05 0.1 0.05 0.1 0.05 0.1 0.05 0.1 0.05 0.1 0.05 0.1 0.05 0.1 0.05 0.1 0.05 0.3319327731092471 0.05 0.7521008403361293 0.05 0.1 0.05 0.1 0.6680672268907586 0.1 1.6344537815126075 0.1 2.474789915966389 0.1 2.0966386554621863 0.1 0.9201680672268907 0.1 0.05 0.1 0.05 0.1 0.05 0.1 0.05 0.1 0.05 0.1 0.05
1 28.23109243697479 0.05 30.5 0.05 31.50840336134454 0.05 32.180672268907564 0.05 33.35714285714287 0.05 34.78571428571429 0.05 36.382352941176464 0.05 38.14705882352941 0.05 41.25630252100841 0.05 45.794117647058826 0.05 47.89495798319329 0.05 51.08823529411766 0.05 51.6 0.05 51.6 0.05 50.07983193277312 0.05 48.31512605042017 0.05 45.794117647058826 0.05 44.617647058823536 0.05 42.18067226890757 0.05 39.32352941176471 0.05 35.794117647058826 0.05 33.77731092436975 0.05 31.760504201680668 0.05 30.75210084033614 0.05 29.155462184873954 0.05 28.48319327731092 0.05
1 38.23109243697479 0.05 42.18067226890757 0.05 44.78571428571429 0.05 46.21428571428571 0.05 49.07142857142858 0.05 51.59243697478992 0.05 51.6 0.05 51.6 4.7436974789915975 50.836134453781504 5.037815126050421 47.64285714285715 5.0798319327731125 44.28151260504201 4.617647058823531 40.07983193277312 3.31512605042017 38.90336134453783 2.4327731092436977 39.82773109243696 1.550420168067228 40.75210084033613 0.12184873949580037 38.23109243697479 0.05 35.710084033613455 0.05 36.298319327731086 0.05
1 35.45798319327732 0.05 31.928571428571434 0.05 30.75210084033614 0.05 31.00420168067227 0.05 31.928571428571434 0.2899159663865561 33.69327731092437 0.9201680672268907 36.886554621848745 1.760504201680675 38.567226890756295 1.6344537815126075 39.155462184873954 0.6680672268907586 37.72689075630253 0.05 35.794117647058826 0.05 34.95378151260504 0.05
1 31.088235294117645 0.05 33.9453781512605 0.05 35.45798319327732 0.05 35.205882352941174 0.05 33.77731092436975 0.05 32.60084033613445 0.05 30.668067226890752 0.05 29.071428571428577 0.05 28.31512605042017 0.05 26.382352941176475 0.05 23.945378151260503 0.05 21.844537815126046 0.05 21.088235294117645 0.05 21.676470588235293 0.05 22.51680672268908 0.05 21.676470588235293 0.05 21.592436974789916 0.05 22.93697478991596 0.05 26.130252100840334 0.05 28.56722689075631 0.05 29.7436974789916 0.05 30.75210084033614 0.05
1 5.289915966386559 0.05 10.079831932773107 0.05 13.441176470588232 0.05 15.121848739495794 0.05 17.054621848739497 0.05 18.23109243697479 0.05 17.054621848739497 0.05 15.373949579831935 0.05 12.76890756302521 0.05 11.844537815126046 0.05 10.836134453781517 0.05 7.726890756302521 0.05 4.953781512605042 0.05 4.953781512605042 0.05
1 0.1 0.05 0.1 0.05 0.1 0.05 0.1 0.2899159663865561 0.1 0.05 0.1 0.05 0.1 1.1302521008403374 0.1 2.264705882352942 0.1 3.273109243697479 0.1 3.8613445378151283 0.1 4.407563025210086 0.1 4.575630252100842 0.1 4.113445378151264 0.1 3.6092436974789934 0.1 3.063025210084035 0.1 2.516806722689077 0.1 2.222689075630254 0.1 0.05 0.1 0.05 0.1 0.05 0.1 0.05 0.1 0.05 0.1 0.05 0.1 0.05
1 0.1 2.9369747899159675 0.1 3.6092436974789934 0.1 4.365546218487395 0.1 5.331932773109244 0.1 5.878151260504202 0.1 6.382352941176473 0.1 7.642857142857144 0.1 9.743697478991596 0.1 11.130252100840334 0.1 11.970588235294116 0.1 12.72689075630252 0.1 14.071428571428573 0.1 15.037815126050418 0.1 15.457983193277311 0.1 14.911764705882353 0.1 15.121848739495794 0.1 15.962184873949582 0.1 16.676470588235293 0.1 17.810924369747898 0.1 19.281512605042014 0.1 19.65 0.1 19.499865351052637 0.1 13.777310924369749 0.1 13.357142857142856 0.1 13.357142857142856 0.1 12.642857142857144 0.1 11.340336134453782 0.1 9.911764705882353 0.1 9.785714285714283 0.1 9.407563025210084 0.1 8.441176470588232
1 0.1 11.00420168067227 0.1 11.172268907563023 0.1 11.71848739495798 0.1 12.180672268907562 0.1 12.516806722689074 0.1 12.76890756302521 0.1 12.432773109243698 0.1 11.592436974789916
1 0.1 0.05 0.1 0.5840336134453793 0.1 1.7184873949579837 0.1 2.978991596638656 0.1 4.365546218487395 0.1 6.046218487394958 0.1 6.634453781512607 0.1 6.718487394957984 0.1 6.1722689075630255 0.1 5.289915966386556 0.1 3.231092436974791 0.1 2.0546218487394983 0.1 1.0882352941176492 0.1 0.2058823529411768 0.1 0.05
1 0.1 7.558823529411763 0.1 7.138655462184874 0.1 7.768907563025209 0.1 9.953781512605042 0.1 11.76050420168067 0.1 12.684873949579833 0.1 13.357142857142856 0.1 14.071428571428573 0.1 15.079831932773107 0.1 16.466386554621845 0.1 17.642857142857146 0.1 19.197478991596636 0.1 19.65 0.1 19.65 0.1 19.65 0.1 19.49159663865546 0.1 19.49159663865546 0.1 16.928571428571427 0.1 15.542016806722689 0.1 13.441176470588232 0.1 11.214285714285712 0.1 9.869747899159666 0.1 8.483193277310926
1 0.1 7.096638655462186 0.1 7.306722689075627 0.1 7.810924369747897 0.1 8.98739495798319 0.1 10.079831932773107 0.1 11.088235294117647 0.5 12.474789915966387 0.8361344537815171 13.525210084033613 1.2563025210083993 14.575630252100842 1.7605042016806691 16.088235294117645 1.7605042016806691 17.012605042016805 1.5924369747899163 17.55882352941176 1.3403361344537756 18.77731092436975 1.4130602240896337 19.65 0.1 19.65 0.1 19.575630252100844 0.1 18.06302521008403 0.1 17.22268907563025 0.1 16.172268907563023 0.1 15.794117647058822 0.1 15.33193277310924 0.1 15.247899159663865 0.1 15.415966386554624 0.1 14.49159663865546 0.1 13.945378151260503 0.1 12.684873949579833 0.1 11.802521008403364 0.1 9.659663865546218 0.1 8.483193277310926 0.1 7.768907563025209
1 13.357142857142856 0.05 16.550420168067227 0.05 17.810924369747898 0.05 19.575630252100837 0.05 21.2563025210084 0.05 22.93697478991596 0.05 25.626050420168063 0.05 27.810924369747898 0.05 28.98739495798319 0.05 29.155462184873954 0.05 28.903361344537814 0.05 27.810924369747898 0.05 25.96218487394958 0.05 24.701680672268914 0.05 23.105042016806728 0.8361344537815143 22.76890756302521 1.7184873949579837 21.844537815126046 1.9285714285714306 19.659663865546225 1.760504201680675 18.31512605042017 1.4663865546218489 18.06302521008404 0.542016806722691 17.810924369747898 0.05 15.542016806722689 0.05 14.365546218487395 0.05 13.27310924369748 0.05
1 0.1 3.189075630252103 0.4159663865546236 3.6092436974789934 5.962184873949582 4.7016806722689095 8.48319327731092 5.205882352941177 12.348739495798316 4.407563025210086 17.22268907563025 3.189075630252103 19.575630252100837 4.155462184873952 20.079831932773107 5.752100840336135 19.99579831932773 7.810924369747897 19.407563025210084 8.861344537815125 17.47478991596639 9.281512605042014 14.029411764705879 8.861344537815125 11.676470588235293 7.9789915966386555 9.407563025210084 7.600840336134451 5.542016806722688 7.726890756302521 3.273109243697479 7.810924369747897 0.1 7.474789915966386 0.1 5.836134453781514 0.1 4.617647058823531 0.1 3.8613445378151283
1 2.51680672268908 11.424369747899158 6.634453781512605 9.61764705882353 8.819327731092438 9.11344537815126 11.50840336134454 9.323529411764707 14.365546218487395 9.743697478991596 18.73529411764706 9.911764705882353 20.5 9.407563025210084 21.928571428571434 9.911764705882353 22.26470588235294 10.626050420168065 21.50840336134454 11.466386554621845 20.5 12.054621848739492 18.399159663865543 13.399159663865543 17.47478991596639 14.281512605042014 14.029411764705879 15.163865546218489 10.75210084033613 14.99579831932773 7.894957983193274 14.61764705882353 5.794117647058829 14.11344537815126 4.029411764705879 13.483193277310926 3.02100840336135 12.348739495798316
0 3.02100840336135 19.239495798319325 3.02100840336135 17.474789915966387 4.029411764705879 16.256302521008404 6.4663865546218515 15.289915966386554 10.5 15.584033613445376 14.113445378151265 16.04621848739496 15.79411764705883 16.760504201680668 16.466386554621852 17.93697478991597 16.466386554621852 19.407563025210084 16.04621848739496 19.61764705882353 15.183473389355754 19.65 6.5504201680672285 19.65 4.197478991596642 19.65
1 20.668067226890752 2.5588235294117654 22.600840336134457 2.8109243697479003 26.04621848739496 4.113445378151264 28.48319327731092 5.373949579831935 30.415966386554622 6.886554621848743 31.844537815126056 8.27310924369748 31.2563025210084 9.323529411764707 29.155462184873954 10.121848739495794 26.718487394957982 10.415966386554624 24.029411764705877 10.121848739495794 22.76890756302521 9.533613445378148 21.760504201680668 8.441176470588232 21.928571428571434 6.5924369747899165 21.424369747899163 5.58403361344538 20.920168067226893 4.533613445378154 20.668067226890752 3.4831932773109258
1 20.331932773109248 16.592436974789916 22.180672268907564 13.735294117647054 22.432773109243705 12.264705882352938 23.441176470588232 11.00420168067227 28.399159663865543 10.584033613445376 31.340336134453786 10.37394957983193 34.701680672268914 11.214285714285712 37.47478991596638 12.222689075630251 36.80252100840337 13.735294117647054 36.886554621848745 15.626050420168065 38.063025210084035 17.432773109243698 42.432773109243705 17.852941176470587 46.21428571428571 17.642857142857146 47.72689075630253 17.474789915966387 49.40756302521008 18.903361344537814 49.40756302521008 19.49159663865546 42.26470588235295 19.61764705882353 40.75490196078433 19.65 28.399159663865543 19.575630252100844 21.760504201680668 19.449579831932773 19.323529411764707 19.323529411764707 18.399159663865543 18.525210084033613 18.56722689075631 17.642857142857146 19.575630252100837 16.928571428571427
1 32.68487394957983 0.05 34.53361344537816 0.05 37.47478991596638 0.05 40.668067226890756 0.05 44.53361344537816 0.05 46.21428571428571 0.05 48.9873949579832 0.05 51.6 0.05 51.340336134453786 0.05 47.89495798319329 0.05 44.19747899159663 0.05 41.76050420168067 0.05 39.659663865546214 0.05 37.13865546218487 0.05 34.95378151260504 0.05 33.35714285714287 0.05
1 35.37394957983192 0.05 39.57563025210084 0.05 42.34873949579833 0.05 43.52521008403362 0.05 44.28151260504201 0.05 45.205882352941174 0.05 45.794117647058826 0.05 45.289915966386545 0.05 43.609243697478995 0.05 41.844537815126046 0.05 41.340336134453786 0.05 38.14705882352941 0.05 35.289915966386545 0.05 34.36554621848741 0.05 36.21428571428571 0.05 36.63445378151262 0.05 36.04621848739496 0.05
1 43.77731092436975 0.05 43.441176470588246 0.05 44.617647058823536 0.05 45.794117647058826 0.05 46.886554621848745 0.05 48.063025210084035 0.05 50.163865546218496 0.05 51.6 0.05 51.59243697478992 0.05 51.17226890756304 0.05 49.32352941176471 0.05 47.47478991596638 0.05 46.13025210084034 0.05 44.78571428571429 0.05
1 43.441176470588246 0.05 45.289915966386545 0.05 46.382352941176464 0.05 50.41596638655462 0.05 51.6 0.05 51.6 0.05 51.6 0.05 49.49159663865546 0.05 47.72689075630253 0.05 46.71848739495799 0.05 44.86974789915966 0.05
1 48.23109243697479 17.138655462184875 50.163865546218496 16.550420168067227 51.25630252100841 17.22268907563025 51.42436974789916 18.10504201680672 51.42436974789916 18.861344537815125 50.5 19.029411764705884 49.57563025210084 18.567226890756302 48.81932773109245 17.72689075630252
