0 0.6654462954772553 0.23262032085561493 0.6482464330761544 0.25444723343883 0.6498845152095927 0.28827894794281345 0.6474273920094353 0.3308414274800829 0.653979720543188 0.3472116119174943 0.6924746506789851 0.32975008185092214 0.7072173898799285 0.3046491323802248 0.7055793077464904 0.2686347266179199 0.6932936917457042 0.24025974025974026 0.6793699936114797 0.22825493833897195
0 0.7563598538830737 0.02853868820255373 0.7342457450816584 0.02526465131507146 0.7235982112143102 0.04927425515660808 0.7293314986813438 0.0831059696605915 0.7309695808147821 0.10165884535632433 0.7555408128163545 0.11257230164793187 0.7522646485494783 0.13549055986030775 0.7326076629482202 0.15950016370184436 0.7285124576146248 0.18460111317254174 0.7358838272150966 0.21515879078904288 0.7407980736154112 0.22061551893484665 0.7596360181499501 0.19660591509331002 0.7670073877504218 0.17696169376841642 0.7989499893524661 0.17368765688093418 0.806321358952938 0.1562261268143621 0.7907595786852754 0.1169376841645749 0.7751977984176127 0.07219251336898394 0.7629121824168265 0.04927425515660808
0 0.8849493013579702 0.005620429990177867 0.8775779317574983 0.038360798865000524 0.8841302602912511 0.05800502018989411 0.9070634101593855 0.07328385899814469 0.9242632725604861 0.0656444395940194 0.9381869706947108 0.0339954163483575 0.9398250528281489 0.012168503765142398 0.9373679296279914 0.0023463931026956016
0 0.9971579274984848 0.01871657754010693 0.9865103936311367 0.019807923169267685 0.9947008042983276 0.038360798865000524 0.9979769685652039 0.05582232893157261 0.9980506822612085 0.05965295208992675 0.9980506822612085 0.1267597948270217 0.9668534080298786 0.10929826476044963 0.9463773813619014 0.08747135217723451 0.931634642160958 0.0754665502564662 0.9340917653611152 0.05254829204409034 0.9447392992284633 0.03181272509003599 0.9480154634953396 0.012168503765142398 0.9496469933002442 0.001298701298701301 0.9979769685652039 0.006711775619338623
0 0.8759398496240602 0.09183673469387753 0.8923206709584418 0.10493288224380659 0.9062443690926664 0.10056749972716357 0.9160728618932953 0.08965404343555602 0.9259013546939243 0.08856269780639527 0.9381869706947108 0.09401942595219905 0.9553868330958114 0.1169376841645749 0.9758628597637886 0.14749536178107606 0.9799580650973839 0.1584088180726836 0.9643962848297214 0.17041361999345192 0.9512916277622161 0.18132707628505948 0.9406440938948679 0.17368765688093418 0.9291775189608008 0.1529520899268798 0.9087014922928236 0.1529520899268798 0.8906825888250036 0.1562261268143621 0.8702065621570265 0.15513478118520135 0.8579209461562403 0.13549055986030775 0.8571019050895212 0.11257230164793187
0 0.8472734122888922 0.18460111317254174 0.855463822956083 0.22061551893484665 0.8628351925565549 0.26536068973043764 0.8669303978901503 0.3111972061551893 0.8685684800235883 0.348302957546655 0.9029682048257899 0.4672596311251773 0.9087014922928236 0.4803557786751064 0.9193490261601718 0.46289424860853434 0.9144347797598571 0.41596638655462187 0.9136157386931381 0.3865000545672815 0.9250823136272052 0.348302957546655 0.9283584778940817 0.3177452799301539 0.9275394368273626 0.294827021717778 0.9095205333595426 0.3057404780093856 0.8865873834914083 0.3210193168176361 0.8824921781578128 0.3210193168176361 0.8808540960243746 0.3057404780093856 0.8857683424246893 0.27409145476372365 0.874301767490622 0.21952417330568588 0.8603780693563975 0.19878860635163156 0.855463822956083 0.18132707628505948
2 0.288687404786476 0.7684710247735458 0.2976968565203859 0.7619229509985812 0.30424918505413856 0.7739277529193496 0.3050682261208577 0.7837498635817963 0.298515897587105 0.7859325548401178 0.288687404786476 0.7804758266943141
2 0.4000769898602715 0.9965622612681436 0.41072452372761964 0.9856488049765361 0.41366488115714123 0.9974025974025974 0.404172195193867 0.9974025974025974
2 0.9832342293642604 0.37776928953399547 0.9742247776303504 0.39304812834224606 0.9799580650973839 0.401778893375532 0.9930627221648894 0.3952308196005675
0 0.7596360181499501 0.2184328276765251 0.7866643733516798 0.2184328276765251 0.807140400019657 0.23480301211393648 0.8194260160204434 0.2609953072137946 0.8128736874866906 0.2631779984721161 0.797311907219028 0.2555385790679908 0.7825691680180844 0.23916839463057948 0.7735597162841745 0.23480301211393648 0.7653693056169837 0.23043762959729344
0 0.538494930135797 0.05582232893157261 0.5507805461365832 0.09511077158135979 0.5647042442708078 0.12894248608534323 0.5843612298720658 0.16277420058932662 0.6105705440070764 0.20642802575575683 0.624494242141301 0.2217068645640074 0.62531328320802 0.19878860635163156 0.6122086261405147 0.17914438502673796 0.5868183530722231 0.13330786860198623 0.5843612298720658 0.12239441231037868 0.5720756138712795 0.10602422787296735 0.5589709568037742 0.08092327840226997 0.548323422936426 0.05582232893157261
0 0.4180958933280915 0.042726181381643545 0.43283863252903504 0.03072137946087524 0.43775287892934944 0.042726181381643545 0.42055301652824867 0.0656444395940194 0.3927056202597998 0.10820691913128885 0.3812390453257326 0.12457710356870019 0.37222959359182267 0.11148095601877112 0.37059151145838454 0.10165884535632433 0.3861532917260471 0.08638000654807375 0.3927056202597998 0.07437520462730544 0.404172195193867 0.07437520462730544 0.41891493439481053 0.0536396376732511
0 0.054441659704817576 0.3057404780093856 0.0642701525054466 0.29155298483029574 0.08392713810670466 0.294827021717778 0.12078398610906352 0.29155298483029574 0.14371713597719787 0.29591836734693877 0.1650122037118941 0.28827894794281345 0.18385014824643306 0.2850049110553312 0.21743083198191554 0.28827894794281345 0.25019247465067895 0.28609625668449196 0.24855439251724082 0.3057404780093856 0.24200206398348809 0.32211066244679687 0.22316411944894912 0.32538469933427916 0.17074549117892768 0.3264760449634399 0.13470768424328797 0.32538469933427916 0.09866987730764816 0.3242933537051184 0.0757367274395138 0.3210193168176361 0.0593559061051321 0.31556258867183234
0 0.002023031434796109 0.2609953072137946 0.03478467410355952 0.2577212703263123 0.05362261863809848 0.2686347266179199 0.04543220797090763 0.2806395285386882 0.03068946876996409 0.290461639201135 0.003661113568234274 0.29591836734693877
0 0.3632201418579128 0.6047691803994326 0.3812390453257326 0.6320528211284514 0.37960096319229447 0.6462403143075413 0.37059151145838454 0.6582451162283095 0.3648582239913509 0.6396922405325767 0.3599439775910364 0.6222307104660046
0 0.6122086261405147 0.4116010040379789 0.6056562976067621 0.42033176907126485 0.6048372565400428 0.4388846447669977 0.6195799957409864 0.46071155735021285 0.6212180778744246 0.46944232238349887 0.6089324618736384 0.486903852450071 0.5966468458728521 0.491269234966714 0.5909135584058185 0.4967259631125178 0.5810850656051895 0.486903852450071 0.5622471210706504 0.49345192622503553 0.5638852032040886 0.5141874931790898 0.5622471210706504 0.536014405762305 0.5827231477386275 0.5381970970206265 0.6220371189411438 0.5316490232456619 0.6547987616099071 0.5174615300665721 0.6916556096122659 0.5109134562916076 0.6597130080102217 0.5032740368874823 0.6793699936114797 0.49345192622503553 0.6891984864121087 0.48581250682091026 0.6941127328124232 0.47271635927098116 0.7235982112143102 0.5054567281458038 0.7432551968155683 0.5174615300665721 0.7432551968155683 0.5043653825166431 0.720322046947434 0.46944232238349887 0.6982079381460187 0.4530721379460875 0.682646157878356 0.45416348357524833 0.6785509525447606 0.44652406417112306 0.6482464330761544 0.44870675542944455 0.6318656117417727 0.43670195350867624 0.6212180778744246 0.4181490778129434
0 0.7825691680180844 0.6145912910618793 0.798130948285747 0.602586489141111 0.8218831392206006 0.5960384153661464 0.8325306730879487 0.5993124522536287 0.8300735498877915 0.6200480192076832 0.8292545088210722 0.6265960929826476 0.8022261536193425 0.6309614754992907 0.788302455485118 0.6320528211284514 0.7792930037512081 0.6265960929826476
0 0.614665749340672 0.7139037433155079 0.624494242141301 0.6986249045072573 0.6498845152095927 0.6909854851031321 0.6670843776106934 0.6920768307322929 0.7014841024128949 0.6855287569573284 0.7178649237472766 0.6855287569573284 0.7170458826805576 0.7008075957655789 0.6973888970792996 0.7160864345738296 0.6810080757449178 0.7280912364945977 0.664627254410536 0.7422787296736876 0.6531606794764689 0.7641056422569027 0.6384179402755255 0.7564662228527774 0.6302275296083345 0.7477354578194914 0.615484790407391 0.7259085452362762
1 0.41563877012793415 0.6822547200698461 0.4402100021295068 0.6669758812615956 0.461505069864203 0.6757066462948815 0.47379068586498924 0.696442213248936 0.4868953429324947 0.7171777802029903 0.49836191786656187 0.7117210520571865 0.5180189034678199 0.7379133471570446 0.5311235605353253 0.7324566190112408 0.5499615050698642 0.7139037433155079 0.5671613674709649 0.7062643239113826 0.5966468458728521 0.709538360798865 0.6048372565400428 0.7149950889446688 0.6113895850737956 0.7390046927862054 0.624494242141301 0.7531921859652952 0.6425131456091208 0.7695623704027065 0.6490654741428735 0.7793844810651533 0.63432273494193 0.7935719742442432 0.6228561600078628 0.8012113936483685 0.6220371189411438 0.820855614973262 0.6285894474748964 0.8350431081523518 0.6236752010745819 0.8448652188147987 0.5950087637394139 0.8350431081523518 0.5597899978704932 0.8230383062315836 0.5180189034678199 0.820855614973262 0.4819810965321802 0.8175815780857798 0.4402100021295068 0.8219469606024227 0.41563877012793415 0.8132161955691367 0.40826740052746247 0.7968460111317254 0.39680082559339525 0.7684710247735458 0.404172195193867 0.735730655898723 0.40826740052746247 0.7051729782822219
0 0.4770668501318656 0.2511731965513478 0.5131046570675053 0.23589435774309722 0.5434091765361115 0.22388955582232895 0.5434091765361115 0.2609953072137946 0.5450472586695496 0.2751828003928844 0.5548757514701786 0.26426934410127684 0.5655232853375268 0.2380770490014187 0.5737136960047177 0.21079340827239984 0.5786279424050322 0.19987995198079228 0.5868183530722231 0.19987995198079228 0.5917325994725375 0.20861071701407835 0.5909135584058185 0.22607224708065043 0.5843612298720658 0.2511731965513478 0.5786279424050322 0.27190876350540216 0.5753517781381559 0.2937356760886172 0.5720756138712795 0.30137509549274255 0.5614280800039314 0.3057404780093856 0.5597899978704932 0.31337989741351086 0.5614280800039314 0.32865873622176145 0.5687994496044032 0.339572192513369 0.5704375317378413 0.35375968569245886 0.5647042442708078 0.3821346720506385 0.5507805461365832 0.40068754774637133 0.5335806837354825 0.3865000545672815 0.5245712320015726 0.3657644876132271 0.5073713696004717 0.3635817963549057 0.4991809589332809 0.35375968569245886 0.4942667125329664 0.3570337225799411 0.4959047946664045 0.3908654370839245 0.49344767146624735 0.40614427589217506 0.4868953429324947 0.42360580595874714 0.47133356266483206 0.4552548292044091 0.4672383573312366 0.4683509767543382 0.4582289055973266 0.48472116119174946 0.44840041279669757 0.47489905052930265 0.4320195914623159 0.45416348357524833 0.42546726292856324 0.4225144603295864 0.42382918079512505 0.39304812834224606 0.4180958933280915 0.3788606351631562 0.40662931839402433 0.3515769944341373 0.40581027732730524 0.32538469933427916 0.4148197290612151 0.3177452799301539 0.42546726292856324 0.3264760449634399 0.4475813717299785 0.3057404780093856 0.461505069864203 0.30683182363854633 0.4647812341310793 0.31883662555931463 0.4721526037315511 0.3210193168176361 0.4778858911985847 0.294827021717778 0.4819810965321802 0.2806395285386882
0 0.006118236768391535 0.00998581250682089 0.029870427703245023 0.03181272509003599 0.03560371517027861 0.05254829204409034 0.04543220797090763 0.06237040270653714 0.06672727570560386 0.05473098330241185 0.09129850770717643 0.05582232893157261 0.10276508264124362 0.07000982211066242 0.09866987730764816 0.09511077158135979 0.08228905597326645 0.12894248608534323 0.07491768637279474 0.14203863363527228 0.05689878290497484 0.1442213248935938 0.049527413304503054 0.15076939866855832 0.04625124903762672 0.1758703481392557 0.051165495437941244 0.1824184219142202 0.07000343997248021 0.1682309287351304 0.08556522024014285 0.16713958310596963 0.09539371304077184 0.187875150060024 0.09293658984061458 0.20424533449743534 0.06099398823857026 0.21625013641820362 0.03560371517027861 0.23916839463057948 0.00448015463495337 0.2511731965513478
0 0.003661113568234274 0.6931681763614537 0.028232345569806857 0.6626104987449526 0.04625124903762672 0.6506056968241842 0.10112700050780542 0.6353268580159337 0.11668878077546806 0.6211393648368438 0.13552672531000703 0.602586489141111 0.15845987517814145 0.6004037978827895 0.1797549429128376 0.5916730328495035 0.20760233918128654 0.6091345629160756 0.2108785034481629 0.6265960929826476 0.19695480531393844 0.6407835861617375 0.17484069651252315 0.651697042453345 0.1592789162448605 0.6615191531157918 0.13716480744344522 0.6724326094073994 0.11914590397562531 0.6844374113281676 0.09129850770717643 0.6855287569573284 0.06345111143872752 0.6986249045072573 0.03560371517027861 0.7204518170904725 0.016765770635739648 0.7259085452362762 0.006118236768391535 0.726999890865437
0 0.008575359968548796 0.7455527665611699 0.018403852769177814 0.735730655898723 0.023318099169492335 0.7510094947069738 0.02168001703605417 0.7750190985485103 0.01594672956902058 0.7793844810651533 0.011032483168706057 0.776110444177671 0.0077563189018297 0.7608316053694205
0 0.17074549117892768 0.6931681763614537 0.16583124477861316 0.7204518170904725 0.17402165544580403 0.7390046927862054 0.19122151784690486 0.7226345083487941 0.1977738463806575 0.7106297064280257 0.18221206611299487 0.6920768307322929
0 0.7326076629482202 0.7259085452362762 0.7694645109505791 0.7160864345738296 0.7833882090848034 0.726999890865437 0.8095975232198143 0.7433700753028485 0.8194260160204434 0.7630142966277419 0.8128736874866906 0.7826585179526355 0.8038642357527807 0.7913892829859216 0.8087784821530951 0.8143075411982974 0.8120546464199715 0.8284950343773873 0.7997690304191851 0.8361344537815125 0.7702835520172981 0.8404998362981556 0.7514456074827592 0.8404998362981556 0.7547217717496355 0.8143075411982974 0.7522646485494783 0.7924806286150823 0.7375219093485348 0.7837498635817963 0.7244172522810294 0.7597402597402597
0 0.7907595786852754 0.5185528756957329 0.8079594410863761 0.5545672814580378 0.7923976608187134 0.5742115027829314 0.7801120448179272 0.5971297609953072 0.8202450570871624 0.5829422678162175 0.8431782069552968 0.589490341591182 0.845635330155454 0.606951871657754 0.8415401248218587 0.6276874386118084 0.844816289088735 0.6418749317908983 0.8562828640228021 0.6680672268907563 0.8693875210903075 0.6702499181490778 0.8915016298917228 0.6626104987449526 0.9340917653611152 0.6571537705991488 0.931634642160958 0.6265960929826476 0.9087014922928236 0.5927643784786643 0.8964158762920373 0.5687547746371276 0.8783969728242175 0.5480192076830733 0.8759398496240602 0.5294663319873405 0.8816731370910937 0.5098221106624469 0.8702065621570265 0.5054567281458038 0.8415401248218587 0.5054567281458038 0.8194260160204434 0.5076394194041254 0.8046832768194997 0.513096147549929 0.7989499893524661 0.513096147549929
0 0.9922436810981704 0.8885190439812288 0.9815961472308222 0.9245334497435338 0.9783199829639457 0.9507257448433918 0.9750438186970695 0.968187274909964 0.9889675168312939 0.9605478555058388 0.9980506822612085 0.9311547995821704 0.9980506822612085 0.8841536614645858
0 0.36649630612478906 0.1584088180726836 0.3673153471915081 0.18460111317254174 0.37550575785869905 0.21952417330568588 0.3902484970596426 0.24571646840554404 0.414000687994496 0.25990396158463386 0.423010139728406 0.2555385790679908 0.41072452372761964 0.2217068645640074 0.3779628810588562 0.16495689184764814
0 0.5237521909348535 0.1562261268143621 0.5303045194686062 0.14531267052275454 0.5401330122692352 0.14967805303939757 0.5532376693367406 0.16168285496016588 0.5556947925368978 0.16932227436429115 0.5597899978704932 0.18569245880170246 0.5638852032040886 0.19333187820582778 0.5532376693367406 0.1976972607224708 0.5458662997362688 0.18132707628505948 0.5401330122692352 0.1758703481392557 0.5278473962684489 0.17150496562261264
0 0.16255508051173684 0.5196442213248936 0.192859599980343 0.5032740368874823 0.2084213802480056 0.5076394194041254 0.2198879551820728 0.5381970970206265 0.2264402837158255 0.5567499727163593 0.2264402837158255 0.5643893921204846 0.24773535145052175 0.5742115027829314 0.26247809065146527 0.5862163047036997 0.2649352138516225 0.5927643784786643 0.2526495978508362 0.6080432172869148 0.24445918718364534 0.6287787842409691 0.23544973544973544 0.6320528211284514 0.2264402837158255 0.6320528211284514 0.2198879551820728 0.6058605260285933 0.2035071338476911 0.589490341591182 0.18466918931315213 0.5796682309287352 0.17402165544580403 0.5753028484120921 0.17320261437908496 0.5622067008621631 0.16665028584533229 0.540379788278948
0 0.1101364522417154 0.4770817417876242 0.13880288957688336 0.4683509767543382 0.14781234131079332 0.4879951980792317 0.14781234131079332 0.5098221106624469 0.14126001277704062 0.5480192076830733 0.1379838485101643 0.5665720833788062 0.12406015037593984 0.5687547746371276 0.11341261650859173 0.5654807377496454 0.10604124690811995 0.544745170795591 0.10686028797483901 0.5229182582123759 0.11177453437515354 0.5032740368874823
0 0.06263207037200842 0.37667794390483467 0.054441659704817576 0.41596638655462187 0.04707029010434582 0.4388846447669977 0.037241797303716774 0.4672596311251773 0.03478467410355952 0.5043653825166431 0.03969892050387404 0.5414711339081087 0.05526070077153667 0.5436538251664302 0.07082248103919928 0.5305576776165012 0.06672727570560386 0.4967259631125178 0.06263207037200842 0.4781730874167849 0.07164152210591834 0.4530721379460875 0.07246056317263747 0.4279711884753902 0.07491768637279474 0.40614427589217506
0 0.01021344210198696 0.8743315508021391 0.04707029010434582 0.8666921313980138 0.0757367274395138 0.8645094401396921 0.11505069864202987 0.8743315508021391 0.12733631464281617 0.9158026847102476 0.13552672531000703 0.9463603623267489 0.11259357544187266 0.9332642147768198 0.10358412370796269 0.9310815235184984 0.10604124690811995 0.9539997817308742 0.10030795944108635 0.9725526574266069 0.08392713810670466 0.9823747680890538 0.058536865038413 0.9780093855724108 0.03232755090340228 0.9670959292808032 0.0009746588693957114 0.9521756754649912 0.0012039903680770407 0.9310815235184984 0.017584811702458743 0.9158026847102476 0.012670565302144221 0.9027065371603187 0.003661113568234274 0.8961584633853542 0.0012039903680770407 0.8797882789479428
0 0.38287712745917074 0.67352395503656 0.35175356692384563 0.6997162501364181 0.32472521172211577 0.718269125832151 0.32472521172211577 0.6975335588780966 0.33864890985634016 0.6822547200698461 0.3509345258571264 0.6767979919240422 0.3738676757252609 0.6724326094073994
0 0.46232411093092207 0.6506056968241842 0.47870493226530375 0.6767979919240422 0.49262863039952826 0.7008075957655789 0.5270283552017299 0.6800720288115246 0.538494930135797 0.6920768307322929 0.5360378069356397 0.7051729782822219 0.5720756138712795 0.6909854851031321 0.5884564352056612 0.7008075957655789 0.6089324618736384 0.7008075957655789 0.6228561600078628 0.6898941394739714 0.6392369813422445 0.6789806831823639 0.633503693875211 0.6538797337116665 0.6195799957409864 0.6549710793408273 0.5966468458728521 0.6495143511950235 0.5671613674709649 0.6396922405325767 0.5466853408029879 0.6462403143075413 0.5262093141350107 0.6495143511950235 0.500819041066719 0.642966277420059 0.49836191786656187 0.634235512386773 0.4942667125329664 0.6331441667576121
0 0.6580749258767834 0.7902979373567609 0.6859223221452323 0.7859325548401178 0.7006650613461759 0.7979373567608862 0.6973888970792996 0.8099421586816545 0.6883794453453896 0.8197642693441012 0.6687224597441316 0.8088508130524937 0.6441512277425591 0.8099421586816545 0.6302275296083345 0.8132161955691367 0.6457893098759971 0.7979373567608862
0 0.711312595213524 0.8088508130524937 0.7342457450816584 0.8219469606024227 0.7399790325486919 0.8437738731856378 0.7448932789490065 0.8666921313980138 0.7342457450816584 0.8808796245771036 0.7481694432158829 0.9005238459019971 0.7833882090848034 0.9212594128560515 0.7932167018854325 0.9332642147768198 0.8038642357527807 0.9136199934519261 0.8243402624207578 0.8961584633853542 0.8472734122888922 0.8972498090145149 0.8587399872229593 0.9212594128560515 0.855463822956083 0.968187274909964 0.8635844634583313 0.9974025974025974 0.7407980736154112 0.9921968787515005 0.5909135584058185 0.994379570009822 0.547504381869707 0.9856488049765361 0.5352187658689206 0.9823747680890538 0.5040952053335954 0.9725526574266069 0.4680573983979557 0.9387209429226236 0.4729716447982702 0.9321728691476591 0.5057332874670336 0.9387209429226236 0.5393139712025161 0.9376295972934628 0.5532376693367406 0.9376295972934628 0.5548757514701786 0.9125286478227654 0.5499615050698642 0.8950671177561934 0.5606090389372123 0.8776055876896213 0.5671613674709649 0.8426825275564771 0.5663423264042459 0.833951762523191 0.5819041066719085 0.8415911819273163 0.6040182154733238 0.8514132925897632 0.6277704064081774 0.8546873294772455 0.6392369813422445 0.8503219469606024 0.6441512277425591 0.8306777256357089 0.6425131456091208 0.8219469606024227 0.6687224597441316 0.8241296518607443 0.6924746506789851 0.8317690712648695 0.7047602666797713 0.820855614973262
1 0.8497305354890493 0.6942595219906145 0.8767588906907793 0.6789806831823639 0.9111586154929808 0.669158572519917 0.9299965600275198 0.6680672268907563 0.9455583402951824 0.6877114482156499 0.9529297098956542 0.7302739277529193 0.9594820384294069 0.7651969878860636 0.9594820384294069 0.7935719742442432 0.9537487509623733 0.8153988868274583 0.9160728618932953 0.8404998362981556 0.8710256032237456 0.8481392557022809 0.8562828640228021 0.8306777256357089 0.836625878421544 0.7782931354359925 0.8399020426884203 0.7433700753028485 0.8497305354890493 0.709538360798865
1 0.8726636853571837 0.9889228418640184 0.8693875210903075 0.9474517079559096 0.8579209461562403 0.8928844264978718 0.855463822956083 0.878696933318782 0.8603780693563975 0.8612354032522099 0.8857683424246893 0.8590527119938886 0.9095205333595426 0.8514132925897632 0.9447392992284633 0.8383171450398341 0.9693105312300359 0.8263123431190658 0.9824151882975414 0.8361344537815125 0.9824151882975414 0.865600785768853 0.9750438186970695 0.9125286478227654 0.9709486133634742 0.9441776710684273 0.9693105312300359 0.9780093855724108 0.9660343669631595 0.9921968787515005
1 0.7047602666797713 0.44870675542944455 0.7137697184136813 0.4181490778129434 0.7375219093485348 0.40941831277965735 0.7555408128163545 0.41924042344210416 0.7678264288171409 0.47599039615846345 0.7711025930840172 0.5 0.7596360181499501 0.5098221106624469 0.7506265664160401 0.49890865437083926 0.7326076629482202 0.4650769398668559 0.7129506773469622 0.4519807923169268
1 0.7465313610824448 0.5261922950998582 0.7481694432158829 0.5622067008621631 0.7506265664160401 0.585124959074539 0.7629121824168265 0.6036778347702718 0.7743787573508936 0.5807595765578959 0.787483414418399 0.5600240096038416 0.7923976608187134 0.5349230601331442 0.7833882090848034 0.5109134562916076 0.7743787573508936 0.5163701844374113
0 0.21415466771503922 0.06891847648150168 0.20105001064753383 0.09838480846884207 0.18876439464674757 0.12785114045618245 0.16665028584533229 0.1529520899268798 0.16091699837829865 0.18350976754338097 0.1977738463806575 0.18896649568918475 0.23381165331629725 0.20533668012659606 0.24609726931708353 0.25990396158463386 0.2542876799842744 0.2697260722470806 0.26411617278490346 0.2664520353595984 0.2649352138516225 0.22825493833897195 0.28049699411928514 0.19660591509331002 0.29114452798663326 0.15731747244352284 0.2780398709191279 0.14203863363527228 0.25674480318443166 0.10493288224380659 0.24118302291676902 0.0831059696605915 0.22562124264910638 0.0678271308523409
1 0.1519075466443887 0.22061551893484665 0.1650122037118941 0.24025974025974026 0.17484069651252315 0.26536068973043764 0.1813930250462758 0.27190876350540216 0.2108785034481629 0.2697260722470806 0.23463069438301637 0.2784568372803667 0.23872589971661176 0.2708174178762414 0.2288974069159828 0.22607224708065043 0.2157927498484774 0.20861071701407835 0.20023096958081477 0.19987995198079228 0.17729781971268035 0.1976972607224708 0.15845987517814145 0.1955145694641493 0.1519075466443887 0.20861071701407835
1 0.2690304191852179 0.2926443304594565 0.31981096532180125 0.294827021717778 0.34765836159025015 0.3057404780093856 0.3877913738594853 0.32211066244679687 0.38942945599292356 0.33738950125504746 0.38369616852588984 0.3526683400632981 0.36977247039166544 0.37012987012987014 0.3599439775910364 0.3908654370839245 0.34274411518993564 0.40614427589217506 0.31571575998820584 0.4214231147004257 0.30097302078726224 0.4225144603295864 0.27722082985240876 0.41924042344210416 0.24937343358395989 0.39741351085888904 0.2362687765164545 0.37776928953399547 0.24036398185004995 0.3515769944341373 0.25101151571739805 0.33411546436756523 0.25920192638458894 0.30355778675106404
1 0.25510672105099347 0.4181490778129434 0.2780398709191279 0.4323365709920332 0.29687781545366687 0.4443413729128015 0.298515897587105 0.46289424860853434 0.29687781545366687 0.491269234966714 0.2944206922535096 0.5251009494706974 0.2755827477189706 0.540379788278948 0.2649352138516225 0.5316490232456619 0.2542876799842744 0.5098221106624469 0.23544973544973544 0.48253846993342797 0.23708781758317363 0.46944232238349887 0.24445918718364534 0.44325002728364077 0.25019247465067895 0.4301538797337117
1 0.31407767785476765 0.008894466877660132 0.32882041705571113 0.0023463931026956016 0.3460202794568119 0.007803121248499379 0.35584877225744094 0.02526465131507146 0.36076301865775545 0.048182909527447325 0.3624011007911937 0.07219251336898394 0.3509345258571264 0.08638000654807375 0.34192507412321654 0.09183673469387753 0.32554425278883486 0.08419731528975224 0.32063000638852035 0.0634617483356979 0.31325863678804855 0.038360798865000524
1 0.1797549429128376 0.7772017898068317 0.20514521598112928 0.7837498635817963 0.2321735711828591 0.7968460111317254 0.24609726931708353 0.8055767761650114 0.24691631038380263 0.8121248499399759 0.24445918718364534 0.8372257994106734 0.23872589971661176 0.8677834770271745 0.23135453011614004 0.8808796245771036 0.1977738463806575 0.865600785768853 0.17811686077939948 0.8590527119938886 0.15026946451095052 0.8579613663647276
0 0.28459219945288056 0.6822547200698461 0.2952397333202287 0.6898941394739714 0.31325863678804855 0.7117210520571865 0.3263632938555539 0.7280912364945977 0.3411060330564975 0.7313652733820801 0.3492964437236883 0.7248171996071155 0.3632201418579128 0.7302739277529193 0.3714105525251036 0.735730655898723 0.37878192212557543 0.7379133471570446 0.3738676757252609 0.7466441121903307 0.3599439775910364 0.7499181490778128 0.34683932052353106 0.758648914111099 0.336191786656183 0.7739277529193496 0.3320965813225875 0.7892065917276001 0.3239061706553966 0.8121248499399759 0.30097302078726224 0.8426825275564771 0.2919635690533523 0.8754228964312998 0.28950644585319507 0.8939757721270325 0.28049699411928514 0.9081632653061223 0.26247809065146527 0.9212594128560515 0.23708781758317363 0.9125286478227654 0.2321735711828591 0.9092546109352833 0.22807836584926366 0.9059805740478009 0.23463069438301637 0.8907017352395503 0.25101151571739805 0.8623267488813707 0.2542876799842744 0.8143075411982974 0.25101151571739805 0.7968460111317254 0.25019247465067895 0.7804758266943141 0.2616590495847462 0.7619229509985812 0.2706685013186561 0.7510094947069738 0.27722082985240876 0.735730655898723 0.28049699411928514 0.7204518170904725 0.28213507625272327 0.7008075957655789 0.28541124051959965 0.6931681763614537
1 0.7121316362802431 0.25444723343883 0.7268743754811866 0.24025974025974026 0.7489884842826019 0.2380770490014187 0.7678264288171409 0.25226454218050853 0.7817501269513654 0.2664520353595984 0.7842072501515227 0.2751828003928844 0.7842072501515227 0.3024664411219033 0.7899405376185562 0.32320200807595767 0.7784739626844891 0.34066353814252975 0.7473504021491638 0.34502892065917273 0.7285124576146248 0.34393757503001204 0.7162268416138385 0.3308414274800829 0.7104935541468049 0.32320200807595767 0.7104935541468049 0.3002837498635818 0.7121316362802431 0.27736549165120594
1 0.9381869706947108 0.46616828549601663 0.9218061493603289 0.4803557786751064 0.9029682048257899 0.49236058059587473 0.89395875309188 0.5010913456291608 0.8890445066915655 0.5218269125832151 0.8857683424246893 0.540379788278948 0.8923206709584418 0.5469278620539125 0.903787245892509 0.5578413183455201 0.912796697626419 0.5709374658954491 0.9234442314937671 0.5873076503328605 0.9398250528281489 0.6484230055658627 0.9447392992284633 0.6604278074866311 0.9750438186970695 0.642966277420059 0.9930627221648894 0.6244134017243261 0.9963388864317657 0.5567499727163593 0.9930627221648894 0.48472116119174946 0.990605598964732 0.46289424860853434 0.9717676544301932 0.46289424860853434
1 0.10931741117499627 0.33520680999672603 0.1306124789096925 0.3362981556258867 0.15845987517814145 0.33411546436756523 0.18958343571346664 0.33411546436756523 0.23135453011614004 0.3330241187384045 0.22562124264910638 0.3603077594674234 0.2321735711828591 0.3952308196005675 0.21906891411535373 0.40723562152133586 0.1764787786459613 0.4083269671504966 0.14781234131079332 0.4181490778129434 0.13143151997641161 0.4356106078795155 0.11177453437515354 0.41596638655462187 0.09866987730764816 0.39741351085888904 0.08638426130686191 0.37667794390483467 0.0962127541074909 0.3603077594674234
0 0.16746932691205135 0.3493943031758158 0.17565973757924222 0.34393757503001204 0.18385014824643306 0.3472116119174943 0.1797549429128376 0.3559423769507803
1 0.4729716447982702 0.1071155735021281 0.49262863039952826 0.1071155735021281 0.5122856160007863 0.13221652297282546 0.5212950677346962 0.1758703481392557 0.5368568480023589 0.19114918694750624 0.5434091765361115 0.19987995198079228 0.5352187658689206 0.20751937138491758 0.5155617802676626 0.22607224708065043 0.48525726079905646 0.23480301211393648 0.45986698773076484 0.25444723343883 0.4402100021295068 0.2577212703263123 0.4320195914623159 0.24899050529302627 0.423010139728406 0.22388955582232895 0.4287434271954396 0.1955145694641493 0.4369338378626304 0.17150496562261264 0.4475813717299785 0.15186074429771906 0.45740986453060756 0.1267597948270217
1 0.509828492800629 0.4170577321837826 0.5491424640031451 0.4225144603295864 0.5819041066719085 0.429062534104551 0.5868183530722231 0.4519807923169268 0.5737136960047177 0.47599039615846345 0.5548757514701786 0.49236058059587473 0.5515995872033024 0.5218269125832151 0.5507805461365832 0.540379788278948 0.538494930135797 0.5567499727163593 0.5212950677346962 0.5643893921204846 0.4959047946664045 0.5643893921204846 0.4762478090651466 0.5632980464913239 0.4410290431962258 0.5720288115246098 0.42464822186184414 0.5763941940412529 0.41891493439481053 0.5960384153661464 0.40581027732730524 0.6091345629160756 0.3910675381263617 0.6113172541743971 0.36567726505806997 0.5916730328495035 0.33864890985634016 0.553475935828877 0.31817288318836306 0.5196442213248936 0.32554425278883486 0.4803557786751064 0.3402869919897783 0.4683509767543382 0.36649630612478906 0.45962021172105205 0.3951627434599571 0.46289424860853434 0.41973397546152963 0.4705336680126596 0.43038150932887775 0.48253846993342797 0.44430520746310226 0.4978173087416785 0.46232411093092207 0.4945432718541963 0.4770668501318656 0.4716250136418204 0.4868953429324947 0.44652406417112306 0.5024571232001572 0.4257884972170687
0 0.6400560224089636 0.5960384153661464 0.6662653365439744 0.6080432172869148 0.681827116811637 0.6364182036450944 0.6924746506789851 0.6637018443741133 0.681827116811637 0.6800720288115246 0.653979720543188 0.677889337553203 0.64333218667584 0.656062424969988 0.63432273494193 0.6145912910618793
1 0.26411617278490346 0.5676634290079668 0.27312562451881334 0.5567499727163593 0.2952397333202287 0.553475935828877 0.31080151358789126 0.5632980464913239 0.3320965813225875 0.5763941940412529 0.3402869919897783 0.6047691803994326 0.34274411518993564 0.634235512386773 0.33701082772290203 0.6506056968241842 0.3124395957213295 0.6571537705991488 0.2919635690533523 0.6582451162283095 0.27885891198584695 0.6538797337116665 0.2755827477189706 0.6233220560951654 0.27394466558553243 0.5949470697369857
1 0.5540567104034596 0.0416348357524828 0.5835421888053467 0.012168503765142398 0.6212180778744246 0.004529084361017112 0.6687224597441316 0.012168503765142398 0.7072173898799285 0.03726945323583977 0.7178649237472766 0.0656444395940194 0.7170458826805576 0.09183673469387753 0.7195030058807149 0.1071155735021281 0.7096745130800859 0.12566844919786094 0.6908365685455469 0.1365819054894685 0.6621701312103789 0.15513478118520135 0.6351417760086491 0.1725963112517734 0.6179419136075484 0.16932227436429115 0.5827231477386275 0.10493288224380659 0.5753517781381559 0.08638000654807375 0.5589709568037742 0.06455309396485864
1 0.7686454698838601 0.6571537705991488 0.7948547840188708 0.642966277420059 0.8284354677543532 0.6506056968241842 0.844816289088735 0.669158572519917 0.8415401248218587 0.6942595219906145 0.836625878421544 0.7106297064280257 0.8251593034874769 0.7291825821237586 0.8022261536193425 0.726999890865437 0.7743787573508936 0.7084470151697042 0.7645502645502645 0.6898941394739714 0.7645502645502645 0.6746153006657208
1 0.529485478401887 0.585124959074539 0.5622471210706504 0.5600240096038416 0.5999230101397284 0.5502018989413947 0.6228561600078628 0.5480192076830733 0.6285894474748964 0.5687547746371276 0.633503693875211 0.5916730328495035 0.624494242141301 0.6047691803994326 0.6228561600078628 0.6255047473534868 0.6203990368077055 0.6440576230492197 0.6040182154733238 0.6451489686783805 0.5761708192048749 0.6309614754992907 0.5581519157370551 0.6265960929826476 0.5442282176028306 0.6211393648368438 0.538494930135797 0.6058605260285933
1 0.6400560224089636 0.5371057513914658 0.6621701312103789 0.5283749863581797 0.6810080757449178 0.5240096038415366 0.6924746506789851 0.5218269125832151 0.7186839648139958 0.5174615300665721 0.7358838272150966 0.5261922950998582 0.7399790325486919 0.5458365164247517 0.7407980736154112 0.5731201571537706 0.7407980736154112 0.6080432172869148 0.7383409504152538 0.6222307104660046 0.7252362933477485 0.6407835861617375 0.7072173898799285 0.6440576230492197 0.6949317738791423 0.6407835861617375 0.6859223221452323 0.6211393648368438 0.671998624011008 0.6004037978827895 0.6572558848100644 0.5905816872203428 0.64333218667584 0.5818509221870567 0.6326846528084918 0.5687547746371276 0.6351417760086491 0.549110553312234
1 0.30097302078726224 0.19114918694750624 0.31571575998820584 0.22061551893484665 0.327182334922273 0.24680781403470478 0.32882041705571113 0.2751828003928844 0.31162055465461036 0.2806395285386882 0.2927826101200714 0.25662992469715157 0.2870493226530378 0.25335588780966933 0.2764017887856897 0.2609953072137946 0.2690304191852179 0.27190876350540216 0.2747637066522515 0.23589435774309722 0.2780398709191279 0.20970206264323912 0.28950644585319507 0.19114918694750624
1 0.3484774026569692 0.11475499290625339 0.32800137598899204 0.11038961038961037 0.3222680885219585 0.13112517734366472 0.31162055465461036 0.15404343555604058 0.3091634314544531 0.16386554621848737 0.3091634314544531 0.17696169376841642 0.32063000638852035 0.20642802575575683 0.32800137598899204 0.23152897522645421 0.3353727455894639 0.2511731965513478 0.34274411518993564 0.2697260722470806 0.3509345258571264 0.2850049110553312 0.3599439775910364 0.294827021717778 0.3738676757252609 0.30355778675106404 0.3910675381263617 0.3111972061551893 0.40253411306042886 0.31556258867183234 0.4180958933280915 0.3046491323802248 0.4287434271954396 0.281730874167849 0.4262863039952823 0.27190876350540216 0.40826740052746247 0.26426934410127684 0.3959817845266762 0.25990396158463386 0.3861532917260471 0.2511731965513478 0.3730486346585417 0.2337116664847757 0.3648582239913509 0.2118847539015606 0.36076301865775545 0.17914438502673796 0.3632201418579128 0.1442213248935938 0.3583058954575983 0.12566844919786094
1 0.3624011007911937 0.012168503765142398 0.37550575785869905 0.00998581250682089 0.3869723327927662 0.011077158135981643 0.4090864415941815 0.01871657754010693 0.414000687994496 0.027447342573392975 0.40826740052746247 0.0416348357524828 0.40499123626058603 0.05691367456073336 0.39434370239323796 0.0634617483356979 0.38287712745917074 0.06237040270653714 0.37550575785869905 0.05473098330241185 0.36649630612478906 0.046000218269125814 0.3624011007911937 0.03072137946087524
1 0.02168001703605417 0.589490341591182 0.049527413304503054 0.5654807377496454 0.07409864530607561 0.5523845901997163 0.08966042557373824 0.5523845901997163 0.10194604157452455 0.5676634290079668 0.12160302717578259 0.5862163047036997 0.1265172735760971 0.598221106624468 0.10931741117499627 0.6178653279493616 0.09703179517421003 0.6255047473534868 0.07327960423935655 0.6331441667576121 0.061813029305289334 0.6375095492742552 0.049527413304503054 0.638600894903416 0.043794125837469465 0.634235512386773 0.031508509836683185 0.6265960929826476 0.02413714023621143 0.6080432172869148
1 0.10767932904155814 0.6975335588780966 0.12733631464281617 0.6942595219906145 0.14126001277704062 0.6898941394739714 0.154364669844546 0.6898941394739714 0.16091699837829865 0.7018989413947397 0.16091699837829865 0.718269125832151 0.16419316264517503 0.7324566190112408 0.1699264501122086 0.7466441121903307 0.17074549117892768 0.758648914111099 0.1723835733123659 0.7859325548401178 0.16091699837829865 0.8012113936483685 0.15026946451095052 0.8044854305358506 0.13388864317656882 0.8110335043108152 0.11996494504234438 0.8121248499399759 0.11586973970874899 0.8023027392775292 0.11586973970874899 0.7750190985485103 0.11586973970874899 0.7564662228527774 0.11505069864202987 0.7433700753028485 0.1084983701082772 0.7204518170904725 0.1084983701082772 0.709538360798865
1 0.04051796157059313 0.8230383062315836 0.07901289170639013 0.7935719742442432 0.09948891837436728 0.7870239004692786 0.1084983701082772 0.7968460111317254 0.1084983701082772 0.8132161955691367 0.11750782184218712 0.820855614973262 0.14126001277704062 0.8197642693441012 0.14207905384375968 0.8263123431190658 0.14535521811063606 0.8514132925897632 0.12324110930922072 0.8623267488813707 0.1084983701082772 0.8634180945105314 0.09703179517421003 0.8601440576230492 0.08392713810670466 0.8568700207355668 0.06590823463888479 0.8546873294772455 0.051165495437941244 0.8514132925897632
1 0.4860763018657755 0.006711775619338623 0.5343997248022015 0.006711775619338623 0.5466853408029879 0.02853868820255373 0.5343997248022015 0.05145694641492959 0.5360378069356397 0.07219251336898394 0.5229331498681343 0.0831059696605915 0.4991809589332809 0.07655789588562696 0.49099054826609 0.09401942595219905 0.4803430143987419 0.09183673469387753 0.47133356266483206 0.07874058714394847 0.47051452159811297 0.0536396376732511 0.4762478090651466 0.03290407071919675
1 0.1486313823775124 0.019807923169267685 0.16828836797877042 0.02635599694423222 0.18876439464674757 0.047091563898286566 0.20186905171425296 0.0678271308523409 0.19695480531393844 0.09074538906471677 0.18548823037987125 0.11257230164793187 0.1699264501122086 0.13330786860198623 0.1560027519779842 0.15186074429771906 0.14781234131079332 0.17696169376841642 0.13716480744344522 0.20424533449743534 0.13306960210984975 0.21625013641820362 0.12569823250937798 0.23152897522645421 0.12078398610906352 0.24462512277638326 0.11586973970874899 0.26426934410127684 0.10931741117499627 0.2784568372803667 0.10030795944108635 0.2806395285386882 0.09129850770717643 0.2751828003928844 0.07082248103919928 0.2664520353595984 0.05607974183825574 0.2577212703263123 0.051165495437941244 0.23589435774309722 0.06590823463888479 0.23152897522645421 0.09293658984061458 0.21952417330568588 0.10931741117499627 0.20315398886827457 0.10440316477468181 0.16932227436429115 0.10030795944108635 0.13112517734366472 0.1142316575753108 0.085288660918913 0.1363457663767261 0.03945214449416128
0 0.11177453437515354 0.004529084361017112 0.11177453437515354 0.02089926879842844 0.11668878077546806 0.03290407071919675 0.12324110930922072 0.04054349012332204 0.1306124789096925 0.03508676197751826 0.13470768424328797 0.023081960056749954 0.13388864317656882 0.008894466877660132 0.13175094599243206 0.0012987012987012987
1 0.7743787573508936 0.4181490778129434 0.807140400019657 0.39413947397140675 0.8300735498877915 0.3865000545672815 0.8521876586892068 0.36794717887154865 0.874301767490622 0.38977409145476377 0.8800350549576555 0.40941831277965735 0.8833112192245318 0.4323365709920332 0.8955968352253183 0.45962021172105205 0.8955968352253183 0.4781730874167849 0.8874064245581273 0.49345192622503553 0.817787933887005 0.4945432718541963 0.7940357429521516 0.49890865437083926 0.7850262912182417 0.4945432718541963 0.7760168394843318 0.46616828549601663 0.7751977984176127 0.4388846447669977
1 0.33373466345602565 0.8197642693441012 0.35666781332416003 0.8448652188147987 0.36649630612478906 0.8557786751064062 0.36403918292463183 0.8721488595438175 0.3542106901240028 0.8907017352395503 0.3411060330564975 0.9081632653061223 0.3189919242550821 0.9125286478227654 0.30097302078726224 0.9114373021936047 0.2936016511867905 0.9048892284186402 0.30834439038773404 0.8481392557022809 0.32554425278883486 0.8295863800065482
0 0.3951627434599571 0.8754228964312998 0.3927056202597998 0.8907017352395503 0.38861041492620435 0.910345956564444 0.3820580863924517 0.9310815235184984 0.3779628810588562 0.9474517079559096 0.3681343882582273 0.9649132380224816 0.3632201418579128 0.9801920768307322 0.3624011007911937 0.9856488049765361 0.3624011007911937 0.9921968787515005 0.37550575785869905 0.9921968787515005 0.39352466132651887 0.9889228418640184 0.40581027732730524 0.9791007312015715 0.42382918079512505 0.9856488049765361 0.43857191999606865 0.994379570009822 0.44689064709704546 0.9974025974025974 0.46314315199764117 0.9974025974025974 0.4828001375988992 0.9974025974025974 0.5016380821334382 0.994379570009822 0.49344767146624735 0.9834661137182146 0.47379068586498924 0.9703699661682854 0.45249561813029304 0.9496343992142311 0.44266712532966396 0.9332642147768198 0.4344767146624732 0.9048892284186402 0.414000687994496 0.8896103896103896 0.404172195193867 0.8743315508021391
1 0.5843612298720658 0.30137509549274255 0.6072943797402002 0.3111972061551893 0.6261323242747391 0.2937356760886172 0.6367798581420873 0.2751828003928844 0.6236752010745819 0.24571646840554404 0.61630383147411 0.22607224708065043 0.6064753386734811 0.22061551893484665 0.5974658869395711 0.22607224708065043 0.5941897226726948 0.25008185092218704 0.5892754762723802 0.27409145476372365 0.5876373941389421 0.28718760231365276
1 0.8218831392206006 0.33848084688420826 0.836625878421544 0.3493943031758158 0.8579209461562403 0.3493943031758158 0.8611971104231165 0.32975008185092214 0.855463822956083 0.3046491323802248 0.837444919488263 0.299192404234421 0.8300735498877915 0.29810105860526026 0.8235212213540387 0.3111972061551893 0.8210640981538815 0.3210193168176361
0 0.9529297098956542 0.23043762959729344 0.9766819008305077 0.2435337771472225 0.9930627221648894 0.25226454218050853 0.9980506822612085 0.26840554403579614 0.9980506822612085 0.2937356760886172 0.9980506822612085 0.3166539343009931 0.9684914901633167 0.29810105860526026 0.9545677920290924 0.27954818290952743 0.9414631349615871 0.25990396158463386 0.9414631349615871 0.24462512277638326
1 0.8726636853571837 0.187875150060024 0.8849493013579702 0.17696169376841642 0.89395875309188 0.17041361999345192 0.9062443690926664 0.17041361999345192 0.922625190427048 0.1682309287351304 0.931634642160958 0.1725963112517734 0.9365488885612724 0.187875150060024 0.9357298474945533 0.20315398886827457 0.9332727242943961 0.21952417330568588 0.9283584778940817 0.24680781403470478 0.9259013546939243 0.2577212703263123 0.9201680672268908 0.2762741460220452 0.9152538208265761 0.28391356542617047 0.9029682048257899 0.290461639201135 0.8923206709584418 0.290461639201135 0.8931397120251608 0.2806395285386882 0.8882254656248465 0.24789915966386553 0.8874064245581273 0.2293462839681327 0.8833112192245318 0.20861071701407835 0.8759398496240602 0.19987995198079228
1 0.6367798581420873 0.18350976754338097 0.6621701312103789 0.16386554621848737 0.6867413632119514 0.1485867074102368 0.7096745130800859 0.13985594237695076 0.721141088014153 0.18569245880170246 0.7252362933477485 0.20861071701407835 0.7252362933477485 0.22607224708065043 0.7055793077464904 0.24244243151806177 0.6801890346781987 0.22061551893484665 0.6531606794764689 0.22716359270981118 0.6425131456091208 0.24899050529302627 0.633503693875211 0.24571646840554404 0.6294084885416155 0.2337116664847757 0.6326846528084918 0.21406744515988213 0.6351417760086491 0.19987995198079228
1 0.61630383147411 0.3308414274800829 0.6392369813422445 0.290461639201135 0.6449702688092781 0.28609625668449196 0.6408750634756827 0.3242933537051184 0.6482464330761544 0.3493943031758158 0.662989172277098 0.3603077594674234 0.6859223221452323 0.3472116119174943 0.7006650613461759 0.34175488377169055 0.7096745130800859 0.33738950125504746 0.7154078005471195 0.35812506820910184 0.7186839648139958 0.37449525264651323 0.7186839648139958 0.3919567827130852 0.7088554720133668 0.40396158463385357 0.6990269792127377 0.4137836952963004 0.6900175274788278 0.4257884972170687 0.6769128704113224 0.4301538797337117 0.6679034186774124 0.43342791662119395 0.6605320490769407 0.43342791662119395 0.6425131456091208 0.429062534104551 0.6302275296083345 0.4170577321837826 0.6187609546742674 0.40068754774637133 0.6179419136075484 0.3788606351631562 0.614665749340672 0.3559423769507803 0.6187609546742674 0.34175488377169055
1 0.5720756138712795 0.3177452799301539 0.5941897226726948 0.3210193168176361 0.6040182154733238 0.32975008185092214 0.6064753386734811 0.35048564880497657 0.6072943797402002 0.3865000545672815 0.6007420512064475 0.40614427589217506 0.5933706816059757 0.41924042344210416 0.5696184906711222 0.4181490778129434 0.5556947925368978 0.4116010040379789 0.5630661621373696 0.40287023900469277 0.5753517781381559 0.3810433264214777 0.5786279424050322 0.3570337225799411 0.576989860271594 0.3362981556258867
1 0.9512916277622161 0.6713412637782386 0.9709486133634742 0.6571537705991488 0.9856913525644176 0.6484230055658627 0.9971579274984848 0.6396922405325767 0.9980506822612085 0.64504529084361 0.9980506822612085 0.7117210520571865 0.9980506822612085 0.7477354578194914 0.9980506822612085 0.8066681217941721 0.9980506822612085 0.8186729237149405 0.9881484757645749 0.8186729237149405 0.9750438186970695 0.8121248499399759 0.9684914901633167 0.7957546655025647 0.9643962848297214 0.758648914111099 0.9611201205628451 0.7204518170904725 0.9562058741625304 0.7040816326530612
1 0.18548823037987125 0.02089926879842844 0.20432617491441016 0.012168503765142398 0.221526037315511 0.007803121248499379 0.24364014611692628 0.004529084361017112 0.28377315838616146 0.008894466877660132 0.2976968565203859 0.01435119502346391 0.30424918505413856 0.02635599694423222 0.30834439038773404 0.0536396376732511 0.3165348010549249 0.0831059696605915 0.31735384212164397 0.10493288224380659 0.3124395957213295 0.13439921423114698 0.3034301439874195 0.14749536178107606 0.28950644585319507 0.14203863363527228 0.2755827477189706 0.12348575793953942 0.2682113781184988 0.10929826476044963 0.25838288531786985 0.085288660918913 0.24200206398348809 0.06237040270653714 0.2264402837158255 0.05582232893157261 0.20678329811456742 0.05691367456073336 0.1977738463806575 0.04490887263996505 0.192859599980343 0.03726945323583977
1 0.003661113568234274 0.3079231692677071 0.025775222369649596 0.3002837498635818 0.04625124903762672 0.2970097129760995 0.05607974183825574 0.31883662555931463 0.058536865038413 0.33520680999672603 0.05198453650466031 0.35812506820910184 0.04625124903762672 0.388682745825603 0.038060838370435876 0.42033176907126485 0.027413304503087762 0.4356106078795155 0.024956181302930498 0.4552548292044091 0.023318099169492335 0.4705336680126596 0.020041934902616004 0.4879951980792317 0.006937277835110631 0.49236058059587473 0.0009746588693957123 0.4811051693404635 0.0009746588693957114 0.4811051693404635 0.00448015463495337 0.3963221652297283 0.003661113568234274 0.3515769944341373 0.0028420725015152054 0.3308414274800829
1 0.0012039903680770407 0.5 0.016765770635739648 0.4967259631125178 0.025775222369649596 0.49345192622503553 0.031508509836683185 0.5381970970206265 0.03396563303684045 0.5545672814580378 0.023318099169492335 0.5720288115246098 0.01594672956902058 0.5873076503328605 0.017584811702458743 0.6233220560951654 0.029051386636525924 0.6418749317908983 0.023318099169492335 0.6571537705991488 0.006937277835110631 0.6757066462948815 0.0009746588693957123 0.681003310415075 0.0009746588693957114 0.681003310415075 0.003661113568234274 0.5916730328495035 0.0009746588693957114 0.5621412201244138 0.0012039903680770407 0.5141874931790898
1 0.14126001277704062 0.4410673360253192 0.16091699837829865 0.4279711884753902 0.183031107179714 0.42033176907126485 0.1977738463806575 0.4181490778129434 0.221526037315511 0.4170577321837826 0.23053548904942092 0.40941831277965735 0.24118302291676902 0.4148750409254611 0.23463069438301637 0.44652406417112306 0.22971644798270185 0.4672596311251773 0.2264402837158255 0.49345192622503553 0.2084213802480056 0.49890865437083926 0.18630727144659032 0.495634617483357 0.1699264501122086 0.49890865437083926 0.1633741215784559 0.5010913456291608 0.154364669844546 0.4781730874167849 0.1469933002440742 0.46071155735021285
1 0.3910675381263617 0.6276874386118084 0.41072452372761964 0.6156826366910402 0.43038150932887775 0.602586489141111 0.44430520746310226 0.5905816872203428 0.4590479466640457 0.5818509221870567 0.4828001375988992 0.5785768852995744 0.4991809589332809 0.5807595765578959 0.500819041066719 0.5927643784786643 0.48853342506593284 0.6134999454327186 0.47870493226530375 0.6298701298701299 0.45740986453060756 0.6418749317908983 0.4393909610627877 0.6495143511950235 0.4271053450620014 0.6538797337116665 0.413181646927777 0.6571537705991488 0.3959817845266762 0.6582451162283095 0.3861532917260471 0.6549710793408273
1 0.36158205972447455 0.7139037433155079 0.3730486346585417 0.6975335588780966 0.3910675381263617 0.6767979919240422 0.3984389077268334 0.6724326094073994 0.4033531541271479 0.6822547200698461 0.4000769898602715 0.6997162501364181 0.39352466132651887 0.7149950889446688 0.38942945599292356 0.7193604714613118 0.37059151145838454 0.718269125832151
1 0.6580749258767834 0.776110444177671 0.6801890346781987 0.7750190985485103 0.6891984864121087 0.7684710247735458 0.7014841024128949 0.7564662228527774 0.7104935541468049 0.7477354578194914 0.730150539748063 0.718269125832151 0.7473504021491638 0.709538360798865 0.7579979360165119 0.6931681763614537 0.7588169770832309 0.6669758812615956 0.749807525349321 0.6713412637782386 0.7309695808147821 0.6800720288115246 0.7252362933477485 0.6997162501364181 0.7154078005471195 0.7215431627196334 0.6941127328124232 0.7346393102695623 0.6785509525447606 0.7400960384153661 0.6687224597441316 0.7499181490778128 0.662989172277098 0.7662883335152243
1 0.6941127328124232 0.776110444177671 0.7039412256130523 0.7662883335152243 0.7145887594804003 0.7630142966277419 0.7309695808147821 0.7815671723234748 0.7407980736154112 0.7957546655025647 0.7489884842826019 0.8099421586816545 0.7407980736154112 0.8153988868274583 0.7244172522810294 0.8012113936483685 0.7088554720133668 0.7946633198734039
1 0.7514456074827592 0.878696933318782 0.7645502645502645 0.8634180945105314 0.7735597162841745 0.8557786751064062 0.7858453322849608 0.8514132925897632 0.7932167018854325 0.852504638218924 0.8128736874866906 0.8481392557022809 0.818606974953724 0.8394084906689948 0.8161498517535669 0.8186729237149405 0.8145117696201287 0.8001200480192076 0.8218831392206006 0.7924806286150823 0.8284354677543532 0.7924806286150823 0.8349877962881059 0.8121248499399759 0.8480924533556112 0.8350431081523518 0.8489114944223303 0.8503219469606024 0.8480924533556112 0.8645094401396921 0.846454371222173 0.8776055876896213 0.8308925909545105 0.8874276983520681 0.806321358952938 0.8874276983520681 0.798130948285747 0.901615191531158 0.789121496551837 0.910345956564444 0.7702835520172981 0.9027065371603187 0.7563598538830737 0.8950671177561934
1 0.7694645109505791 0.007803121248499379 0.806321358952938 0.0023463931026956016 0.844816289088735 0.008894466877660132 0.8751208085573411 0.004529084361017112 0.8718446442904646 0.027447342573392975 0.8759398496240602 0.05582232893157261 0.8767588906907793 0.07437520462730544 0.8587399872229593 0.0929280803230383 0.8431782069552968 0.11912037542289641 0.8235212213540387 0.13439921423114698 0.8112356053532525 0.13876459674779 0.7989499893524661 0.12021172105205717 0.7932167018854325 0.09838480846884207 0.7833882090848034 0.0656444395940194 0.7727406752174554 0.0438175270108043 0.7629121824168265 0.02635599694423222
1 0.8210640981538815 0.1442213248935938 0.8431782069552968 0.13439921423114698 0.853825740822645 0.14203863363527228 0.8603780693563975 0.1605915093310051 0.8480924533556112 0.1725963112517734 0.8415401248218587 0.18460111317254174 0.8431782069552968 0.21079340827239984 0.8480924533556112 0.23916839463057948 0.8587399872229593 0.2762741460220452 0.8587399872229593 0.29155298483029574 0.8423591658885777 0.29155298483029574 0.8259783445541959 0.28282221979700967 0.8235212213540387 0.2609953072137946 0.8136927285534097 0.236985703372258 0.8104165642865333 0.22061551893484665 0.8235212213540387 0.20315398886827457 0.827616426687634 0.187875150060024 0.8227021802873197 0.17041361999345192 0.8202450570871624 0.1605915093310051
1 0.3320965813225875 0.8077594674233328 0.3452012383900928 0.7772017898068317 0.3542106901240028 0.7608316053694205 0.3714105525251036 0.7608316053694205 0.3853342506593281 0.7695623704027065 0.3992579487935525 0.7892065917276001 0.4033531541271479 0.8110335043108152 0.4033531541271479 0.8263123431190658 0.38861041492620435 0.8394084906689948 0.37960096319229447 0.8503219469606024 0.36649630612478906 0.8426825275564771 0.3542106901240028 0.8306777256357089 0.3443821973233738 0.8219469606024227
1 0.21824987304863466 0.6549710793408273 0.20678329811456742 0.6866201025864892 0.2084213802480056 0.7139037433155079 0.19695480531393844 0.7346393102695623 0.18876439464674757 0.7455527665611699 0.18630727144659032 0.7575575684819382 0.18630727144659032 0.767379679144385 0.19859288744737658 0.7706537160318672 0.2092404213147247 0.7739277529193496 0.22234507838223005 0.7804758266943141 0.2379068586498927 0.7924806286150823 0.24527822825036447 0.7684710247735458 0.25920192638458894 0.7335479646404015 0.2649352138516225 0.7204518170904725 0.2690304191852179 0.6975335588780966 0.27148754238537515 0.6789806831823639 0.2682113781184988 0.6647931900032741 0.2649352138516225 0.6375095492742552 0.2649352138516225 0.6091345629160756 0.25510672105099347 0.6255047473534868 0.24937343358395989 0.6418749317908983 0.2379068586498927 0.6451489686783805 0.22807836584926366 0.6462403143075413
