1 0.0018710609243697274 0.001953125 0.0404411764705882 0.001953125 0.0683429621848739 0.001953125 0.09050026260504201 0.001953125 0.10116859243697479 0.001953125 0.11758140756302521 0.001953125 0.1569721638655462 0.001953125 0.19308035714285715 0.001953125 0.20292804621848737 0.001953125 0.1996454831932773 0.001953125 0.20456932773109243 0.04864758403361341 0.2152376575630252 0.08803834033613445 0.23082983193277312 0.1028098739495798 0.2357536764705882 0.14712447478991597 0.2349330357142857 0.19308035714285715 0.24642200630252098 0.24067752100840334 0.2661173844537815 0.2866334033613446 0.28417148109243695 0.32602415966386555 0.3046875 0.3440782563025211 0.3137145483193277 0.36869747899159666 0.3055081407563025 0.39331670168067234 0.27678571428571425 0.42285976890756305 0.2431394432773109 0.44912027310924374 0.208672531512605 0.4868697478991597 0.19800420168067223 0.532825630252101 0.18241202731092437 0.5837053571428572 0.17912946428571425 0.6017594537815126 0.1454831932773109 0.6116071428571429 0.13563550420168063 0.6329438025210085 0.12168461134453779 0.6592043067226891 0.1101956407563025 0.6969537815126051 0.10116859243697479 0.7215730042016807 0.07901129201680668 0.731420693277311 0.06259847689075629 0.728138130252101 0.04208245798319327 0.7117253151260505 0.0363379726890756 0.6838235294117647 0.0437237394957983 0.5935530462184875 0.038799894957983166 0.5147715336134454 0.027310924369747885 0.45240283613445387 0.012539390756302504 0.3851102941176471 0.0010504201680671954 0.3621323529411765 0.0009765625 0.34579248366013127 0.0009765625 0.34579248366013127 0.0018710609243697274 0.20292804621848737 0.02320772058823528 0.18159138655462181 0.058495273109243684 0.11922268907563022 0.061777836134453756 0.01746323529411764 0.056033350840336116 0.001953125 0.024849002100840317 0.001953125 0.006794905462184836 0.001953125 0.0009765625 0.001953125 0.0018710609243697274 0.001953125
1 0.0026917016806722316 0.001953125 0.035517331932773094 0.001953125 0.04454438025210081 0.001953125 0.05110950630252098 0.020745798319327713 0.050288865546218475 0.06998424369747897 0.0404411764705882 0.12414653361344535 0.020745798319327713 0.1635372899159664 0.005974264705882332 0.1799501050420168 0.0010504201680671954 0.12086397058823528 0.0010504201680671954 0.07162552521008403 0.0035123424369747636 0.001953125
1 0.0009765625 0.38346901260504207 0.012539390756302504 0.41957720588235303 0.02320772058823528 0.4688156512605043 0.02566964285714282 0.5049238445378151 0.032234768907562994 0.5508797268907564 0.030593487394957958 0.6132484243697479 0.030593487394957958 0.6723345588235294 0.03141412815126049 0.7199317226890757 0.029772846638655426 0.7461922268907563 0.0035123424369747636 0.6953125000000001 0.0043329831932772955 0.6247373949579833 0.0051536239495798 0.5459558823529412 0.0018710609243697274 0.44912027310924374 0.0009765625 0.40644695378151263
1 0.12660845588235292 0.001953125 0.13235294117647056 0.001953125 0.13153230042016806 0.001953125 0.13235294117647056 0.001953125 0.1651785714285714 0.001953125 0.1922597163865546 0.001953125 0.21031381302521007 0.001953125 0.21113445378151258 0.001953125 0.21359637605042014 0.014180672268907513 0.2152376575630252 0.032234768907562994 0.22344406512605042 0.06341911764705882 0.23329175420168063 0.08803834033613445 0.2431394432773109 0.11429884453781508 0.2423188025210084 0.15533088235294118 0.24806328781512604 0.17830882352941174 0.2521664915966386 0.19472163865546216 0.2702205882352941 0.21113445378151258 0.3046875 0.21441701680672265 0.3219209558823529 0.2078518907563025 0.3342305672268907 0.18979779411764702 0.3481814600840336 0.17502626050420167 0.3498227415966386 0.15368960084033612 0.34243697478991597 0.09788602941176466 0.3309480042016807 0.043723739495798275 0.3186383928571428 0.001953125 0.29976365546218486 0.001953125 0.2817095588235294 0.001953125 0.27432379201680673 0.001953125 0.2661173844537815 0.001953125 0.254858193277311 0.001953125 0.254858193277311 0.001953125 0.17584690126050417 0.001953125 0.14958639705882348 0.001953125
0 0.0035123424369747636 0.7166491596638656 0.03387605042016803 0.7691701680672269 0.06588103991596636 0.7576811974789917 0.1019892331932773 0.7363445378151261 0.11922268907563022 0.6953125000000001 0.13563550420168063 0.6575630252100841 0.16764049369747897 0.6280199579831933 0.20128676470588236 0.616530987394958 0.2078518907563025 0.6624868697478992 0.20703125 0.69202993697479 0.21031381302521007 0.7347032563025211 0.21769957983193278 0.7626050420168067 0.21852022058823528 0.7839417016806722 0.20621060924369744 0.8003545168067225 0.17666754201680668 0.8233324579831933 0.129891018907563 0.8315388655462184 0.09624474789915966 0.8348214285714286 0.05357142857142855 0.8413865546218486 0.017463235294117613 0.8446691176470589 0.0009765625 0.8399064171122994
1 0.041261817226890735 0.8774947478991597 0.0035123424369747636 0.8676470588235294 0.0009765625 0.9332983193277311 0.006794905462184836 0.969406512605042 0.041261817226890735 0.9546349789915967 0.07080488445378147 0.9267331932773109 0.08639705882352938 0.9267331932773109 0.09050026260504201 0.8840598739495797 0.08065257352941174 0.8643644957983192 0.052750787815126016 0.8643644957983192
1 0.0018710609243697274 0.9808954831932772 0.0363379726890756 0.971047794117647 0.07244616596638653 0.9480698529411764 0.09870667016806722 0.9464285714285714 0.10691307773109243 0.9743303571428572 0.11840204831932771 1.0252100840336134 0.11676076680672265 1.08265493697479 0.12168461134453779 1.1466649159663864 0.12742909663865543 1.1893382352941175 0.1372767857142857 1.240217962184874 0.1405388327205882 1.248046875 0.09132090336134452 1.2467830882352942 0.0451926864495803 1.248046875 0.0009765625 1.240217962184874 0.0018710609243697274 1.0777310924369747 0.0009765625 0.9989495798319328
1 0.1019892331932773 0.8676470588235294 0.1635372899159664 0.8495929621848739 0.20949317226890757 0.8413865546218486 0.22836790966386555 0.8676470588235294 0.2357536764705882 0.9021139705882353 0.24067752100840334 0.9300157563025209 0.21852022058823528 0.9447872899159664 0.19390099789915966 0.9595588235294117 0.16846113445378147 0.967765231092437 0.15122767857142855 0.9743303571428572 0.1364561449579832 0.9759716386554622 0.11758140756302521 0.9579175420168067 0.10691307773109243 0.9365808823529411 0.09624474789915966 0.9037552521008403
1 0.3588497899159664 0.17666754201680668 0.4015231092436975 0.18815651260504201 0.43927258403361347 0.1996454831932773 0.47948398109243695 0.22098214285714285 0.498358718487395 0.25544905462184875 0.5114889705882353 0.30961134453781514 0.5188747373949579 0.3621323529411765 0.5270811449579832 0.4146533613445379 0.5336462710084033 0.46717436974789917 0.539390756302521 0.5131302521008404 0.5410320378151261 0.5475971638655462 0.5418526785714286 0.5754989495798319 0.5041032037815126 0.6050420168067228 0.4696362920168067 0.6345850840336135 0.4294248949579832 0.6674107142857143 0.40644695378151263 0.693671218487395 0.3867515756302521 0.7264968487394958 0.3777245273109243 0.7839417016806722 0.36951811974789917 0.8479516806722689 0.36787683823529416 0.8807773109243697 0.3490021008403361 0.9004726890756303 0.27596507352941174 0.8742121848739495 0.2521664915966386 0.8676470588235294 0.23247111344537813 0.8495929621848739 0.23082983193277312 0.777376575630252 0.227547268907563 0.7182904411764707 0.22098214285714285 0.6608455882352942 0.208672531512605 0.6116071428571429 0.19308035714285715 0.5837053571428572 0.22426470588235292 0.498358718487395 0.26037289915966383 0.4688156512605043 0.28253019957983194 0.4425551470588236 0.3202796743697479 0.4048056722689076 0.32438287815126055 0.3604910714285715 0.3120732668067227 0.32602415966386555 0.29155724789915966 0.2866334033613446 0.2800682773109244 0.23903623949579833 0.3137145483193277 0.22918855042016806 0.3325892857142857 0.21769957983193278 0.345719537815126 0.19472163865546216
1 0.27514443277310924 0.001953125 0.287454044117647 0.001953125 0.2940191701680672 0.001953125 0.3087907037815126 0.001953125 0.3227415966386554 0.001953125 0.33997505252100835 0.04208245798319327 0.35310530462184875 0.10116859243697479 0.36623555672268904 0.15040703781512604 0.3892134978991597 0.16189600840336132 0.4318868172268907 0.17666754201680668 0.4885110294117647 0.2078518907563025 0.5057444852941176 0.21934086134453779 0.5221573004201681 0.2160582983193277 0.5517003676470589 0.16846113445378147 0.5754989495798319 0.09460346638655459 0.5927324054621849 0.043723739495798275 0.6034007352941176 0.001953125 0.5656512605042017 0.001953125 0.5131302521008403 0.001953125 0.4835871848739496 0.001953125 0.45240283613445376 0.001953125 0.40726759453781514 0.001953125 0.3358718487394958 0.001953125 0.29200039390756327 0.001953125
0 0.49671743697478987 0.001953125 0.5237985819327731 0.001953125 0.5517003676470589 0.001953125 0.5779608718487395 0.001953125 0.6017594537815126 0.001953125 0.6386882878151261 0.001953125 0.7166491596638656 0.0026917016806722316 0.7650669642857143 0.009256827731092432 0.7831210609243697 0.001953125 0.753577993697479 0.001953125 0.7240349264705882 0.001953125 0.693671218487395 0.001953125 0.6600249474789917 0.001953125 0.6171284138655465 0.001953125 0.6171284138655455 0.001953125 0.5221573004201681 0.001953125
1 0.5180540966386554 0.2341123949579832 0.5508797268907563 0.18815651260504201 0.5828847163865546 0.13235294117647056 0.5984768907563025 0.058495273109243684 0.6140690651260504 0.01089810924369744 0.6313025210084033 0.01910451680672265 0.6862854516806722 0.0404411764705882 0.7174698004201681 0.04536502100840334 0.7322413340336135 0.043723739495798275 0.7757352941176471 0.027310924369747858 0.7970719537815126 0.001953125 0.8159466911764706 0.01910451680672265 0.8323595063025211 0.038799894957983194 0.8479516806722689 0.07819065126050417 0.8602612920168067 0.13563550420168063 0.8709296218487395 0.1651785714285714 0.8865217962184875 0.1914390756302521 0.8914456407563025 0.22098214285714285 0.8815979516806722 0.28335084033613445 0.8774947478991597 0.3145351890756303 0.8692883403361344 0.3703387605042018 0.873391544117647 0.42121848739495804 0.8791360294117647 0.4852284663865547 0.8971901260504203 0.532825630252101 0.9086790966386555 0.5672925420168068 0.9053965336134453 0.618172268907563 0.8791360294117647 0.6690519957983194 0.870108981092437 0.7002363445378151 0.8577993697478992 0.7576811974789917 0.8520548844537816 0.7970719537815125 0.8463103991596639 0.8200498949579831 0.8175879726890757 0.8233324579831933 0.7978925945378151 0.811843487394958 0.7182904411764706 0.7691701680672269 0.6723345588235294 0.7347032563025211 0.6501772584033614 0.729779411764706 0.635405724789916 0.7347032563025211 0.6198135504201681 0.69202993697479 0.5984768907563025 0.6198135504201682 0.577140231092437 0.5738576680672269 0.561548056722689 0.5525210084033614 0.5467765231092437 0.4310661764705883 0.5336462710084033 0.33915441176470595 0.5262605042016807 0.2784269957983194 0.5262605042016807 0.25380777310924374
1 0.1380974264705882 1.0022321428571428 0.18651523109243695 0.9792542016806722 0.22836790966386555 0.9595588235294117 0.2529871323529412 0.9529936974789917 0.2620141806722689 0.9956670168067228 0.285812762605042 1.0268513655462184 0.30058429621848737 1.0613182773109244 0.3145351890756302 1.0974264705882353 0.3325892857142857 1.1302521008403361 0.32520351890756305 1.1696428571428572 0.3153558298319328 1.1975446428571428 0.3055081407563025 1.2320115546218486 0.2964810924369748 1.243500525210084 0.2702205882352941 1.243500525210084 0.2439600840336134 1.2467830882352942 0.19636292016806722 1.2451418067226891 0.18323266806722688 1.2467830882352942 0.1528689600840336 1.241859243697479 0.14220063025210083 1.2238051470588236 0.13317358193277307 1.1712841386554622 0.13235294117647056 1.1171218487394958 0.13153230042016806 1.0366990546218486 0.13481486344537813 1.0186449579831933
0 0.2890953256302521 0.9086790966386553 0.3087907037815126 0.9021139705882353 0.32766544117647056 0.9201680672268908 0.3432576155462185 0.9267331932773109 0.3572085084033614 0.9300157563025209 0.3728006827731092 0.9300157563025209 0.3924960609243697 0.9250919117647058 0.4171152836134454 0.9382221638655461 0.43763130252100835 0.9382221638655461 0.47948398109243695 0.9497111344537814 0.5213366596638656 0.9628413865546217 0.5352875525210083 0.9644826680672269 0.5475971638655462 0.9776129201680672 0.5713957457983193 1.0252100840336134 0.5878085609243697 1.08922006302521 0.5935530462184874 1.1121980042016806 0.6001181722689075 1.1499474789915967 0.59765625 1.1729254201680672 0.5894498424369747 1.1811318277310925 0.5426733193277311 1.1778492647058822 0.520516018907563 1.158153886554622 0.4975380777310925 1.128610819327731 0.47784269957983194 1.1171218487394958 0.4573266806722689 1.126969537815126 0.43434873949579833 1.128610819327731 0.4130120798319328 1.1302521008403361 0.3736213235294118 1.1204044117647058 0.34161633403361347 1.1072741596638656 0.32766544117647056 1.0990677521008403 0.3128939075630252 1.0711659663865545 0.29073660714285715 0.9940257352941175 0.2849921218487395 0.9431460084033614
1 0.31043198529411764 1.243500525210084 0.32848608193277307 1.1876969537815125 0.3448988970588235 1.159795168067227 0.36541491596638653 1.1466649159663864 0.38264837184873945 1.1515887605042017 0.39741990546218486 1.158153886554622 0.4203978466386554 1.1532300420168067 0.4425551470588235 1.1515887605042017 0.44912027310924374 1.158153886554622 0.4474789915966386 1.1909795168067228 0.44912027310924374 1.2155987394957983 0.45684601965786314 1.248046875 0.39577862394957986 1.248046875 0.3728006827731092 1.248046875 0.34243697478991597 1.248046875 0.31781775210084034 1.248046875
1 0.46389180672268904 1.2451418067226891 0.4597886029411765 1.210674894957983 0.46225052521008403 1.1778492647058822 0.4819459033613446 1.1548713235294117 0.49507615546218486 1.161436449579832 0.5172334558823529 1.1762079831932772 0.537749474789916 1.1893382352941175 0.561548056722689 1.1991859243697478 0.5787815126050421 1.202468487394958 0.5951943277310925 1.204109768907563 0.6091452205882353 1.209033613445378 0.6198135504201681 1.2451418067226891 0.579868861607143 1.248046875 0.5402113970588235 1.248046875 0.5114889705882353 1.2451418067226891 0.4889746914390757 1.248046875
1 0.5533416491596639 0.5951943277310925 0.5681131827731093 0.616530987394958 0.5828847163865546 0.6395089285714286 0.5984768907563025 0.6838235294117647 0.6083245798319328 0.729779411764706 0.6099658613445378 0.7543986344537814 0.6001181722689075 0.7954306722689075 0.5845259978991597 0.8545168067226889 0.561548056722689 0.9021139705882353 0.5484178046218487 0.9316570378151261 0.5196953781512605 0.9316570378151261 0.49671743697478987 0.9267331932773109 0.46471244747899154 0.9283744747899159 0.4294248949579832 0.9086790966386553 0.39413734243697474 0.9053965336134453 0.38346901260504196 0.9053965336134453 0.3719800420168067 0.9004726890756303 0.3859309348739496 0.8036370798319328 0.3998818277310924 0.7445509453781514 0.42532169117647056 0.7018776260504203 0.44912027310924374 0.6690519957983194 0.4860491071428571 0.6378676470588236 0.5131302521008403 0.6247373949579833 0.5443146008403361 0.6017594537815126
1 0.7010569852941176 0.001953125 0.7486541491596639 0.001953125 0.7987132352941176 0.001953125 0.8397452731092436 0.001953125 0.8422071953781514 0.001953125 0.8487723214285714 0.001953125 0.8528755252100841 0.001953125 0.8397452731092436 0.001953125 0.8208705357142858 0.001953125 0.7970719537815126 0.001953125 0.7708114495798319 0.001953125 0.751936712184874 0.001953125 0.7322413340336135 0.001953125 0.7043395483193278 0.001953125 0.7043395483193278 0.001953125
1 0.8569787289915967 0.001953125 0.8840598739495797 0.001953125 0.9070378151260505 0.001953125 0.909499737394958 0.001953125 0.9012933298319328 0.001953125 0.8668264180672269 0.001953125 0.8561580882352942 0.001953125 0.8545168067226891 0.001953125 0.8495929621848739 0.001953125
1 0.8446691176470589 0.001953125 0.8569787289915967 0.001953125 0.8758534663865547 0.001953125 0.8996520483193278 0.001953125 0.9136029411764706 0.001953125 0.9185267857142858 0.001953125 0.9431460084033614 0.001953125 0.9628413865546219 0.001953125 0.986639968487395 0.001953125 0.9989495798319328 0.007615546218487368 0.9989495798319328 0.001953125 0.9981289390756303 0.001953125 0.9948529411764707 0.001953125 0.9595588235294117 0.001953125 0.9160648634453781 0.001953125 0.8711594012605052 0.001953125 0.8504136029411764 0.001953125
1 0.8619025735294117 0.001953125 0.8520548844537816 0.001953125 0.8487723214285714 0.032234768907562994 0.8602612920168067 0.07819065126050417 0.8742121848739497 0.1307116596638655 0.890625 0.17666754201680668 0.9037552521008403 0.19636292016806722 0.9332983193277311 0.1799501050420168 0.9497111344537816 0.14220063025210083 0.969406512605042 0.08803834033613445 0.9841780462184875 0.0404411764705882 0.9735097163865547 0.020745798319327713 0.9513524159663866 0.001953125 0.9283744747899161 0.001953125 0.9119616596638656 0.001953125 0.8914456407563025 0.001953125
1 0.9973082983193278 0.03715861344537813 0.98828125 0.05521271008403361 0.9743303571428572 0.09132090336134452 0.9653033088235294 0.11429884453781508 0.9464285714285714 0.17010241596638653 0.9332983193277311 0.1914390756302521 0.9103203781512605 0.21113445378151258 0.9021139705882353 0.22590598739495799 0.89390756302521 0.27022058823529416 0.8881630777310925 0.3161764705882354 0.8815979516806722 0.3752626050420168 0.8807773109243697 0.4130120798319328 0.8840598739495797 0.44912027310924374 0.8971901260504203 0.5049238445378151 0.9136029411764706 0.5443146008403362 0.9267331932773109 0.5738576680672269 0.9488904936974789 0.5722163865546219 0.9726890756302522 0.5869879201680673 0.9923844537815125 0.6050420168067228 0.9990234375 0.6086632806531704 0.9990234375 0.4179359243697479 0.9990234375 0.23903623949579833 0.9990234375 0.08639705882352938
1 0.9193474264705883 0.6083245798319328 0.9464285714285714 0.6017594537815126 0.9726890756302522 0.6132484243697479 0.9948463760504203 0.6313025210084034 0.9990234375 0.6830980829831933 0.9923844537815125 0.7823004201680672 0.9776129201680672 0.8069196428571428 0.9505317752100841 0.8331801470588236 0.911141018907563 0.8495929621848739 0.8848805147058825 0.8446691176470589 0.8651851365546219 0.8200498949579831 0.8619025735294117 0.7905068277310925 0.8750328256302522 0.7363445378151261 0.8914456407563025 0.6788996848739497 0.9037552521008403 0.6444327731092437
1 0.6280199579831933 0.7642463235294117 0.6468946953781513 0.7511160714285714 0.6830028886554622 0.7658876050420167 0.7051601890756303 0.7954306722689075 0.7379858193277311 0.8200498949579831 0.7560399159663865 0.8364627100840336 0.7905068277310925 0.8463103991596639 0.8151260504201681 0.8413865546218486 0.8487723214285714 0.8413865546218486 0.8709296218487395 0.8577993697478992 0.870108981092437 0.8807773109243697 0.8520548844537816 0.9234506302521008 0.8389246323529411 0.9529936974789917 0.8249737394957983 1.012079831932773 0.8175879726890757 1.0596769957983192 0.8085609243697479 1.0957851890756303 0.7937893907563025 1.0957851890756303 0.7420890231092437 1.0416228991596639 0.7068014705882353 1.015362394957983 0.6731551995798319 1.015362394957983 0.6477153361344538 1.0235688025210083 0.6107865021008403 1.0383403361344536 0.5935530462184874 1.0383403361344536 0.5738576680672269 0.9808954831932772 0.5640099789915967 0.9349396008403361 0.5812434348739496 0.888983718487395 0.6083245798319328 0.8298975840336134 0.618172268907563 0.7970719537815125
1 0.596014968487395 1.0547531512605042 0.6263786764705882 1.046546743697479 0.6608455882352942 1.0350577731092436 0.6797203256302521 1.0350577731092436 0.6994157037815126 1.0350577731092436 0.7240349264705882 1.0514705882352942 0.7560399159663865 1.0760898109243697 0.7831210609243697 1.1023503151260503 0.7937893907563025 1.1253282563025209 0.7921481092436975 1.159795168067227 0.7847623424369748 1.1942620798319328 0.791327468487395 1.2336528361344536 0.7593224789915967 1.238576680672269 0.7182904411764706 1.243500525210084 0.6682313550420168 1.243500525210084 0.6345850840336135 1.241859243697479 0.6263786764705882 1.238576680672269 0.6132484243697479 1.1926207983193278 0.6107865021008403 1.1433823529411764 0.6050420168067226 1.1039915966386555 0.6017594537815126 1.084296218487395
1 0.9964876575630253 0.8758534663865545 0.9644826680672269 0.9037552521008403 0.9529936974789917 0.9185267857142856 0.9456079306722689 0.9644826680672269 0.9513524159663866 1.013721113445378 0.9628413865546219 1.0531118697478992 0.9702271533613445 1.0695246848739495 0.9932050945378152 1.0613182773109244 0.9990234375 1.0578272715336134 0.9990234375 0.9579175420168067
1 0.8832392331932772 0.8709296218487395 0.9144235819327731 0.8643644957983192 0.9406840861344539 0.8643644957983192 0.9529936974789917 0.89719012605042 0.9439666491596639 0.9349396008403361 0.9390428046218489 1.0055147058823528 0.9521730567226891 1.0613182773109244 0.9669445903361344 1.090861344537815 0.9990234375 1.0937127976190477 0.9990234375 1.238576680672269 0.9505317752100841 1.241859243697479 0.9278437937675068 1.248046875 0.8684676995798319 1.248046875 0.8184086134453781 1.2467830882352942 0.8044577205882353 1.240217962184874 0.8003545168067226 1.1926207983193278 0.8143054096638656 1.1023503151260503 0.8413865546218489 1.0317752100840336 0.8536961659663866 0.9858193277310925 0.8627232142857142 0.9300157563025209 0.873391544117647 0.9021139705882353
