1 0.1430705094537815 0.0043329831932772895 0.1977744222689073 0.0013020833333333333 0.19559151785714282 0.03059348739495796 0.18847929796918764 0.04262955182072827 0.16550135679271707 0.05138305322128849 0.15291819852941174 0.04919467787114843 0.14471179096638653 0.03825280112044816
1 0.14142922794117646 0.04919467787114843 0.15510657387955182 0.0634191176470588 0.15729494922969187 0.09077380952380949 0.16003041841736693 0.11594012605042014 0.1583891369047619 0.13563550420168066 0.15182401085434172 0.15204831932773108 0.14127604166666666 0.1616373822256175 0.14197632177871147 0.11703431372549017 0.14252341561624648 0.0787377450980392
1 0.16112460609243695 0.061230742296918744 0.18410254726890754 0.0557598039215686 0.19340314250700277 0.05904236694677869 0.20325083158263305 0.07436099439775908 0.2207578343837535 0.08967962184873947 0.22787005427170867 0.10609243697478989 0.22349330357142858 0.11484593837535012 0.2054392069327731 0.12469362745098038 0.19942117471988793 0.13344712885154061 0.19230895483193278 0.1454831932773109 0.18464964110644258 0.1531425070028011 0.16714263830532214 0.13891806722689073 0.162765887605042 0.1367296918767507 0.1660484506302521 0.10828081232492996 0.162218793767507 0.08420868347338933
1 0.19668570553221287 0.048100490196078406 0.20489211309523805 0.06451330532212883 0.2098159576330532 0.07326680672268905 0.21911655287114842 0.08311449579831931 0.22677586659663865 0.08858543417366944 0.2322468049719888 0.10171568627450978 0.2366235556722689 0.1137517507002801 0.24482996323529413 0.10062149859943975 0.24756543242296916 0.08749124649859942 0.2497538077731092 0.052477240896358524 0.25522474614845936 0.03168767507002799 0.2530363707983193 0.010898109243697456 0.2453770570728291 0.006521358543417346 0.2295113357843137 0.0013020833333333333 0.21419270833333334 0.002144607843137233 0.20489211309523805 0.0043329831932772895 0.19996826855742297 0.022934173669467765
1 0.2535834646358543 0.09077380952380949 0.2596014968487395 0.09952731092436973 0.25796021533613445 0.11265756302521007 0.2535834646358543 0.12797619047619047 0.24920671393557423 0.13563550420168066 0.24373577556022408 0.12031687675070026 0.24701833858543418 0.10937499999999999
1 0.2596014968487395 0.01418067226890754 0.2836736257002801 0.011992296918767485 0.2962567839635854 0.01418067226890754 0.3033690038515406 0.02621673669467785 0.31048122373949577 0.04153536414565824 0.3071986607142857 0.057948179271708665 0.3028219100140056 0.07436099439775908 0.30063353466386555 0.08639705882352938 0.28586200105042014 0.08967962184873947 0.279843968837535 0.09405637254901959 0.2727317489495798 0.09733893557422968 0.2667137167366947 0.09515056022408962 0.25905440301120447 0.08311449579831931 0.25413055847338933 0.07545518207282911 0.25413055847338933 0.057948179271708665 0.2568660276610644 0.043723739495798296 0.2606956845238095 0.03059348739495796
2 0.6666666666666666 0.32602415966386555 0.6666666666666666 0.3205532212885154 0.6666666666666666 0.3304009103641456
1 0.6666666666666666 0.15204831932773108 0.6666666666666666 0.16299019607843135 0.6666666666666666 0.17612044817927167 0.6666666666666666 0.20894607843137256 0.6666666666666666 0.23739495798319324 0.6666666666666666 0.2549019607843137 0.6666666666666666 0.2811624649859944 0.6666666666666666 0.31508228291316526 0.6666666666666666 0.3304009103641456 0.6666666666666666 0.33696603641456585 0.6666666666666666 0.33696603641456585
2 0.6246589781746031 0.4311342592592593 0.6206834296218487 0.42559523809523814 0.6239659926470588 0.41903011204481794 0.628889837184874 0.42559523809523814
1 0.1417706314599483 0.1694323320413437 0.1559017684108527 0.1553011950904393 0.16145328649870802 0.15025436046511628 0.1770984738372093 0.1563105620155039 0.18668745962532304 0.17145106589147288 0.1856780927002584 0.2057695413436693 0.1841640423126615 0.23504118217054268 0.181640625 0.24816295219638243 0.1710422722868217 0.26431282299741604 0.16902353843669252 0.2804626937984496 0.1680141715116279 0.30670623385012924 0.1695282218992248 0.3319404069767442 0.1705375888242894 0.34405281007751937 0.1629673368863049 0.3581839470284238 0.15337835109819123 0.37635255167958653 0.15085493378552972 0.3884649547803618 0.14127604166666666 0.40032453549895414 0.14127604166666666 0.3036781330749354 0.14127604166666666 0.22898498062015507
1 0.1927436611757106 0.16539486434108527 0.20334201388888892 0.1381419573643411 0.21293099967700257 0.1330951227390181 0.2245387193152455 0.16135739664082688 0.23160428779069767 0.1785166343669251 0.2386698562661499 0.18659156976744187 0.25027757590439276 0.2047601744186047 0.2492682089793282 0.21586321059431526 0.24169795704134367 0.22797561369509045 0.22756682009043927 0.23605054909560727 0.2124263162144703 0.23705991602067186 0.19678112887596902 0.2340318152454781 0.18870619347545223 0.22797561369509045 0.19022024386304912 0.19769460594315247 0.19324834463824292 0.1775072674418605
1 0.18820151001291988 0.24109738372093026 0.2003139131136951 0.24109738372093026 0.2063701146640827 0.24311611757105944 0.20283733042635657 0.2532097868217054 0.1962764454134367 0.26229408914728686 0.191734294250646 0.26532218992248063 0.18769682655038764 0.2522004198966408
1 0.17760315729974163 0.26128472222222227 0.19022024386304912 0.27642522609819126 0.1977904958010336 0.2966125645994832 0.20435138081395351 0.3188186369509044 0.20788416505167961 0.3339591408268734 0.2099028989018088 0.34909964470284244 0.20384669735142116 0.3521277454780362 0.1952670784883721 0.35515584625323 0.1846687257751938 0.34708091085271325 0.17558442344961242 0.3258842054263566 0.17407037306201553 0.30065003229974163 0.1770984738372093 0.27743459302325585
1 0.21595910045219638 0.3410247093023256 0.2194918846899225 0.35010901162790703 0.2205012516149871 0.3622214147286822 0.2144450500645995 0.3612120478036176 0.2134356831395349 0.35010901162790703
1 0.15691113533591733 0.40259609173126615 0.16750948804909563 0.41571786175710596 0.17558442344961242 0.4096616602067184 0.19022024386304912 0.3874555878552972 0.1927436611757106 0.36625888242894056 0.18214530846253232 0.35515584625323 0.1781078407622739 0.3511183785529716 0.1700329053617571 0.3612120478036176 0.16195796996124032 0.37635255167958653
1 0.1417706314599483 0.4116803940568476 0.14934088339793283 0.4056241925064599 0.15438771802325582 0.41470849483204136 0.16044391957364343 0.42379279715762275 0.16750948804909563 0.43287709948320413 0.1705375888242894 0.44498950258397935 0.1680141715116279 0.46013000645994834 0.15993923611111113 0.4692143087855298 0.14984556686046513 0.48132671188630494 0.14328468184754523 0.48233607881136953 0.14277999838501293 0.45811127260981915 0.14328468184754523 0.4369145671834625
1 0.17558442344961242 0.42278343023255816 0.18214530846253232 0.410671027131783 0.18870619347545223 0.40057735788113696 0.1957717619509044 0.3834181201550388 0.1977904958010336 0.370296350129199 0.2063701146640827 0.3632307816537468 0.2114169492894057 0.3692869832041344 0.2199965681524548 0.37736191860465124 0.22756682009043927 0.3884649547803618 0.2336230216408269 0.4056241925064599 0.23665112241602068 0.41672722868217055 0.23059492086563307 0.42883963178294576 0.22302466892764858 0.44599886950904394 0.2189872012273902 0.45811127260981915 0.21545441698966408 0.4661862080103359 0.20687479812661502 0.4833454457364341 0.1977904958010336 0.4843548126614987 0.18769682655038764 0.47123304263565896 0.17861252422480622 0.4621487403100775 0.17457505652454783 0.45811127260981915 0.17407037306201553 0.44196140180878557
1 0.19678112887596902 0.27137839147286824 0.20838884851421188 0.25724725452196384 0.2149497335271318 0.24917231912144708 0.2255480862403101 0.24715358527131784 0.23665112241602068 0.24311611757105944 0.2492682089793282 0.23302244832041344 0.2543150436046512 0.23907864987080107 0.25734314437984496 0.25724725452196384 0.25784782784237725 0.27238775839793283 0.25784782784237725 0.28651889534883723 0.2543150436046512 0.29358446382428943 0.24018390665374678 0.30569686692506465 0.23009023740310078 0.3117530684754522 0.2199965681524548 0.3238654715762274 0.21646378391472867 0.3268935723514212 0.2073794815891473 0.30771560077519383 0.20182796350129198 0.28550952842377264
1 0.21696846737726103 0.1280482881136951 0.2285761870155039 0.1280482881136951 0.2346323885658915 0.1260295542635659 0.24220264050387597 0.1300670219638243 0.24624010820413436 0.1532824612403101 0.25128694282945735 0.17346979974160212 0.25683846091731266 0.19567587209302328 0.2538103601421189 0.1987039728682171 0.24724947512919895 0.1886103036175711 0.2386698562661499 0.17246043281653747 0.22756682009043927 0.1522730943152455 0.2225199854651163 0.1401606912144703
1 0.22403403585271317 0.334968507751938 0.25734314437984496 0.3016593992248062 0.2684461805555556 0.3087249677002584 0.27147428133074936 0.329921673126615 0.27197896479328165 0.370296350129199 0.2684461805555556 0.38644622093023256 0.25027757590439276 0.385436854005168 0.2351370720284238 0.3793806524547804 0.22756682009043927 0.37534318475452194 0.2250434027777778 0.35717458010335923
1 0.26339934593023256 0.10786094961240311 0.27753048288113696 0.10281411498708011 0.2967084544573643 0.1038234819121447 0.3032693394702842 0.1351138565891473 0.3042787063953489 0.1522730943152455 0.29368035368217055 0.17145106589147288 0.2901475694444445 0.1805353682170543 0.26339934593023256 0.1886103036175711 0.2593618782299742 0.18558220284237728 0.25633377745478036 0.16741359819121449 0.25179162629198965 0.1472262596899225 0.2593618782299742 0.12905765503875968
1 0.30074592215762275 0.09978601421188632 0.30730680717054265 0.09171107881136953 0.31538174257105944 0.10180474806201552 0.32042857719638246 0.10987968346253231 0.32194262758397935 0.11997335271317831 0.3179051598837209 0.13208575581395351 0.30932554102067183 0.1391513242894057 0.30579275678294576 0.1270389211886305 0.30276465600775193 0.11492651808785531
1 0.2967084544573643 0.0049055232558139665 0.30831617409560724 0.025092861757105955 0.3184098433462533 0.041242732558139546 0.32900819605943155 0.04225209948320415 0.34162528262273906 0.04225209948320415 0.3476814841731266 0.03720526485788115 0.34869085109819126 0.012980458656330763 0.3476923542784734 0.0013020833333333333 0.3320362968346253 0.0013020833333333333 0.30983022448320413 0.002886789405684768
1 0.35222363533591733 0.0018774224806201688 0.3527283187984496 0.033167797157622754 0.3527283187984496 0.04427083333333334 0.3633266715116279 0.047298934108527146 0.3759437580749354 0.05436450258397934 0.3855327438630491 0.05537386950904394 0.3885608446382429 0.05537386950904394 0.39209362887596894 0.03417716408268735 0.3925983123385013 0.01499919250645996 0.3885608446382429 0.002886789405684768 0.37644844153746765 0.0013020833333333333
1 0.397140463501292 0.006924257105943166 0.3981498304263566 0.028120962532299756 0.3966357800387597 0.05739260335917314 0.3986545138888889 0.06849563953488373 0.40269198158914726 0.08262677648578813 0.4107669169896641 0.07858930878552974 0.41732780200258396 0.07051437338501293 0.4254027374031008 0.05133640180878554 0.4289355216408269 0.04427083333333334 0.42489805394056845 0.020046027131782957 0.42138999919250636 0.0013020833333333333 0.407234132751938 0.0013020833333333333
1 0.31487705910852715 0.047298934108527146 0.30882085755813954 0.07959867571059433 0.31588642603359174 0.08767361111111112 0.32396136143410853 0.09978601421188632 0.33052224644702843 0.09171107881136953 0.3391018653100775 0.06849563953488373 0.346672117248062 0.05032703488372094 0.3360737645348837 0.05133640180878554 0.32244731104651164 0.05133640180878554
1 0.35121426841085274 0.05436450258397934 0.3456627503229974 0.06950500645994832 0.3380924983850129 0.09070171188630492 0.3330456637596899 0.10079538113695091 0.3274941456718346 0.1088703165374677 0.3274941456718346 0.1270389211886305 0.3401112322351421 0.1371325904392765 0.34919553456072355 0.13208575581395351 0.3613079376614987 0.11997335271317831 0.36736413921188626 0.10584221576227391 0.3804859092377261 0.10584221576227391 0.39108426195090445 0.09675791343669253 0.3936076792635659 0.08666424418604653 0.3915889454134367 0.07051437338501293 0.387046794250646 0.06445817183462534 0.3749343911498708 0.06243943798449614 0.36181262112403106 0.05739260335917314
1 0.3698875565245478 0.12502018733850132 0.3789718588501292 0.12905765503875968 0.39461704618863047 0.13208575581395351 0.39310299580103364 0.1179546188630491 0.39108426195090445 0.1088703165374677 0.376953125 0.10987968346253231 0.37089692344961245 0.11290778423772611
1 0.4006732477390181 0.08969234496124033 0.397140463501292 0.1038234819121447 0.3991591973514212 0.12199208656330751 0.4011779312015504 0.1371325904392765 0.4062247658268734 0.13612322351421188 0.4107669169896641 0.1310763888888889 0.412280967377261 0.1038234819121447 0.412280967377261 0.08767361111111112
1 0.4254027374031008 0.0049055232558139665 0.43297298934108525 0.028120962532299756 0.436001090116279 0.04225209948320415 0.44458070897932817 0.04427083333333334 0.4546743782299742 0.04427083333333334 0.4642633640180878 0.03518653100775195 0.47334766634366926 0.022064760981912155 0.48596475290697677 0.007933624031007764 0.49101158753229973 0.003896156330749367 0.4703195655684755 0.002886789405684768 0.4481134932170543 0.002886789405684768 0.432468305878553 0.002886789405684768
1 0.4344870397286822 0.05234576873385014 0.44407602551679587 0.05537386950904394 0.4546743782299742 0.06143007105943154 0.4617399467054264 0.08060804263565892 0.4652727309431524 0.09473917958656332 0.46678678133074936 0.11189841731266152 0.4683008317183463 0.1260295542635659 0.47435703326873385 0.14318879198966408 0.47688045058139533 0.1532824612403101 0.47233829941860467 0.16640423126614987 0.46577741440568476 0.17246043281653747 0.45820716246770027 0.17346979974160212 0.4496275436046511 0.1744791666666667 0.4410479247416021 0.1744791666666667 0.43751514050387597 0.16135739664082688 0.4294402051033592 0.1472262596899225 0.4213652697028423 0.1351138565891473 0.41732780200258396 0.1159358850129199 0.4168231185400517 0.08969234496124033 0.4188418523901809 0.07657057493540052 0.4269167877906977 0.06344880490956074
1 0.26491339631782945 0.19668523901808788 0.27954921673126615 0.1936571382428941 0.29166161983204136 0.1936571382428941 0.2977178213824289 0.2087976421188631 0.29872718830749356 0.2199006782945737 0.29115693636950907 0.22494751291989667 0.28207263404392763 0.22696624677002586 0.2750070655684755 0.22898498062015507 0.2694555474806202 0.2340318152454781 0.26390402939276486 0.23907864987080107 0.25683846091731266 0.22595687984496127 0.2553244105297158 0.21485384366925067
1 0.2977178213824289 0.18558220284237728 0.3037740229328166 0.16438549741602068 0.3128583252583979 0.1462168927648579 0.32194262758397935 0.1391513242894057 0.33001756298449614 0.1421794250645995 0.3360737645348837 0.1482356266149871 0.3391018653100775 0.16539486434108527 0.3431393330103359 0.1785166343669251 0.3401112322351421 0.1886103036175711 0.32850351259689925 0.20072270671834627 0.3128583252583979 0.22091004521963828 0.30680212370801035 0.2188913113695091 0.30225997254521964 0.20274144056847546
1 0.34465338339793283 0.1492449935400517 0.36080325419896636 0.1330951227390181 0.36585008882428943 0.1341044896640827 0.3789718588501292 0.1381419573643411 0.39411236272609823 0.1411700581395349 0.3895702115633075 0.16640423126614987 0.3840186934754522 0.18154473514211888 0.37089692344961245 0.18255410206718348 0.3582798368863049 0.18154473514211888 0.351718951873385 0.1795260012919897 0.3476814841731266 0.17246043281653747 0.3461674337855298 0.1633761304909561
1 0.31538174257105944 0.23201308139534885 0.3269894622093023 0.21687257751937986 0.3380924983850129 0.20778827519379847 0.3476814841731266 0.1896196705426357 0.3557564195736434 0.18760093669250646 0.36433603843669254 0.1916384043927649 0.37745780846253235 0.1946665051679587 0.38654211078811374 0.20274144056847546 0.38755147771317827 0.22292877906976746 0.39108426195090445 0.24109738372093026 0.3885608446382429 0.25119105297157623 0.37947654231266154 0.26532218992248063 0.3698875565245478 0.27743459302325585 0.3613079376614987 0.2885376291989664 0.3532330022609819 0.3026687661498708 0.34818616763565896 0.309734334625323 0.3391018653100775 0.3016593992248062 0.32850351259689925 0.2885376291989664 0.32042857719638246 0.2824814276485788 0.3179051598837209 0.2663315568475452 0.3174004764211886 0.25018168604651164
1 0.26289466246770027 0.24917231912144708 0.27248364825581395 0.24008801679586567 0.28207263404392763 0.23504118217054268 0.29368035368217055 0.23201308139534885 0.3042787063953489 0.22898498062015507 0.30831617409560724 0.24513485142118865 0.311344274870801 0.2683502906976744 0.3108395914082687 0.28550952842377264 0.30125060562015504 0.294593830749354 0.28661478520671835 0.30065003229974163 0.27248364825581395 0.30569686692506465 0.26440871285529716 0.28550952842377264
1 0.2739976986434109 0.3188186369509044 0.29418503714470284 0.3127624354005168 0.30680212370801035 0.30670623385012924 0.3108395914082687 0.3188186369509044 0.31336300872093026 0.3319404069767442 0.3128583252583979 0.3511183785529716 0.30983022448320413 0.3632307816537468 0.29569908753229973 0.3692869832041344 0.27954921673126615 0.37837128552971583 0.2745023821059432 0.380390019379845 0.2750070655684755 0.35010901162790703
1 0.24270732396640826 0.4126897609819122 0.26541807978036175 0.40461482558139533 0.26996023094315247 0.39653989018087854 0.2613806120801034 0.39553052325581395 0.25078225936692505 0.39553052325581395 0.24169795704134367 0.3925024224806202 0.2331183381782946 0.3874555878552972 0.2386698562661499 0.40360545865633074
1 0.14227531492248063 0.49949531653746776 0.15388303456072353 0.4863735465116279 0.1634720203488372 0.47325177648578814 0.17558442344961242 0.4762798772609819 0.18820151001291988 0.4833454457364341 0.1998092296511628 0.4964672157622739 0.2053607477390181 0.5025234173126615 0.2073794815891473 0.5196826550387598 0.20838884851421188 0.533813791989664 0.20788416505167961 0.5408793604651163 0.2058654312015504 0.5469355620155039 0.1952670784883721 0.5580385981912145 0.1826499919250646 0.5681322674418605 0.1695282218992248 0.5741884689922481 0.15186430071059434 0.5731791020671835 0.14127604166666666 0.5712539640591966
1 0.14328468184754523 0.5802446705426357 0.15842518572351422 0.5842821382428941 0.16498607073643412 0.5883196059431525 0.16397670381136953 0.6064882105943152 0.1559017684108527 0.6095163113695091 0.14681746608527133 0.604469476744186 0.14127604166666666 0.6014468816067654
1 0.14782683301033592 0.6175912467700259 0.16094860303617572 0.6175912467700259 0.1670048045865633 0.6266755490956072 0.17457505652454783 0.6367692183462532 0.17659379037467704 0.6468628875968992 0.17306100613695094 0.6620033914728682 0.16851885497416022 0.6731064276485789 0.16145328649870802 0.680171996124031 0.15186430071059434 0.665031492248062 0.14782683301033592 0.6387879521963825
1 0.14429404877260985 0.6478722545219638 0.1483315164728682 0.6609940245478036 0.15135961724806204 0.6781532622739018 0.15489240148578812 0.6832000968992248 0.15691113533591733 0.6912750322997416 0.15489240148578812 0.7064155361757106 0.1559017684108527 0.7235747739018087 0.15792050226098192 0.74578084625323 0.1624626534237726 0.7619307170542635 0.16902353843669252 0.7821180555555555 0.17205163921188635 0.79624919250646 0.15892986918604654 0.8103803294573644 0.14479873223514214 0.8073522286821705 0.14277999838501293 0.7589026162790699 0.14127604166666666 0.7197997416020668 0.14127604166666666 0.6882469315245477 0.14127604166666666 0.6630127583979328
1 0.171546955749354 0.5842821382428941 0.1841640423126615 0.5772165697674418 0.1957717619509044 0.5691416343669251 0.2058654312015504 0.564094799741602 0.21394036660206717 0.5671229005167958 0.2189872012273902 0.5721697351421189 0.23059492086563307 0.5792353036175711 0.2356417554909561 0.5852915051679587 0.23967922319121449 0.6034601098191215 0.24018390665374678 0.6145631459948321 0.2331183381782946 0.6175912467700259 0.2205012516149871 0.6135537790697675 0.2058654312015504 0.619609980620155 0.19829517926356588 0.6276849160206718 0.18820151001291988 0.6327317506459949 0.1811359415374677 0.6357598514211886 0.1725563226744186 0.6216287144702842 0.1700329053617571 0.6125444121447029 0.16902353843669252 0.6014413759689923
1 0.21192163275193798 0.4934391149870801 0.2245387193152455 0.46013000645994834 0.23614643895348839 0.4338864664082687 0.24169795704134367 0.42379279715762275 0.2583525113049096 0.41369912790697677 0.2689508640180879 0.4126897609819122 0.28055858365633074 0.44599886950904394 0.2825773175064599 0.46113937338501293 0.27702579941860467 0.47930797803617575 0.27652111595607237 0.5095889857881137 0.27753048288113696 0.5247294896640827 0.2750070655684755 0.5418887273901809 0.2588571947674419 0.5540011304909561 0.24523074127906977 0.5671229005167958 0.23766048934108527 0.5741884689922481 0.2255480862403101 0.5651041666666666 0.21394036660206717 0.5489542958656332 0.21394036660206717 0.5287669573643411 0.21394036660206717 0.5146358204134367 0.2124263162144703 0.5045421511627907
1 0.27904453326873385 0.3925024224806202 0.29973655523255816 0.3793806524547804 0.3128583252583979 0.37332445090439276 0.32093326065891475 0.380390019379845 0.32850351259689925 0.3925024224806202 0.331531613372093 0.40158672480620156 0.33102692990956073 0.42076469638242897 0.33052224644702843 0.44297076873385016 0.32648477874677 0.45003633720930236 0.31437237564599485 0.44700823643410853 0.30024123869509045 0.44700823643410853 0.2891382025193799 0.4480176033591732 0.27753048288113696 0.42480216408268734 0.2734930151808786 0.4096616602067184
1 0.31689579295865633 0.29156572997416025 0.32850351259689925 0.3036781330749354 0.3391018653100775 0.3157905361757106 0.34818616763565896 0.3289123062015504 0.34818616763565896 0.34708091085271325 0.3406159156976744 0.3672682493540052 0.3320362968346253 0.380390019379845 0.32143794412144705 0.370296350129199 0.31689579295865633 0.3632307816537468 0.3184098433462533 0.34506217700258396 0.31639110949612403 0.3167999031007752 0.3118489583333333 0.30771560077519383
1 0.356765786498708 0.3178092700258398 0.3698875565245478 0.29156572997416025 0.3835140100129199 0.2744064922480621 0.387046794250646 0.2744064922480621 0.3936076792635659 0.28450016149870805 0.397140463501292 0.29964066537467704 0.39007489502583975 0.3238654715762274 0.3835140100129199 0.35010901162790703 0.3804859092377261 0.35717458010335923 0.3693828730620155 0.3581839470284238 0.3547470526485788 0.34909964470284244 0.3532330022609819 0.3329497739018088
1 0.3986545138888889 0.1472262596899225 0.4087481831395349 0.15126372739018087 0.4153090681524548 0.1684229651162791 0.4188418523901809 0.1946665051679587 0.4178324854651163 0.22393814599483208 0.4148043846899225 0.23605054909560727 0.40168261466408267 0.23907864987080107 0.397140463501292 0.23504118217054268 0.39411236272609823 0.2188913113695091 0.39007489502583975 0.1987039728682171 0.3885608446382429 0.1916384043927649 0.39411236272609823 0.17346979974160212 0.397140463501292 0.16034802971576229
1 0.4142997012273902 0.1421794250645995 0.4188418523901809 0.1401606912144703 0.42742147125323 0.1522730943152455 0.43297298934108525 0.16741359819121449 0.436001090116279 0.1775072674418605 0.42742147125323 0.18558220284237728 0.4208605862403101 0.1754885335917313 0.4178324854651163 0.16135739664082688 0.4142997012273902 0.1532824612403101
1 0.457702479005168 0.05133640180878554 0.4713289324935401 0.041242732558139546 0.486469436369509 0.02408349483204136 0.4925256379198966 0.01802729328165376 0.49605842215762275 0.03215843023255815 0.4985818394702843 0.05335513565891475 0.4955537386950904 0.07051437338501293 0.49303032138242897 0.08161740956072353 0.48848817021963825 0.08464551033591733 0.4783945009689923 0.08565487726098192 0.46981488210594313 0.08464551033591733 0.46325399709302323 0.06950500645994832 0.46073057978036175 0.06143007105943154
1 0.42590742086563305 0.19668523901808788 0.43751514050387597 0.18760093669250646 0.4506369105297157 0.1845728359173127 0.4637586805555556 0.1835634689922481 0.46880551518087854 0.1835634689922481 0.4703195655684755 0.20274144056847546 0.47334766634366926 0.22595687984496127 0.47435703326873385 0.23605054909560727 0.4637586805555556 0.25018168604651164 0.4501322270671835 0.27238775839793283 0.44458070897932817 0.28550952842377264 0.4334776728036176 0.2814720607235142 0.42742147125323 0.25623788759689925 0.4233840035529716 0.23907864987080107 0.4233840035529716 0.22091004521963828 0.4254027374031008 0.2087976421188631
1 0.33657844799741604 0.3884649547803618 0.34717680071059426 0.3682776162790698 0.35070958494832044 0.3591933139534884 0.35525173611111116 0.360202680878553 0.36433603843669254 0.3642401485788114 0.376953125 0.3692869832041344 0.38452337693798455 0.37837128552971583 0.38805616117571057 0.390483688630491 0.3925983123385013 0.4066335594315245 0.3915889454134367 0.42177406330749356 0.3885608446382429 0.43186773255813954 0.37745780846253235 0.44700823643410853 0.3683735061369509 0.45811127260981915 0.3562611030361757 0.44902697028423777 0.3441486999354006 0.4359052002583979 0.33657844799741604 0.43287709948320413 0.33657844799741604 0.4126897609819122
1 0.28812883559431524 0.4571019056847545 0.30882085755813954 0.45407380490956073 0.31891452680878557 0.4571019056847545 0.32295199450904394 0.46013000645994834 0.3244660448966408 0.47022367571059437 0.32042857719638246 0.4873829134366925 0.31437237564599485 0.5055515180878553 0.30831617409560724 0.5176639211886306 0.30175528908268734 0.5267482235142119 0.296203770994832 0.5297763242894057 0.2886335190568476 0.5227107558139535 0.28358668443152457 0.521701388888889 0.28156795058139533 0.49949531653746776 0.28156795058139533 0.48031734496124034 0.28459605135658916 0.4692143087855298
1 0.3905795784883721 0.26229408914728686 0.3976451469638243 0.24715358527131784 0.40773881621447033 0.24614421834625325 0.41732780200258396 0.24715358527131784 0.4208605862403101 0.25623788759689925 0.4243933704780362 0.2733971253229974 0.42489805394056845 0.28651889534883723 0.4198512193152455 0.29964066537467704 0.4153090681524548 0.3016593992248062 0.407234132751938 0.294593830749354 0.4001685642764858 0.29055636304909566 0.39562641311369506 0.27238775839793283
1 0.402187298126615 0.3036781330749354 0.4132903343023256 0.309734334625323 0.4208605862403101 0.3167999031007752 0.4269167877906977 0.3268935723514212 0.42994488856589147 0.3390059754521964 0.43044957202842377 0.35515584625323 0.4294402051033592 0.37534318475452194 0.4284308381782946 0.385436854005168 0.41833716892764855 0.3884649547803618 0.41127160045219635 0.390483688630491 0.40168261466408267 0.390483688630491 0.39461704618863047 0.3884649547803618 0.387046794250646 0.3692869832041344 0.387046794250646 0.3561652131782946 0.39310299580103364 0.3329497739018088 0.3986545138888889 0.3167999031007752
1 0.42287932009043927 0.30771560077519383 0.42994488856589147 0.29257509689922484 0.4380198239664083 0.29156572997416025 0.44508539244186046 0.30065003229974163 0.44659944282945735 0.31478116925064603 0.4471041262919897 0.324874838501292 0.4420572916666667 0.3339591408268734 0.4354964066537468 0.3420340762273902 0.43196362241602065 0.3289123062015504 0.4289355216408269 0.3178092700258398
1 0.45114159399224807 0.29055636304909566 0.46224463016795864 0.26330345607235145 0.4708242490310077 0.25018168604651164 0.4783945009689923 0.24412548449612406 0.48596475290697677 0.2522004198966408 0.49101158753229973 0.25522852067183466 0.4920209544573644 0.2814720607235142 0.4945443717700258 0.3036781330749354 0.496563105620155 0.3279029392764858 0.49706778908268734 0.3359778746770026 0.48949753714470284 0.3390059754521964 0.4799085513565891 0.3369872416020672 0.466282097868217 0.329921673126615 0.4556837451550388 0.324874838501292 0.45114159399224807 0.3188186369509044 0.4516462774547804 0.30468750000000006
1 0.3961310965762274 0.42480216408268734 0.397140463501292 0.4076429263565892 0.3996638808139535 0.40057735788113696 0.4097575500645995 0.39956799095607237 0.42237463662790703 0.39653989018087854 0.43398235626614984 0.40360545865633074 0.43044957202842377 0.41672722868217055 0.4218699531653747 0.4268208979328165 0.4148043846899225 0.4389333010335918 0.40672944928940574 0.4359052002583979
1 0.4354964066537468 0.3521277454780362 0.44760880975452194 0.3379966085271318 0.45316032784237725 0.3329497739018088 0.4672914647932817 0.3430434431524548 0.48848817021963825 0.34708091085271325 0.49605842215762275 0.34909964470284244 0.49605842215762275 0.3591933139534884 0.48798348675710596 0.370296350129199 0.4799085513565891 0.385436854005168 0.46779614825581395 0.40158672480620156 0.45871184593023256 0.4116803940568476 0.4516462774547804 0.4116803940568476 0.4415526082041344 0.40158672480620156 0.4380198239664083 0.390483688630491 0.4354964066537468 0.380390019379845 0.43499172319121443 0.3682776162790698
1 0.4703195655684755 0.09171107881136953 0.4935350048449612 0.09171107881136953 0.49605842215762275 0.10987968346253231 0.49605842215762275 0.12502018733850132 0.491516270994832 0.1341044896640827 0.48243196866925064 0.14318879198966408 0.4783945009689923 0.14318879198966408 0.47284298288113696 0.12199208656330751 0.47233829941860467 0.10786094961240311
1 0.49706778908268734 0.007933624031007764 0.5006005733204134 0.02105539405684756 0.5051427244832042 0.041242732558139546 0.5137223433462532 0.048308301033591745 0.5283581637596899 0.04528020025839794 0.5495548691860465 0.047298934108527146 0.5540970203488372 0.047298934108527146 0.5601532218992248 0.031149063307493553 0.5657047399870802 0.011971091731266164 0.5616672722868217 0.006924257105943166 0.5490501857235143 0.006924257105943166 0.5308815810723514 0.009952357881136964 0.5132176598837209 0.007933624031007764 0.503123990633075 0.0049055232558139665
1 0.5056474079457364 0.05840197028423774 0.516750444121447 0.05335513565891475 0.5308815810723514 0.05335513565891475 0.5455174014857881 0.05436450258397934 0.552078286498708 0.05739260335917314 0.5551063872739018 0.06849563953488373 0.5525829699612403 0.07757994186046513 0.5450127180232558 0.09574854651162791 0.5409752503229974 0.11189841731266152 0.5339096818475452 0.1260295542635659 0.5238160125968992 0.1351138565891473 0.5152363937338501 0.1391513242894057 0.5086755087209303 0.1310763888888889 0.5041333575581396 0.1139171511627907 0.4995912063953489 0.09272044573643412 0.4990865229328165 0.07858930878552974
1 0.4990865229328165 0.1341044896640827 0.5091801921834626 0.1452075258397933 0.516750444121447 0.1633761304909561 0.5177598110465117 0.1795260012919897 0.5187691779715763 0.20274144056847546 0.5142270268087855 0.21283510981912146 0.5026193071705426 0.23201308139534885 0.49403968830749356 0.23907864987080107 0.48747880329457366 0.23806928294573645 0.4809179182816537 0.23100371447028425 0.47536640019379844 0.2047601744186047 0.47435703326873385 0.1805353682170543 0.47688045058139533 0.16741359819121449 0.48344133559431524 0.1522730943152455 0.48848817021963825 0.14419815891472867
1 0.4955537386950904 0.24614421834625325 0.5086755087209303 0.23605054909560727 0.5157410771963824 0.22393814599483208 0.5258347464470284 0.2199006782945737 0.5323956314599484 0.22696624677002586 0.5374424660852714 0.23705991602067186 0.5364330991602068 0.25522852067183466 0.536937782622739 0.27642522609819126 0.5288628472222222 0.28651889534883723 0.5177598110465117 0.30569686692506465 0.5056474079457364 0.324874838501292 0.5021146237080104 0.3309310400516796 0.4995912063953489 0.3157905361757106 0.49706778908268734 0.29358446382428943 0.49605842215762275 0.27642522609819126 0.49605842215762275 0.26229408914728686
1 0.32850351259689925 0.4631581072351421 0.3385971818475452 0.44700823643410853 0.3542423691860465 0.4571019056847545 0.36383135497416025 0.4682049418604652 0.36585008882428943 0.49848594961240317 0.36635477228682173 0.521701388888889 0.3577751534237726 0.5398699935400517 0.3476814841731266 0.5651041666666666 0.3406159156976744 0.5751978359173127 0.32244731104651164 0.5842821382428941 0.3108395914082687 0.5883196059431525 0.30781149063307495 0.5852915051679587 0.3042787063953489 0.5580385981912145 0.30125060562015504 0.5418887273901809 0.31386769218346255 0.521701388888889 0.32295199450904394 0.49848594961240317 0.3259800952842377 0.4863735465116279 0.3274941456718346 0.47527051033591733
1 0.36887818959948326 0.47123304263565896 0.3804859092377261 0.45306443798449614 0.3936076792635659 0.4389333010335918 0.40925286660206717 0.45306443798449614 0.4178324854651163 0.4671955749354005 0.4213652697028423 0.48132671188630494 0.4198512193152455 0.4954578488372093 0.4142997012273902 0.49949531653746776 0.40471071543927645 0.49949531653746776 0.39007489502583975 0.5055515180878553 0.381999959625323 0.5126170865633075 0.3698875565245478 0.5186732881136952 0.36887818959948326 0.48839228036175714
1 0.24270732396640826 0.5822634043927649 0.2593618782299742 0.5671229005167958 0.27298833171834624 0.5509730297157623 0.2830820009689922 0.5378512596899225 0.29115693636950907 0.5368418927648578 0.29418503714470284 0.5418887273901809 0.2967084544573643 0.5610666989664083 0.30125060562015504 0.5762072028423773 0.30225997254521964 0.59437580749354 0.2977178213824289 0.6064882105943152 0.2891382025193799 0.6125444121447029 0.27248364825581395 0.6165818798449613 0.2583525113049096 0.6155725129198967 0.24472605781653747 0.6165818798449613 0.24371669089147288 0.6014413759689923
1 0.20182796350129198 0.6337411175710594 0.21293099967700257 0.6256661821705426 0.2199965681524548 0.6236474483204134 0.2255480862403101 0.6236474483204134 0.2331183381782946 0.6266755490956072 0.2386698562661499 0.6297036498708011 0.24119327357881137 0.6569565568475452 0.2386698562661499 0.675125161498708 0.22958555394056848 0.6882469315245477 0.2235293523901809 0.6953125 0.21646378391472867 0.6912750322997416 0.21192163275193798 0.6852188307493541 0.2053607477390181 0.670078326873385 0.20384669735142116 0.6559471899224806
1 0.1826499919250646 0.6458535206718347 0.1972858123385013 0.6387879521963825 0.19829517926356588 0.6609940245478036 0.20283733042635657 0.6821907299741602 0.20384669735142116 0.6932937661498708 0.1937530281007752 0.7074249031007752 0.18365935885012918 0.7195373062015503 0.17608910691214472 0.7316497093023256 0.16549075419896642 0.7377059108527132 0.16044391957364343 0.7366965439276486 0.16094860303617572 0.7003593346253231 0.16195796996124032 0.6882469315245477 0.1700329053617571 0.6761345284237726 0.17659379037467704 0.6640221253229974
1 0.16195796996124032 0.7488089470284237 0.1770984738372093 0.7417433785529716 0.1861827761627907 0.7296309754521965 0.1993045461886305 0.7144904715762275 0.20788416505167961 0.7023780684754523 0.2199965681524548 0.7064155361757106 0.2245387193152455 0.7134811046511628 0.2235293523901809 0.7336684431524548 0.2210059350775194 0.7467902131782945 0.21696846737726103 0.7599119832041343 0.2104075823643411 0.7689962855297158 0.20334201388888892 0.7800993217054263 0.1962764454134367 0.7901929909560724 0.18668745962532304 0.7942304586563308 0.1770984738372093 0.7932210917312661 0.17306100613695094 0.7780805878552971 0.1700329053617571 0.7649588178294574
1 0.22756682009043927 0.7477995801033592 0.2381651728036176 0.765968184754522 0.24220264050387597 0.7800993217054263 0.24724947512919895 0.7952398255813954 0.2487635255167959 0.8113896963824289 0.24472605781653747 0.8245114664082688 0.2351370720284238 0.8386426033591731 0.2235293523901809 0.8608486757105943 0.2144450500645995 0.8689236111111112 0.2008185965762274 0.8709423449612403 0.18971556040051682 0.8608486757105943 0.1841640423126615 0.84671753875969 0.1861827761627907 0.826530200258398 0.19223897771317833 0.813408430232558 0.19829517926356588 0.8053334948320413 0.20435138081395351 0.7972585594315246 0.2124263162144703 0.7750524870801034 0.22302466892764858 0.7599119832041343
1 0.14328468184754523 0.8164365310077519 0.15792050226098192 0.8194646317829458 0.16851885497416022 0.8255208333333334 0.17608910691214472 0.8366238695090439 0.17760315729974163 0.8537831072351421 0.1856780927002584 0.8679142441860465 0.2088935319767442 0.8759891795865634 0.2205012516149871 0.8719517118863048 0.23109960432816537 0.8658955103359173 0.2336230216408269 0.8810360142118863 0.2386698562661499 0.8941577842377261 0.23614643895348839 0.9002139857881137 0.21545441698966408 0.9002139857881137 0.1972858123385013 0.9012233527131782 0.1801265746124031 0.9032420865633074 0.1559017684108527 0.899204618863049 0.14631278262273903 0.9002139857881137 0.14127604166666666 0.8971919412144702 0.14127604166666666 0.8558018410852714 0.14328468184754523 0.8325864018087855
1 0.24321200742894059 0.6276849160206718 0.2533056766795866 0.6226380813953488 0.2684461805555556 0.6236474483204134 0.2896428859819122 0.6216287144702842 0.2977178213824289 0.6226380813953488 0.29923187177002586 0.6509003552971576 0.30528807332041347 0.6609940245478036 0.3118489583333333 0.680171996124031 0.31639110949612403 0.7033874354005167 0.31386769218346255 0.735687177002584 0.30528807332041347 0.7578932493540051 0.29418503714470284 0.7730337532299741 0.28459605135658916 0.7922117248062016 0.2755117490310078 0.8123990633074936 0.2618852955426357 0.8154271640826875 0.2548197270671835 0.8184552648578811 0.25179162629198965 0.79624919250646 0.24422137435400518 0.771015019379845 0.2341277051033592 0.7488089470284237 0.2280715035529716 0.7366965439276486 0.23009023740310078 0.7074249031007752 0.23665112241602068 0.6872375645994833 0.24624010820413436 0.665031492248062 0.24624010820413436 0.6448441537467701
1 0.30276465600775193 0.6115350452196383 0.30932554102067183 0.6004320090439277 0.32194262758397935 0.5953851744186046 0.3441486999354006 0.5832727713178295 0.3527283187984496 0.5842821382428941 0.3562611030361757 0.6074975775193798 0.36080325419896636 0.624656815245478 0.3613079376614987 0.6408066860465117 0.3602985707364341 0.6680595930232558 0.36080325419896636 0.6943031330749355 0.3613079376614987 0.715499838501292 0.3562611030361757 0.7286216085271318 0.34818616763565896 0.7427527454780362 0.3411205991602067 0.7568838824289407 0.331531613372093 0.760921350129199 0.3128583252583979 0.7568838824289407 0.32042857719638246 0.7195373062015503 0.31992389373385016 0.6922843992248061 0.3123536417958656 0.6640221253229974 0.30579275678294576 0.6468628875968992 0.30276465600775193 0.6337411175710594
1 0.3613079376614987 0.5863008720930233 0.3714016069121447 0.5842821382428941 0.3825046430878553 0.5863008720930233 0.3936076792635659 0.59437580749354 0.3976451469638243 0.5984132751937985 0.3981498304263566 0.6105256782945737 0.3925983123385013 0.624656815245478 0.387046794250646 0.6276849160206718 0.37846717538759683 0.6276849160206718 0.3698875565245478 0.6226380813953488 0.3633266715116279 0.6105256782945737 0.3602985707364341 0.5974039082687338
1 0.3527283187984496 0.5721697351421189 0.36383135497416025 0.5469355620155039 0.3698875565245478 0.5317950581395349 0.3840186934754522 0.5186732881136952 0.4011779312015504 0.5136264534883721 0.4142997012273902 0.5136264534883721 0.42489805394056845 0.5610666989664083 0.42287932009043927 0.5852915051679587 0.41934653585271314 0.5963945413436692 0.4042060319767442 0.5974039082687338 0.39562641311369506 0.5832727713178295 0.376953125 0.5751978359173127 0.36181262112403106 0.5782259366925065
1 0.41934653585271314 0.44902697028423777 0.43145893895348836 0.42581153100775193 0.4415526082041344 0.41470849483204136 0.45114159399224807 0.42480216408268734 0.4556837451550388 0.4399426679586564 0.4556837451550388 0.46113937338501293 0.45114159399224807 0.47123304263565896 0.43297298934108525 0.47829861111111116 0.4264121043281654 0.4762798772609819
1 0.42237463662790703 0.5015140503875969 0.4289355216408269 0.4914203811369509 0.43953387435400515 0.48839228036175714 0.45316032784237725 0.4863735465116279 0.46022589631782945 0.4863735465116279 0.4683008317183463 0.4904110142118863 0.47637576711886304 0.5075702519379846 0.4788991844315245 0.5196826550387598 0.47435703326873385 0.5328044250645995 0.47284298288113696 0.5519823966408269 0.4566931120801034 0.5540011304909561 0.44508539244186046 0.5610666989664083 0.43499172319121443 0.5651041666666666 0.4284308381782946 0.5509730297157623 0.42590742086563305 0.5287669573643411
1 0.45972121285529716 0.4197553294573644 0.45972121285529716 0.45104570413436695 0.462749313630491 0.47224240956072355 0.47284298288113696 0.4873829134366925 0.4799085513565891 0.5015140503875969 0.48697411983204136 0.5136264534883721 0.49403968830749356 0.5055515180878553 0.4995912063953489 0.4934391149870801 0.511703609496124 0.45912063953488375 0.5147317102713178 0.45003633720930236 0.516750444121447 0.4338864664082687 0.5182644945090439 0.40360545865633074 0.5177598110465117 0.385436854005168 0.511703609496124 0.37635255167958653 0.5021146237080104 0.3682776162790698 0.49101158753229973 0.3824087532299742 0.48848817021963825 0.3874555878552972 0.4783945009689923 0.40158672480620156 0.4683008317183463 0.41470849483204136
1 0.5026193071705426 0.3420340762273902 0.511703609496124 0.3258842054263566 0.5207879118217055 0.3117530684754522 0.526844113372093 0.29964066537467704 0.5364330991602068 0.29257509689922484 0.5409752503229974 0.28450016149870805 0.5424893007105943 0.32184673772609823 0.5414799337855297 0.3420340762273902 0.5404705668604651 0.3531371124031008 0.5349190487726098 0.36625888242894056 0.5248253795219638 0.37332445090439276 0.5212925952842377 0.37332445090439276 0.5132176598837209 0.36625888242894056 0.5071614583333334 0.3591933139534884 0.5036286740956072 0.3561652131782946
1 0.5253300629844961 0.385436854005168 0.5404705668604651 0.3713057170542636 0.5500595526485789 0.3692869832041344 0.5606579053617571 0.37837128552971583 0.5667141069121447 0.3985586240310078 0.5682281572997416 0.41369912790697677 0.5652000565245477 0.4359052002583979 0.5601532218992248 0.45003633720930236 0.5551063872739018 0.4621487403100775 0.5429939841731266 0.45811127260981915 0.5283581637596899 0.45306443798449614 0.5217972787467701 0.44498950258397935 0.5217972787467701 0.42783026485788117 0.5217972787467701 0.41369912790697677 0.5223019622093024 0.40158672480620156
1 0.547031451873385 0.28450016149870805 0.5581344880490956 0.2824814276485788 0.5712562580749354 0.29055636304909566 0.5752937257751938 0.3107437015503876 0.5778171430878553 0.3369872416020672 0.5788265100129198 0.3541464793281654 0.5712562580749354 0.36524951550387597 0.5626766392118864 0.3713057170542636 0.5510689195736435 0.3642401485788114 0.547031451873385 0.3591933139534884 0.5460220849483204 0.3430434431524548 0.5485455022609819 0.3178092700258398 0.5485455022609819 0.29964066537467704
1 0.5546017038113695 0.20274144056847546 0.5677234738372093 0.21182574289405687 0.5778171430878553 0.2199006782945737 0.5863967619509044 0.22898498062015507 0.5914435965762274 0.24210675064599485 0.5843780281007752 0.25825662144702843 0.5788265100129198 0.26935965762273906 0.5707515746124031 0.27238775839793283 0.5596485384366925 0.27137839147286824 0.5485455022609819 0.27137839147286824 0.5434986676356589 0.27036902454780365 0.5445080345607235 0.24311611757105944 0.5455174014857881 0.22595687984496127 0.5490501857235143 0.21485384366925067
1 0.5207879118217055 0.1492449935400517 0.5273487968346253 0.1401606912144703 0.5379471495478036 0.1351138565891473 0.5450127180232558 0.1391513242894057 0.5510689195736435 0.1886103036175711 0.5490501857235143 0.20274144056847546 0.5434986676356589 0.21687257751937986 0.5394611999354005 0.22797561369509045 0.5303768976098191 0.21586321059431526 0.5243206960594315 0.20778827519379847 0.523311329134367 0.1886103036175711 0.523311329134367 0.1684229651162791
1 0.5495548691860465 0.12905765503875968 0.5556110707364341 0.1189639857881137 0.5662094234496123 0.10786094961240311 0.5742843588501292 0.10483284883720932 0.5959857477390181 0.1270389211886305 0.6015372658268734 0.17346979974160212 0.6010325823643411 0.19264777131782948 0.5980044815891473 0.21485384366925067 0.5949763808139535 0.22595687984496127 0.5682281572997416 0.2037508074935401 0.5586391715116279 0.1946665051679587 0.5510689195736435 0.1401606912144703
1 0.5687328407622739 0.025092861757105955 0.5778171430878553 0.030139696382428954 0.5757984092377261 0.05638323643410854 0.5692375242248062 0.07152374031007754 0.5611625888242894 0.06546753875968993 0.5576298045865633 0.05840197028423774 0.5616672722868217 0.03922399870801035
1 0.5596485384366925 0.07455184108527133 0.5697422076873385 0.08363614341085272 0.5702468911498708 0.09675791343669253 0.5535923368863049 0.11189841731266152 0.547031451873385 0.1230014534883721 0.5490501857235143 0.10483284883720932 0.5546017038113695 0.08868297803617571
1 0.48848817021963825 0.5206920219638244 0.4975724725452197 0.5126170865633075 0.5021146237080104 0.5176639211886306 0.5051427244832042 0.5277575904392765 0.5071614583333334 0.5580385981912145 0.5096848756459949 0.5762072028423773 0.5051427244832042 0.5883196059431525 0.496563105620155 0.6024507428940569 0.491516270994832 0.6125444121447029 0.4839460190568476 0.5933664405684754 0.4773851340439277 0.5661135335917312 0.4783945009689923 0.5509730297157623 0.48344133559431524 0.5358325258397932
1 0.5197785448966409 0.4621487403100775 0.5298722141472868 0.46013000645994834 0.550564236111111 0.47022367571059437 0.5616672722868217 0.4833454457364341 0.5641906895994832 0.4964672157622739 0.5601532218992248 0.5136264534883721 0.5424893007105943 0.5166545542635659 0.5238160125968992 0.521701388888889 0.511703609496124 0.5257388565891473 0.5051427244832042 0.5045421511627907 0.5122082929586563 0.48132671188630494 0.5152363937338501 0.4671955749354005
1 0.5863967619509044 0.26935965762273906 0.6050700500645995 0.2683502906976744 0.6121356185400516 0.27036902454780365 0.6181918200904393 0.29257509689922484 0.6202105539405685 0.30771560077519383 0.6207152374031008 0.32083737080103364 0.6181918200904393 0.3309310400516796 0.6116309350775194 0.34708091085271325 0.6040606831395349 0.360202680878553 0.5964904312015503 0.3622214147286822 0.5863967619509044 0.3531371124031008 0.5833686611757106 0.3339591408268734 0.5778171430878553 0.30065003229974163 0.5773124596253231 0.2885376291989664 0.5803405604005168 0.2804626937984496
1 0.6030513162144703 0.22292877906976746 0.6096122012273902 0.22191941214470287 0.612640302002584 0.24311611757105944 0.6146590358527132 0.26128472222222227 0.6020419492894057 0.2592659883720931 0.5909389131136951 0.26229408914728686 0.597499798126615 0.24008801679586567
1 0.5783218265503877 0.013989825581395362 0.592452963501292 0.031149063307493553 0.6096122012273902 0.03720526485788115 0.6232386547157623 0.023074127906976757 0.6323229570413437 0.008942990956072365 0.6156684027777778 0.007933624031007764 0.6000232154392765 0.009952357881136964 0.5848827115633075 0.009952357881136964
1 0.5838733446382429 0.03720526485788115 0.6030513162144703 0.04225209948320415 0.6101168846899224 0.06647690568475453 0.6101168846899224 0.09372981266149871 0.6065841004521964 0.1038234819121447 0.597499798126615 0.11189841731266152 0.5838733446382429 0.09776728036175712 0.5783218265503877 0.08969234496124033 0.5747890423126615 0.07051437338501293 0.5798358769379844 0.06042070413436693 0.5813499273255814 0.04628956718346255
1 0.5995185319767442 0.12199208656330751 0.6121356185400516 0.10685158268733852 0.6323229570413437 0.1381419573643411 0.6262667554909561 0.1886103036175711 0.6106215681524548 0.20980700904392768 0.6055747335271318 0.1785166343669251 0.6015372658268734 0.1401606912144703
1 0.637874475129199 0.1381419573643411 0.6439306766795866 0.1401606912144703 0.6494821947674418 0.18558220284237728 0.6474634609173127 0.19567587209302328 0.6388838420542636 0.19769460594315247 0.6323229570413437 0.1886103036175711 0.6313135901162791 0.1694323320413437 0.632827640503876 0.1522730943152455
1 0.6121356185400516 0.04326146640826875 0.6257620720284237 0.029130329457364355 0.6383791585917312 0.026102228682170558 0.6525102955426356 0.03720526485788115 0.6565477632428941 0.05840197028423774 0.6590711805555556 0.08060804263565892 0.6449400436046512 0.1280482881136951 0.6333323239664083 0.1230014534883721 0.6192011870155039 0.09978601421188632 0.6146590358527132 0.08868297803617571
1 0.6439306766795866 0.006924257105943166 0.6474634609173127 0.026102228682170558 0.6560430797803617 0.029130329457364355 0.6666666666666666 0.02105539405684756 0.6666666666666666 0.007933624031007764 0.6666666666666666 0.005914890180878567 0.6525102955426356 0.006924257105943166
1 0.4264121043281654 0.5984132751937985 0.43297298934108525 0.5782259366925065 0.4571977955426357 0.5671229005167958 0.4683008317183463 0.564094799741602 0.47486171673126615 0.5842821382428941 0.48243196866925064 0.6135537790697675 0.482936652131783 0.6226380813953488 0.4713289324935401 0.6377785852713178 0.457702479005168 0.6519097222222222 0.442561975129199 0.6418160529715763 0.43044957202842377 0.6236474483204134
1 0.36635477228682173 0.6337411175710594 0.37947654231266154 0.6367692183462532 0.3976451469638243 0.6266755490956072 0.4052153989018088 0.6095163113695091 0.4117762839147287 0.6074975775193798 0.42035590277777773 0.6105256782945737 0.4284308381782946 0.6327317506459949 0.4370104570413437 0.6529190891472868 0.4501322270671835 0.6670502260981913 0.45215096091731266 0.6973312338501292 0.4496275436046511 0.720546673126615 0.44760880975452194 0.7326590762273901 0.43852450742894056 0.7306403423772609 0.4269167877906977 0.7316497093023256 0.41732780200258396 0.7387152777777778 0.4062247658268734 0.7538557816537468 0.4006732477390181 0.765968184754522 0.39562641311369506 0.7750524870801034 0.3905795784883721 0.771015019379845 0.38300932655038755 0.740734011627907 0.3693828730620155 0.7175185723514211 0.36585008882428943 0.6832000968992248 0.3653454053617571 0.6509003552971576 0.36635477228682173 0.6448441537467701
1 0.457702479005168 0.665031492248062 0.4713289324935401 0.6488816214470284 0.4849553859819122 0.6337411175710594 0.4920209544573644 0.624656815245478 0.5061520914082688 0.6307130167958657 0.5192738614341085 0.6488816214470284 0.5132176598837209 0.6771438953488372 0.5137223433462532 0.7064155361757106 0.5157410771963824 0.7235747739018087 0.5101895591085271 0.7316497093023256 0.4975724725452197 0.7316497093023256 0.4788991844315245 0.7286216085271318 0.46224463016795864 0.7255935077519381 0.45820716246770027 0.7215560400516795 0.4556837451550388 0.6973312338501292
1 0.34162528262273906 0.7700056524547804 0.35121426841085274 0.7498183139534884 0.36080325419896636 0.735687177002584 0.366859455749354 0.7316497093023256 0.3724109738372093 0.7397246447028424 0.3789718588501292 0.7528464147286821 0.3835140100129199 0.7700056524547804 0.38654211078811374 0.7821180555555555 0.37998122577519383 0.7972585594315246 0.3693828730620155 0.8043241279069768 0.3587845203488372 0.8053334948320413 0.34919553456072355 0.7912023578811369 0.3441486999354006 0.7800993217054263
1 0.23665112241602068 0.8558018410852714 0.25128694282945735 0.8325864018087855 0.2684461805555556 0.8245114664082688 0.28207263404392763 0.8245114664082688 0.29115693636950907 0.8386426033591731 0.29368035368217055 0.8547924741602068 0.2886335190568476 0.8689236111111112 0.28459605135658916 0.8901203165374677 0.2830820009689922 0.9022327196382429 0.26642744670542634 0.9032420865633074 0.25027757590439276 0.9022327196382429 0.24422137435400518 0.899204618863049 0.23967922319121449 0.8769985465116279
1 0.30276465600775193 0.771015019379845 0.311344274870801 0.7679869186046512 0.3249707283591731 0.7720243863049095 0.3360737645348837 0.7770712209302326 0.34364401647286824 0.7972585594315246 0.35525173611111116 0.8123990633074936 0.35070958494832044 0.8356145025839794 0.3461674337855298 0.8547924741602068 0.3259800952842377 0.8517643733850129 0.3128583252583979 0.841670704134367 0.3037740229328166 0.8356145025839794 0.296203770994832 0.8335957687338501 0.28510073481912146 0.8154271640826875 0.29468972060723514 0.79624919250646
1 0.5662094234496123 0.3824087532299742 0.5783218265503877 0.3682776162790698 0.592452963501292 0.3682776162790698 0.5964904312015503 0.37635255167958653 0.5919482800387597 0.40360545865633074 0.5818546107881136 0.4056241925064599 0.5747890423126615 0.4056241925064599
1 0.29973655523255816 0.841670704134367 0.3118489583333333 0.8497456395348837 0.32093326065891475 0.8588299418604651 0.3360737645348837 0.8648861434108528 0.34869085109819126 0.8699329780361756 0.36181262112403106 0.8780079134366926 0.36887818959948326 0.8870922157622739 0.3678688226744186 0.899204618863049 0.3426346495478036 0.899204618863049 0.32396136143410853 0.8981952519379846 0.3118489583333333 0.882045381136951 0.29872718830749356 0.8689236111111112 0.2982225048449612 0.8588299418604651
1 0.2891382025193799 0.8961765180878554 0.30781149063307495 0.9012233527131782 0.3174004764211886 0.9002139857881137 0.3032693394702842 0.8850734819121447 0.29368035368217055 0.873970445736434
1 0.3527283187984496 0.8598393087855297 0.3597938872739019 0.8679142441860465 0.3714016069121447 0.866904877260982 0.3825046430878553 0.8547924741602068 0.39562641311369506 0.8356145025839794 0.40773881621447033 0.8335957687338501 0.41732780200258396 0.8285489341085271 0.4218699531653747 0.8275395671834626 0.43095425549095606 0.7982679263565892 0.41631843507751937 0.7901929909560724 0.40572008236434104 0.7700056524547804 0.3991591973514212 0.781108688630491 0.3895702115633075 0.7942304586563308 0.3860374273255814 0.8033147609819121 0.37947654231266154 0.8113896963824289 0.3698875565245478 0.8144177971576227 0.36282198804909555 0.8224927325581395 0.3582798368863049 0.8346051356589147 0.3547470526485788 0.8487362726098192
1 0.3749343911498708 0.8840641149870802 0.3840186934754522 0.8638767764857881 0.4001685642764858 0.8457081718346253 0.41581375161498707 0.8406613372093023 0.42237463662790703 0.841670704134367 0.43044957202842377 0.8588299418604651 0.4354964066537468 0.873970445736434 0.4420572916666667 0.8840641149870802 0.4435713420542636 0.8951671511627907 0.42994488856589147 0.8961765180878554 0.4142997012273902 0.8961765180878554 0.3996638808139535 0.8961765180878554 0.3789718588501292 0.899204618863049 0.37442970768733846 0.899204618863049
1 0.41026223352713176 0.760921350129199 0.41732780200258396 0.7498183139534884 0.42742147125323 0.740734011627907 0.4400385578165375 0.740734011627907 0.4430666585917313 0.7528464147286821 0.4370104570413437 0.7821180555555555 0.432468305878553 0.7932210917312661 0.42035590277777773 0.7841367894056849 0.4127856508397933 0.7740431201550387
1 0.4506369105297157 0.7467902131782945 0.45820716246770027 0.7346778100775194 0.4713289324935401 0.735687177002584 0.4844507025193798 0.7397246447028424 0.496563105620155 0.7417433785529716 0.5086755087209303 0.7437621124031008 0.511703609496124 0.7578932493540051 0.5091801921834626 0.7901929909560724 0.5076661417958657 0.7982679263565892 0.4975724725452197 0.806342861757106 0.4935350048449612 0.8144177971576227 0.4839460190568476 0.8396519702842378 0.47435703326873385 0.8527737403100776 0.4617399467054264 0.8608486757105943 0.45316032784237725 0.8709423449612403 0.4471041262919897 0.873970445736434 0.4344870397286822 0.8527737403100776 0.4289355216408269 0.8315770348837209 0.4344870397286822 0.8103803294573644 0.442561975129199 0.7871648901808785 0.44609475936692505 0.7669775516795866 0.4471041262919897 0.755874515503876
1 0.4506369105297157 0.8961765180878554 0.47183361595607237 0.8941577842377261 0.5051427244832042 0.8971858850129198 0.5182644945090439 0.8961765180878554 0.5217972787467701 0.8840641149870802 0.5207879118217055 0.8638767764857881 0.5197785448966409 0.8386426033591731 0.5197785448966409 0.8144177971576227 0.5132176598837209 0.8033147609819121 0.5076661417958657 0.8073522286821705 0.5006005733204134 0.8194646317829458 0.4945443717700258 0.8366238695090439 0.4854600694444444 0.8507550064599484 0.47284298288113696 0.8638767764857881 0.462749313630491 0.8729610788113695 0.45316032784237725 0.8840641149870802
1 0.5026193071705426 0.6085069444444445 0.5106942425710594 0.5873102390180879 0.5182644945090439 0.5893289728682171 0.526844113372093 0.6004320090439277 0.533404998385013 0.6155725129198967 0.5293675306847545 0.6276849160206718 0.5253300629844961 0.6327317506459949 0.5187691779715763 0.6377785852713178 0.5122082929586563 0.6266755490956072
1 0.5127129764211886 0.5570292312661499 0.5132176598837209 0.5358325258397932 0.523311329134367 0.5287669573643411 0.5394611999354005 0.5277575904392765 0.5540970203488372 0.5227107558139535 0.562171955749354 0.5247294896640827 0.5707515746124031 0.5368418927648578 0.5712562580749354 0.5600573320413437 0.572265625 0.5812540374677003 0.5657047399870802 0.5933664405684754 0.5551063872739018 0.5984132751937985 0.5399658833979328 0.6125444121447029 0.5339096818475452 0.5984132751937985 0.5273487968346253 0.5873102390180879 0.5192738614341085 0.5802446705426357 0.5157410771963824 0.5741884689922481
1 0.5606579053617571 0.4651768410852713 0.567218790374677 0.4873829134366925 0.5909389131136951 0.4692143087855298 0.6080981508397932 0.4571019056847545 0.612640302002584 0.4480176033591732 0.6065841004521964 0.4348958333333333 0.5985091650516796 0.42379279715762275 0.5929576469638244 0.4126897609819122 0.5793311934754523 0.41672722868217055 0.5717609415374677 0.42883963178294576 0.5682281572997416 0.45003633720930236
1 0.5682281572997416 0.5166545542635659 0.5692375242248062 0.49949531653746776 0.580845243863049 0.48940164728682173 0.5884154958010336 0.48132671188630494 0.6065841004521964 0.4661862080103359 0.6161730862403101 0.46113937338501293 0.6257620720284237 0.4631581072351421 0.6333323239664083 0.4772892441860465 0.6303042231912145 0.4954578488372093 0.6287901728036176 0.5025234173126615 0.6146590358527132 0.5075702519379846 0.606079416989664 0.5176639211886306 0.5919482800387597 0.5227107558139535 0.5793311934754523 0.5277575904392765
1 0.5783218265503877 0.5398699935400517 0.5934623304263565 0.5358325258397932 0.6161730862403101 0.5237201227390181 0.6287901728036176 0.5227107558139535 0.6338370074289406 0.5317950581395349 0.6393885255167958 0.5540011304909561 0.6439306766795866 0.5741884689922481 0.6434259932170543 0.5832727713178295 0.632827640503876 0.5822634043927649 0.6242480216408269 0.5792353036175711 0.612640302002584 0.5852915051679587 0.602546632751938 0.59437580749354 0.5954810642764857 0.6095163113695091 0.5929576469638244 0.6175912467700259 0.5863967619509044 0.6135537790697675 0.5778171430878553 0.6034601098191215 0.5752937257751938 0.5933664405684754 0.5752937257751938 0.5671229005167958
1 0.5434986676356589 0.619609980620155 0.562171955749354 0.6014413759689923 0.5702468911498708 0.5974039082687338 0.5768077761627907 0.6135537790697675 0.5863967619509044 0.624656815245478 0.5879108123385013 0.6317223837209303 0.582359294250646 0.6488816214470284 0.5768077761627907 0.654937822997416 0.5682281572997416 0.6478722545219638 0.5591438549741602 0.6337411175710594 0.550564236111111 0.6256661821705426
1 0.523311329134367 0.6458535206718347 0.5344143653100776 0.6357598514211886 0.5399658833979328 0.6317223837209303 0.5535923368863049 0.6428254198966409 0.563686006136951 0.6559471899224806 0.5712562580749354 0.6660408591731266 0.5702468911498708 0.6852188307493541 0.5631813226744186 0.6943031330749355 0.5535923368863049 0.7074249031007752 0.5429939841731266 0.7306403423772609 0.5364330991602068 0.7306403423772609 0.5228066456718347 0.7215560400516795 0.5182644945090439 0.6963218669250647 0.5197785448966409 0.6731064276485789
1 0.5182644945090439 0.7336684431524548 0.5308815810723514 0.7387152777777778 0.5414799337855297 0.7427527454780362 0.5440033510981912 0.7649588178294574 0.5460220849483204 0.7821180555555555 0.5399658833979328 0.7901929909560724 0.5283581637596899 0.7972585594315246 0.5217972787467701 0.8002866602067183 0.5152363937338501 0.7932210917312661 0.5157410771963824 0.7780805878552971 0.5177598110465117 0.7518370478036176
1 0.5278534802971576 0.8083615956072352 0.541984617248062 0.8002866602067183 0.5551063872739018 0.7922117248062016 0.5657047399870802 0.7932210917312661 0.5747890423126615 0.8043241279069768 0.5828639777131783 0.813408430232558 0.587406128875969 0.8235020994832042 0.5909389131136951 0.8396519702842378 0.5869014454134367 0.8517643733850129 0.5838733446382429 0.8638767764857881 0.580845243863049 0.8780079134366926 0.5788265100129198 0.8850734819121447 0.5707515746124031 0.8951671511627907 0.5525829699612403 0.8941577842377261 0.5404705668604651 0.8921390503875969 0.5308815810723514 0.8881015826873385 0.5273487968346253 0.8830547480620154 0.5258347464470284 0.8699329780361756 0.523311329134367 0.84671753875969 0.523311329134367 0.8325864018087855 0.5238160125968992 0.8194646317829458
1 0.6141543523901809 0.21788194444444445 0.6237433381782945 0.20173207364341086 0.6287901728036176 0.1987039728682171 0.6353510578165374 0.2037508074935401 0.6353510578165374 0.22494751291989667 0.6318182735788114 0.24715358527131784 0.6292948562661499 0.25825662144702843 0.6227339712532299 0.2592659883720931 0.6192011870155039 0.25522852067183466 0.6171824531653747 0.24210675064599485
1 0.6197058704780362 0.27238775839793283 0.6262667554909561 0.26431282299741604 0.632827640503876 0.2733971253229974 0.6358557412790697 0.294593830749354 0.6323229570413437 0.3036781330749354 0.6267714389534883 0.30468750000000006
1 0.6550337128552971 0.19769460594315247 0.6666666666666666 0.21081637596899228 0.6666666666666666 0.22191941214470287 0.6666666666666666 0.24412548449612406 0.6666666666666666 0.2663315568475452 0.6666666666666666 0.2814720607235142 0.6666666666666666 0.29257509689922484 0.6585664970930233 0.294593830749354 0.641407259366925 0.29257509689922484 0.6353510578165374 0.26532218992248063 0.6353510578165374 0.25119105297157623 0.6409025759043928 0.22393814599483208 0.642921309754522 0.20980700904392768 0.6504915616925064 0.2047601744186047
1 0.6217246043281653 0.3369872416020672 0.6353510578165374 0.3561652131782946 0.6494821947674418 0.37635255167958653 0.6555383963178295 0.380390019379845 0.6570524467054263 0.4066335594315245 0.6535196624677003 0.42783026485788117 0.6474634609173127 0.44700823643410853 0.6398932089793282 0.45912063953488375 0.6353510578165374 0.4692143087855298 0.627780805878553 0.4550831718346253 0.6207152374031008 0.45104570413436695 0.6161730862403101 0.4389333010335918 0.6065841004521964 0.4177365956072352 0.5995185319767442 0.40461482558139533 0.5995185319767442 0.3874555878552972 0.6050700500645995 0.3692869832041344 0.6166777697028424 0.35515584625323
1 0.6272761224160207 0.3188186369509044 0.6348463743540051 0.3087249677002584 0.6449400436046512 0.29964066537467704 0.6641180151808785 0.29964066537467704 0.6666666666666666 0.3016593992248062 0.6666666666666666 0.3339591408268734 0.6666666666666666 0.3420340762273902 0.6666666666666666 0.3511183785529716 0.6585664970930233 0.370296350129199 0.6504915616925064 0.36524951550387597 0.6373697916666666 0.34809027777777785 0.627780805878553 0.334968507751938
1 0.6585664970930233 0.03821463178294575 0.6666666666666666 0.030139696382428954 0.6666666666666666 0.02105539405684756 0.6666666666666666 0.013989825581395362 0.6666666666666666 0.022064760981912155 0.6666666666666666 0.04326146640826875 0.6666666666666666 0.06647690568475453 0.6666666666666666 0.06647690568475453 0.6666666666666666 0.06445817183462534 0.6651273821059431 0.06243943798449614 0.6600805474806202 0.05234576873385014
1 0.6666666666666666 0.07556120801033593 0.6666666666666666 0.07354247416020673 0.6666666666666666 0.07556120801033593 0.6666666666666666 0.08767361111111112 0.6666666666666666 0.10987968346253231 0.6666666666666666 0.14419815891472867 0.6666666666666666 0.1795260012919897 0.6666666666666666 0.19769460594315247 0.6666666666666666 0.2047601744186047 0.6666666666666666 0.19971333979328168 0.6590711805555556 0.1896196705426357 0.6550337128552971 0.1694323320413437 0.6489775113049095 0.1351138565891473 0.6570524467054263 0.10483284883720932 0.6641180151808785 0.08767361111111112
1 0.6666666666666666 0.008942990956072365 0.6666666666666666 0.020046027131782957 0.6666666666666666 0.013989825581395362 0.6666666666666666 0.007933624031007764 0.6666666666666666 0.0049055232558139665
1 0.6666666666666666 0.028120962532299756 0.6666666666666666 0.022064760981912155 0.6666666666666666 0.02408349483204136 0.6666666666666666 0.03619589793281655 0.6666666666666666 0.06143007105943154 0.6666666666666666 0.08161740956072353 0.6666666666666666 0.08565487726098192 0.6666666666666666 0.09070171188630492 0.6666666666666666 0.08161740956072353 0.6666666666666666 0.06950500645994832 0.6666666666666666 0.05436450258397934
1 0.6666666666666666 0.09574854651162791 0.6666666666666666 0.09272044573643412 0.6666666666666666 0.1108890503875969 0.6666666666666666 0.12905765503875968 0.6666666666666666 0.1482356266149871 0.6666666666666666 0.16438549741602068 0.6666666666666666 0.18659156976744187 0.6666666666666666 0.2087976421188631 0.6666666666666666 0.2340318152454781 0.6666666666666666 0.24311611757105944 0.6666666666666666 0.23907864987080107 0.6666666666666666 0.23806928294573645 0.6666666666666666 0.22797561369509045 0.6666666666666666 0.2047601744186047 0.6666666666666666 0.19264777131782948 0.6666666666666666 0.1694323320413437 0.6666666666666666 0.13612322351421188 0.6666666666666666 0.1159358850129199
1 0.6666666666666666 0.009952357881136964 0.6666666666666666 0.033167797157622754 0.6666666666666666 0.06243943798449614 0.6666666666666666 0.07253310723514213 0.6666666666666666 0.06445817183462534 0.6666666666666666 0.06143007105943154 0.6666666666666666 0.06143007105943154 0.6666666666666666 0.05234576873385014 0.6666666666666666 0.03518653100775195 0.6666666666666666 0.02408349483204136 0.6666666666666666 0.011289769056847981 0.6666666666666666 0.008942990956072365 0.6666666666666666 0.010961724806201563 0.6666666666666666 0.008942990956072365
1 0.6666666666666666 0.20980700904392768 0.6666666666666666 0.21182574289405687 0.6666666666666666 0.2087976421188631 0.6666666666666666 0.2188913113695091 0.6666666666666666 0.21788194444444445 0.6666666666666666 0.22393814599483208 0.6666666666666666 0.23201308139534885 0.6666666666666666 0.22898498062015507
1 0.6620992813307494 0.42278343023255816 0.6666666666666666 0.42076469638242897 0.6666666666666666 0.4197553294573644 0.6666666666666666 0.42984899870801035 0.6666666666666666 0.440952034883721 0.6666666666666666 0.45306443798449614 0.6666666666666666 0.4631581072351421 0.6666666666666666 0.47325177648578814 0.6666666666666666 0.4853641795865633 0.6666666666666666 0.48839228036175714 0.6636133317183462 0.47527051033591733 0.6550337128552971 0.4661862080103359 0.6545290293927649 0.44902697028423777 0.6555383963178295 0.4359052002583979
1 0.6403978924418604 0.4682049418604652 0.6469587774547804 0.46013000645994834 0.6494821947674418 0.47022367571059437 0.6434259932170543 0.4772892441860465
1 0.6383791585917312 0.48940164728682173 0.6535196624677003 0.48233607881136953 0.6651273821059431 0.4944484819121447 0.6666666666666666 0.5005046834625323 0.6666666666666666 0.5227107558139535 0.6666666666666666 0.5439074612403101 0.6666666666666666 0.5540011304909561 0.6666666666666666 0.5610666989664083 0.6666666666666666 0.5701510012919897 0.6605852309431525 0.5711603682170543 0.6499868782299741 0.5731791020671835 0.641407259366925 0.5398699935400517 0.636360424741602 0.5156451873385013
1 0.6666666666666666 0.34809027777777785 0.6666666666666666 0.34809027777777785 0.6666666666666666 0.370296350129199 0.6666666666666666 0.385436854005168 0.6666666666666666 0.40057735788113696 0.6666666666666666 0.4096616602067184 0.6666666666666666 0.4096616602067184 0.6626039647932817 0.40360545865633074 0.6610899144056848 0.385436854005168 0.6666666666666666 0.3672682493540052 0.6666666666666666 0.360202680878553
1 0.6666666666666666 0.22999434754521966 0.6666666666666666 0.22595687984496127 0.6666666666666666 0.22595687984496127 0.6666666666666666 0.23100371447028425 0.6666666666666666 0.24715358527131784 0.6666666666666666 0.2602753552971577 0.6666666666666666 0.27238775839793283 0.6666666666666666 0.2744064922480621 0.6666666666666666 0.26431282299741604 0.6666666666666666 0.2522004198966408 0.6666666666666666 0.24210675064599485 0.6666666666666666 0.23705991602067186
1 0.6666666666666666 0.2834907945736434 0.6666666666666666 0.2986312984496124 0.6666666666666666 0.30569686692506465 0.6666666666666666 0.3238654715762274 0.6666666666666666 0.3339591408268734 0.6666666666666666 0.3359778746770026 0.6666666666666666 0.3228561046511628 0.6666666666666666 0.29964066537467704 0.6666666666666666 0.28954699612403106
1 0.6666666666666666 0.08464551033591733 0.6666666666666666 0.07455184108527133 0.6666666666666666 0.06950500645994832 0.6666666666666666 0.08060804263565892 0.6666666666666666 0.10281411498708011 0.6666666666666666 0.1209827196382429 0.6666666666666666 0.1452075258397933 0.6666666666666666 0.1532824612403101 0.6666666666666666 0.1553011950904393 0.6666666666666666 0.1391513242894057 0.6666666666666666 0.1230014534883721 0.6666666666666666 0.10987968346253231 0.6666666666666666 0.09574854651162791
1 0.6666666666666666 0.04225209948320415 0.6666666666666666 0.05537386950904394 0.6666666666666666 0.07757994186046513 0.6666666666666666 0.09675791343669253 0.6666666666666666 0.10281411498708011
1 0.6666666666666666 0.27238775839793283 0.6666666666666666 0.27036902454780365 0.6666666666666666 0.27945332687338503 0.6666666666666666 0.30771560077519383 0.6666666666666666 0.340015342377261 0.6666666666666666 0.37231508397932817 0.6666666666666666 0.390483688630491 0.6666666666666666 0.4066335594315245 0.6666666666666666 0.4187459625322998 0.6666666666666666 0.42581153100775193 0.6666666666666666 0.42984899870801035 0.6666666666666666 0.4187459625322998 0.6666666666666666 0.40158672480620156 0.6666666666666666 0.38644622093023256 0.6666666666666666 0.3824087532299742 0.6666666666666666 0.380390019379845 0.6666666666666666 0.35515584625323 0.6666666666666666 0.34607154392764855 0.6666666666666666 0.3339591408268734 0.6666666666666666 0.3117530684754522 0.6666666666666666 0.2976219315245478 0.6666666666666666 0.2834907945736434 0.6666666666666666 0.27844395994832044
1 0.6666666666666666 0.24917231912144708 0.6666666666666666 0.2522004198966408 0.6666666666666666 0.26229408914728686 0.6666666666666666 0.2834907945736434 0.6666666666666666 0.3026687661498708 0.6666666666666666 0.3228561046511628 0.6666666666666666 0.3339591408268734 0.6666666666666666 0.35010901162790703 0.6666666666666666 0.37231508397932817 0.6666666666666666 0.37736191860465124 0.6666666666666666 0.3632307816537468 0.6666666666666666 0.34405281007751937 0.6666666666666666 0.3238654715762274 0.6666666666666666 0.2976219315245478 0.6666666666666666 0.27238775839793283 0.6666666666666666 0.26532218992248063
1 0.6666666666666666 0.340015342377261 0.6666666666666666 0.3430434431524548 0.6666666666666666 0.34506217700258396 0.6666666666666666 0.3485444928940567 0.6666666666666666 0.40259609173126615 0.6666666666666666 0.4307422884366916 0.6666666666666666 0.44599886950904394 0.6666666666666666 0.44599886950904394 0.6666666666666666 0.4348958333333333 0.6666666666666666 0.42177406330749356 0.6666666666666666 0.40360545865633074 0.6666666666666666 0.38644622093023256 0.6666666666666666 0.370296350129199 0.6666666666666666 0.35717458010335923
1 0.6666666666666666 0.4389333010335918 0.6666666666666666 0.42883963178294576 0.6666666666666666 0.4268208979328165 0.6666666666666666 0.42984899870801035 0.6666666666666666 0.44498950258397935 0.6666666666666666 0.4631581072351421 0.6666666666666666 0.4762798772609819 0.6666666666666666 0.4914203811369509 0.6666666666666666 0.4772892441860465 0.6666666666666666 0.4641674741602067
1 0.6666666666666666 0.43287709948320413 0.6666666666666666 0.4480176033591732 0.6666666666666666 0.47224240956072355 0.6666666666666666 0.4873829134366925 0.6666666666666666 0.4924297480620155 0.6666666666666666 0.4944484819121447 0.6666666666666666 0.4762798772609819 0.6666666666666666 0.4560925387596899
1 0.6666666666666666 0.3925024224806202 0.6666666666666666 0.39956799095607237 0.6666666666666666 0.4197553294573644 0.6666666666666666 0.440952034883721 0.6666666666666666 0.4338864664082687 0.6666666666666666 0.42278343023255816 0.6666666666666666 0.41672722868217055 0.6666666666666666 0.40259609173126615
1 0.6666666666666666 0.5035327842377261 0.6666666666666666 0.4904110142118863 0.6666666666666666 0.4843548126614987 0.6666666666666666 0.4762798772609819 0.6666666666666666 0.4762798772609819 0.6666666666666666 0.4904110142118863 0.6666666666666666 0.49949531653746776 0.6666666666666666 0.5136264534883721 0.6666666666666666 0.5277575904392765 0.6666666666666666 0.5439074612403101 0.6666666666666666 0.5519823966408269 0.6666666666666666 0.5449168281653747 0.6666666666666666 0.5307856912144703 0.6666666666666666 0.5166545542635659
1 0.5964904312015503 0.624656815245478 0.606079416989664 0.6014413759689923 0.6202105539405685 0.5923570736434108 0.632827640503876 0.5883196059431525 0.6393885255167958 0.6034601098191215 0.6424166262919896 0.6236474483204134 0.641407259366925 0.6408066860465117 0.6308089066537468 0.6519097222222222 0.6232386547157623 0.6579659237726098 0.6116309350775194 0.6418160529715763 0.6040606831395349 0.6327317506459949
1 0.5460220849483204 0.7427527454780362 0.5601532218992248 0.7144904715762275 0.5692375242248062 0.7074249031007752 0.5763030927002584 0.7144904715762275 0.5848827115633075 0.7296309754521965 0.5909389131136951 0.7377059108527132 0.5954810642764857 0.7548651485788115 0.5959857477390181 0.7790899547803618 0.597499798126615 0.7891836240310077 0.5914435965762274 0.8002866602067183 0.5853873950258398 0.8073522286821705 0.5747890423126615 0.7952398255813954 0.5667141069121447 0.7851461563307494 0.5535923368863049 0.781108688630491 0.550564236111111 0.7780805878552971 0.5495548691860465 0.765968184754522 0.5490501857235143 0.7518370478036176
1 0.5732749919250646 0.6983406007751939 0.5747890423126615 0.6761345284237726 0.5783218265503877 0.6660408591731266 0.5858920784883721 0.649890988372093 0.5949763808139535 0.6397973191214471 0.5985091650516796 0.6387879521963825 0.606079416989664 0.6438347868217055 0.6131449854651163 0.6579659237726098 0.6202105539405685 0.6660408591731266 0.6242480216408269 0.6821907299741602 0.6262667554909561 0.6983406007751939 0.6267714389534883 0.7074249031007752 0.617687136627907 0.7195373062015503 0.6096122012273902 0.7286216085271318 0.5985091650516796 0.735687177002584 0.5884154958010336 0.7215560400516795 0.580845243863049 0.7084342700258398
1 0.6666666666666666 0.45811127260981915 0.6666666666666666 0.45306443798449614 0.6666666666666666 0.45306443798449614 0.6666666666666666 0.47930797803617575 0.6666666666666666 0.5126170865633075 0.6666666666666666 0.5328044250645995 0.6666666666666666 0.5428980943152455 0.6666666666666666 0.5499636627906977 0.6666666666666666 0.5388606266149871 0.6666666666666666 0.5368418927648578 0.6666666666666666 0.5388606266149871 0.6666666666666666 0.5015140503875969 0.6666666666666666 0.48233607881136953 0.6666666666666666 0.47224240956072355
1 0.6666666666666666 0.5731791020671835 0.6666666666666666 0.5600573320413437 0.6666666666666666 0.5439074612403101 0.6666666666666666 0.5277575904392765 0.6666666666666666 0.5126170865633075 0.6666666666666666 0.5015140503875969 0.6666666666666666 0.4964672157622739 0.6666666666666666 0.49848594961240317 0.6666666666666666 0.5196826550387598 0.6666666666666666 0.5428980943152455 0.6666666666666666 0.5600573320413437 0.6666666666666666 0.5852915051679587 0.6666666666666666 0.6115350452196383 0.6666666666666666 0.6216287144702842 0.6666666666666666 0.6327317506459949 0.6666666666666666 0.6408066860465117 0.6666666666666666 0.6428254198966409 0.6666666666666666 0.6397973191214471 0.6666666666666666 0.6206193475452196 0.6666666666666666 0.5933664405684754
1 0.647968144379845 0.5863008720930233 0.6600805474806202 0.5812540374677003 0.6666666666666666 0.5802446705426357 0.6666666666666666 0.5762072028423773 0.6666666666666666 0.5802446705426357 0.6666666666666666 0.5994226421188631 0.6666666666666666 0.6266755490956072 0.6666666666666666 0.6418160529715763 0.6666666666666666 0.6529190891472868 0.6666666666666666 0.6559471899224806 0.6666666666666666 0.6620033914728682 0.6570524467054263 0.6448441537467701 0.6489775113049095 0.6357598514211886 0.6459494105297158 0.6135537790697675 0.6444353601421189 0.5994226421188631
1 0.6272761224160207 0.6660408591731266 0.6373697916666666 0.654937822997416 0.6469587774547804 0.649890988372093 0.6499868782299741 0.6488816214470284 0.6545290293927649 0.649890988372093 0.6605852309431525 0.6630127583979328 0.6636133317183462 0.6731064276485789 0.6656320655684754 0.6932937661498708 0.6565477632428941 0.7043968023255814 0.651500928617571 0.7144904715762275 0.6474634609173127 0.7195373062015503 0.6368651082041343 0.705406169250646 0.6313135901162791 0.7013687015503876 0.6292948562661499 0.6832000968992248
1 0.6000232154392765 0.7437621124031008 0.6121356185400516 0.7366965439276486 0.617687136627907 0.7286216085271318 0.6252573885658915 0.720546673126615 0.6318182735788114 0.7124717377260982 0.637874475129199 0.7165092054263567 0.6459494105297158 0.7266028746770026 0.6484728278423773 0.7346778100775194 0.6469587774547804 0.7538557816537468 0.6398932089793282 0.7720243863049095 0.6348463743540051 0.7861555232558141 0.6303042231912145 0.7901929909560724 0.6151637193152455 0.7891836240310077 0.6055747335271318 0.7851461563307494 0.6005278989018088 0.7689962855297158
1 0.5914435965762274 0.813408430232558 0.5995185319767442 0.8012960271317829 0.6040606831395349 0.7952398255813954 0.6096122012273902 0.79624919250646 0.6186965035529716 0.7982679263565892 0.6297995397286822 0.7972585594315246 0.6333323239664083 0.7992772932816538 0.6348463743540051 0.8184552648578811 0.6338370074289406 0.8295583010335917 0.6242480216408269 0.8396519702842378 0.6161730862403101 0.8558018410852714 0.607593467377261 0.84671753875969 0.5959857477390181 0.8436894379844961 0.5944716973514211 0.8275395671834626
1 0.5929576469638244 0.8507550064599484 0.6005278989018088 0.856811208010336 0.6096122012273902 0.8638767764857881 0.6131449854651163 0.8800266472868218 0.6121356185400516 0.8931484173126615 0.6055747335271318 0.899204618863049 0.5959857477390181 0.8981952519379846 0.5853873950258398 0.8881015826873385 0.5894248627260982 0.8709423449612403
1 0.6525102955426356 0.720546673126615 0.6620992813307494 0.7074249031007752 0.6666666666666666 0.7043968023255814 0.6666666666666666 0.7255935077519381 0.6666666666666666 0.7306403423772609 0.6610899144056848 0.7306403423772609 0.6540243459302325 0.7336684431524548
1 0.6666666666666666 0.6771438953488372 0.6666666666666666 0.665031492248062 0.6666666666666666 0.6579659237726098 0.6666666666666666 0.6559471899224806 0.6666666666666666 0.6660408591731266 0.6666666666666666 0.6832000968992248 0.6666666666666666 0.6912750322997416 0.6666666666666666 0.7023780684754523 0.6666666666666666 0.7195373062015503 0.6666666666666666 0.7336684431524548 0.6666666666666666 0.7427527454780362 0.6666666666666666 0.7397246447028424 0.6666666666666666 0.7296309754521965 0.6666666666666666 0.7023780684754523 0.6666666666666666 0.6872375645994833
1 0.6666666666666666 0.5863008720930233 0.6666666666666666 0.6004320090439277 0.6666666666666666 0.6175912467700259 0.6666666666666666 0.6367692183462532 0.6666666666666666 0.6478722545219638 0.6666666666666666 0.6559471899224806 0.6666666666666666 0.6478722545219638 0.6666666666666666 0.6438347868217055 0.6666666666666666 0.6286942829457365 0.6666666666666666 0.6135537790697675 0.6666666666666666 0.5994226421188631
1 0.6666666666666666 0.6509003552971576 0.6666666666666666 0.6509003552971576 0.6666666666666666 0.6529190891472868 0.6666666666666666 0.670078326873385 0.6666666666666666 0.6882469315245477 0.6666666666666666 0.6953125 0.6666666666666666 0.6932937661498708 0.6666666666666666 0.6862281976744186 0.6666666666666666 0.6690689599483205 0.6666666666666666 0.6589752906976745
1 0.6666666666666666 0.5499636627906977 0.6666666666666666 0.5449168281653747 0.6666666666666666 0.5489542958656332 0.6666666666666666 0.5580385981912145 0.6666666666666666 0.5792353036175711 0.6666666666666666 0.6054788436692506 0.6666666666666666 0.6135537790697675 0.6666666666666666 0.6145631459948321 0.6666666666666666 0.6085069444444445 0.6666666666666666 0.5893289728682171 0.6666666666666666 0.5671229005167958
1 0.6666666666666666 0.5610666989664083 0.6666666666666666 0.5489542958656332 0.6666666666666666 0.545672411406423 0.6666666666666666 0.5731791020671835 0.6666666666666666 0.6155725129198967 0.6666666666666666 0.6509003552971576 0.6666666666666666 0.6438347868217055 0.6666666666666666 0.6236474483204134 0.6666666666666666 0.6115350452196383 0.6666666666666666 0.5923570736434108 0.6666666666666666 0.5731791020671835
1 0.6666666666666666 0.6488816214470284 0.6666666666666666 0.6327317506459949 0.6666666666666666 0.6226380813953488 0.6666666666666666 0.6206193475452196 0.6666666666666666 0.6438347868217055 0.6666666666666666 0.6589752906976745 0.6666666666666666 0.6720970607235142 0.6666666666666666 0.6872375645994833 0.6666666666666666 0.6932937661498708 0.6666666666666666 0.6993499677002584 0.6666666666666666 0.7094436369509044 0.6666666666666666 0.7003593346253231 0.6666666666666666 0.6902656653746769 0.6666666666666666 0.675125161498708 0.6666666666666666 0.6609940245478036
1 0.6666666666666666 0.6953125 0.6666666666666666 0.705406169250646 0.6666666666666666 0.7276122416020673 0.6666666666666666 0.7599119832041343 0.6666666666666666 0.7589026162790699 0.6666666666666666 0.7417433785529716 0.6666666666666666 0.7245841408268734 0.6666666666666666 0.710453003875969
1 0.6666666666666666 0.7124717377260982 0.6666666666666666 0.7013687015503876 0.6666666666666666 0.710453003875969 0.6666666666666666 0.7215560400516795 0.6666666666666666 0.7417433785529716 0.6666666666666666 0.771015019379845 0.6666666666666666 0.7831274224806202 0.6666666666666666 0.7982679263565892 0.6666666666666666 0.8103803294573644 0.6666666666666666 0.8174458979328166 0.6666666666666666 0.8204739987080103 0.6666666666666666 0.8386426033591731 0.6666666666666666 0.8033147609819121 0.6666666666666666 0.7750524870801034 0.6666666666666666 0.7578932493540051 0.6666666666666666 0.7397246447028424 0.6666666666666666 0.7255935077519381
1 0.6666666666666666 0.7175185723514211 0.6666666666666666 0.7114623708010336 0.6666666666666666 0.7074249031007752 0.6666666666666666 0.7023780684754523 0.6666666666666666 0.7195373062015503 0.6666666666666666 0.7316497093023256 0.6666666666666666 0.7760618540051679 0.6666666666666666 0.7750524870801034 0.6666666666666666 0.7427527454780362
1 0.6666666666666666 0.6741157945736435 0.6666666666666666 0.6579659237726098 0.6666666666666666 0.6863695090439271 0.6666666666666666 0.7185279392764858 0.6666666666666666 0.6983406007751939 0.6666666666666666 0.6892562984496124
1 0.6545290293927649 0.7437621124031008 0.6661367490310077 0.7387152777777778 0.6666666666666666 0.7437621124031008 0.6666666666666666 0.7508276808785529 0.6666666666666666 0.7780805878552971 0.6666666666666666 0.8053334948320413 0.6666666666666666 0.8366238695090439 0.6666666666666666 0.8396519702842378 0.6595758640180879 0.8335957687338501 0.6459494105297158 0.821483365633075 0.6403978924418604 0.821483365633075 0.6388838420542636 0.8002866602067183 0.6464540939922481 0.7740431201550387 0.6509962451550387 0.760921350129199
1 0.6666666666666666 0.7538557816537468 0.6666666666666666 0.7508276808785529 0.6666666666666666 0.7477995801033592 0.6666666666666666 0.7589026162790699 0.6666666666666666 0.7679869186046512 0.6666666666666666 0.8002866602067183 0.6666666666666666 0.8285489341085271 0.6666666666666666 0.8376332364341086 0.6666666666666666 0.84671753875969 0.6666666666666666 0.8527737403100776 0.6666666666666666 0.8446988049095608 0.6666666666666666 0.8325864018087855 0.6666666666666666 0.8255208333333334 0.6666666666666666 0.7972585594315246 0.6666666666666666 0.7720243863049095
1 0.6393885255167958 0.8335957687338501 0.6525102955426356 0.8356145025839794 0.6620992813307494 0.8436894379844961 0.6636133317183462 0.8658955103359173 0.6615945978682171 0.8901203165374677 0.6590711805555556 0.8971858850129198 0.6409025759043928 0.8981952519379846 0.6282854893410853 0.8981952519379846 0.6166777697028424 0.899204618863049 0.6186965035529716 0.8709423449612403 0.621219920865633 0.8558018410852714 0.627780805878553 0.84671753875969
1 0.6666666666666666 0.8487362726098192 0.6666666666666666 0.8477269056847545 0.6666666666666666 0.873970445736434 0.6666666666666666 0.8931484173126615 0.6666666666666666 0.8951671511627907 0.6651273821059431 0.8951671511627907 0.6656320655684754 0.8830547480620154 0.66664143249354 0.8608486757105943
1 0.6666666666666666 0.8435844171483621 0.6666666666666666 0.85788475433526 0.6666666666666666 0.865411247591522 0.6666666666666666 0.8842274807321772 0.6666666666666666 0.8955172206165702 0.6666666666666666 0.8962698699421964 0.6666666666666666 0.8932592726396916 0.6666666666666666 0.8586374036608863
1 0.6666666666666666 0.8669165462427745 0.6666666666666666 0.8789589354527938 0.6666666666666666 0.8887433766859344 0.6666666666666666 0.8992804672447012 0.6666666666666666 0.9000331165703274 0.6666666666666666 0.9000331165703274 0.6666666666666666 0.9000331165703274 0.6666666666666666 0.8887433766859344
1 0.6666666666666666 0.7848777697495182 0.6666666666666666 0.7871357177263968 0.6666666666666666 0.7954148603082851 0.6666666666666666 0.8082098988439306 0.6666666666666666 0.8232628853564546 0.6666666666666666 0.828531430635838 0.6666666666666666 0.8330473265895953 0.6666666666666666 0.8179943400770712 0.6666666666666666 0.8044466522157996 0.6666666666666666 0.7931569123314065
1 0.6666666666666666 0.8413264691714835 0.6666666666666666 0.8337999759152215 0.6666666666666666 0.8684218448940269 0.6666666666666666 0.8879907273603083 0.6666666666666666 0.8684218448940269 0.6666666666666666 0.85788475433526
1 0.6666666666666666 0.8947645712909441 0.6666666666666666 0.8714324421965317 0.6666666666666666 0.85788475433526 0.6666666666666666 0.8586374036608863 0.6666666666666666 0.8744430394990365 0.6666666666666666 0.8902486753371868 0.6666666666666666 0.8962698699421964 0.6666666666666666 0.8977751685934489 0.6666666666666666 0.8977751685934489 0.6666666666666666 0.8970225192678226
1 0.6666666666666666 0.8601427023121387 0.6666666666666666 0.8496056117533718 0.6666666666666666 0.8428317678227359 0.6666666666666666 0.839068521194605 0.6666666666666666 0.8345526252408476 0.6666666666666666 0.8277787813102119 0.6666666666666666 0.8277787813102119 0.6666666666666666 0.8375632225433525 0.6666666666666666 0.8518635597302504 0.6666666666666666 0.8721850915221578 0.6666666666666666 0.8834748314065509 0.6666666666666666 0.8925066233140654 0.6666666666666666 0.8970225192678226 0.6666666666666666 0.8962698699421964 0.6666666666666666 0.8879907273603083
1 0.6666666666666666 0.824768184007707 0.6666666666666666 0.8134784441233139 0.6666666666666666 0.8164890414258187 0.6666666666666666 0.8315420279383429 0.6666666666666666 0.8435844171483621 0.6666666666666666 0.8511109104046243 0.6666666666666666 0.8518635597302504 0.6666666666666666 0.8465950144508669 0.6666666666666666 0.8375632225433525
