1 0.012307040662650648 0.001953125 0.019366528614457867 0.001953125 0.004659262048192808 0.001953125 0.0009765625 0.001953125 0.0009765625 0.001953125 0.0009765625 0.001953125
1 0.02819088855421692 0.001953125 0.04701618975903618 0.001953125 0.05525225903614461 0.001953125 0.059958584337349435 0.001953125 0.06231174698795183 0.001953125 0.06407661897590364 0.001953125 0.0499576430722892 0.001953125 0.03172063253012053 0.001953125 0.01289533132530124 0.001953125 0.011130459337349435 0.001953125
1 0.07584243222891568 0.001953125 0.10584525602409639 0.001953125 0.11761106927710846 0.001953125 0.10937500000000006 0.001953125 0.09113798945783136 0.001953125 0.07701901355421692 0.001953125 0.07231268825301207 0.001953125 0.055840549698795205 0.001953125 0.03466208584337352 0.001953125 0.01995481927710846 0.001953125 0.015836784638554258 0.001953125
1 0.08878482680722893 0.001953125 0.12172910391566266 0.001953125 0.1352597891566265 0.001953125 0.14761389307228917 0.01054216867469887 0.1499670557228916 0.036426957831325324 0.13820124246987953 0.06113516566265065 0.10349209337349402 0.05760542168674704 0.09466773343373497 0.03525037650602414 0.09172628012048195 0.001953125
1 0.12114081325301207 0.001953125 0.14114269578313254 0.001953125 0.16055628765060243 0.001953125 0.1752635542168675 0.001953125 0.18879423945783136 0.001953125 0.20056005271084337 0.001953125 0.20467808734939763 0.001953125 0.20114834337349402 0.001953125 0.1946771460843374 0.001953125 0.18585278614457834 0.001953125 0.16467432228915663 0.001953125 0.1487904743975904 0.001953125 0.13055346385542171 0.001953125
1 0.8023814006024096 0.13643637048192775 0.7770849021084337 0.17879329819277112 0.7682605421686747 0.19173569277108438 0.7694371234939759 0.22350338855421692 0.7817912274096386 0.25527108433734946 0.7970867846385542 0.2599774096385542 0.8153237951807228 0.2599774096385542 0.8317959337349397 0.25527108433734946 0.8459149096385541 0.21173757530120485 0.8488563629518071 0.1799698795180723 0.8382671310240963 0.15526167168674704 0.8247364457831325 0.13878953313253017
1 0.20467808734939763 0.001953125 0.22644484186746988 0.001953125 0.247035015060241 0.001953125 0.255859375 0.001953125 0.2582125376506024 0.0211314006024097 0.26115399096385544 0.06466490963855426 0.26468373493975905 0.0964326054216868 0.26468373493975905 0.11172816265060243 0.24409356174698799 0.14231927710843378 0.23409262048192775 0.16232115963855426 0.21291415662650603 0.08937311746987958 0.20526637801204822 0.07054781626506029 0.1993834713855422 0.01289533132530124 0.198206890060241 0.001953125
1 0.0010504201680671954 0.17830882352941174 0.0034826807228915957 0.15879141566265065 0.0084361869747899 0.15861344537815125 0.01701336596385547 0.1458490210843374 0.024661144578313282 0.1505553463855422 0.02054310993975908 0.1799698795180723 0.01418067226890754 0.18651523109243695 0.01348362198795186 0.21173757530120485 0.007012424698795233 0.21762048192771088 0.002306099397590411 0.21173757530120485
1 0.033485504518072334 0.28115587349397597 0.06231174698795183 0.2799792921686747 0.08937311746987953 0.29292168674698793 0.0740775602409639 0.32586596385542166 0.05937029367469884 0.35292733433734946 0.03583866716867473 0.33763177710843373 0.03230892319277112 0.2940982680722892
1 0.005247552710843401 0.41928058874152063 0.041133283132530146 0.42634007669332796 0.06525320030120485 0.4133976821150147 0.0823136295180723 0.41928058874152063 0.10408038403614461 0.4333995646451352 0.11996423192771088 0.42869323934393033 0.12937688253012053 0.44516537789814714 0.12408226656626509 0.46399067910296643 0.10761012801204822 0.48869888693429175 0.1011389307228916 0.5028178628379062 0.09113798945783136 0.5216431640427255 0.06231174698795183 0.5322323959704364 0.03113234186746991 0.5439982092234484 0.010542168674698843 0.5522342785005568 0.0011295180722891984 0.547527953199352
1 0.46293768825301207 0.30657596246329866 0.4823512801204819 0.29833989318619025 0.5017648719879518 0.2912804052343829 0.5152955572289156 0.2936335678849854 0.5282379518072289 0.30775254378859984 0.5382388930722891 0.32422468234281665 0.5405920557228916 0.348932890174142 0.542945218373494 0.36775819137896126 0.5441217996987951 0.3818771672825757 0.545886671686747 0.3924663992102866 0.5341208584337349 0.40540879378859984 0.5211784638554217 0.4159980257163106 0.5047063253012049 0.452472046800648 0.4958819653614458 0.47718025463197333 0.4876458960843374 0.49247581186088896 0.46411426957831325 0.49482897451149144 0.4417592243975904 0.46894418535486493 0.42881682981927716 0.4348233269211299 0.42587537650602414 0.41246828174040706 0.44234751506024095 0.35128605282474445 0.45352503765060237 0.34069682089703357 0.4605845256024096 0.3206949383669131
1 0.01642507530120485 0.5666004353548649 0.05348738704819281 0.5513048781259492 0.08760824548192775 0.544245390174142 0.11584619728915668 0.5395390648729371 0.14231927710843378 0.5383624835476359 0.149378765060241 0.5571877847524552 0.16349774096385544 0.5866023178849854 0.1682040662650603 0.6195465949934191 0.14114269578313254 0.6454313841500456 0.12467055722891568 0.6819054052343829 0.10819841867469882 0.6960243811379974 0.0781955948795181 0.7124965196922143 0.06819465361445787 0.7089667757163106 0.0499576430722892 0.6689630106560697 0.03172063253012053 0.6160168510175155 0.018778237951807275 0.5948383871620938
1 0.3335137424698795 0.4418828148729371 0.35410391566265065 0.43952965222233475 0.3599868222891567 0.46541444137896126 0.3670463102409639 0.5065947877645034 0.3776355421686747 0.5348327395717324 0.39999058734939763 0.5595409474030576 0.4135212725903614 0.5689535980054673 0.42352221385542166 0.601897875113901 0.42352221385542166 0.6442548028247443 0.4176393072289156 0.6760224986078769 0.40293204066265065 0.7030838690898046 0.3917545180722891 0.7219091702946239 0.3817535768072289 0.7301452395717324 0.35822195030120485 0.7172028449934191 0.3276308358433735 0.739557890174142 0.31645331325301207 0.7195560076440215 0.30233433734939763 0.7007307064392022 0.2893919427710844 0.6160168510175155 0.2770378388554217 0.5760130859572745 0.2758612575301205 0.5595409474030576 0.2964514307228916 0.5054182064392022 0.30939382530120485 0.4865929052343829 0.32115963855421686 0.4607081160777564
1 0.23329175420168063 0.2587316176470589 0.24642200630252098 0.22098214285714285 0.2628348214285714 0.20292804621848742 0.2866334033613445 0.18979779411764708 0.29073660714285715 0.23575367647058826 0.307628953313253 0.2665721974030577 0.32292451054216864 0.2759848480054673 0.33527861445783136 0.2653956160777564 0.34586784638554213 0.27363168535486493 0.3599868222891567 0.26304245342715404 0.3752823795180723 0.25362980282474445 0.38822477409638556 0.251276640174142 0.39881400602409645 0.2583361281259492 0.4094032379518072 0.27127852270426245 0.4158744352409639 0.27951459198137096 0.39587255271084343 0.32304810101751547 0.38410673945783136 0.34187340222233475 0.3699877635542169 0.3571689594512505 0.3599868222891567 0.3654050287283589 0.35175075301204817 0.3901132365596842 0.3441029743975904 0.4112917004151059 0.3293957078313253 0.43835307089703357 0.2823324548192771 0.5230669263187203 0.26468373493975905 0.5666004353548649 0.2523296310240964 0.5983681311379974 0.23526920180722893 0.6230763389693227 0.21938535391566266 0.6407250588488408 0.2029132153614458 0.641901640174142 0.17879329819277112 0.6230763389693227 0.16643919427710846 0.5795428299331781 0.16232115963855426 0.5477751341500456 0.16232115963855426 0.5124776943910094 0.15702654367469882 0.4783568359572745 0.18526449548192775 0.5242435076440215 0.21173757530120485 0.5336561582464311 0.2258565512048193 0.5218903449934191 0.25350621234939763 0.4889460678849854 0.26056570030120485 0.4442359775235396 0.2629188629518073 0.41246828174040706 0.26056570030120485 0.3818771672825757
1 0.4311699924698795 0.001953125 0.4282285391566265 0.001953125 0.4335231551204819 0.001953125 0.4399943524096386 0.001953125 0.454113328313253 0.001953125 0.4799981174698795 0.001953125 0.49941170933734935 0.001953125 0.508824359939759 0.001953125 0.5100009412650602 0.001953125 0.505882906626506 0.001953125 0.5041180346385542 0.001953125 0.5063613830321285 0.001953125
1 0.005247552710843401 0.8936900437885997 0.023484563253012097 0.8760413239090816 0.04289815512048198 0.8513331160777564 0.05113422439759041 0.8230951642705273 0.06937123493975908 0.8136825136681178 0.08819653614457834 0.8230951642705273 0.10819841867469882 0.8336843961982383 0.11761106927710846 0.8407438841500454 0.10996329066265065 0.8748647425837803 0.11349303463855426 0.9078090196922142 0.10643354668674704 0.9231045769211297 0.09113798945783136 0.9431064594512504 0.0787838855421687 0.9642849233066719 0.07172439759036148 0.9854633871620937 0.06113516566265065 1.0172310829452262 0.05054593373493979 1.0384095468006478 0.044074736445783164 1.056058266680166 0.026426016566265087 1.0548816853548648 0.015836784638554258 1.056058266680166 0.004070971385542216 1.0572348480054672 0.0009765625 1.0560717133238837
1 0.0028943900602410033 1.0706419427710843 0.015248493975903665 1.0706419427710843 0.02320772058823528 1.0711659663865545 0.029724121093750028 1.0694580078125 0.03525037650602414 1.075348268072289 0.04348644578313257 1.0788780120481927 0.052310805722891596 1.1012330572289155 0.021179199218750028 1.0963134765625 0.002306099397590411 1.0965267319277108
1 0.32115963855421686 0.8125059323428165 0.34704442771084343 0.7936806311379974 0.36763460090361444 0.7983869564392021 0.3794004141566265 0.7842679805355877 0.39351939006024095 0.780738236559684 0.40410862198795183 0.8101527696922142 0.4105798192771084 0.8407438841500454 0.4094032379518072 0.8736881612584793 0.39999058734939763 0.8854539745114913 0.38410673945783136 0.8983963690898045 0.3670463102409639 0.8913368811379974 0.3629282756024097 0.8607457666801659 0.34469126506024095 0.8607457666801659 0.3264542545180723 0.8666286733066719 0.31821818524096385 0.8548628600536599
1 0.7229621611445783 0.5549378309900372 0.7329631024096386 0.5078745779779891 0.7494352409638554 0.47375371954425416 0.7600244728915663 0.46551765026714576 0.767672251506024 0.4772834635201577 0.790027296686747 0.501991671351483 0.8053228539156626 0.5137574846044951 0.8259130271084336 0.5172872285803987 0.8341490963855422 0.5078745779779891 0.8470914909638554 0.5102277406285914 0.8612104668674698 0.5078745779779891 0.8700348268072289 0.5137574846044951 0.8953313253012047 0.5584675749659409 0.9053322665662651 0.5925884333996758 0.9059205572289157 0.6102371532791939 0.8953313253012047 0.6278858731587119 0.8788591867469879 0.6420048490623265 0.8553275602409638 0.6667130568936517 0.835913968373494 0.6843617767731698 0.8253247364457832 0.6737725448454589 0.798851656626506 0.6773022888213626 0.784144390060241 0.6749491261707602 0.770613704819277 0.6490643370141337 0.7582596009036144 0.6208263852069047 0.741199171686747 0.5725865508695553
1 0.6111869352409638 0.6230763389693227 0.6264824924698795 0.596014968487395 0.6317771084337349 0.5713067606560697 0.6323653990963856 0.5642472727042624 0.6564853162650602 0.5666004353548649 0.6841349774096386 0.5654238540295636 0.7111963478915663 0.5713067606560697 0.7317865210843373 0.5877788992102866 0.7517884036144578 0.6360187335476359 0.7600244728915663 0.6666098480054673 0.7635542168674698 0.6983775437885998 0.7612010542168675 0.723085751619925 0.7417874623493975 0.7513237034271538 0.7211972891566265 0.7995635377645034 0.7141378012048193 0.8207420016199249 0.7017836972891566 0.8372141401741418 0.6658979668674698 0.8430970468006478 0.6441312123493976 0.8360375588488407 0.6247176204819277 0.8360375588488407 0.6047157379518072 0.8136825136681178 0.5929499246987951 0.8042698630657081 0.5835372740963856 0.7677958419813709 0.5911850527108433 0.6983775437885998 0.6029508659638554 0.6442548028247443
1 0.06466490963855426 0.7266154955958287 0.055840549698795205 0.7830913992102864 0.056428840361445826 0.8007401190898045 0.09937405873493982 0.8172122576440213 0.11937594126506029 0.8207420016199249 0.13643637048192775 0.8042698630657081 0.14231927710843378 0.7960337937885997 0.13820124246987953 0.7560300287283588 0.13055346385542171 0.7207325889693227 0.1264354292168675 0.7042604504151059 0.10290380271084343 0.7136731010175155 0.08113704819277112 0.7254389142705275
1 0.15879141566265065 0.9513425287283588 0.18585278614457834 0.9372235528247443 0.20467808734939763 0.9384001341500454 0.21467902861445787 0.9560488540295635 0.2246799698795181 0.9948760377645032 0.23526920180722893 1.0713538239090816 0.23526920180722893 1.091355706439202 0.12172910391566266 1.0901791251139008 0.1229056852409639 1.0513519413789612 0.13937782379518077 0.9995823630657081 0.15232021837349402 0.9584020166801659
1 0.29880459337349397 0.9631083419813709 0.31821818524096385 0.9548722727042622 0.3399849397590362 0.9489893660777562 0.35175075301204817 0.9513425287283588 0.3682228915662651 0.9513425287283588 0.38645990210843373 0.9584020166801659 0.4011671686746988 0.9925228751139008 0.40175545933734935 1.0242905708970333 0.38822477409638556 1.0384095468006478 0.3688111822289156 1.056058266680166 0.35116246234939763 1.0654709172825756 0.33527861445783136 1.0431158721018527 0.3070406626506024 1.0442924534271538 0.292921686746988 1.0289968961982383 0.29115681475903615 0.9678146672825756
1 0.994164156626506 0.46715893177975076 0.9723974021084336 0.445980467924329 0.9582784262048192 0.4565696998520399 0.9406297063253011 0.4730418384062567 0.9312170557228916 0.5153987661171001 0.9270990210843373 0.5471664619002327 0.9253341490963856 0.5801107390086664 0.9294521837349397 0.5977594588881845 0.9676910768072289 0.6318803173219194 0.9888695406626506 0.6530587811773411 0.9988704819277108 0.6554119438279434
1 0.1723221009036145 0.6383718961982383 0.15937970632530124 0.6983775437885998 0.16173286897590367 0.7242623329452264 0.16055628765060243 0.7677958419813709 0.16055628765060243 0.78662114318619 0.18291133283132532 0.7995635377645034 0.21173757530120485 0.7854445618608887 0.2211502259036145 0.7783850739090816 0.2240916792168675 0.7242623329452264 0.22232680722891568 0.6948477998126962 0.21467902861445787 0.6654332666801661 0.20879612198795183 0.6524908721018529 0.18526449548192775 0.6371953148729371
1 0.07054781626506026 1.0184076642705273 0.09466773343373497 1.0113481763187202 0.12467055722891568 1.0066418510175152 0.14055440512048195 0.9713444112584793 0.13996611445783136 0.9454596221018527 0.12055252259036148 0.9278109022223346 0.11525790662650603 0.9266343208970333 0.08701995481927716 0.970167829933178 0.07701901355421692 0.9948760377645032
1 0.47352692018072284 0.924281158246431 0.497058546686747 0.9089856010175152 0.5282379518072289 0.9219279955958286 0.554711031626506 0.9595785980054672 0.557652484939759 0.9960526190898045 0.5611822289156626 1.0454690347524551 0.5588290662650602 1.0572348480054672 0.5523578689759036 1.0572348480054672 0.5276496611445783 1.0242905708970333 0.502941453313253 0.9913462937885997 0.4864693147590361 0.9678146672825756 0.4741152108433735 0.9501659474030575
1 0.7664956701807228 0.7342428926231241 0.7823795180722891 0.762480844430353 0.79296875 0.8036611908158953 0.795910203313253 0.8318991426231241 0.7764966114457831 0.8530776064785457 0.7600244728915663 0.8648434197315578 0.7523766942771084 0.8754326516592685 0.7317865210843373 0.8530776064785457 0.721785579819277 0.8377820492496302 0.7229621611445783 0.8154270040689071 0.7370811370481928 0.7895422149122806 0.7453172063253012 0.756597937803847 0.7564947289156626 0.7424789619002327
1 0.744140625 0.34084863784223374 0.7480783770161291 0.3959771660680401 0.760679183467742 0.408577972519653 0.7693422379032259 0.41802857735836274 0.7795803931451614 0.39912736768094337 0.7787928427419355 0.36290004913255625 0.7748550907258065 0.34084863784223374 0.7630418346774194 0.32982293219707237
1 0.8063571068548387 0.8352201382993776 0.8173828125 0.8415205415251839 0.8291960685483871 0.8651470536219581 0.8299836189516129 0.8982241705574421 0.8244707661290323 0.9328763882993776 0.813445060483871 0.9517775979767968 0.7953314012096775 0.9643784044284098 0.7748550907258065 0.9596531020090548 0.7567414314516129 0.9454771947509903 0.7543787802419355 0.9313012874929258 0.7520161290322581 0.9013743721703453 0.7630418346774194 0.8871984649122806 0.7724924395161291 0.8714474568477646 0.7843056955645161 0.8619968520090548 0.7961189516129032 0.8493960455574421
1 0.9063760080645162 0.37542886955291455 0.9284274193548387 0.3707035671335598 0.9465410786290323 0.36912846632710816 0.9544165826612903 0.39117987761743067 0.9583543346774195 0.4195316921335598 0.9622920866935485 0.43685780100452754 0.9457535282258065 0.4478835066496888 0.9378780241935485 0.4573341114883984 0.9213394657258065 0.4352827001980759 0.9016507056451613 0.41165618810130167
1 0.0018710609243697274 0.04208245798319327 0.024849002100840317 0.001953125 0.05110950630252098 0.001953125 0.07162552521008403 0.001953125 0.0822938550420168 0.012539390756302504 0.09050026260504201 0.05685399159663862 0.08967962184873945 0.07983193277310924 0.0675223214285714 0.08803834033613445 0.03797925420168066 0.09788602941176466 0.02813156512605039 0.0749080882352941 0.021566439075630217 0.05521271008403361
1 0.03469669117647056 0.12742909663865543 0.05439206932773108 0.1028098739495798 0.07819065126050417 0.09952731092436973 0.09870667016806722 0.08967962184873945 0.11347820378151258 0.0749080882352941 0.1364561449579832 0.07983193277310924 0.14055934873949577 0.10445115546218486 0.12824973739495799 0.12414653361344535 0.10773371848739494 0.15368960084033612 0.09296218487394958 0.19472163865546216 0.08967962184873945 0.25216649159663873 0.09624474789915966 0.2751444327731093 0.07244616596638653 0.263655462184874 0.04782694327731091 0.2587316176470589 0.035517331932773094 0.263655462184874 0.024028361344537785 0.24560136554621842 0.024028361344537785 0.21277573529411764 0.03387605042016803 0.1717436974789916
1 0.3672217653508772 0.4297560307017545 0.39977384868421056 0.4314692982456141 0.4143366228070176 0.43489583333333326 0.43146929824561403 0.4725877192982457 0.4443188048245614 0.49143366228070184 0.4811540570175438 0.5137061403508771 0.5119928728070176 0.46230811403508776 0.5351219846491229 0.4263294956140351 0.5531112938596492 0.41091008771929816 0.5753837719298245 0.4211896929824561 0.6002261513157894 0.4468887061403508 0.6182154605263157 0.45888157894736836 0.6147889254385965 0.5017132675438596 0.6216419956140351 0.5256990131578947 0.6233552631578947 0.5462582236842106 0.6147889254385965 0.6010827850877192 0.6045093201754386 0.6216419956140351 0.5908031798245614 0.6507675438596492 0.582236842105263 0.6730400219298245 0.5805235745614035 0.777549342105263 0.5813802083333333 0.7946820175438596 0.5719572368421053 0.7844024122807016 0.5685307017543859 0.7227247807017543 0.5685307017543859 0.655907346491228 0.5839501096491229 0.6096491228070176 0.5950863486842106 0.5702439692982455 0.5985128837719298 0.5411184210526316 0.5933730811403508 0.4965734649122806 0.5865200109649122 0.4794407894736843 0.5788103070175439 0.46230811403508776 0.5685307017543859 0.4520285087719298 0.5471148574561404 0.46230811403508776 0.5282689144736843 0.48458059210526305 0.5068530701754386 0.515419407894737 0.4880071271929825 0.5428316885964912 0.47344435307017546 0.5685307017543859 0.4580249451754386 0.587376644736842 0.4340391995614035 0.5908031798245614 0.4126233552631579 0.5513980263157894 0.3920641447368421 0.5291255482456141 0.38007127192982454 0.5068530701754386 0.37664473684210525 0.4811540570175439 0.3715049342105264 0.4520285087719298
1 0.12907757675438603 0.8340871710526314 0.15306332236842107 0.8101014254385963 0.17619243421052638 0.8118146929824561 0.18904194078947373 0.8255208333333333 0.20017817982456143 0.8477933114035088 0.21474095394736847 0.8323739035087718 0.22673382675438603 0.8032483552631577 0.22673382675438603 0.787828947368421 0.22844709429824567 0.8306606359649122 0.22587719298245618 0.8580729166666665 0.2190241228070176 0.885485197368421 0.19418174342105265 0.8974780701754386 0.1839021381578948 0.9128974780701753 0.1710526315789474 0.9214638157894737 0.15563322368421056 0.9317434210526314 0.14706688596491235 0.9300301535087718 0.13164747807017546 0.9146107456140349 0.12051123903508776 0.890625 0.12393777412280704 0.8683525219298245
1 0.0048656798245614585 0.8272341008771928 0.015001313025210072 0.8200498949579831 0.038274396929824595 0.8203810307017543 0.03399122807017549 0.8477933114035088 0.021998355263157965 0.8649259868421051 0.010005482456140413 0.8717790570175437 0.004009046052631637 0.8683525219298245 0.0031524122807018162 0.8546463815789473
1 0.004009046052631637 0.582236842105263 0.01600191885964919 0.6233552631578947 0.04255756578947373 0.6781798245614035 0.053693804824561486 0.705592105263158 0.048554002192982504 0.7672697368421051 0.04427083333333337 0.7963952850877192 0.013432017543859698 0.8083881578947367 0.004009046052631637 0.8015350877192982 0.006578947368421101 0.7415707236842104 0.0009765625 0.6747532894736843 0.001439144736842174 0.6182154605263157
1 0.7175849780701755 0.001953125 0.7561334978070176 0.001953125 0.7895422149122808 0.001953125 0.808388157894737 0.004865679824561431 0.8280907346491229 0.030564692982456176 0.8332305372807018 0.057976973684210564 0.8306606359649122 0.09224232456140358 0.8092447916666667 0.11794133771929827 0.7749794407894737 0.143640350877193 0.7552768640350878 0.1710526315789474 0.7432839912280702 0.23615679824561403 0.7415707236842104 0.246436403508772 0.7518503289473684 0.2738486842105263 0.7484237938596492 0.3029742324561404 0.7415707236842104 0.33895285087719307 0.7364309210526316 0.3834978070175439 0.7449972587719298 0.41604989035087714 0.7595600328947367 0.4314692982456141 0.7449972587719298 0.4503152412280702 0.7235814144736843 0.4280427631578947 0.7141584429824561 0.3715049342105263 0.6978824013157894 0.31668037280701755 0.6781798245614035 0.2755619517543859 0.6473410087719298 0.22587719298245618 0.6422012061403508 0.1710526315789474 0.6473410087719298 0.143640350877193 0.6610471491228069 0.1110882675438597 0.6756099232456141 0.08538925438596495 0.6961691337719298 0.03399122807017546 0.7073053728070176 0.006578947368421129
1 0.9617256030701755 0.8118146929824561 0.98828125 0.8169544956140351 0.9977042214912282 0.8272341008771928 0.9951343201754386 0.8923382675438596 0.9942776864035088 0.9111842105263157 0.9745751096491229 0.9111842105263157 0.9608689692982457 0.9111842105263157 0.9523026315789473 0.8717790570175437 0.954872532894737 0.851219846491228
1 0.4357524671052632 0.6182154605263157 0.47173108552631576 0.602796052631579 0.49743009868421056 0.5668174342105263 0.5205592105263157 0.5205592105263157 0.5428316885964912 0.48800712719298245 0.5608209978070176 0.4760142543859649 0.5753837719298245 0.48629385964912286 0.5848067434210527 0.5137061403508771 0.5839501096491229 0.5428316885964912 0.5779536732456141 0.5788103070175439 0.5659608004385965 0.6216419956140351 0.5625342653508771 0.6627604166666667 0.5625342653508771 0.7552768640350875 0.5668174342105263 0.7844024122807016 0.5796669407894737 0.8152412280701753 0.6002261513157894 0.8358004385964912 0.6105057565789473 0.8717790570175437 0.6105057565789473 0.8957648026315788 0.6147889254385965 0.9283168859649122 0.6122190241228069 0.9608689692982455 0.592516447368421 0.9591557017543859 0.5565378289473684 0.9403097587719298 0.5222724780701755 0.9026178728070176 0.5085663377192982 0.890625 0.47515762061403505 0.8837719298245612 0.4588815789473684 0.890625 0.4391790021929825 0.8734923245614035 0.4186197916666667 0.8495065789473684 0.4091968201754386 0.7706962719298245 0.40577028508771934 0.7347176535087718 0.4109100877192982 0.7107319078947367 0.42632949561403505 0.6816063596491229 0.43146929824561403 0.6473410087719298
1 0.7921121162280702 0.001953125 0.79296875 0.001953125 0.787828947368421 0.001953125 0.7998218201754386 0.001953125 0.8135279605263157 0.001953125 0.8340871710526316 0.001953125 0.846936677631579 0.001953125 0.8460800438596492 0.001953125 0.8186677631578947 0.001953125 0.8015350877192984 0.001953125
1 0.9865679824561404 0.18818530701754388 0.9591557017543859 0.21217105263157893 0.9385964912280702 0.23787006578947373 0.9111842105263157 0.27213541666666674 0.8940515350877194 0.31154057017543857 0.8991913377192982 0.3235334429824561 0.9043311403508771 0.3475191885964912 0.9411663925438596 0.33723958333333326 0.9711485745614035 0.34409265350877205 0.9874246162280702 0.3269599780701755 0.9968475877192982 0.27213541666666674 0.9990234375 0.22861842105263053 0.9968475877192982 0.17961896929824567
1 0.8966214364035088 0.4280427631578947 0.880345394736842 0.4794407894736843 0.8794887609649122 0.5017132675438596 0.8914816337719298 0.5239857456140351 0.9017612390350878 0.5428316885964912 0.9077576754385965 0.5651041666666667 0.9128974780701755 0.5788103070175439 0.9248903508771931 0.5445449561403508 0.9317434210526316 0.4777275219298245 0.9317434210526316 0.4520285087719298 0.9197505482456141 0.43660910087719307 0.9077576754385965 0.4246162280701755
1 0.9206071820175439 0.6130756578947367 0.9488760964912282 0.6524808114035088 0.9977042214912282 0.6747532894736843 0.9977042214912282 0.782689144736842 0.9668654057017545 0.782689144736842 0.9480194627192982 0.8101014254385963 0.9266036184210527 0.8375137061403508 0.9077576754385965 0.8375137061403508 0.8820586622807018 0.8358004385964912 0.8632127192982457 0.851219846491228 0.8486499451754386 0.8563596491228069 0.831517269736842 0.8426535087719298 0.8178111293859649 0.8238075657894737 0.8023917214912282 0.7895422149122806 0.7766927083333333 0.7124451754385963 0.7766927083333333 0.6918859649122806 0.8066748903508771 0.7090186403508771 0.831517269736842 0.7073053728070176 0.8606428179824561 0.6970257675438596 0.8949081688596492 0.655907346491228 0.9077576754385965 0.6387746710526316
1 0.8537897478070176 0.8734923245614035 0.8769188596491229 0.8614994517543859 0.9111842105263157 0.8563596491228069 0.9283168859649122 0.8546463815789473 0.9231770833333333 0.885485197368421 0.9231770833333333 0.9060444078947367 0.9274602521929824 0.9248903508771928 0.9317434210526316 0.948876096491228 0.934313322368421 0.9797149122807016 0.9385964912280702 1.0071271929824561 0.9428796600877194 1.03625274122807 0.9428796600877194 1.0499588815789473 0.9540158991228069 1.0670915570175437 0.9651521381578947 1.080797697368421 0.9660087719298245 1.0927905701754386 0.881202028508772 1.0962171052631577 0.8486499451754386 1.046532346491228 0.8426535087719298 1.0276864035087718 0.8118146929824561 1.0259731359649122 0.8075315241228072 1.0431058114035086 0.782689144736842 1.0722313596491226 0.739000822368421 1.0945038377192982 0.7201548793859649 1.061951754385965 0.7184416118421053 0.9848547149122806 0.7261513157894737 0.9677220394736841 0.7458538925438596 0.9745751096491226 0.7921121162280702 0.9814281798245612 0.831517269736842 0.9540158991228069 0.8409402412280702 0.9351699561403508 0.8349438048245614 0.8820586622807016
1 0.631064967105263 0.8546463815789473 0.6764665570175439 0.851219846491228 0.7038788377192982 0.8529331140350875 0.7124451754385965 0.8649259868421051 0.7141584429824561 0.9111842105263157 0.7150150767543859 0.943736293859649 0.7141584429824561 0.9540158991228069 0.6884594298245614 0.9505893640350875 0.6653303179824561 0.9471628289473684 0.6387746710526316 0.9248903508771928 0.6267817982456141 0.9043311403508771 0.6267817982456141 0.8734923245614035
1 0.6319216008771931 0.9454495614035086 0.6584772478070176 0.9608689692982455 0.6704701206140351 0.9745751096491226 0.6653303179824561 1.0037006578947367 0.6533374451754386 1.0379660087719298 0.6336348684210527 1.0876507675438596 0.602796052631579 1.070518092105263 0.5865200109649122 1.0122669956140349 0.582236842105263 0.9848547149122806 0.602796052631579 0.9899945175438596 0.6105057565789473 0.9899945175438596 0.6190720942982455 0.9762883771929824
1 0.6824629934210527 1.0139802631578947 0.6987390350877192 1.065378289473684 0.6978824013157894 1.0859374999999998 0.6644736842105263 1.0859374999999998 0.6499109100877194 1.080797697368421 0.655907346491228 1.0585252192982455 0.6679002192982455 1.0328262061403508
1 0.6456277412280702 0.299547697368421 0.631064967105263 0.32010690789473695 0.6182154605263157 0.3817845394736843 0.6216419956140351 0.40919682017543857 0.631064967105263 0.4468887061403508 0.651624177631579 0.4811540570175439 0.6713267543859649 0.494860197368421 0.6935992324561404 0.46059484649122817 0.7081620065789473 0.4314692982456141 0.7021655701754386 0.3732182017543859 0.6841762609649122 0.3269599780701755 0.6696134868421053 0.3046875 0.6576206140350878 0.29098135964912286
1 0.2824150219298246 0.001953125 0.3372395833333333 0.001953125 0.3612253289473684 0.027138157894736892 0.3723615679824562 0.06140350877192985 0.3860677083333333 0.10594846491228072 0.3706483004385965 0.15391995614035092 0.3697916666666667 0.16591282894736847 0.3380962171052632 0.17961896929824567 0.32439007675438597 0.18989857456140352 0.30725740131578955 0.1847587719298246 0.2884114583333333 0.16248629385964913 0.27299205043859653 0.11965460526315791 0.27299205043859653 0.04598410087719301 0.2747053179824562 0.001953125
1 0.3098273026315789 0.001953125 0.32695997807017546 0.001953125 0.3475191885964913 0.001953125 0.38264117324561403 0.001953125 0.40491365131578944 0.001953125 0.42375959429824567 0.001953125 0.4323259320175438 0.001953125 0.4323259320175438 0.001953125 0.42290296052631576 0.001953125 0.3954906798245614 0.001953125 0.3655084978070176 0.001953125 0.34923245614035087 0.001953125 0.3235334429824562 0.001953125 0.295264528508772 0.001953125 0.2961211622807018 0.001953125
1 0.1950383771929825 0.001953125 0.2113144188596492 0.001953125 0.21217105263157898 0.001953125 0.20017817982456143 0.001953125 0.20103481359649128 0.001953125 0.23273026315789475 0.001953125 0.2515762061403509 0.001953125 0.26442571271929827 0.001953125 0.2764185855263158 0.001953125 0.2875548245614035 0.001953125 0.30811403508771934 0.001953125 0.3192502741228071 0.001953125 0.32781661184210525 0.001953125 0.32781661184210525 0.001953125 0.28327165570175444 0.001953125 0.2524328399122807 0.001953125 0.21645422149122812 0.001953125
1 0.3363829495614035 0.001953125 0.33295641447368424 0.001953125 0.33295641447368424 0.001953125 0.35351562500000006 0.001953125 0.38007127192982454 0.001953125 0.39977384868421056 0.001953125 0.4091968201754386 0.001953125 0.4194764254385965 0.001953125 0.4147010815390749 0.001953125 0.3894942434210526 0.001953125 0.35437225877192985 0.001953125 0.35046600877192957 0.001953125 0.3406661184210527 0.001953125
1 0.7912554824561404 0.40919682017543857 0.8023917214912282 0.4211896929824561 0.8101014254385965 0.43489583333333326 0.8058182565789473 0.4503152412280702 0.7921121162280702 0.4571683114035088 0.7847623424369748 0.4556853991596639 0.7749794407894737 0.45888157894736836 0.7629865679824561 0.4520285087719298 0.7732661732456141 0.4331825657894737 0.782689144736842 0.41947642543859653
1 0.8100018168604651 0.4613917151162791 0.8190861191860465 0.4613917151162791 0.8255208333333333 0.4794407894736843 0.8255208333333333 0.494860197368421 0.8169544956140351 0.4982867324561404 0.798108552631579 0.494860197368421 0.7963952850877194 0.48629385964912286 0.8015350877192984 0.4725877192982457
1 0.7895422149122808 0.2755619517543859 0.8220942982456141 0.2841282894736843 0.8383703399122808 0.2824150219298245 0.8486499451754386 0.2789884868421053 0.8734923245614035 0.2841282894736843 0.8777754934210527 0.29440789473684204 0.8863418311403508 0.3235334429824561 0.8914816337719298 0.3595120614035088 0.8940515350877194 0.38863760964912286 0.885485197368421 0.4263294956140351 0.8717790570175439 0.46059484649122817 0.8657826206140351 0.49143366228070184 0.836657072368421 0.494860197368421 0.8332305372807018 0.46230811403508776 0.8220942982456141 0.4229029605263157 0.8075315241228072 0.38863760964912286 0.7921121162280702 0.3509457236842106 0.787828947368421 0.3235334429824561 0.787828947368421 0.3046875
1 0.6173588267543859 0.001953125 0.5950863486842106 0.001953125 0.5702439692982457 0.001953125 0.5428316885964912 0.001953125 0.5239857456140351 0.001953125 0.5162760416666667 0.001953125 0.5145627741228069 0.001953125 0.5194558662280702 0.001953125 0.5462582236842106 0.001953125 0.5899465460526316 0.001953125
1 0.6259251644736843 0.001953125 0.6190720942982455 0.001953125 0.6070792214912282 0.001953125 0.59765625 0.001953125 0.6233552631578947 0.001953125 0.6387746710526316 0.001953125 0.655907346491228 0.001953125 0.6696134868421053 0.001953125 0.6747532894736843 0.001953125 0.6764665570175439 0.001953125 0.6764665570175439 0.001953125 0.6456277412280702 0.001953125
1 0.6541940789473684 0.001953125 0.655907346491228 0.001953125 0.655907346491228 0.001953125 0.6550507127192982 0.001953125 0.6550507127192982 0.006578947368421129 0.6610471491228069 0.018571820175438625 0.6781798245614035 0.018571820175438625 0.700452302631579 0.0031524122807017885 0.705592105263158 0.001953125 0.6910293311403508 0.001953125 0.6773231907894737 0.001953125 0.6670435855263157 0.001953125
1 0.23444353070175444 0.7158717105263157 0.2524328399122807 0.7175849780701753 0.26165771484375 0.7471923828125001 0.27556195175438597 0.7844024122807016 0.24300986842105265 0.7895422149122806 0.23615679824561409 0.7844024122807016 0.22844709429824567 0.7587033991228069 0.2301603618421053 0.7415707236842104
1 0.4460320723684211 0.9608689692982455 0.42547286184210525 0.978001644736842 0.4074835526315789 1.03625274122807 0.3894942434210526 1.065378289473684 0.32781661184210525 1.0893640350877192 0.3912075109649123 1.0996436403508771 0.45202850877192985 1.0927905701754386 0.5171326754385965 1.0996436403508771 0.5411184210526316 1.0996436403508771 0.5419750548245614 1.0533854166666665 0.5128495065789473 1.0225466008771928 0.4922902960526316 0.9951343201754386 0.47344435307017546 0.9677220394736841 0.465734649122807 0.9471628289473684
1 0.24043996710526322 0.8066748903508771 0.28669819078947373 0.8101014254385963 0.3141104714912281 0.880345394736842 0.35094572368421056 0.9111842105263157 0.3475191885964913 0.9317434210526314 0.3201069078947369 0.93859649122807 0.2892680921052632 0.948876096491228 0.2789884868421053 0.9608689692982455 0.28669819078947373 1.0482456140350875 0.33038651315789475 1.065378289473684 0.2986910635964913 1.0927905701754386 0.2747053179824562 1.0893640350877192 0.25585937500000006 1.0893640350877192 0.2335868969298246 0.9848547149122806 0.24986293859649128 0.9248903508771928 0.24043996710526322 0.8683525219298245 0.23872669956140352 0.8392269736842104
1 0.2310169956140351 0.6524808114035088 0.23273026315789475 0.6781798245614035 0.2472930372807018 0.700452302631579 0.2738486842105263 0.7449972587719298 0.2892680921052632 0.7861156798245612 0.30383086622807015 0.8186677631578947 0.31068393640350883 0.8323739035087718 0.31068393640350883 0.7963952850877192 0.3398094846491228 0.782689144736842 0.3629385964912281 0.7741228070175439 0.3869243421052632 0.7689830043859649 0.3912075109649123 0.7467105263157894 0.37321820175438597 0.74328399122807 0.3603686951754386 0.7398574561403508 0.3466625548245614 0.7415707236842104 0.32952987938596495 0.753563596491228 0.3158237390350877 0.7449972587719298 0.2995476973684211 0.7192982456140351 0.290124725877193 0.6713267543859649 0.27813185307017546 0.5993695175438596 0.27299205043859653 0.5856633771929824 0.2635690789473685 0.602796052631579 0.25671600877192985 0.6147889254385965 0.24043996710526322 0.6353481359649122
1 0.42718612938596495 0.001953125 0.3697916666666667 0.006578947368421129 0.37750137061403516 0.051123903508771995 0.3903508771929825 0.08881578947368424 0.4194764254385965 0.016858552631578982 0.43061266447368424 0.001953125
1 0.5428316885964912 0.001953125 0.5411184210526316 0.001953125 0.5531112938596492 0.04255756578947373 0.5419750548245614 0.07853618421052638 0.5205592105263157 0.10423519736842107 0.5205592105263157 0.16248629385964913 0.564247532894737 0.14192708333333337 0.5985128837719298 0.13850054824561409 0.6199287280701755 0.1333607456140351 0.6019394188596492 0.047697368421052655 0.6113623903508771 0.001953125 0.641344572368421 0.001953125 0.6481976425438596 0.001953125 0.6473410087719298 0.001953125 0.6456277412280702 0.001953125 0.6216419956140351 0.001953125 0.5993695175438596 0.001953125 0.5848067434210527 0.001953125 0.5676740679824561 0.001953125 0.5531112938596492 0.001953125
1 0.6379180372807018 0.01514528508771934 0.6207853618421053 0.03227796052631582 0.6156455592105263 0.05969024122807021 0.6182154605263157 0.09566885964912286 0.6233552631578947 0.10937500000000006 0.6327782346491229 0.07168311403508776 0.6430578399122806 0.04427083333333337 0.6481976425438596 0.021998355263157965 0.6473410087719298 0.0031524122807017885
1 0.436609100877193 0.001953125 0.4588815789473684 0.001953125 0.4845805921052632 0.001953125 0.5214158442982457 0.001953125 0.5145627741228069 0.027138157894736892 0.5094229714912282 0.11451480263157898 0.5085663377192982 0.17447916666666669 0.505139802631579 0.241296600877193 0.49743009868421056 0.2738486842105263 0.4580249451754386 0.2858415570175439 0.4348958333333333 0.26699561403508776 0.40063048245614036 0.2430098684210527 0.3852110745614035 0.2087445175438597 0.38349780701754393 0.16933936403508776 0.3972039473684211 0.10423519736842107 0.4151932565789474 0.06654331140350883 0.42889939692982454 0.03227796052631582 0.4348958333333333 0.001953125 0.4374657346491228 0.001953125
1 0.32952987938596495 0.2087445175438597 0.3473608193277311 0.20456932773109243 0.3612253289473684 0.19332510964912286 0.3715049342105264 0.20017817982456143 0.38435444078947373 0.23615679824561403 0.368078399122807 0.23615679824561403 0.344092653508772 0.24986293859649128 0.33209978070175444 0.23787006578947373
1 0.16848273026315796 0.1573464912280702 0.1984649122807018 0.1573464912280702 0.21217105263157898 0.17619243421052633 0.2173108552631579 0.22930372807017546 0.22930372807017546 0.3012609649122808 0.24557976973684215 0.3577987938596492 0.24986293859649128 0.40234375 0.2515762061403509 0.43832236842105265 0.24986293859649128 0.46230811403508776 0.24215323464912286 0.48286732456140347 0.23187362938596495 0.5 0.2173108552631579 0.5085663377192982 0.1950383771929825 0.4982867324561404 0.17533580043859653 0.48972039473684204 0.1607730263157895 0.46059484649122817 0.16419956140350883 0.39035087719298245 0.16505619517543862 0.33723958333333326 0.15391995614035092 0.28755482456140347 0.15477658991228077 0.26356907894736836 0.16591282894736847 0.23444353070175444 0.16848273026315796 0.19332510964912286 0.16848273026315796 0.17790570175438597
1 0.8597861842105263 0.12479440789473689 0.8940515350877194 0.1333607456140351 0.9043311403508771 0.16591282894736847 0.9171806469298245 0.20360471491228072 0.9223204495614035 0.2190241228070176 0.9154673793859649 0.23615679824561403 0.900904605263158 0.23958333333333331 0.8777754934210527 0.23444353070175444 0.8700657894736843 0.19332510964912286 0.8674958881578947 0.15049342105263164
1 0.0031524122807018162 0.001953125 0.01600191885964919 0.001953125 0.05455043859649128 0.001953125 0.07682291666666674 0.001953125 0.1085183662280702 0.001953125 0.12051123903508776 0.001953125 0.14021381578947373 0.001953125 0.13336074561403516 0.001953125 0.10937500000000006 0.001953125 0.07168311403508776 0.001953125 0.04341419956140358 0.001953125 0.01685855263157901 0.001953125 0.002295778508771995 0.01514528508771934 0.0031524122807018162 0.001953125 0.002295778508771995 0.001953125
1 0.5213366596638656 0.18979779411764702 0.5558035714285714 0.16846113445378147 0.5878085609243697 0.16189600840336132 0.6165309873949579 0.1733849789915966 0.6280199579831933 0.20949317226890757 0.6329438025210085 0.25380777310924374 0.6132484243697479 0.2751444327731093 0.5886292016806722 0.303046218487395 0.5517003676470589 0.3276654411764707 0.5369288340336135 0.2915572478991597 0.5172334558823529 0.28170955882352944 0.5098476890756303 0.27186186974789917 0.5139508928571429 0.23082983193277307 0.5188747373949579 0.21277573529411764
1 0.5525210084033614 0.3473608193277311 0.5754989495798319 0.32602415966386555 0.6107865021008403 0.29812237394957986 0.6321231617647058 0.2735031512605043 0.6362263655462185 0.2767857142857143 0.6296612394957983 0.29976365546218486 0.6165309873949579 0.3358718487394958 0.6107865021008403 0.3769038865546219 0.6124277836134454 0.4146533613445379 0.6075039390756303 0.4261423319327732 0.5869879201680672 0.4146533613445379 0.5648306197478992 0.39495798319327735 0.5533416491596639 0.38018644957983194
1 0.35474658613445376 0.3998818277310925 0.3728006827731092 0.3719800420168068 0.3867515756302521 0.35392594537815125 0.4015231092436975 0.32438287815126055 0.4146533613445378 0.29648109243697485 0.42696297268907557 0.2882746848739496 0.43845194327731096 0.29812237394957986 0.44994091386554624 0.303046218487395 0.43599002100840334 0.3293067226890757 0.4277836134453782 0.3752626050420168 0.4179359243697479 0.40808823529411764 0.39331670168067223 0.4162946428571429 0.36951811974789917 0.4146533613445379 0.3588497899159664 0.4146533613445379
1 0.6247373949579832 0.4737394957983194 0.6501772584033614 0.5065651260504203 0.6690519957983193 0.5164128151260504 0.6903886554621849 0.4885110294117647 0.7109046743697479 0.44912027310924374 0.7289587710084033 0.4458377100840336 0.7388064600840336 0.47538077731092443 0.7256762079831933 0.49671743697479 0.7174698004201681 0.5229779411764707 0.7059808298319328 0.5492384453781514 0.6797203256302521 0.5558035714285715 0.6468946953781513 0.5492384453781514 0.6362263655462185 0.5443146008403362 0.6288405987394958 0.5196953781512605 0.6230961134453782 0.5
1 0.05193014705882351 1.0662421218487395 0.06998424369747897 1.0383403361344536 0.08065257352941174 1.0252100840336134 0.1019892331932773 1.0219275210084033 0.11840204831932771 1.0186449579831933 0.11758140756302521 1.0416228991596639 0.11429884453781508 1.0646008403361344 0.11347820378151258 1.087578781512605 0.09788602941176466 1.0941439075630253 0.07162552521008403 1.0941439075630253 0.05767463235294115 1.09250262605042
1 0.13317358193277307 0.001953125 0.14876575630252098 0.001953125 0.17584690126050417 0.001953125 0.19061843487394958 0.001953125 0.1922597163865546 0.01746323529411764 0.20292804621848737 0.08311449579831931 0.22508534663865543 0.1454831932773109 0.23903623949579833 0.21113445378151258 0.22918855042016806 0.2439600840336134 0.22180278361344535 0.20621060924369744 0.21113445378151258 0.14876575630252098 0.1996454831932773 0.14220063025210083 0.17748818277310924 0.13891806722689076 0.16025472689075626 0.13891806722689076 0.15122767857142855 0.09624474789915966 0.1446625525210084 0.0749080882352941 0.14876575630252098 0.06013655462184869 0.15368960084033612 0.038799894957983194 0.1528689600840336 0.001953125 0.14302127100840334 0.001953125
1 0.6838235294117647 0.001953125 0.7092633928571429 0.001953125 0.7396271008403361 0.001953125 0.7683495273109244 0.001953125 0.7855829831932774 0.001953125 0.7855829831932774 0.001953125 0.7765559348739496 0.001953125 0.7626050420168067 0.001953125 0.7437303046218487 0.001953125 0.7264968487394958 0.001953125 0.7043395483193278 0.001953125 0.6895680147058824 0.001953125 0.6830028886554622 0.001953125 0.6764377626050421 0.001953125 0.6830028886554622 0.001953125 0.6846441701680672 0.001953125 0.6846441701680672 0.001953125
1 0.6953125 0.001953125 0.7174698004201681 0.001953125 0.7371651785714286 0.001953125 0.7470128676470589 0.001953125 0.755219275210084 0.001953125 0.7675288865546218 0.001953125 0.7855829831932774 0.001953125 0.7995338760504201 0.001953125 0.8028164390756303 0.001953125 0.7970719537815126 0.001953125 0.7978925945378151 0.001953125 0.7749146533613446 0.001953125 0.7585018382352942 0.001953125 0.7371651785714286 0.001953125 0.7223936449579832 0.001953125 0.7109046743697479 0.001953125 0.7035189075630253 0.001953125
1 0.14760477228682173 0.117702277131783 0.1506328730620155 0.1464692344961241 0.15593204941860467 0.17069404069767447 0.158203125 0.21762960271317833 0.14609072189922484 0.2630511143410853 0.14230559593023256 0.3039304748062016 0.12186591569767444 0.31150072674418605 0.10748243701550389 0.29636022286821706 0.0999121850775194 0.252452761627907 0.10142623546511628 0.21157340116279072 0.10748243701550389 0.17977834302325585 0.12489401647286824 0.14798328488372098 0.14003452034883723 0.1252725290697675
1 0.0923419331395349 0.31301477713178294 0.10445433624031009 0.3145288275193798 0.11580971414728683 0.3190709786821706 0.1317072432170543 0.32815528100775193 0.1392774951550388 0.3432957848837209 0.12867914244186046 0.36903464147286824 0.12716509205426357 0.3856891957364341 0.12262294089147288 0.4038578003875969 0.10975351259689925 0.41142805232558144 0.08552870639534885 0.40991400193798455 0.0711452277131783 0.40234375 0.06811712693798452 0.36752059108527135 0.07947250484496127 0.3342114825581396
1 0.0022559350775193943 0.2282279554263566 0.012854287790697694 0.2357982073643411 0.0189104893410853 0.2645651647286822 0.021938590116279078 0.2797056686046512 0.011340237403100806 0.2887899709302326 0.00376998546511631 0.28576187015503884
1 0.00376998546511631 0.3039304748062016 0.021181564922480633 0.29787427325581395 0.02723776647286824 0.3145288275193798 0.026480741279069797 0.33875363372093026 0.010583212209302334 0.35389413759689925 0.0022559350775193943 0.35540818798449614 0.0022559350775193943 0.3190709786821706
1 0.0030129602713178383 0.372062742248062 0.02723776647286824 0.3644924903100776 0.044649345930232565 0.3614643895348838 0.06130390019379847 0.3735767926356589 0.06130390019379847 0.3917453972868218 0.055247698643410864 0.4053718507751938 0.03177991763565893 0.40991400193798455 0.009069161821705446 0.4129421027131783 0.0014989098837209502 0.40234375
