1 0.2628348214285714 0.001953125 0.2710412289915966 0.001953125 0.2808889180672269 0.001953125 0.29976365546218486 0.001953125 0.32356223739495793 0.001953125 0.3432576155462185 0.001953125 0.34079569327731096 0.001953125 0.32438287815126055 0.001953125 0.3149290966386557 0.001953125 0.2710412289915966 0.001953125
1 0.2849921218487395 0.001953125 0.27596507352941174 0.001953125 0.2702205882352941 0.001953125 0.26529674369747897 0.001953125 0.27268251050420167 0.001953125 0.2899159663865546 0.001953125 0.31125262605042014 0.001953125 0.3309480042016807 0.001953125 0.34161633403361347 0.001953125 0.345719537815126 0.001953125 0.34079569327731096 0.001953125 0.3202796743697479 0.001953125
1 0.35556722689075626 0.001953125 0.39577862394957986 0.001953125 0.4482996323529411 0.001953125 0.46307116596638653 0.001953125 0.46635372899159666 0.001953125 0.4614298844537815 0.001953125 0.4614298844537815 0.001953125 0.3892134978991597 0.001953125 0.35638786764705876 0.001953125 0.3498227415966386 0.001953125 0.3498227415966386 0.001953125
1 0.0035123424369747636 0.001953125 0.02320772058823528 0.001953125 0.04782694327731091 0.001953125 0.06423975840336132 0.001953125 0.06916360294117646 0.001953125 0.047006302521008375 0.001953125 0.03469669117647056 0.001953125 0.021566439075630217 0.001953125 0.010077468487394936 0.001953125 0.0035123424369747636 0.001953125 0.0084361869747899 0.001953125
1 0.07819065126050417 0.001953125 0.09706538865546216 0.001953125 0.10855435924369744 0.001953125 0.109375 0.001953125 0.09624474789915966 0.001953125 0.08721769957983189 0.03558298319327735 0.08147321428571425 0.07333245798319332 0.07819065126050417 0.10944065126050417 0.07162552521008403 0.14719012605042014 0.06588103991596636 0.15867909663865554 0.0396205357142857 0.14226628151260512 0.013360031512605008 0.11928834033613445 0.0009765625 0.08272404356479435 0.0043329831932772955 0.001953125 0.0018710609243697274 0.001953125 0.015821953781512577 0.001953125 0.033055409663865526 0.001953125 0.0437237394957983 0.001953125 0.06588103991596636 0.001953125
1 0.14055934873949577 0.001953125 0.15368960084033612 0.001953125 0.1725643382352941 0.001953125 0.19800420168067223 0.001953125 0.21277573529411764 0.001953125 0.2160582983193277 0.001953125 0.20705902553329025 0.001953125 0.14712447478991597 0.001953125
1 0.16846113445378147 0.001953125 0.18405330882352938 0.001953125 0.19061843487394958 0.001953125 0.19800420168067223 0.001953125 0.19800420168067223 0.001953125 0.20456932773109243 0.005974264705882304 0.21934086134453779 0.007615546218487368 0.2349330357142857 0.001953125 0.24149816176470584 0.001953125 0.23821559873949577 0.001953125 0.22508534663865543 0.001953125 0.21769957983193278 0.001953125 0.21195509453781514 0.001953125 0.18405330882352938 0.001953125 0.17748818277310924 0.001953125
1 0.12086397058823528 0.001953125 0.14384191176470584 0.001953125 0.1635372899159664 0.001953125 0.1733849789915966 0.024028361344537785 0.1717436974789916 0.07654936974789911 0.16681985294117646 0.13235294117647056 0.1643579306722689 0.17010241596638653 0.1635372899159664 0.1996454831932773 0.15943408613445376 0.2357536764705882 0.14958639705882348 0.24888392857142855 0.13153230042016806 0.262014180672269 0.11676076680672265 0.24067752100840334 0.1028098739495798 0.21934086134453779 0.09050026260504201 0.20621060924369744 0.0822938550420168 0.18323266806722688 0.07983193277310924 0.16189600840336132 0.08311449579831931 0.11594012605042014 0.08557641806722688 0.061777836134453756 0.09788602941176466 0.014180672268907513 0.10609243697478987 0.001953125 0.11347820378151258 0.001953125
1 0.501641281512605 0.19472163865546216 0.5237985819327731 0.1799501050420168 0.5451352415966386 0.18159138655462181 0.5631893382352942 0.19636292016806722 0.5754989495798319 0.24560136554621842 0.5779608718487395 0.2915572478991597 0.5623686974789915 0.29976365546218486 0.5451352415966386 0.2899159663865547 0.5311843487394958 0.25709033613445387 0.5155921743697479 0.2439600840336134 0.4991793592436975 0.2357536764705882 0.49589679621848737 0.21934086134453779
1 0.5213366596638656 0.001953125 0.5525210084033614 0.001953125 0.5845259978991597 0.001953125 0.6132484243697479 0.001953125 0.633764443277311 0.001953125 0.6534598214285714 0.001953125 0.6657694327731093 0.0043329831932772955 0.6756171218487395 0.032234768907562994 0.6895680147058824 0.06998424369747897 0.7018776260504201 0.09296218487394958 0.715828518907563 0.13399422268907563 0.7018776260504201 0.16025472689075626 0.6838235294117647 0.19800420168067223 0.6542804621848739 0.18487394957983194 0.6214548319327731 0.16025472689075626 0.5894498424369747 0.16846113445378147 0.5672925420168067 0.1799501050420168 0.5467765231092437 0.16846113445378147 0.5172334558823529 0.16846113445378147 0.4893316701680672 0.15368960084033612 0.4614298844537815 0.12086397058823528 0.4565060399159664 0.11922268907563022 0.47620141806722693 0.0470063025210084 0.4876903886554622 0.024028361344537785 0.5024619222689075 0.001953125 0.5098476890756303 0.001953125
1 0.1807707457983193 0.0470063025210084 0.19472163865546216 0.02566964285714285 0.21195509453781514 0.027310924369747858 0.24806328781512604 0.0749080882352941 0.2587316176470588 0.10116859243697479 0.26529674369747897 0.1372767857142857 0.2628348214285714 0.17502626050420167 0.25626969537815125 0.19472163865546216 0.24067752100840334 0.22262342436974786 0.22426470588235292 0.23739495798319327 0.19472163865546216 0.24560136554621842 0.17584690126050417 0.23903623949579833 0.17584690126050417 0.1996454831932773 0.17420561974789917 0.15040703781512604 0.17420561974789917 0.12086397058823528 0.17748818277310924 0.08639705882352938
1 0.27432379201680673 0.14384191176470584 0.27186186974789917 0.13399422268907563 0.27268251050420167 0.11758140756302521 0.28335084033613445 0.11922268907563022 0.2866334033613445 0.12742909663865543 0.29237788865546216 0.13399422268907563 0.2899159663865546 0.15040703781512604 0.27268251050420167 0.1717436974789916
1 0.30304621848739494 0.11922268907563022 0.3153558298319328 0.11265756302521007 0.32848608193277307 0.11101628151260501 0.3506433823529411 0.11758140756302521 0.362952993697479 0.1307116596638655 0.36787683823529416 0.14876575630252098 0.37033876050420167 0.17830882352941174 0.3728006827731092 0.20949317226890757 0.36623555672268904 0.23082983193277307 0.3498227415966386 0.24888392857142855 0.3334099264705882 0.2735031512605043 0.3055081407563025 0.29483981092436984 0.29237788865546216 0.3063287815126051 0.27678571428571425 0.32274159663865554 0.25544905462184875 0.32438287815126055 0.2505252100840336 0.32602415966386555 0.23165047268907563 0.32274159663865554 0.22836790966386555 0.29812237394957986 0.23165047268907563 0.26693802521008403 0.2431394432773109 0.23903623949579833 0.26529674369747897 0.2078518907563025 0.2776063550420168 0.18651523109243695 0.2940191701680672 0.15368960084033612 0.2981223739495798 0.13399422268907563
1 0.08557641806722688 0.23903623949579833 0.0683429621848739 0.263655462184874 0.05931591386554619 0.28170955882352944 0.06259847689075629 0.3161764705882354 0.07080488445378147 0.3276654411764707 0.0822938550420168 0.3342305672268908 0.1028098739495798 0.32438287815126055 0.12414653361344535 0.3046875 0.12742909663865543 0.28170955882352944 0.12004332983193278 0.27022058823529416 0.11183692226890757 0.25216649159663873 0.1028098739495798 0.23903623949579833 0.09296218487394958 0.23082983193277307
1 0.13973870798319327 0.2784269957983194 0.14958639705882348 0.26693802521008403 0.16846113445378147 0.2587316176470589 0.18241202731092437 0.2603728991596639 0.19390099789915966 0.2767857142857143 0.19636292016806722 0.2915572478991597 0.2004661239495798 0.3145351890756303 0.2004661239495798 0.3276654411764707 0.19554227941176466 0.3457195378151261 0.1807707457983193 0.3719800420168068 0.1569721638655462 0.3883928571428572 0.1463038340336134 0.3604910714285715 0.13481486344537813 0.3309480042016807 0.13317358193277307 0.3211003151260504 0.13563550420168063 0.30797006302521013
1 0.11429884453781508 0.35064338235294124 0.10609243697478987 0.3769038865546219 0.09952731092436973 0.4162946428571429 0.0954241071428571 0.44912027310924374 0.09378282563025209 0.48030462184873957 0.09706538865546216 0.5049238445378151 0.1028098739495798 0.5098476890756303 0.12004332983193278 0.5 0.1372767857142857 0.4868697478991597 0.14794511554621848 0.47702205882352944 0.15615152310924368 0.46225052521008403 0.16025472689075626 0.43434873949579833 0.15943408613445376 0.41137079831932777 0.1528689600840336 0.3998818277310925 0.14220063025210083 0.36705619747899165 0.13317358193277307 0.3440782563025211 0.12660845588235292 0.3325892857142858
1 0.37033876050420167 0.11101628151260501 0.3851102941176471 0.10773371848739494 0.39824054621848737 0.12414653361344535 0.40890887605042014 0.13891806722689076 0.40562631302521013 0.1569721638655462 0.3924960609243697 0.17502626050420167 0.38346901260504196 0.1651785714285714 0.3752626050420168 0.1454831932773109 0.3711594012605042 0.1290703781512605
1 0.47620141806722693 0.001953125 0.5102087710084031 0.001953125 0.5533416491596639 0.001953125 0.5738576680672269 0.001953125 0.5820640756302521 0.001953125 0.5820640756302521 0.001953125 0.5746783088235294 0.001953125 0.5508797268907563 0.001953125 0.5147715336134454 0.001953125 0.5073857668067226 0.001953125 0.49343487394957986 0.001953125 0.47866334033613445 0.001953125 0.4712775735294118 0.001953125 0.4720982142857143 0.001953125
1 0.3211003151260504 0.3916754201680672 0.33997505252100835 0.38346901260504207 0.35146402310924374 0.4031643907563026 0.36705619747899154 0.43927258403361347 0.37936580882352944 0.49015231092436984 0.38018644957983194 0.5279017857142858 0.3719800420168067 0.5541622899159664 0.35392594537815125 0.5984768907563026 0.32684480042016806 0.6230961134453782 0.3137145483193277 0.6198135504201682 0.30386685924369744 0.6034007352941178 0.2899159663865546 0.5754989495798319 0.2792476365546218 0.5689338235294118 0.2776063550420168 0.495076155462185 0.2792476365546218 0.46717436974789917 0.30058429621848737 0.4556853991596639 0.3161764705882353 0.42450105042016817
1 0.0051536239495798 0.2931985294117647 0.024849002100840317 0.29976365546218486 0.050288865546218475 0.2915572478991597 0.05439206932773108 0.32602415966386555 0.041261817226890735 0.3473608193277311 0.02238707983193275 0.36541491596638664 0.0043329831932772955 0.3851102941176471 0.0018710609243697274 0.3325892857142858
1 0.0018710609243697274 0.42285976890756305 0.017463235294117613 0.43599002100840345 0.03387605042016803 0.458967962184874 0.04782694327731091 0.5131302521008404 0.03797925420168066 0.5574448529411765 0.033055409663865526 0.5919117647058824 0.0035123424369747636 0.618172268907563
1 0.04208245798319327 0.6001181722689076 0.0822938550420168 0.5853466386554622 0.09788602941176466 0.5820640756302522 0.10855435924369744 0.6066832983193278 0.12250525210084029 0.6477153361344539 0.13071165966386555 0.6739758403361346 0.14055934873949577 0.7051601890756303 0.14876575630252098 0.7264968487394958 0.16189600840336132 0.7576811974789917 0.16681985294117646 0.7855829831932772 0.1635372899159664 0.813484768907563 0.14712447478991597 0.8364627100840336 0.1364561449579832 0.8594406512605042 0.12414653361344535 0.8774947478991597 0.1101956407563025 0.8807773109243697 0.08639705882352938 0.8824185924369747 0.0675223214285714 0.8840598739495797 0.03797925420168066 0.8758534663865545 0.010077468487394936 0.8594406512605042 0.0009765625 0.8460040266106441 0.0026917016806722316 0.6411502100840337 0.005974264705882332 0.6280199579831933 0.015821953781512577 0.6132484243697479 0.024028361344537785 0.6099658613445379 0.03141412815126049 0.6083245798319328
2 0.015821953781512577 0.6345850840336135 0.021566439075630217 0.6444327731092437 0.030593487394957958 0.6444327731092437 0.033055409663865526 0.6263786764705883 0.029772846638655426 0.6214548319327732
1 0.5106683298319328 0.001953125 0.5467765231092437 0.001953125 0.5746783088235294 0.001953125 0.5984768907563025 0.001953125 0.6075039390756303 0.001953125 0.6280199579831933 0.001953125 0.6477153361344538 0.001953125 0.6542804621848739 0.001953125 0.659204306722689 0.001953125 0.6419708508403361 0.001953125 0.6189929096638656 0.001953125 0.5943736869747899 0.001953125 0.5640099789915967 0.001953125 0.5410320378151261 0.001953125 0.5254398634453782 0.001953125 0.5164128151260504 0.001953125 0.5114889705882353 0.001953125 0.5098476890756303 0.001953125
1 0.5878085609243697 0.001953125 0.5902704831932774 0.001953125 0.59765625 0.001953125 0.6148897058823529 0.001953125 0.6378676470588235 0.001953125 0.655921743697479 0.001953125 0.6633075105042017 0.001953125 0.6731551995798319 0.001953125 0.6830028886554622 0.001953125 0.6879267331932774 0.001953125 0.6706932773109244 0.001953125 0.6460302871148462 0.001953125 0.6091452205882353 0.001953125
1 0.6961331407563025 0.001953125 0.6903886554621849 0.001953125 0.6862854516806722 0.001953125 0.6944918592436975 0.001953125 0.7068014705882353 0.001953125 0.7199317226890757 0.001953125 0.7379858193277311 0.001953125 0.7486541491596639 0.001953125 0.7593224789915967 0.001953125 0.7740940126050421 0.001953125 0.7790178571428572 0.001953125 0.7256762079831933 0.001953125 0.7092633928571429 0.001953125
1 0.8824185924369747 0.001953125 0.8766741071428572 0.001953125 0.871750262605042 0.001953125 0.8684676995798319 0.001953125 0.8586200105042017 0.001953125 0.8413865546218489 0.001953125 0.8200498949579833 0.001953125 0.8019957983193278 0.001953125 0.791327468487395 0.001953125 0.7806591386554622 0.001953125 0.7683495273109244 0.001953125 0.7486541491596639 0.001953125 0.7470128676470589 0.001953125 0.7494747899159664 0.001953125 0.7617844012605042 0.001953125 0.7716320903361344 0.001953125 0.7823004201680672 0.001953125 0.7888655462184874 0.001953125 0.8266150210084033 0.001953125 0.8413865546218489 0.001953125 0.8725709033613445 0.001953125
1 0.27596507352941174 0.5951943277310925 0.2693999474789916 0.616530987394958 0.26857930672268904 0.6362263655462186 0.2693999474789916 0.655921743697479 0.2817095588235294 0.6427914915966387 0.29237788865546216 0.6296612394957983 0.2973017331932773 0.6198135504201682 0.2940191701680672 0.6034007352941178 0.2849921218487395 0.5902704831932774
1 0.16681985294117646 0.7117253151260505 0.1914390756302521 0.7117253151260505 0.20128676470588236 0.7232142857142858 0.20538996848739494 0.7412683823529412 0.22426470588235292 0.731420693277311 0.2579109768907563 0.693671218487395 0.2546284138655462 0.7872242647058822 0.23985688025210083 0.7937893907563025 0.21769957983193278 0.7937893907563025 0.1922597163865546 0.7790178571428572 0.18569459033613445 0.7675288865546217 0.17912946428571425 0.7675288865546217 0.1717436974789916 0.7609637605042017 0.16189600840336132 0.7363445378151261 0.16189600840336132 0.7264968487394958
1 0.0009765625 0.8709296218487395 0.013360031512605008 0.8857011554621848 0.038799894957983166 0.892266281512605 0.07162552521008403 0.89719012605042 0.08639705882352938 0.9004726890756303 0.11676076680672265 0.8988314075630253 0.13891806722689076 0.8988314075630253 0.15122767857142855 0.9234506302521008 0.15368960084033612 0.9513524159663864 0.15533088235294118 0.9792542016806722 0.15943408613445376 1.008797268907563 0.16189600840336132 1.043264180672269 0.1651785714285714 1.0646008403361344 0.16764049369747897 1.0990677521008403 0.15368960084033612 1.0941439075630253 0.11840204831932771 1.0957851890756303 0.08393513655462181 1.0957851890756303 0.04536502100840334 1.0941439075630253 0.01992515756302518 1.0941439075630253 0.005974264705882332 1.0957851890756303 0.0035123424369747636 1.0941439075630253 0.0010504201680671954 1.0301339285714286 0.006794905462184836 0.9825367647058822 0.0026917016806722316 0.9447872899159664 0.0026917016806722316 0.9119616596638656
1 0.15451024159663862 0.9037552521008403 0.1635372899159664 0.8840598739495797 0.1733849789915966 0.890625 0.18897715336134452 0.9168855042016806 0.20456932773109243 0.9382221638655461 0.22098214285714285 0.9562762605042017 0.22918855042016806 0.9644826680672269 0.227547268907563 0.9841780462184873 0.22508534663865543 1.0219275210084033 0.23165047268907563 1.08265493697479 0.23165047268907563 1.09250262605042 0.19718356092436973 1.0941439075630253 0.17830882352941174 1.090861344537815
1 0.18241202731092437 0.7954306722689075 0.2004661239495798 0.8052783613445378 0.22426470588235292 0.8069196428571428 0.23739495798319327 0.811843487394958 0.24888392857142855 0.8102022058823528 0.25626969537815125 0.8069196428571428 0.26693802521008403 0.8298975840336134 0.26857930672268904 0.8495929621848739 0.26857930672268904 0.8709296218487395 0.2693999474789916 0.89719012605042 0.26447610294117646 0.9267331932773109 0.2513458508403361 0.9431460084033614 0.24067752100840334 0.9497111344537814 0.227547268907563 0.9431460084033614 0.20703125 0.9201680672268908 0.18651523109243695 0.892266281512605 0.16107536764705882 0.8676470588235294 0.15368960084033612 0.8495929621848739 0.16189600840336132 0.8381039915966386 0.1733849789915966 0.8249737394957983 0.17748818277310924 0.813484768907563
1 0.28253019957983194 0.8528755252100839 0.3137145483193277 0.8315388655462184 0.32848608193277307 0.8331801470588236 0.3301273634453782 0.88734243697479 0.32848608193277307 0.9464285714285714 0.3334099264705882 0.9841780462184873 0.33833377100840334 1.012079831932773 0.345719537815126 1.0514705882352942 0.3342305672268907 1.0416228991596639 0.31781775210084034 1.0366990546218486 0.2849921218487395 1.046546743697479 0.2661173844537815 1.0383403361344536 0.26857930672268904 0.9923844537815125 0.27678571428571425 0.9579175420168067 0.2792476365546218 0.9283744747899159 0.2784269957983193 0.8758534663865545
1 0.33669248949579833 0.813484768907563 0.35146402310924374 0.8069196428571428 0.36623555672268904 0.8052783613445378 0.37854516806722693 0.8348214285714286 0.3875722163865546 0.8692883403361344 0.4015231092436975 0.9053965336134453 0.41055015756302515 0.9300157563025209 0.4187565651260504 0.9497111344537814 0.4277836134453782 0.9776129201680672 0.4277836134453782 0.9940257352941175 0.42121848739495793 1.010438550420168 0.40808823529411764 1.0268513655462184 0.38346901260504196 1.048188025210084 0.3711594012605042 1.0613182773109244 0.3637736344537815 1.0580357142857142 0.3481814600840336 1.0334164915966386 0.33997505252100835 0.9792542016806722 0.33915441176470584 0.9365808823529411 0.33915441176470584 0.88734243697479 0.33669248949579833 0.8528755252100839 0.3350512079831933 0.8364627100840336
1 0.26529674369747897 1.0859375 0.26529674369747897 1.09250262605042 0.2776063550420168 1.08922006302521 0.2866334033613445 1.08922006302521 0.3014049369747899 1.0941439075630253 0.3128939075630252 1.0941439075630253 0.3350512079831933 1.090861344537815 0.3432576155462185 1.0744485294117647 0.3334099264705882 1.0563944327731092 0.32930672268907557 1.0531118697478992 0.3219209558823529 1.046546743697479 0.30222557773109243 1.0514705882352942 0.2866334033613445 1.0580357142857142 0.27678571428571425 1.0596769957983192 0.27268251050420167 1.0563944327731092 0.26529674369747897 1.0596769957983192
1 0.35392594537815125 1.0974264705882353 0.36541491596638653 1.08265493697479 0.3875722163865546 1.0646008403361344 0.4031643907563025 1.048188025210084 0.42285976890756305 1.0317752100840336 0.4474789915966386 1.007155987394958 0.45158219537815125 1.008797268907563 0.46553308823529416 1.0252100840336134 0.4720982142857143 1.043264180672269 0.4737394957983193 1.0711659663865545 0.4696362920168067 1.0957851890756303 0.4327074579831933 1.1023503151260503 0.3900341386554622 1.1072741596638656 0.36705619747899154 1.1056328781512605 0.3621323529411765 1.1039915966386555
1 0.47948398109243695 1.08922006302521 0.4827665441176471 1.0596769957983194 0.49261423319327735 1.044905462184874 0.5057444852941176 1.0334164915966386 0.5279017857142857 1.0301339285714286 0.5426733193277311 1.0416228991596639 0.5517003676470589 1.0662421218487395 0.5566242121848739 1.087578781512605
1 0.37936580882352944 0.7905068277310925 0.3900341386554622 0.7494747899159665 0.40562631302521013 0.7182904411764707 0.42696297268907557 0.7051601890756303 0.4409138655462185 0.7133665966386555 0.4482996323529411 0.731420693277311 0.501641281512605 0.888983718487395 0.5073857668067226 0.9037552521008403 0.5106683298319328 0.9136029411764706 0.5041032037815126 0.9300157563025209 0.4991793592436975 0.9415047268907564 0.4901523109243697 0.9595588235294117 0.4827665441176471 0.971047794117647 0.4712775735294118 0.9825367647058822 0.4548647584033614 0.9858193277310925 0.4409138655462185 0.9825367647058822 0.4294248949579832 0.9497111344537814 0.39741990546218486 0.8791360294117647 0.39331670168067223 0.8446691176470589 0.38346901260504196 0.8216911764705881
1 0.4548647584033614 0.7018776260504203 0.4688156512605042 0.6756171218487396 0.4819459033613446 0.6624868697478992 0.4901523109243697 0.6657694327731093 0.5 0.6871060924369748 0.5123096113445378 0.7133665966386555 0.5180540966386554 0.7363445378151261 0.5262605042016807 0.7543986344537814 0.536108193277311 0.7872242647058822 0.5369288340336135 0.8151260504201681 0.5369288340336135 0.8512342436974789 0.5303637079831933 0.890625 0.5237985819327731 0.9086790966386553 0.5139508928571429 0.9004726890756303 0.5032825630252101 0.8643644957983192 0.49179359243697474 0.8315388655462184 0.47784269957983194 0.7872242647058822 0.4712775735294118 0.7658876050420167 0.460609243697479 0.7363445378151261 0.4581473214285714 0.7264968487394958
1 0.5369288340336135 0.9053965336134453 0.5475971638655462 0.9218093487394958 0.5640099789915967 0.9267331932773109 0.5837053571428571 0.9250919117647058 0.6025800945378151 0.9152442226890756 0.618172268907563 0.9103203781512605 0.6239167542016807 0.9086790966386555 0.6247373949579832 0.885701155462185 0.6001181722689075 0.8495929621848739 0.5861672794117647 0.8348214285714286 0.5640099789915967 0.811843487394958 0.5492384453781513 0.8036370798319328 0.5475971638655462 0.8216911764705883
1 0.4885110294117647 0.6411502100840337 0.49179359243697474 0.6263786764705883 0.5188747373949579 0.5951943277310925 0.5418526785714286 0.5935530462184875 0.559906775210084 0.6017594537815126 0.5902704831932774 0.6345850840336135 0.6099658613445378 0.6460740546218487 0.6255580357142857 0.6509978991596639 0.637047006302521 0.6739758403361346 0.6411502100840336 0.7002363445378151 0.6460740546218487 0.7215730042016807 0.6534598214285714 0.7626050420168067 0.657563025210084 0.7905068277310925 0.655921743697479 0.8052783613445378 0.6468946953781513 0.8249737394957983 0.6395089285714286 0.8479516806722689 0.6378676470588235 0.8561580882352942 0.6329438025210085 0.8742121848739495 0.5968356092436975 0.8315388655462184 0.5631893382352942 0.8036370798319328 0.5525210084033614 0.7888655462184873 0.5410320378151261 0.7675288865546217 0.5270811449579832 0.7215730042016807 0.5106683298319328 0.690388655462185 0.4975380777310925 0.6608455882352942
1 0.6616662289915967 0.8167673319327731 0.696953781512605 0.8200498949579831 0.7125459558823529 0.8298975840336134 0.7182904411764706 0.8660057773109244 0.7150078781512605 0.890625 0.7035189075630253 0.9136029411764706 0.6920299369747899 0.9218093487394958 0.6690519957983193 0.9053965336134453 0.6427914915966386 0.892266281512605 0.6386882878151261 0.88734243697479 0.6444327731092437 0.8594406512605042 0.6534598214285714 0.8364627100840336
1 0.5722163865546218 1.0941439075630253 0.5902704831932774 1.090861344537815 0.6165309873949579 1.0957851890756303 0.6140690651260504 1.0760898109243697 0.6025800945378151 1.0646008403361344 0.5878085609243697 1.0711659663865545 0.5787815126050421 1.0793723739495797
1 0.2849921218487395 0.33751313025210083 0.29011781754032256 0.37373991935483875 0.2979933215725806 0.3910660282258065 0.3087907037815126 0.4048056722689076 0.3202796743697479 0.3769038865546219 0.32520351890756305 0.3703387605042018 0.3194590336134454 0.3194590336134454 0.3161764705882353 0.30797006302521013 0.30304621848739494 0.31289390756302526 0.2931985294117647 0.32274159663865554
1 0.6797203256302521 0.001953125 0.6641281512605042 0.001953125 0.6665900735294118 0.001953125 0.6731551995798319 0.001953125 0.693671218487395 0.05521271008403361 0.7092633928571429 0.08967962184873945 0.7199317226890757 0.11594012605042014 0.7289587710084033 0.12578781512605042 0.7396271008403361 0.10116859243697479 0.753577993697479 0.04536502100840334 0.7650669642857143 0.015821953781512577 0.7749146533613446 0.001953125 0.7798384978991597 0.001953125 0.7658876050420168 0.001953125 0.7478335084033614 0.001953125 0.731420693277311 0.001953125 0.7109046743697479 0.001953125 0.6920299369747899 0.001953125
1 0.8471310399159664 0.001953125 0.8619025735294117 0.0026917016806722316 0.8684676995798319 0.04536502100840334 0.8766741071428572 0.07819065126050417 0.8799566701680672 0.11265756302521007 0.8725709033613445 0.12742909663865543 0.8610819327731092 0.13399422268907563 0.8528755252100841 0.1569721638655462 0.8364627100840336 0.1799501050420168 0.8192292542016806 0.1996454831932773 0.7995338760504201 0.20456932773109243 0.7790178571428572 0.1996454831932773 0.7617844012605042 0.16846113445378147 0.7511160714285714 0.1307116596638655 0.7461922268907563 0.109375 0.7593224789915967 0.05357142857142855 0.7757352941176471 0.01910451680672265 0.79296875 0.001953125 0.7970719537815126 0.001953125 0.8225118172268908 0.001953125
1 0.8881630777310925 0.001953125 0.9004726890756303 0.001953125 0.9250919117647058 0.001953125 0.9374015231092436 0.001953125 0.9447872899159664 0.001953125 0.9456079306722689 0.001953125 0.9398634453781514 0.001953125 0.9152442226890756 0.001953125 0.9045758928571428 0.001953125 0.8898043592436975 0.001953125 0.8815979516806722 0.001953125 0.8725709033613445 0.001953125 0.8799566701680672 0.001953125 0.8807773109243697 0.001953125 0.885701155462185 0.001953125
1 0.9259125525210083 0.001953125 0.9275538340336134 0.001953125 0.9390428046218489 0.001953125 0.9497111344537816 0.001953125 0.9661239495798319 0.001953125 0.99156381302521 0.001953125 0.9973082983193278 0.001953125 0.9981289390756303 0.001953125 0.9973082983193278 0.001953125 0.9973082983193278 0.001953125 0.9726890756302522 0.001953125 0.9497111344537816 0.001953125
1 0.9554556197478992 0.001953125 0.9603794642857144 0.001953125 0.9685858718487395 0.001953125 0.9841780462184875 0.001953125 0.9956670168067228 0.001953125 0.9990234375 0.001953125 0.9956670168067228 0.001953125 0.9767922794117647 0.001953125 0.967765231092437 0.001953125
1 0.9505317752100841 0.001953125 0.9669445903361344 0.001953125 0.9808954831932772 0.001953125 0.9964876575630253 0.001953125 0.9956670168067228 0.02566964285714285 0.9981289390756303 0.0683429621848739 0.9964876575630253 0.09624474789915966 0.9907431722689075 0.11265756302521007 0.9825367647058825 0.12578781512605042 0.969406512605042 0.12414653361344535 0.9456079306722689 0.08967962184873945 0.9267331932773109 0.058495273109243684 0.9136029411764706 0.02895220588235292 0.9021139705882353 0.001953125 0.9021139705882353 0.001953125 0.9119616596638656 0.001953125 0.9218093487394958 0.001953125 0.9341189600840336 0.001953125 0.9390428046218489 0.001953125 0.9439666491596639 0.001953125
1 0.6961331407563025 0.21277573529411764 0.7100840336134454 0.22918855042016806 0.733061974789916 0.24724264705882354 0.7429096638655462 0.25544905462184875 0.7527573529411765 0.2341123949579832 0.7642463235294118 0.21277573529411764 0.7683495273109244 0.2078518907563025 0.755219275210084 0.17502626050420167 0.7502954306722689 0.16681985294117646 0.733061974789916 0.1733849789915966 0.7117253151260504 0.18651523109243695
1 0.6830028886554622 0.24560136554621842 0.7092633928571429 0.25380777310924374 0.7240349264705882 0.2587316176470589 0.734703256302521 0.27186186974789917 0.7248555672268908 0.3063287815126051 0.7248555672268908 0.33915441176470595 0.7289587710084033 0.3637736344537815 0.7273174894957983 0.38182773109243706 0.7207523634453782 0.38346901260504207 0.7018776260504201 0.39331670168067234 0.6788996848739496 0.3998818277310925 0.6682313550420168 0.4031643907563026 0.655921743697479 0.3900341386554622 0.655921743697479 0.35392594537815125 0.6674107142857143 0.3145351890756303 0.674796481092437 0.27022058823529416
1 0.8208705357142858 0.3194590336134454 0.79296875 0.3572085084033614 0.7740940126050421 0.3867515756302522 0.7617844012605042 0.41957720588235303 0.772452731092437 0.4688156512605043 0.7814797794117647 0.4885110294117647 0.8060990021008404 0.4852284663865547 0.8192292542016806 0.48030462184873957 0.8381039915966386 0.46717436974789917 0.8504136029411764 0.4556853991596639 0.8684676995798319 0.43434873949579833 0.8758534663865547 0.4146533613445379 0.8692883403361344 0.38346901260504207 0.8561580882352942 0.35556722689075637 0.8454897584033614 0.3325892857142858 0.8315388655462186 0.3211003151260504
1 0.6034007352941176 0.46553308823529416 0.6222754726890757 0.43434873949579833 0.637047006302521 0.4146533613445379 0.6452534138655462 0.4146533613445379 0.6616662289915967 0.4146533613445379 0.6682313550420168 0.4294248949579832 0.6723345588235294 0.45240283613445387 0.6780790441176471 0.4885110294117647 0.6854648109243697 0.532825630252101 0.6830028886554622 0.5574448529411765 0.6772584033613446 0.5853466386554622 0.6690519957983193 0.6034007352941178 0.6616662289915967 0.6411502100840337 0.6608455882352942 0.6674107142857143 0.6518185399159664 0.6772584033613446 0.6362263655462185 0.654280462184874 0.6345850840336135 0.6345850840336135 0.6444327731092437 0.6083245798319328 0.6395089285714286 0.5902704831932774 0.6271993172268907 0.5541622899159664 0.6075039390756303 0.495076155462185
1 0.6805409663865546 0.41957720588235303 0.7018776260504201 0.41137079831932777 0.7232142857142857 0.40808823529411764 0.7306000525210085 0.4327074579831933 0.7388064600840336 0.44912027310924374 0.755219275210084 0.460609243697479 0.7683495273109244 0.49671743697479 0.7699908088235294 0.536108193277311 0.7609637605042017 0.5804227941176471 0.756860556722689 0.6132484243697479 0.7273174894957983 0.5869879201680673 0.7010569852941176 0.5689338235294118 0.6961331407563025 0.5623686974789917 0.693671218487395 0.537749474789916 0.6944918592436975 0.5131302521008404 0.6903886554621849 0.4819459033613446 0.6838235294117647 0.4540441176470589 0.6821822478991597 0.4441964285714286
1 0.7823004201680672 0.5098476890756303 0.8011751575630253 0.5065651260504203 0.8216911764705883 0.5049238445378151 0.8405659138655461 0.49015231092436984 0.8553374474789917 0.4688156512605043 0.8774947478991597 0.45076155462184875 0.8947282037815125 0.45240283613445387 0.8971901260504203 0.4819459033613446 0.8930869222689075 0.5180540966386555 0.890625 0.5541622899159664 0.8799566701680672 0.5886292016806723 0.871750262605042 0.616530987394958 0.8619025735294117 0.6427914915966387 0.8356420693277311 0.6345850840336135 0.8282563025210083 0.6362263655462186 0.8167673319327731 0.6509978991596639 0.8060990021008404 0.6641281512605043 0.7896861869747899 0.6608455882352942 0.7757352941176471 0.6427914915966387 0.7683495273109244 0.6296612394957983 0.7683495273109244 0.5935530462184875 0.7740940126050421 0.5541622899159664
1 0.6887473739495799 0.5869879201680673 0.7150078781512605 0.6017594537815126 0.7461922268907563 0.614889705882353 0.7626050420168067 0.6460740546218487 0.7708114495798319 0.6624868697478992 0.7847623424369748 0.6739758403361346 0.8003545168067226 0.6854648109243698 0.7905068277310925 0.7199317226890757 0.7716320903361344 0.7215730042016807 0.7543986344537815 0.7215730042016807 0.7412683823529412 0.728138130252101 0.7338826155462185 0.7511160714285714 0.7248555672268908 0.774094012605042 0.714187237394958 0.7987132352941175 0.7109046743697479 0.8085609243697478 0.6920299369747899 0.8036370798319328 0.6739758403361344 0.8052783613445378 0.6682313550420168 0.8036370798319328 0.659204306722689 0.7363445378151261 0.6509978991596639 0.6985950630252101 0.6616662289915967 0.6871060924369748 0.6723345588235294 0.6674107142857143 0.6739758403361344 0.6313025210084034 0.6813616071428571 0.6116071428571429
1 0.8102022058823529 0.6772584033613447 0.8184086134453781 0.6641281512605043 0.8298975840336134 0.652639180672269 0.8430278361344539 0.6493566176470589 0.8569787289915967 0.650997899159664 0.8619025735294117 0.6657694327731093 0.8602612920168067 0.7002363445378152 0.8586200105042017 0.7461922268907565 0.8561580882352942 0.7626050420168067 0.8372833508403361 0.7806591386554622 0.8225118172268908 0.7987132352941175 0.8126641281512605 0.811843487394958 0.7978925945378151 0.7773765756302522 0.794610031512605 0.7576811974789917 0.7937893907563025 0.7445509453781513 0.8019957983193278 0.7150078781512605 0.8060990021008404 0.6969537815126051
1 0.7420890231092437 0.7872242647058822 0.7560399159663865 0.7658876050420167 0.7708114495798319 0.7576811974789917 0.7831210609243697 0.7609637605042017 0.7921481092436975 0.775735294117647 0.8011751575630253 0.8069196428571428 0.8028164390756303 0.8315388655462186 0.8028164390756303 0.8610819327731092 0.7855829831932774 0.8528755252100839 0.7675288865546218 0.8348214285714286 0.7511160714285714 0.811843487394958
1 0.8996520483193278 0.5443146008403362 0.9144235819327731 0.5393907563025211 0.9300157563025211 0.5393907563025211 0.9538143382352942 0.5541622899159665 0.9636620273109244 0.5804227941176472 0.9644826680672269 0.6181722689075632 0.9653033088235294 0.6559217436974791 0.9718684348739497 0.68874737394958 0.9570969012605042 0.7182904411764707 0.9439666491596639 0.7461922268907565 0.9341189600840336 0.774094012605042 0.9291951155462186 0.7970719537815125 0.9127823004201681 0.7987132352941175 0.8996520483193278 0.7773765756302522 0.8783153886554622 0.7609637605042017 0.870108981092437 0.7511160714285714 0.8651851365546219 0.7379858193277312 0.8692883403361344 0.7002363445378152 0.8692883403361344 0.6624868697478993 0.8725709033613445 0.6395089285714287 0.8791360294117647 0.613248424369748 0.8865217962184875 0.5919117647058825 0.8947282037815125 0.5738576680672269 0.8963694852941178 0.5656512605042018
1 0.9923844537815125 0.417935924369748 0.9776129201680672 0.47538077731092443 0.9743303571428572 0.49671743697479 0.971047794117647 0.532825630252101 0.9685858718487395 0.5640099789915968 0.969406512605042 0.5951943277310925 0.9718684348739497 0.6411502100840337 0.9735097163865547 0.6657694327731093 0.9784335609243697 0.6871060924369748 0.9973082983193278 0.6871060924369748 0.9989495798319328 0.5656512605042018 0.9981289390756303 0.5147715336134454 0.9989495798319328 0.460609243697479 0.9990234375 0.45721179096638664
1 0.983357405462185 0.7035189075630253 0.9669445903361344 0.7215730042016808 0.9554556197478992 0.7461922268907565 0.9439666491596639 0.774094012605042 0.9390428046218489 0.8003545168067228 0.9431460084033614 0.813484768907563 0.9497111344537816 0.8266150210084033 0.9587381827731092 0.8266150210084033 0.9767922794117647 0.8069196428571428 0.9923844537815125 0.7905068277310925 0.9981289390756303 0.7855829831932772 0.9989495798319328 0.7511160714285714 0.9973082983193278 0.7068014705882354 0.9973082983193278 0.6985950630252101
1 0.8660057773109244 0.7708114495798319 0.8815979516806722 0.7823004201680672 0.8963694852941178 0.8036370798319328 0.9045758928571428 0.8266150210084033 0.906217174369748 0.8742121848739495 0.9119616596638656 0.8971901260504203 0.9070378151260505 0.9168855042016806 0.8963694852941178 0.9480698529411764 0.890625 0.9743303571428572 0.8799566701680672 0.9841780462184875 0.8504136029411764 0.971047794117647 0.8216911764705883 0.9283744747899159 0.8093815651260504 0.8988314075630253 0.8069196428571429 0.8807773109243697 0.8110228466386554 0.8446691176470589 0.8192292542016806 0.8266150210084033 0.8389246323529411 0.8085609243697478 0.8512342436974789 0.7921481092436975
1 0.7240349264705882 0.9053965336134453 0.7486541491596639 0.9234506302521008 0.7560399159663865 0.9497111344537814 0.7576811974789917 0.9891018907563025 0.7560399159663865 1.010438550420168 0.7429096638655462 1.0383403361344539 0.7223936449579832 1.044905462184874 0.7043395483193278 1.046546743697479 0.6953125 1.0481880252100841 0.6813616071428571 1.0498293067226891 0.6772584033613446 1.0596769957983194 0.6641281512605042 1.0728072478991597 0.655921743697479 1.0662421218487395 0.6460740546218487 1.0383403361344539 0.6501772584033614 1.007155987394958 0.6526391806722689 0.9989495798319328 0.6838235294117647 0.9907431722689075 0.6961331407563025 0.971047794117647 0.7059808298319328 0.9431460084033614 0.7166491596638656 0.9283744747899159
1 0.8126641281512605 0.9546349789915967 0.8307182247899161 0.967765231092437 0.8487723214285714 0.9841780462184873 0.8668264180672269 0.9923844537815125 0.888983718487395 1.0022321428571428 0.9053965336134453 1.0350577731092436 0.9291951155462186 1.0531118697478992 0.9497111344537816 1.08265493697479 0.9554556197478992 1.1023503151260503 0.9144235819327731 1.1039915966386555 0.873391544117647 1.0990677521008403 0.8389246323529411 1.0941439075630253 0.8266150210084033 1.0629595588235294 0.8184086134453781 1.0235688025210083 0.8143054096638656 0.9891018907563025
1 0.9144235819327731 0.8167673319327731 0.9332983193277311 0.8200498949579831 0.9447872899159664 0.8381039915966386 0.9513524159663866 0.8430278361344536 0.9669445903361344 0.8348214285714286 0.9751509978991597 0.8233324579831933 0.986639968487395 0.8151260504201681 0.9956670168067228 0.8085609243697478 0.9989495798319328 0.9792542016806722 0.9776129201680672 0.9546349789915967 0.9587381827731092 0.9250919117647058 0.9423253676470589 0.9136029411764706 0.9267331932773109 0.9103203781512605 0.9185267857142858 0.890625 0.9177061449579833 0.8676470588235294 0.9152442226890756 0.8463103991596639 0.9127823004201681 0.8331801470588236
1 0.2688539566532258 0.6824596774193549 0.2972057711693548 0.6415070564516129 0.31374432963709675 0.6383568548387096 0.32398248487903225 0.657258064516129 0.3271326864919355 0.6966355846774194 0.3294953377016129 0.7375882056451613 0.3294953377016129 0.7722404233870968 0.3224073840725806 0.7927167338709677 0.3035061743951613 0.811617943548387 0.2830298639112903 0.82421875 0.2735792590725806 0.8226436491935485 0.26806640625 0.7974420362903225 0.26570375504032256 0.7564894153225807
1 0.005024571572580627 0.4036668346774194 0.045977192540322565 0.3485383064516129 0.06172820060483872 0.3485383064516129 0.08220451108870969 0.3579889112903226 0.09165511592741934 0.3721648185483871 0.0743290070564516 0.38949092741935487 0.05070249495967741 0.4115423387096774 0.039676789314516125 0.4351688508064516 0.02392578125 0.42886844758064513 0.013687626008064502 0.4146925403225806
1 0.0869298135080645 0.001953125 0.1113438760080645 0.001953125 0.1318201864919355 0.001953125 0.1467836441532258 0.001953125 0.1609595514112903 0.001953125 0.16883505544354838 0.001953125 0.1609595514112903 0.001953125 0.14757119455645162 0.001953125 0.1349703881048387 0.001953125 0.12158203125 0.001953125 0.11528162802419356 0.001953125 0.11291897681451613 0.001953125 0.10110572076612903 0.001953125 0.09244266633064516 0.001953125
1 0.15780934979838707 0.001953125 0.17749810987903225 0.001953125 0.1853736139112903 0.001953125 0.1853736139112903 0.001953125 0.18773626512096775 0.006741431451612878 0.1806483114919355 0.006741431451612878 0.1711977066532258 0.001953125
1 0.22475113407258063 0.001953125 0.2531029485887097 0.001953125 0.2672788558467742 0.001953125 0.2696415070564516 0.001953125 0.2625535534274194 0.001953125 0.26097845262096775 0.001953125 0.2586158014112903 0.001953125 0.2523153981854839 0.001953125 0.24522744455645162 0.001953125 0.24050214213709675 0.001953125 0.23735194052419356 0.001953125 0.2334141885080645 0.001953125 0.2286888860887097 0.001953125 0.22160093245967744 0.001953125 0.22160093245967744 0.001953125
1 0.2531029485887097 0.001953125 0.2688539566532258 0.001953125 0.28854271673387094 0.001953125 0.3058688256048387 0.001953125 0.29878087197580644 0.009891633064516125 0.29484311995967744 0.03981854838709675 0.29956842237903225 0.06502016129032256 0.3035061743951613 0.08864667338709675 0.2972057711693548 0.09652217741935482 0.2877551663306452 0.09809727822580644 0.2767294606854839 0.09022177419354838 0.26097845262096775 0.07604586693548387 0.24522744455645162 0.041393649193548376 0.23577683971774194 0.02249243951612906
1 0.3042937247983871 0.028792842741935498 0.3294953377016129 0.001953125 0.3570596018145162 0.001953125 0.39013671874999994 0.001953125 0.4444776965725807 0.001953125 0.48621786794354843 0.001953125 0.504331527217742 0.001953125 0.51220703125 0.001953125 0.49566847278225806 0.001953125 0.4767672631048387 0.013041834677419373 0.45156565020161293 0.08549647177419356 0.44053994455645157 0.12014868951612906 0.4295142389112903 0.12014868951612906 0.4098254788306452 0.12014868951612906 0.39171181955645157 0.09337197580645162 0.3712355090725807 0.08549647177419356 0.35784715221774194 0.10439768145161288 0.3460338961693548 0.10439768145161288 0.3224073840725806 0.09967237903225806 0.31374432963709675 0.09809727822580644 0.3113816784274194 0.063445060483871
1 0.3948620211693548 0.20205393145161293 0.41848853326612906 0.23040574596774194 0.43266444052419356 0.28238407258064513 0.42242628528225806 0.29813508064516125 0.39171181955645157 0.32648689516129037 0.3743857106854838 0.356413810483871 0.3586347026209677 0.3690146169354839 0.3420961441532258 0.3627142137096774 0.3357957409274194 0.3579889112903226 0.3294953377016129 0.328061995967742 0.3287077872983871 0.307585685483871 0.3310704385080645 0.2949848790322581 0.34445879536290325 0.2808089717741935 0.35942225302419356 0.258757560483871 0.3704479586693548 0.24458165322580644 0.3869865171370968 0.21780493951612906
1 0.4090379284274193 0.1800025201612903 0.4232138356854838 0.14692540322580644 0.4358146421370968 0.14220010080645162 0.45944115423387094 0.1516507056451613 0.47755481350806456 0.1642515120967742 0.4925182711693548 0.18157762096774194 0.48779296874999994 0.209929435483871 0.47519216229838707 0.23513104838709675 0.46495400705645157 0.23985635080645162 0.44920299899193544 0.23513104838709675 0.43266444052419356 0.2130796370967742
1 0.36966040826612906 0.3863407258064516 0.42715158770161293 0.3233366935483871 0.4728295110887097 0.27765877016129037 0.4783423639112903 0.3091607862903226 0.4870054183467742 0.35956401209677424 0.504331527217742 0.3705897177419355 0.524807837701613 0.3863407258064516 0.5334708921370968 0.4178427419354839 0.5507970010080645 0.4761214717741935 0.5783612651209677 0.5013230846774194 0.5909620715725807 0.510773689516129 0.6051379788306452 0.5359753024193549 0.6067130796370968 0.5643271169354839 0.601987777217742 0.5848034274193549 0.581511466733871 0.5911038306451613 0.5421339465725807 0.5863785282258065 0.5153572328629032 0.5911038306451613 0.4964560231854838 0.600554435483871 0.4767672631048387 0.621030745967742 0.4665291078629032 0.6415070564516129 0.45314075100806456 0.6635584677419355 0.4421150453629032 0.6745841733870968 0.4232138356854838 0.6745841733870968 0.40431262600806456 0.6745841733870968 0.40273752520161293 0.6446572580645161 0.4011624243951613 0.5895287298387096 0.3893491683467742 0.5454259072580645 0.38619896673387094 0.5170740927419355 0.3854114163306452 0.4808467741935484 0.3806861139112903 0.45091985887096775 0.3767483618951613 0.43674395161290325 0.3712355090725807 0.41626764112903225
1 0.2444398941532258 0.3658644153225806 0.2688539566532258 0.3548387096774194 0.2767294606854839 0.38161542338709675 0.29956842237903225 0.4146925403225806 0.3066563760080645 0.425718245967742 0.29956842237903225 0.4351688508064516 0.28933026713709675 0.4477696572580645 0.27121660786290325 0.4556451612903226 0.2625535534274194 0.45722026209677424 0.2554655997983871 0.4351688508064516 0.247590095766129 0.4068170362903226
1 0.20112462197580644 0.356413810483871 0.2286888860887097 0.3721648185483871 0.2302639868951613 0.3989415322580645 0.247590095766129 0.4524949596774194 0.26176600302419356 0.5123487903225806 0.26570375504032256 0.5564516129032259 0.26491620463709675 0.5958291330645161 0.2586158014112903 0.6163054435483871 0.23577683971774194 0.6226058467741935 0.21766318044354838 0.6320564516129032 0.19954952116935482 0.62890625 0.18931136592741937 0.6147303427419355 0.17671055947580644 0.5753528225806451 0.1696226058467742 0.5296748991935484 0.17041015625 0.502898185483871 0.1711977066532258 0.4461945564516129 0.17356035786290325 0.41626764112903225 0.1814358618951613 0.39421622983870963 0.19167401713709675 0.3784652217741935
1 0.05149004536290322 0.4351688508064516 0.08377961189516128 0.3973664314516129 0.09008001512096775 0.4398941532258065 0.08220451108870969 0.474546370967742 0.07984185987903225 0.5060483870967742 0.07275390625 0.5123487903225806 0.060940650201612906 0.49974798387096775 0.053852696572580655 0.4902973790322581 0.04755229334677419 0.45879536290322576
1 0.006599672379032251 0.1311743951612903 0.060940650201612906 0.17212701612903225 0.0743290070564516 0.1800025201612903 0.08141696068548387 0.20677923387096775 0.07826675907258066 0.22568044354838712 0.06330330141129031 0.2477318548387097 0.05070249495967741 0.2540322580645161 0.03731413810483872 0.23670614919354838 0.012900075604838718 0.2130796370967742 0.007387222782258063 0.19732862903225806 0.005812121975806439 0.14692540322580644
1 0.022350680443548376 0.23513104838709675 0.006599672379032251 0.22568044354838712 0.0026619203629032195 0.23513104838709675 0.0018743699596774077 0.2571824596774194 0.004237021169354843 0.279233870967742 0.00974987399193547 0.2808089717741935 0.032588835685483875 0.2855342741935484 0.042826990927419345 0.28395917338709675 0.04755229334677419 0.279233870967742 0.04046433971774194 0.266633064516129
1 0.05227759576612903 0.5328251008064516 0.06802860383064516 0.523374495967742 0.07984185987903225 0.5265246975806451 0.08771736391129031 0.5391255040322581 0.09165511592741934 0.551726310483871 0.08771736391129031 0.5580267137096774 0.07905430947580644 0.5690524193548387 0.06724105342741934 0.5753528225806451 0.046764742943548376 0.5832283266129032
1 0.10031817036290322 0.5375504032258065 0.11764427923387094 0.5217993951612904 0.149933845766129 0.5076234879032259 0.15465914818548387 0.5139238911290323 0.15859690020161288 0.5501512096774194 0.16568485383064518 0.572202620967742 0.17907321068548387 0.621030745967742 0.19482421875 0.6446572580645161 0.2050623739919355 0.6604082661290323 0.19954952116935482 0.6682837701612904 0.18931136592741937 0.677734375 0.1814358618951613 0.6808845766129032 0.1711977066532258 0.6856098790322581 0.15859690020161288 0.6887600806451613 0.14442099294354838 0.6840347782258065 0.1326077368951613 0.6509576612903226 0.125519783266129 0.6257560483870968 0.11921938004032256 0.5989793346774194 0.11291897681451613 0.5785030241935484 0.1074061239919355 0.5659022177419355 0.10425592237903225 0.5580267137096774
1 0.1956117691532258 0.6966355846774194 0.21136277721774194 0.669858870967742 0.22790133568548387 0.6541078629032259 0.24128969254032256 0.6462323588709677 0.2523153981854839 0.6525327620967742 0.2562531502016129 0.6651335685483871 0.24522744455645162 0.6871849798387096 0.23183908770161288 0.7013608870967742 0.21923828125 0.7108114919354839 0.21293787802419356 0.7123865927419355
1 0.3397334929435484 0.6399319556451613 0.35312184979838707 0.6147303427419355 0.37202305947580644 0.580078125 0.3767483618951613 0.5706275201612904 0.38226121471774194 0.5974042338709677 0.38856161794354843 0.6430821572580645 0.3869865171370968 0.6604082661290323 0.39013671874999994 0.6887600806451613 0.3948620211693548 0.7108114919354839 0.38619896673387094 0.7265625 0.37753591229838707 0.7423135080645161 0.36729775705645157 0.759639616935484 0.35942225302419356 0.7738155241935485 0.3499716481854839 0.775390625 0.345246345766129 0.759639616935484 0.3397334929435484 0.7328629032258065 0.33737084173387094 0.6966355846774194 0.33422064012096775 0.657258064516129
1 0.49803112399193544 0.2713583669354839 0.5059066280241935 0.2650579637096774 0.5145696824596775 0.2682081653225806 0.5350459929435485 0.29025957661290325 0.5437090473790323 0.31073588709677424 0.5429214969758065 0.34066280241935487 0.5397712953629032 0.3548387096774194 0.5303206905241935 0.3658644153225806 0.5153572328629032 0.3627142137096774 0.500393775201613 0.356413810483871 0.49409337197580644 0.34538810483870963 0.4933058215725807 0.32648689516129037 0.4909431703629032 0.3138860887096774 0.4933058215725807 0.29025957661290325
1 0.5767861643145162 0.18472782258064518 0.6004126764112903 0.18315272177419356 0.6082881804435485 0.17685231854838712 0.630339591733871 0.17685231854838712 0.6397901965725807 0.18472782258064518 0.6516034526209677 0.19575352822580644 0.6579038558467742 0.20205393145161293 0.666566910282258 0.209929435483871 0.671292212701613 0.24615675403225806 0.6571163054435485 0.28238407258064513 0.6413652973790323 0.31073588709677424 0.6319146925403225 0.3501134072580645 0.622464087701613 0.4146925403225806 0.6208889868951613 0.4320186491935484 0.6043504284274193 0.4414692540322581 0.5956873739919355 0.4398941532258065 0.5838741179435485 0.4194178427419355 0.5799363659274193 0.37373991935483875 0.5862367691532258 0.32491179435483875 0.5885994203629032 0.29025957661290325 0.5885994203629032 0.2808089717741935 0.5870243195564515 0.2493069556451613 0.5822990171370968 0.2241053427419355
1 0.846128402217742 0.001953125 0.8634545110887097 0.001953125 0.8831432711693548 0.001953125 0.8610918598790323 0.001953125 0.8508537046370968 0.001953125
1 0.46574155745967744 1.006930443548387 0.4870054183467742 0.983303931451613 0.5059066280241935 0.958102318548387 0.516144783266129 0.9313256048387097 0.524020287298387 0.921875 0.5413463961693548 0.9376260080645162 0.5563098538306452 0.9455015120967742 0.6122259324596775 0.9329007056451613 0.6319146925403225 0.921875 0.642940398185484 0.909274193548387 0.6618416078629032 0.9124243951612903 0.6815303679435485 0.9329007056451613 0.6862556703629032 0.9565272177419355 0.679167716733871 0.9754284274193548 0.6531785534274193 0.9896043346774193 0.6248267389112903 1.006930443548387 0.6067130796370968 1.0242565524193548 0.5956873739919355 1.0510332661290323 0.581511466733871 1.0636340725806452 0.569698210685484 1.0636340725806452 0.5515845514112903 1.047883064516129 0.5389837449596775 1.0305569556451613 0.520082535282258 1.01953125 0.49173072076612906 1.0211063508064515 0.48149256552419356 1.0305569556451613 0.47361706149193544 1.01953125
1 0.7311460433467742 0.8068926411290323 0.7461095010080645 0.8210685483870968 0.7579227570564517 0.8399697580645162 0.772886214717742 0.857295866935484 0.7909998739919355 0.880922379032258 0.7980878276209677 0.9076990927419355 0.7988753780241935 0.9360509072580645 0.7965127268145162 0.9486517137096775 0.7776115171370968 0.9470766129032258 0.765010710685484 0.942351310483871 0.7531974546370968 0.9234501008064515 0.743746849798387 0.9045488911290323 0.735871345766129 0.8982484879032258 0.727995841733871 0.8872227822580645 0.727995841733871 0.8667464717741935 0.7264207409274193 0.8431199596774193 0.7232705393145162 0.8257938508064515 0.7232705393145162 0.8100428427419355
1 0.9170079385080645 0.9187247983870968 0.9359091481854838 0.9313256048387097 0.9524477066532258 0.9470766129032258 0.9689862651209677 0.9644027217741935 0.9831621723790323 0.978578629032258 0.9949754284274193 0.9959047379032258 0.9989131804435483 1.01953125 0.9981256300403225 1.0573336693548387 0.996550529233871 1.088835685483871 0.9886750252016128 1.0951360887096775 0.9752866683467742 1.0935609879032258 0.9642609627016128 1.088835685483871 0.9571730090725805 1.076234879032258 0.9453597530241935 1.0573336693548387 0.9303962953629032 1.040007560483871 0.9154328377016128 1.0258316532258065 0.9044071320564515 1.0163810483870968 0.8973191784274193 0.9974798387096775 0.8965316280241935 0.9896043346774193 0.9004693800403225 0.9675529233870968 0.9051946824596773 0.9486517137096775 0.9091324344758065 0.934475806451613
1 0.8673922631048387 0.16267641129032256 0.894956527217742 0.12802419354838712 0.9114950856854838 0.12172379032258063 0.9296087449596773 0.12014868951612906 0.9587481098790323 0.12802419354838712 0.97607421875 0.161101310483871 0.9886750252016128 0.19732862903225806 0.992612777217742 0.24300655241935482 0.995762978830645 0.2886844758064516 0.996550529233871 0.32491179435483875 0.983949722782258 0.39421622983870963 0.9784368699596773 0.4194178427419355 0.9705613659274193 0.4477696572580645 0.967411164314516 0.4839969758064516 0.9611107610887097 0.5091985887096774 0.9453597530241935 0.5123487903225806 0.9343340473790323 0.502898185483871 0.9209456905241935 0.49187247983870963 0.9091324344758065 0.454070060483871 0.894168976814516 0.3973664314516129 0.882355720766129 0.37531502016129037 0.8681798135080645 0.35956401209677424 0.8571541078629032 0.32648689516129037 0.842190650201613 0.2949848790322581 0.841403099798387 0.2571824596774194 0.8469159526209677 0.22568044354838712 0.857941658266129 0.1989037298387097 0.8603043094758065 0.17212701612903225
1 0.7453715861344538 0.28170955882352944 0.7699908088235294 0.22590598739495799 0.7806591386554622 0.21441701680672265 0.8192292542016806 0.21113445378151258 0.8438484768907564 0.19636292016806722 0.8389246323529411 0.2423188025210084 0.8315388655462186 0.263655462184874 0.8110228466386554 0.2784269957983194 0.7831210609243697 0.2899159663865547 0.7560399159663865 0.2899159663865547
1 0.7363445378151261 0.30140493697479 0.7970719537815126 0.3046875 0.8364627100840336 0.29483981092436984 0.7773765756302521 0.35228466386554624 0.7650669642857143 0.3752626050420168 0.7560399159663865 0.40644695378151263 0.7543986344537815 0.43599002100840345 0.7404477415966386 0.42450105042016817 0.7371651785714286 0.40808823529411764 0.7363445378151261 0.3719800420168068 0.7363445378151261 0.3440782563025211 0.7355238970588235 0.3293067226890757
