1 0.0013020833333333333 0.11156337535014003 0.0013020833333333333 0.12141106442577028 0.0013020833333333333 0.14110644257703078 0.0013020833333333333 0.15204831932773108 0.0013020833333333333 0.1640843837535014 0.0013020833333333333 0.18049719887955182 0.0013020833333333333 0.2111344537815126 0.0013020833333333333 0.2384891456582633 0.02621673669467787 0.2581845238095238 0.04044117647058824 0.2745973389355742 0.02621673669467787 0.30414040616246496 0.02293417366946778 0.3227415966386555 0.01965161064425769 0.3468137254901961 0.0013020833333333333 0.35775560224089636 0.0013020833333333333 0.35775560224089636 0.0013020833333333333 0.3544730392156863 0.0013020833333333333 0.2910101540616246 0.0013020833333333333 0.2549019607843137 0.0013020833333333333 0.21441701680672268 0.0013020833333333333 0.17721463585434172 0.0013020833333333333 0.16955532212885152 0.0013020833333333333 0.1674275479422538 0.0013020833333333333 0.1378238795518207
1 0.0013020833333333333 0.0087097338935574 0.0013020833333333333 0.03934698879551819 0.0013020833333333333 0.062324929971988775 0.0013020833333333333 0.08858543417366944 0.0013020833333333333 0.11703431372549017 0.0013020833333333333 0.1367296918767507 0.0013020833333333333 0.15204831932773108 0.0013020833333333333 0.17064950980392155 0.0013020833333333333 0.19800420168067226 0.0013020833333333333 0.21769957983193275 0.02621673669467787 0.23630077030812324 0.044817927170868334 0.24067752100840334 0.061230742296918717 0.2045693277310924 0.09952731092436973 0.15204831932773108 0.14329481792717083 0.10171568627450978 0.19800420168067223 0.062324929971988775 0.22645308123249297 0.03934698879551819 0.2527135854341736 0.007615546218487372 0.2549019607843137 0.002144607843137233 0.18305759803921648 0.0013020833333333333 0.12907037815126046 0.0013020833333333333 0.11305147058823561 0.0013020833333333333 0.03278186274509798 0.0013020833333333333 0.0021446078431372286 0.0013020833333333333
1 0.17721463585434175 0.11046918767507001 0.2111344537815126 0.1454831932773109 0.23848914565826326 0.17174369747899157 0.27459733893557425 0.19362745098039214 0.26803221288515405 0.22098214285714282 0.28006827731092443 0.25161939775910364 0.28553921568627444 0.2625612745098039 0.25599614845938373 0.27240896358543415 0.22973564425770307 0.2756915266106443 0.19034488795518203 0.2756915266106443 0.13016456582633049 0.27678571428571425 0.08639705882352937 0.264749649859944 0.052477240896358524 0.25161939775910364 0.07764355742296918 0.20894607843137256 0.11703431372549018 0.1575192577030812 0.14985994397759103 0.1268820028011204
0 0.28553921568627444 0.2045693277310924 0.33149509803921573 0.17940301120448177 0.381827731092437 0.1531425070028011 0.4124649859943978 0.1367296918767507 0.4420080532212885 0.14657738095238093 0.4474789915966387 0.17283788515406162 0.4518557422969187 0.20238095238095236 0.4474789915966387 0.22754726890756302 0.43544292717086835 0.24067752100840334 0.4026172969187674 0.2417717086834734 0.3643207282913165 0.23739495798319324 0.3391544117647059 0.25161939775910364 0.29866946778711484 0.25709033613445376 0.28663340336134446 0.23958333333333334 0.28335084033613445 0.22098214285714282
0 0.7505689775910365 0.2625612745098039 0.7680759803921569 0.29319852941176466 0.7757352941176471 0.3391544117647059 0.7669817927170869 0.34900210084033617 0.7450980392156863 0.3457195378151261 0.7341561624649859 0.32383578431372545 0.7286852240896359 0.29429271708683474 0.7341561624649859 0.2713147759103641
0 1.163077731092437 0.698047969187675 1.0810136554621848 0.7341561624649859 1.0394345238095237 0.7658876050420168 1.0164565826330534 0.7943364845938375 0.9989495798319329 0.8370098039215685 0.9891018907563026 0.8665528711484595 0.9912902661064426 0.8971901260504201 0.9956670168067226 0.9223564425770308 1.006608893557423 0.9343925070028011 1.0383403361344536 0.9322041316526611 1.0711659663865547 0.9354866946778712 1.1116509103641457 0.9136029411764706 1.1357230392156863 0.9048494397759104 1.159795168067227 0.8971901260504201 1.1653645833333333 0.8767689367413632 1.163077731092437 0.8457633053221288 1.1269695378151259 0.8195028011204482 1.1324404761904763 0.7910539215686274 1.1543242296918768 0.7658876050420168 1.163077731092437 0.7604166666666666 1.1653645833333333 0.7398349964985994 1.1653645833333333 0.7024247198879552
0 1.163077731092437 0.773546918767507 1.1422881652661063 0.7943364845938375 1.1400997899159664 0.809655112044818 1.1455707282913166 0.8216911764705882 1.163077731092437 0.8315388655462185 1.165266106442577 0.8315388655462185 1.164171918767507 0.7910539215686274
1 0.42778361344537813 0.0087097338935574 0.4299719887955182 0.05904236694677869 0.4540441176470589 0.09733893557422968 0.4824929971988796 0.11046918767507001 0.5098476890756302 0.11922268907563023 0.5339198179271709 0.13125875350140054 0.5601803221288515 0.1367296918767507 0.6291141456582633 0.1367296918767507 0.660845588235294 0.14329481792717086 0.6914828431372549 0.1608018207282913 0.7089898459383753 0.19909838935574228 0.7341561624649859 0.23301820728291314 0.7527573529411765 0.24943102240896356 0.777923669467787 0.25709033613445376 0.8216911764705883 0.24505427170868346 0.8556109943977591 0.21660539215686272 0.8862482492997198 0.16627275910364145 0.8829656862745098 0.14001225490196076 0.8556109943977591 0.10499824929971986 0.8490458683473389 0.08858543417366944 0.8162202380952381 0.07217261904761903 0.7396271008403361 0.02621673669467785 0.6914828431372549 0.01418067226890754 0.613795518207283 0.013086484593837515 0.5821698471055089 0.0013020833333333333 0.5087535014005602 0.0013020833333333333 0.44091386554621853 0.002144607843137233
0 0.8446691176470589 0.4846813725490196 0.9004726890756302 0.5065651260504201 0.9343925070028011 0.5284488795518207 0.9869135154061626 0.5667454481792717 1.010985644257703 0.5995710784313726 1.0405287114845938 0.6433385854341737 1.0635066526610644 0.6903886554621849 1.0864845938375352 0.7155549719887956 1.0624124649859945 0.7374387254901961 1.0328693977591037 0.7538515406162465 1.0131740196078434 0.7724527310924368 0.9639355742296919 0.7560399159663865 0.9332983193277311 0.7254026610644257 0.9179796918767508 0.6805409663865546 0.8950017507002802 0.6356792717086835 0.8621761204481793 0.5908175770308124 0.8238795518207284 0.5558035714285715 0.7998074229691877 0.5273546918767508 0.810749299719888 0.50218837535014 0.8315388655462185 0.4901523109243698
0 0.18159138655462184 0.4507615546218488 0.20128676470588233 0.46608018207282914 0.1958158263305322 0.5065651260504201 0.18159138655462184 0.5634628851540616 0.15533088235294112 0.5831582633053222 0.12907037815126046 0.6072303921568628 0.14220063025210083 0.6389618347338936 0.15861344537815122 0.6794467787114846 0.1575192577030812 0.6991421568627451 0.15095413165266103 0.7210259103641455 0.13891806722689073 0.7516631652661064 0.11812850140056019 0.7636992296918766 0.09624474789915964 0.7560399159663865 0.09733893557422964 0.6991421568627451 0.09733893557422964 0.5667454481792717 0.11812850140056019 0.5032825630252101 0.14329481792717083 0.4846813725490196 0.1651785714285714 0.46608018207282914
1 0.038252801120448154 0.33696603641456585 0.07107843137254899 0.2866334033613445 0.10280987394957981 0.2866334033613445 0.14438900560224086 0.2910101540616246 0.18706232492997196 0.29976365546218486 0.24286589635854341 0.2964810924369748 0.28444502801120447 0.31508228291316526 0.306328781512605 0.341342787114846 0.3139880952380952 0.36760329131652664 0.30085784313725483 0.40918242296918766 0.2953869047619048 0.4431022408963586 0.27787990196078427 0.46170343137254904 0.2527135854341736 0.47921043417366954 0.23411239495798317 0.5153186274509804 0.2198879551820728 0.536108193277311 0.2045693277310924 0.5306372549019608 0.21004026610644258 0.48796393557422973 0.2089460784313725 0.4540441176470589 0.18487394957983194 0.44091386554621853 0.1618960084033613 0.4540441176470589 0.14001225490196076 0.47045693277310924 0.1148459383753501 0.48139880952380953 0.09733893557422964 0.4474789915966387 0.07654936974789917 0.40480567226890757 0.061230742296918717 0.37526260504201686 0.04372373949579833 0.3544730392156863
1 0.0013020833333333333 0.17721463585434172 0.0013020833333333333 0.17940301120448177 0.0013020833333333333 0.1914390756302521 0.0013020833333333333 0.22535889355742297 0.0013020833333333333 0.2549019607843137 0.0013020833333333333 0.2778799019607843 0.0013020833333333333 0.29976365546218486 0.0013020833333333333 0.32383578431372545 0.0013020833333333333 0.35337885154061627 0.0013020833333333333 0.37307422969187676 0.0013020833333333333 0.3927696078431373 0.0013020833333333333 0.41137079831932777 0.0013020833333333333 0.4080882352941177 0.0013020833333333333 0.3632703081232505 0.0013020833333333333 0.27240896358543415 0.0013020833333333333 0.22207633053221287
1 0.4573266806722689 0.1290703781512605 0.4759278711484594 0.11922268907563023 0.5043767507002802 0.13344712885154061 0.5240721288515405 0.1531425070028011 0.5295430672268907 0.18925070028011204 0.5295430672268907 0.22098214285714282 0.5043767507002802 0.23630077030812324 0.46936274509803927 0.22426470588235292 0.45623249299719887 0.16189600840336132
1 0.4726453081232493 0.2538077731092437 0.4474789915966387 0.25161939775910364 0.4365371148459383 0.26693802521008403 0.4638918067226891 0.30632878151260506 0.4945290616246498 0.3468137254901961 0.5142244397759104 0.38511029411764713 0.5175070028011204 0.42012429971988796 0.5142244397759104 0.45732668067226895 0.5043767507002802 0.49234068627450983 0.48358718487394964 0.539390756302521 0.49781162464986 0.5558035714285715 0.5623686974789917 0.5568977591036415 0.5754989495798318 0.5787815126050421 0.5984768907563026 0.5995710784313726 0.615983893557423 0.6072303921568628 0.6378676470588235 0.5941001400560225 0.6783525910364147 0.5645570728291317 0.698047969187675 0.5415791316526611 0.7177433473389355 0.5218837535014006 0.7133665966386555 0.50218837535014 0.7133665966386555 0.4846813725490196 0.6695990896358542 0.47811624649859946 0.6389618347338936 0.4649859943977592 0.6148897058823529 0.4398196778711485 0.617078081232493 0.41027661064425774 0.6323967086834733 0.37416841736694684 0.6323967086834733 0.3325892857142857 0.6039478291316526 0.31945903361344535 0.5667454481792716 0.29538690476190477 0.5339198179271709 0.26365546218487396 0.5065651260504201 0.2581845238095238
1 0.27350315126050423 0.2855392156862745 0.30742296918767503 0.2702205882352941 0.3566614145658263 0.265843837535014 0.39495798319327724 0.26365546218487396 0.43216036414565834 0.28444502801120447 0.4431022408963585 0.30414040616246496 0.42231267507002795 0.3205532212885154 0.3982405462184874 0.341342787114846 0.38729866946778707 0.36869747899159666 0.38948704481792723 0.40042892156862747 0.3982405462184874 0.4245010504201681 0.4168417366946778 0.4485731792717087 0.4299719887955182 0.45732668067226895 0.46936274509803927 0.4540441176470589 0.49781162464986 0.42012429971988796 0.50328256302521 0.4540441176470589 0.4901523109243698 0.47264530812324934 0.4824929971988796 0.5043767507002802 0.47811624649859946 0.5295430672268908 0.4824929971988796 0.5514268207282914 0.4485731792717087 0.5415791316526611 0.4058998599439776 0.5109418767507002 0.3544730392156863 0.4857755602240897 0.3117997198879552 0.459515056022409 0.33806022408963593 0.381827731092437 0.32492997198879553 0.33696603641456585 0.30195203081232497 0.30414040616246496 0.2822566526610644 0.29538690476190477
1 0.8610819327731093 0.07764355742296916 0.890625 0.07217261904761903 0.9037552521008404 0.07654936974789914 0.9125087535014006 0.08530287114845936 0.927827380952381 0.09952731092436973 0.9464285714285715 0.11046918767507001 0.9672181372549019 0.11703431372549017 0.9901960784313726 0.11594012605042014 1.0306810224089638 0.10609243697478989 1.0897671568627452 0.10062149859943975 1.1171218487394958 0.09296218487394957 1.158700980392157 0.08749124649859942 1.1653645833333333 0.09193364845938373 1.1653645833333333 0.11922268907563023 1.1455707282913166 0.13344712885154061 1.122592787114846 0.1454831932773109 1.0897671568627452 0.1640843837535014 1.0744485294117647 0.17283788515406162 1.042717086834734 0.18268557422969187 1.005514705882353 0.18596813725490194 0.9595588235294118 0.17721463585434172 0.9332983193277311 0.16955532212885152 0.9070378151260504 0.15095413165266106 0.8939075630252101 0.1301645658263305 0.8731179971988796 0.10828081232492996 0.8643644957983193 0.09515056022408962
1 0.9912902661064426 0.3566614145658264 1.042717086834734 0.341342787114846 1.0766369047619049 0.3588497899159664 1.0952380952380951 0.3982405462184874 1.1324404761904763 0.4288778011204482 1.165266106442577 0.46279761904761907 1.1653645833333333 0.4644717261904761 1.1653645833333333 0.6105129551820728 1.1554184173669466 0.618172268907563 1.1138392857142858 0.6192664565826331 1.0700717787114844 0.6072303921568628 1.0153623949579833 0.5733105742296919 1.0000437675070029 0.5503326330532213 1.012079831932773 0.5273546918767508 1.0241158963585433 0.4901523109243698 0.9912902661064426 0.46279761904761907 0.9584646358543418 0.42778361344537813 0.9661239495798318 0.381827731092437
1 0.9551820728291318 0.38948704481792723 0.9092261904761906 0.41793592436974797 0.8939075630252101 0.43653711484593843 0.8971901260504201 0.46936274509803927 0.9092261904761906 0.4945290616246499 0.9322041316526611 0.5109418767507002 0.9737832633053222 0.532825630252101 0.9956670168067226 0.5295430672268908 1.0033263305322129 0.5043767507002802 0.9847251400560225 0.47921043417366954 0.9595588235294118 0.45732668067226895 0.9486169467787114 0.42997198879551823
1 0.8982843137254902 0.1575192577030812 0.9354866946778712 0.18596813725490194 0.9551820728291318 0.21879376750700277 0.9518995098039215 0.26037289915966383 0.9332983193277311 0.2866334033613445 0.9179796918767508 0.3172706582633053 0.89281337535014 0.35337885154061627 0.8720238095238096 0.381827731092437 0.8621761204481793 0.3982405462184874 0.8370098039215687 0.41793592436974797 0.8052783613445378 0.43653711484593843 0.777923669467787 0.4124649859943978 0.7680759803921569 0.37963935574229696 0.7757352941176471 0.36432072829131656 0.7866771708683474 0.341342787114846 0.7757352941176471 0.2789740896358543 0.774641106442577 0.26693802521008403 0.7921481092436974 0.264749649859944 0.8337272408963585 0.25271358543417366 0.8654586834733894 0.23192401960784312 0.8807773109243698 0.20238095238095236 0.8939075630252101 0.17393207282913162
1 0.5623686974789917 0.17830882352941177 0.6247373949579832 0.1640843837535014 0.6685049019607843 0.17174369747899157 0.6903886554621849 0.1914390756302521 0.7155549719887956 0.22645308123249297 0.7308735994397759 0.25599614845938373 0.7155549719887956 0.2822566526610644 0.693671218487395 0.3096113445378151 0.6597514005602241 0.3391544117647059 0.6477153361344538 0.341342787114846 0.6345850840336135 0.3227415966386555 0.5941001400560224 0.29538690476190477 0.5579919467787114 0.2428658963585434 0.5579919467787114 0.2034751400560224
1 0.02949929971988796 0.35775560224089636 0.0688900560224089 0.42340686274509803 0.08639705882352937 0.48139880952380953 0.08202030812324927 0.4945290616246499 0.018557422969187682 0.47921043417366954 0.0013020833333333333 0.4868697478991597 0.0013020833333333333 0.5164128151260504 0.0013020833333333333 0.5459558823529412 0.03497023809523806 0.5722163865546218 0.0688900560224089 0.5875350140056023 0.06560749299719888 0.6017594537815126 0.03278186274509798 0.6061362044817927 0.0013020833333333333 0.5941001400560225 0.0013020833333333333 0.5809698879551821 0.0013020833333333333 0.5667454481792717 0.0013020833333333333 0.5525210084033614 0.0013020833333333333 0.5448616946778712 0.0013020833333333333 0.4398196778711485 0.0013020833333333333 0.42121848739495804 0.0013020833333333333 0.41793592436974797 0.0013020833333333333 0.38948704481792723 0.0013020833333333333 0.37198004201680673 0.0013020833333333333 0.36650910364145656 0.0013020833333333333 0.36869747899159666
1 0.0013020833333333333 0.5634628851540616 0.0013020833333333333 0.5809698879551821 0.0013020833333333333 0.6006652661064426 0.014180672268907513 0.6258315826330533 0.04700630252100835 0.6400560224089636 0.072172619047619 0.6531862745098039 0.072172619047619 0.6860119047619048 0.07873774509803917 0.7407212885154061 0.09624474789915964 0.776829481792717 0.11156337535014 0.7987132352941176 0.11046918767507001 0.8184086134453782 0.08420868347338935 0.8534226190476191 0.0688900560224089 0.8785889355742297 0.04810049019607843 0.88953081232493 0.0013020833333333333 0.8753063725490197 0.0013020833333333333 0.8807773109243696 0.0013020833333333333 0.9026610644257703 0.0013020833333333333 0.9212622549019608 0.0013020833333333333 0.9508053221288515 0.0013020833333333333 0.9891018907563024 0.0013020833333333333 0.9986979166666666 0.0013020833333333333 0.9947881601836625 0.0013020833333333333 0.8457633053221288 0.0013020833333333333 0.8348214285714285 0.0013020833333333333 0.8348214285714285 0.0013020833333333333 0.8162202380952381 0.0013020833333333333 0.7823004201680672 0.0013020833333333333 0.7450980392156863 0.0013020833333333333 0.7418154761904762 0.0013020833333333333 0.7319677871148459 0.0013020833333333333 0.7068014705882352
1 0.0013020833333333333 0.773546918767507 0.0013020833333333333 0.777923669467787 0.0013020833333333333 0.7921481092436974 0.0013020833333333333 0.8041841736694678 0.0013020833333333333 0.812937675070028 0.0013020833333333333 0.8195028011204482 0.0013020833333333333 0.810749299719888 0.0013020833333333333 0.7888655462184874
1 0.29319852941176466 0.47483368347338933 0.2614670868347339 0.50218837535014 0.24614845938375352 0.5317314425770309 0.24067752100840334 0.5645570728291317 0.2702205882352941 0.6006652661064426 0.29210434173669464 0.6444327731092437 0.3139880952380952 0.6597514005602242 0.33696603641456574 0.6619397759103641 0.37745098039215685 0.6477153361344538 0.4157475490196078 0.6247373949579832 0.43106617647058815 0.5711221988795518 0.4299719887955182 0.5404849439775911 0.3883928571428572 0.5153186274509804 0.3402485994397759 0.49234068627450983 0.31727065826330536 0.47702205882352944
1 0.22535889355742297 0.6838235294117646 0.28553921568627444 0.6728816526610645 0.32383578431372556 0.6892944677871148 0.33587184873949577 0.7461922268907563 0.34353116246498594 0.7932422969187675 0.3336834733893557 0.8173144257703081 0.28335084033613445 0.8348214285714285 0.27459733893557425 0.8534226190476191 0.28991596638655465 0.8796831232492996 0.2964810924369748 0.9157913165266106 0.29210434173669464 0.9464285714285715 0.2997636554621848 0.9869135154061625 0.29288942139355734 0.9986979166666666 0.23739495798319324 0.9986979166666666 0.18706232492997196 0.9986979166666666 0.11594012605042019 0.9945728291316526 0.0688900560224089 0.9945728291316526 0.062324929971988796 0.9278273809523809 0.08420868347338935 0.89171918767507 0.11046918767507001 0.8370098039215685 0.16299019607843138 0.7790178571428571 0.2001925770308123 0.7440038515406163 0.22535889355742297 0.7078956582633054
1 0.35009628851540614 0.6717874649859944 0.39495798319327724 0.6772584033613445 0.4168417366946778 0.6903886554621849 0.4485731792717087 0.7210259103641455 0.46936274509803927 0.7494747899159663 0.48030462184873945 0.7757352941176471 0.5 0.8118434873949579 0.5043767507002802 0.8391981792717087 0.5098476890756302 0.8665528711484595 0.5164128151260504 0.9059436274509803 0.5164128151260504 0.930015756302521 0.5142244397759104 0.9442401960784313 0.5109418767507002 0.9759716386554622 0.5118888050011671 0.9986979166666666 0.3610381652661065 0.9986979166666666 0.31070553221288516 0.9967612044817927 0.2997636554621848 0.9573704481792716 0.304140406162465 0.9354866946778712 0.3096113445378152 0.9081320028011204 0.3183648459383754 0.8982843137254902 0.3490021008403361 0.8862482492997198 0.3785451680672269 0.8840598739495799 0.4004289215686274 0.88843662464986 0.381827731092437 0.8643644957983193 0.36760329131652664 0.8501400560224089 0.3730742296918767 0.8173144257703081 0.38401610644257705 0.7943364845938375 0.3632265406162465 0.7385329131652661 0.3479079131652661 0.7078956582633054 0.3457195378151261 0.6892944677871148
1 0.6674107142857143 0.35775560224089636 0.7089898459383753 0.34900210084033617 0.7254026610644257 0.34900210084033617 0.7483806022408963 0.36213235294117646 0.7702643557422969 0.41355917366946787 0.7921481092436974 0.4485731792717087 0.8271621148459384 0.4376313025210084 0.8556109943977591 0.41793592436974797 0.8709296218487395 0.40918242296918766 0.8731179971988796 0.4387254901960784 0.8698354341736695 0.4606092436974791 0.8556109943977591 0.46936274509803927 0.8315388655462185 0.48139880952380953 0.8151260504201682 0.48796393557422973 0.7943364845938375 0.5087535014005603 0.7899597338935574 0.5317314425770309 0.777923669467787 0.537202380952381 0.7494747899159665 0.532825630252101 0.7319677871148459 0.5251663165266106 0.7286852240896359 0.5010941876750701 0.7254026610644257 0.4824929971988796 0.695859593837535 0.46717436974789917 0.6805409663865546 0.45623249299719887 0.6663165266106442 0.40918242296918766
1 0.45294992997198874 0.5700280112044819 0.49890581232493 0.5809698879551821 0.5711221988795518 0.6094187675070029 0.6039478291316526 0.6225490196078431 0.6542804621848739 0.6017594537815126 0.7177433473389355 0.5700280112044819 0.7483806022408963 0.5951943277310925 0.7549457282913165 0.6367734593837535 0.7538515406162465 0.6903886554621849 0.7461922268907563 0.7177433473389355 0.7210259103641458 0.7286852240896358 0.6761642156862745 0.7177433473389355 0.6455269607843137 0.694765406162465 0.615983893557423 0.6849177170868347 0.5656512605042017 0.6882002801120448 0.536108193277311 0.6903886554621849 0.47811624649859946 0.6816351540616247 0.43872549019607837 0.6389618347338936 0.44419642857142855 0.6072303921568628 0.45294992997198874 0.5875350140056023
1 0.5262605042016807 0.7844887955182073 0.579875700280112 0.7374387254901961 0.6083245798319328 0.7243084733893558 0.6433385854341737 0.729779411764706 0.6805409663865546 0.7407212885154061 0.7374387254901961 0.7450980392156863 0.7604166666666666 0.7319677871148459 0.7790178571428572 0.7450980392156863 0.7833946078431372 0.7636992296918766 0.773546918767507 0.7855829831932772 0.7604166666666666 0.8009016106442576 0.733061974789916 0.8359156162464986 0.7210259103641458 0.8588935574229691 0.6761642156862745 0.8818714985994398 0.6334908963585434 0.8774947478991596 0.5962885154061625 0.8676470588235294 0.5689338235294118 0.854516806722689 0.5459558823529411 0.8381039915966387 0.532825630252101 0.8085609243697478
0 0.532825630252101 0.9880077030812324 0.532825630252101 0.9420518207282913 0.5459558823529411 0.9103203781512605 0.577687324929972 0.8851540616246498 0.6302083333333334 0.89281337535014 0.6772584033613446 0.9048494397759104 0.6991421568627452 0.9234506302521007 0.7078956582633054 0.9540878851540616 0.7078956582633054 0.9923844537815126 0.7024247198879552 0.9978553921568628 0.6911910597572364 0.9986979166666666 0.5787815126050421 0.9986979166666666 0.5481442577030813 0.9986979166666666
1 0.7626050420168067 0.5536151960784313 0.7877713585434174 0.5601803221288516 0.8326330532212886 0.5941001400560225 0.8643644957983193 0.6269257703081234 0.88953081232493 0.6663165266106443 0.9081320028011205 0.7024247198879552 0.9004726890756302 0.729779411764706 0.8731179971988796 0.7505689775910364 0.8413865546218487 0.7582282913165267 0.8063725490196078 0.7505689775910364 0.7899597338935574 0.7352503501400559 0.776829481792717 0.7068014705882352 0.7790178571428572 0.6586572128851541 0.7724527310924371 0.6323967086834734 0.7658876050420168 0.6050420168067228 0.7626050420168067 0.577687324929972
1 0.7582282913165267 0.9190738795518207 0.7823004201680672 0.8446691176470588 0.7855829831932774 0.8063725490196078 0.7987132352941176 0.773546918767507 0.8632703081232492 0.7626050420168067 0.9015668767507004 0.7571341036414565 0.9453343837535014 0.7790178571428571 0.9814425770308123 0.8052783613445378 0.9726890756302522 0.8446691176470588 0.9737832633053222 0.89390756302521 0.9891018907563026 0.9409576330532213 1.045999649859944 0.9518995098039215 1.0952380952380951 0.9464285714285715 1.114933473389356 0.9420518207282913 1.1368172268907564 0.9792542016806722 1.1368172268907564 0.9945728291316526 1.043811274509804 0.9978553921568628 1.024152369281046 0.9986979166666666 0.8632703081232492 0.9967612044817927 0.776829481792717 0.9934786414565826 0.7450980392156863 0.9901960784313726 0.733061974789916 0.9694065126050421 0.7352503501400561 0.9464285714285715 0.7483806022408963 0.9278273809523809
1 0.9190738795518207 0.06889005602240894 0.9431460084033615 0.03168767507002799 0.9814425770308123 0.017463235294117623 1.0230217086834734 0.0013020833333333333 1.0733543417366949 0.0163690476190476 1.0952380952380951 0.03387605042016805 1.1313462885154062 0.04591211484593835 1.1653645833333333 0.06343669096426448 1.161983543417367 0.07983193277310922 1.1171218487394958 0.08092612044817925 1.0689775910364145 0.09733893557422968 1.0372461484593838 0.10062149859943975 1.009891456582633 0.10280987394957981 0.9770658263305322 0.11046918767507001 0.9486169467787114 0.10062149859943975 0.927827380952381 0.08311449579831931
1 0.9540878851540615 0.187062324929972 1.008797268907563 0.19362745098039214 1.0449054621848741 0.19691001400560224 1.0602240896358543 0.22973564425770307 1.0700717787114844 0.2461484593837535 1.0821078431372548 0.2702205882352941 1.0897671568627452 0.2910101540616246 1.083202030812325 0.30632878151260506 1.0613182773109244 0.31945903361344535 1.0383403361344536 0.31836484593837533 1.0317752100840336 0.2975752801120448 0.9901960784313726 0.2811624649859944 0.9529936974789915 0.28444502801120447 0.9409576330532214 0.28772759103641454 0.9650297619047619 0.26365546218487396 0.9705007002801121 0.23192401960784312 0.9628413865546218 0.20894607843137256
1 1.0635066526610644 0.187062324929972 1.0591299019607845 0.2078518907563025 1.0744485294117647 0.23301820728291314 1.0897671568627452 0.25709033613445376 1.1039915966386555 0.2855392156862745 1.119310224089636 0.2964810924369748 1.1466649159663866 0.28882177871148457 1.1653645833333333 0.2857051674836601 1.165266106442577 0.14110644257703078 1.159795168067227 0.1378238795518207 1.1357230392156863 0.15095413165266106 1.1116509103641457 0.16736694677871147 1.0941439075630253 0.17721463585434172 1.0766369047619049 0.18268557422969187
1 1.0591299019607845 0.3304009103641456 1.083202030812325 0.31836484593837533 1.0974264705882353 0.30742296918767503 1.1499474789915967 0.31070553221288516 1.1653645833333333 0.30703479308390025 1.1653645833333333 0.4387254901960784 1.1653645833333333 0.4474789915966387 1.1379114145658262 0.42340686274509803 1.114933473389356 0.3982405462184874 1.1018032212885156 0.3774509803921569 1.0777310924369747 0.3468137254901961
1 1.121498599439776 0.9332983193277311 1.1466649159663866 0.9179796918767508 1.160889355742297 0.9354866946778712 1.163077731092437 0.9584646358543417 1.163077731092437 0.9781600140056023 1.1510416666666667 0.9825367647058824 1.1390056022408963 0.970500700280112 1.1291579131652663 0.9486169467787114
