1 0.0013020833333333333 0.03715861344537813 0.0013020833333333333 0.025122549019607823 0.0013020833333333333 0.03168767507002799 0.0013020833333333333 0.05028886554621847 0.0013020833333333333 0.08749124649859942 0.0013020833333333333 0.10390406162464984 0.04262955182072825 0.11265756302521007 0.09077380952380953 0.12359943977591036 0.10390406162464982 0.13563550420168066 0.09952731092436973 0.16189600840336132 0.10609243697478991 0.19909838935574228 0.12031687675070028 0.22535889355742297 0.14110644257703084 0.2352065826330532 0.14767156862745093 0.264749649859944 0.14657738095238093 0.29538690476190477 0.1618960084033613 0.3271183473389356 0.18815651260504204 0.35775560224089636 0.2122286414565826 0.38401610644257705 0.23958333333333334 0.3960521708683474 0.25161939775910364 0.4124649859943978 0.24067752100840334 0.4288778011204482 0.20238095238095233 0.4485731792717087 0.1575192577030812 0.46608018207282914 0.11156337535014 0.4912464985994398 0.09733893557422964 0.5218837535014006 0.07654936974789917 0.5558035714285715 0.072172619047619 0.5678396358543417 0.027310924369747875 0.574404761904762 0.014180672268907513 0.5886292016806723 0.0013020833333333333 0.6061362044817927 0.0013020833333333333 0.6313025210084034 0.0013020833333333333 0.6477153361344538 0.0013020833333333333 0.654280462184874 0.0013020833333333333 0.652092086834734 0.0013020833333333333 0.6411502100840337 0.0013020833333333333 0.6225490196078431 0.0013020833333333333 0.5623686974789917 0.0013020833333333333 0.5098476890756303 0.0013020833333333333 0.46826855742296924 0.0013020833333333333 0.42340686274509803 0.0013020833333333333 0.4080882352941177 0.0013020833333333333 0.39719498910675416 0.0013020833333333333 0.39719498910675416 0.0013020833333333333 0.3019520308123249 0.0013020833333333333 0.28772759103641454 0.0013020833333333333 0.2461484593837535 0.0013020833333333333 0.17830882352941177 0.0013020833333333333 0.14001225490196076 0.0013020833333333333 0.11484593837535012 0.0013020833333333333 0.10828081232492996 0.0013020833333333333 0.09077380952380949 0.0013020833333333333 0.06889005602240894
1 0.0013020833333333333 0.12359943977591036 0.0013020833333333333 0.13344712885154061 0.0013020833333333333 0.148765756302521 0.0013020833333333333 0.18049719887955182 0.0013020833333333333 0.21332282913165265 0.0013020833333333333 0.24943102240896356 0.0013020833333333333 0.2756915266106443 0.0013020833333333333 0.2866334033613445 0.0013020833333333333 0.2472426470588235 0.0013020833333333333 0.21441701680672268 0.0013020833333333333 0.15642507002801118
1 0.0013020833333333333 0.42231267507002807 0.0013020833333333333 0.4463848039215687 0.0013020833333333333 0.47921043417366954 0.0013020833333333333 0.5032825630252101 0.0013020833333333333 0.5339198179271709 0.0013020833333333333 0.5754989495798319 0.0013020833333333333 0.6148897058823529 0.0013020833333333333 0.6466211484593838 0.0013020833333333333 0.6641281512605042 0.0013020833333333333 0.6302083333333334 0.0013020833333333333 0.5831582633053222 0.0013020833333333333 0.5306372549019608 0.0013020833333333333 0.46608018207282914 0.0013020833333333333 0.4376313025210084
1 0.0021446078431372286 0.0032387955182072606 0.009803921568627416 0.03825280112044816 0.008709733893557411 0.071078431372549 0.009803921568627416 0.09186799719887954 0.05357142857142853 0.10390406162464984 0.08967962184873945 0.1137517507002801 0.1137517507002801 0.1378238795518207 0.1148459383753501 0.15533088235294115 0.11812850140056019 0.17612044817927167 0.12031687675070028 0.188156512605042 0.13125875350140057 0.20894607843137256 0.14438900560224086 0.22535889355742297 0.1575192577030812 0.2428658963585434 0.1564250700280112 0.2702205882352941 0.1640843837535014 0.2855392156862745 0.1695553221288515 0.2964810924369748 0.19362745098039214 0.30742296918767503 0.23958333333333334 0.3096113445378151 0.2625612745098039 0.305234593837535 0.2789740896358543 0.29319852941176466 0.2975752801120448 0.28335084033613445 0.2997636554621848 0.2691264005602241 0.28991596638655465 0.23192401960784312 0.27459733893557425 0.19581582633053218 0.2581845238095237 0.1640843837535014 0.23301820728291314 0.10718662464985991 0.2089460784313725 0.06779586834733892 0.1990983893557423 0.02840511204481791 0.18815651260504204 0.002144607843137233 0.17314425770308137 0.0013020833333333333 0.17314425770308137 0.0013020833333333333 0.0677958683473389 0.0013020833333333333 0.03278186274509798 0.0013020833333333333
0 0.0013020833333333333 0.6444327731092437 0.0013020833333333333 0.6794467787114846 0.0013020833333333333 0.6717874649859944 0.0013020833333333333 0.657563025210084 0.0013020833333333333 0.6302083333333334 0.014180672268907513 0.6050420168067228 0.05685399159663862 0.5853466386554622 0.10171568627450982 0.577687324929972 0.11046918767507001 0.6083245798319328 0.109375 0.6280199579831933 0.1137517507002801 0.6564688375350141 0.12359943977591037 0.6750700280112044 0.12469362745098038 0.6892944677871148 0.10828081232492992 0.700236344537815 0.0688900560224089 0.7155549719887956 0.0065213585434173256 0.7210259103641455 0.0013020833333333333 0.7232142857142857 0.0013020833333333333 0.7275910364145658 0.0013020833333333333 0.729779411764706 0.0013020833333333333 0.7266042780748663
1 0.0013020833333333333 0.7516631652661064 0.0013020833333333333 0.7450980392156863 0.0013020833333333333 0.7888655462184874 0.0013020833333333333 0.812937675070028 0.0013020833333333333 0.8030899859943977 0.0013020833333333333 0.7844887955182073 0.0013020833333333333 0.7844887955182073 0.0013020833333333333 0.7560399159663865 0.0013020833333333333 0.7429096638655461 0.0013020833333333333 0.7429096638655461
1 0.0013020833333333333 0.8205969887955181 0.0013020833333333333 0.814031862745098 0.0013020833333333333 0.7987132352941176 0.0013020833333333333 0.7976190476190476 0.0013020833333333333 0.8162202380952381 0.0013020833333333333 0.8501400560224089 0.0013020833333333333 0.88843662464986 0.0013020833333333333 0.931109943977591 0.0032387955182072345 0.9595588235294117 0.0163690476190476 0.9934786414565826 0.020718443627450938 0.9986979166666666 0.0013020833333333333 0.9978553921568628 0.0013020833333333333 0.9986979166666666 0.0013020833333333333 0.9934786414565826 0.0013020833333333333 0.8851540616246498 0.0013020833333333333 0.8326330532212886
1 0.0013020833333333333 0.7450980392156863 0.05138305322128852 0.733061974789916 0.11265756302521009 0.7275910364145658 0.13782387955182074 0.7450980392156863 0.14767156862745093 0.7680759803921569 0.15423669467787113 0.7866771708683472 0.12469362745098038 0.7965248599439776 0.09186799719887954 0.8063725490196078 0.05794817927170862 0.8118434873949579 0.03497023809523806 0.8162202380952381 0.015274859943977592 0.8173144257703081 0.0013020833333333333 0.8052783613445378 0.0013020833333333333 0.7910539215686274 0.0013020833333333333 0.7691701680672268
1 0.3117997198879552 0.28444502801120447 0.36869747899159666 0.2921043417366947 0.41903011204481794 0.29976365546218486 0.4726453081232493 0.31398809523809523 0.49781162464986 0.33696603641456585 0.5153186274509803 0.37307422969187676 0.5251663165266106 0.4080882352941177 0.536108193277311 0.4431022408963586 0.5448616946778712 0.47811624649859946 0.5525210084033613 0.5087535014005603 0.5547093837535014 0.5317314425770309 0.5558035714285715 0.5503326330532213 0.5054709383753502 0.5700280112044819 0.4595150560224089 0.5897233893557423 0.4058998599439776 0.6116071428571429 0.37526260504201686 0.6291141456582633 0.3490021008403361 0.6509978991596639 0.33696603641456574 0.6892944677871148 0.32602415966386555 0.7319677871148459 0.32383578431372556 0.7538515406162465 0.29866946778711484 0.7669817927170869 0.20128676470588233 0.7494747899159663 0.1695553221288515 0.7450980392156863 0.14329481792717083 0.733061974789916 0.14110644257703084 0.6849177170868347 0.13672969187675066 0.6455269607843138 0.12797619047619047 0.6072303921568628 0.11156337535014 0.574404761904762 0.09077380952380953 0.5558035714285715 0.13235294117647056 0.49890581232493 0.18049719887955176 0.47921043417366954 0.21004026610644258 0.46170343137254904 0.2603728991596639 0.43653711484593843 0.26584383753501406 0.40699404761904767 0.24943102240896362 0.38401610644257705 0.22207633053221287 0.35775560224089636 0.2067577030812325 0.32602415966386555 0.25161939775910364 0.31945903361344535 0.27678571428571425 0.3117997198879552 0.29429271708683463 0.2964810924369748
1 0.2001925770308123 0.006521358543417346 0.2166053921568627 0.04153536414565824 0.22535889355742297 0.06998424369747898 0.24505427170868344 0.1137517507002801 0.2636554621848739 0.15423669467787113 0.28663340336134446 0.1947216386554622 0.304140406162465 0.2341123949579832 0.3216474089635854 0.26693802521008403 0.3522846638655463 0.2745973389355742 0.4091824229691876 0.28444502801120447 0.4846813725490196 0.305234593837535 0.5076593137254902 0.3128939075630252 0.5295430672268907 0.31070553221288516 0.5689338235294118 0.2789740896358543 0.6006652661064426 0.22973564425770307 0.6236432072829131 0.19581582633053218 0.6378676470588235 0.16736694677871147 0.5875350140056023 0.1290703781512605 0.5175070028011204 0.048100490196078406 0.47811624649859946 0.005427170868347317 0.4365371148459383 0.002144607843137233 0.37635679271708683 0.002144607843137233 0.28116246498599445 0.0043329831932772895 0.22266719187675102 0.0013020833333333333
0 0.49562324929971985 0.0032387955182072606 0.5317314425770308 0.040441176470588217 0.5689338235294118 0.06889005602240894 0.6039478291316526 0.11922268907563023 0.6356792717086835 0.14657738095238093 0.6849177170868348 0.1608018207282913 0.7888655462184874 0.1684611344537815 0.8534226190476191 0.17283788515406162 0.8774947478991596 0.16189600840336132 0.8381039915966387 0.10280987394957981 0.7987132352941176 0.06013655462184872 0.7582282913165267 0.04591211484593835 0.7133665966386555 0.0043329831932772895 0.6561712184873953 0.0013020833333333333 0.656171218487394 0.0013020833333333333 0.5295430672268907 0.0043329831932772895
1 0.5240721288515405 0.3227415966386555 0.5678396358543417 0.2921043417366947 0.6105129551820728 0.2549019607843137 0.6313025210084033 0.20566351540616246 0.6520920868347339 0.17393207282913162 0.6750700280112044 0.17940301120448177 0.7483806022408963 0.19362745098039214 0.7899597338935574 0.19691001400560224 0.809655112044818 0.19581582633053218 0.8676470588235294 0.18487394957983191 0.8960959383753502 0.16736694677871147 0.9212622549019608 0.17940301120448177 0.9431460084033615 0.19253326330532214 0.9639355742296919 0.21879376750700277 0.9803483893557422 0.25709033613445376 0.9945728291316526 0.27678571428571425 1.0153623949579833 0.29429271708683474 1.0219275210084033 0.31398809523809523 1.008797268907563 0.3555672268907563 1.0033263305322129 0.37635679271708683 0.9923844537815126 0.41355917366946787 0.9978553921568626 0.4474789915966387 1.005514705882353 0.4901523109243698 1.0295868347338937 0.5218837535014006 1.0449054621848741 0.5448616946778712 1.0405287114845938 0.5787815126050421 1.005514705882353 0.612701330532213 0.9934786414565826 0.6334908963585434 0.9770658263305322 0.6717874649859944 0.9694065126050422 0.698047969187675 0.9617471988795518 0.7133665966386554 0.923450630252101 0.7155549719887956 0.8971901260504201 0.7078956582633054 0.7910539215686274 0.6794467787114846 0.729779411764706 0.6564688375350141 0.7002363445378151 0.6531862745098039 0.6805409663865546 0.6564688375350141 0.6597514005602241 0.6280199579831933 0.6313025210084033 0.5798757002801121 0.6028536414565826 0.5492384453781513 0.5820640756302521 0.5350140056022409 0.5623686974789917 0.4540441176470589 0.5448616946778712 0.3927696078431373 0.5350140056022409 0.3522846638655463 0.5350140056022409 0.3358718487394958
1 0.017463235294117602 0.8348214285714285 0.08202030812324927 0.8195028011204482 0.13782387955182074 0.8063725490196078 0.17064950980392157 0.8019957983193278 0.18268557422969187 0.8304446778711485 0.21441701680672268 0.8512342436974789 0.23411239495798317 0.8742121848739496 0.2527135854341736 0.8982843137254902 0.27678571428571425 0.9201680672268907 0.2669380252100841 0.9464285714285715 0.2538077731092437 0.9650297619047619 0.24067752100840334 0.9880077030812324 0.22864145658263305 0.9956670168067226 0.19362745098039214 0.9956670168067226 0.15861344537815122 0.9978553921568628 0.09515056022408963 0.9967612044817927 0.07764355742296918 0.9978553921568628 0.03715861344537815 0.9945728291316526 0.02293417366946778 0.9825367647058824 0.010898109243697421 0.9475227591036415 0.009803921568627416 0.9114145658263305 0.008709733893557411 0.857799369747899 0.013086484593837508 0.8457633053221288
0 0.21879376750700277 0.7724527310924368 0.24505427170868344 0.7680759803921569 0.2702205882352941 0.7801120448179272 0.2910101540616246 0.7844887955182073 0.3096113445378152 0.7866771708683472 0.3304009103641456 0.7866771708683472 0.3566614145658263 0.7833946078431372 0.38948704481792723 0.7921481092436974 0.4168417366946778 0.7921481092436974 0.4726453081232493 0.7998074229691876 0.5284488795518207 0.8085609243697478 0.5470500700280111 0.809655112044818 0.5634628851540616 0.8184086134453782 0.5951943277310924 0.8501400560224089 0.617078081232493 0.89281337535014 0.6247373949579832 0.9081320028011204 0.6334908963585434 0.9332983193277311 0.6302083333333334 0.9486169467787114 0.619266456582633 0.9540878851540616 0.5568977591036415 0.9518995098039215 0.5273546918767508 0.9387692577030813 0.49671743697479 0.9190738795518207 0.47045693277310924 0.9114145658263305 0.4431022408963585 0.9179796918767508 0.4124649859943978 0.9190738795518207 0.38401610644257705 0.9201680672268907 0.33149509803921573 0.9136029411764706 0.2888217787114846 0.9048494397759104 0.2702205882352941 0.8993785014005602 0.2505252100840336 0.8807773109243696 0.22098214285714288 0.8293504901960783 0.21332282913165268 0.7954306722689076
1 0.2472426470588235 0.9956670168067226 0.27131477591036407 0.9584646358543417 0.29319852941176466 0.9398634453781513 0.3205532212885154 0.931109943977591 0.34353116246498594 0.9343925070028011 0.3632265406162465 0.9387692577030813 0.3938637955182072 0.9354866946778712 0.423406862745098 0.9343925070028011 0.43216036414565834 0.9387692577030813 0.4299719887955182 0.9606530112044819 0.43216036414565834 0.9770658263305322 0.44246135954381755 0.9986979166666666 0.3610381652661065 0.9986979166666666 0.3304009103641456 0.9986979166666666 0.28991596638655465 0.9986979166666666 0.2570903361344538 0.9986979166666666
1 0.4518557422969187 0.9967612044817927 0.4463848039215687 0.973783263305322 0.4496673669467787 0.9518995098039215 0.4759278711484594 0.9365808823529411 0.4934348739495798 0.9409576330532213 0.5229779411764706 0.9508053221288515 0.5503326330532213 0.9595588235294117 0.5820640756302521 0.9661239495798318 0.6050420168067228 0.968312324929972 0.6269257703081234 0.9694065126050421 0.6455269607843137 0.9726890756302521 0.6597514005602241 0.9967612044817927 0.6064918154761907 0.9986979166666666 0.5536151960784313 0.9986979166666666 0.5153186274509803 0.9967612044817927 0.48529958858543426 0.9986979166666666
1 0.5711221988795518 0.5634628851540616 0.5908175770308124 0.577687324929972 0.6105129551820728 0.5930059523809524 0.6313025210084033 0.6225490196078431 0.6444327731092437 0.6531862745098039 0.6466211484593837 0.6695990896358542 0.6334908963585434 0.696953781512605 0.612701330532213 0.736344537815126 0.5820640756302521 0.7680759803921569 0.5645570728291317 0.7877713585434174 0.5262605042016807 0.7877713585434174 0.49562324929971985 0.7844887955182073 0.45294992997198874 0.7855829831932772 0.4058998599439776 0.7724527310924368 0.35884978991596633 0.7702643557422969 0.34462535014005596 0.7702643557422969 0.32930672268907557 0.7669817927170869 0.3479079131652661 0.7024247198879552 0.3665091036414565 0.6630339635854342 0.4004289215686274 0.6345850840336135 0.43216036414565834 0.612701330532213 0.4813988095238095 0.5919117647058824 0.5175070028011204 0.5831582633053222 0.5590861344537815 0.5678396358543417
1 0.7680759803921569 0.0032387955182072606 0.8315388655462185 0.002144607843137233 0.8982843137254902 0.006521358543417346 0.9529936974789915 0.010898109243697456 0.9562762605042018 0.040441176470588217 0.9650297619047619 0.09186799719887954 0.9705007002801121 0.1268820028011204 0.9529936974789915 0.1651785714285714 0.927827380952381 0.16299019607843135 0.8960959383753502 0.1454831932773109 0.8610819327731093 0.12141106442577028 0.8359156162464987 0.08311449579831931 0.809655112044818 0.05685399159663863 0.7724527310924371 0.03715861344537813 0.7724527310924371 0.01418067226890754
1 0.9759716386554622 0.034970238095238075 1.012079831932773 0.061230742296918744 1.042717086834734 0.08639705882352938 1.045999649859944 0.11703431372549017 1.0350577731092436 0.13125875350140054 0.9891018907563026 0.1225052521008403 0.9748774509803922 0.1137517507002801 0.9726890756302522 0.07764355742296916 0.9661239495798318 0.05028886554621847
1 0.9595588235294118 0.0032387955182072606 0.9759716386554622 0.022934173669467765 1.001137955182073 0.036064425770308106 1.0328693977591037 0.0557598039215686 1.0514705882352942 0.09077380952380949 1.0580357142857144 0.1290703781512605 1.0908613445378152 0.14110644257703078 1.1171218487394958 0.1531425070028011 1.1488532913165266 0.16627275910364145 1.165266106442577 0.17174369747899157 1.165266106442577 0.14001225490196076 1.164171918767507 0.02183998599439774 1.1598039215686275 0.0013020833333333333 1.1127450980392155 0.005427170868347317 1.0547531512605042 0.0013020833333333333 0.9948792016806736 0.0013020833333333333 0.9672181372549019 0.0013020833333333333
1 0.9825367647058822 0.1367296918767507 0.9694065126050422 0.16627275910364145 0.9650297619047619 0.188156512605042 0.9803483893557422 0.21879376750700277 0.9989495798319329 0.2538077731092437 1.0208333333333333 0.28444502801120447 1.0383403361344536 0.2975752801120448 1.0777310924369747 0.2866334033613445 1.0996148459383754 0.2614670868347339 1.125875350140056 0.22535889355742297 1.1455707282913166 0.19362745098039214 1.1313462885154062 0.18049719887955182 1.1018032212885156 0.1640843837535014 1.0711659663865547 0.14438900560224088 1.049282212885154 0.1378238795518207 1.0219275210084033 0.1378238795518207
1 1.163077731092437 0.1914390756302521 1.1510416666666667 0.2034751400560224 1.1324404761904763 0.22754726890756302 1.1204044117647058 0.2428658963585434 1.0952380952380951 0.2800682773109244 1.0777310924369747 0.29429271708683474 1.047093837535014 0.30742296918767503 1.0361519607843137 0.3172706582633053 1.0252100840336134 0.3468137254901961 1.0175507703081232 0.3774509803921569 1.008797268907563 0.4168417366946779 1.007703081232493 0.4420080532212885 1.012079831932773 0.46608018207282914 1.0295868347338937 0.5032825630252101 1.0514705882352942 0.5295430672268908 1.0689775910364145 0.5492384453781513 1.0985206582633051 0.5481442577030813 1.1302521008403363 0.5579919467787116 1.1565126050420167 0.5700280112044819 1.1653645833333333 0.5724421871021136 1.1653645833333333 0.4452906162464986 1.1653645833333333 0.32602415966386555 1.1653645833333333 0.22426470588235292
1 1.0591299019607845 0.5722163865546218 1.0952380952380951 0.5678396358543417 1.1302521008403363 0.5754989495798319 1.159795168067227 0.5875350140056023 1.1653645833333333 0.6220653886554622 1.1565126050420167 0.6882002801120448 1.1368172268907564 0.7046130952380952 1.1007090336134455 0.7221200980392157 1.0481880252100841 0.733061974789916 1.0131740196078434 0.729779411764706 0.9869135154061626 0.7133665966386554 0.9825367647058822 0.693671218487395 1.0000437675070029 0.657563025210084 1.0219275210084033 0.6192664565826331 1.0383403361344536 0.5962885154061625
1 0.6706932773109244 0.6761642156862745 0.695859593837535 0.6674107142857143 0.7440038515406163 0.6772584033613445 0.773546918767507 0.696953781512605 0.8173144257703081 0.7133665966386554 0.8413865546218487 0.7243084733893558 0.88734243697479 0.7308735994397759 0.9201680672268907 0.7275910364145658 0.9650297619047619 0.7275910364145658 0.9945728291316526 0.7385329131652661 0.9934786414565826 0.7538515406162465 0.9694065126050422 0.7823004201680672 0.9518995098039215 0.8019957983193278 0.9332983193277311 0.8413865546218487 0.923450630252101 0.8731179971988795 0.9114145658263305 0.8971901260504201 0.89171918767507 0.8971901260504201 0.8227853641456583 0.8610819327731093 0.7757352941176471 0.8435749299719887 0.7308735994397759 0.8435749299719887 0.696953781512605 0.8490458683473389 0.6477153361344538 0.8588935574229691 0.6247373949579832 0.8588935574229691 0.5984768907563026 0.8205969887955181 0.5853466386554622 0.7899597338935574 0.6083245798319328 0.7593224789915967 0.6444327731092437 0.7199317226890756 0.657563025210084 0.698047969187675
1 0.6280199579831933 0.8698354341736695 0.6685049019607843 0.8643644957983193 0.7144607843137255 0.8567051820728291 0.7396271008403361 0.8567051820728291 0.7658876050420168 0.8567051820728291 0.7987132352941176 0.8676470588235294 0.8413865546218487 0.8840598739495799 0.8774947478991596 0.9015668767507002 0.89171918767507 0.9168855042016806 0.88953081232493 0.9398634453781513 0.8796831232492998 0.9628413865546218 0.88843662464986 0.9891018907563024 0.8457633053221288 0.9923844537815126 0.7910539215686274 0.9956670168067226 0.7243084733893558 0.9956670168067226 0.6794467787114846 0.9945728291316526 0.6685049019607843 0.9923844537815126 0.6509978991596639 0.9617471988795518 0.6477153361344538 0.9289215686274509 0.6400560224089635 0.9026610644257703 0.6356792717086835 0.88953081232493
1 1.161983543417367 0.7505689775910364 1.119310224089636 0.7691701680672268 1.1039915966386555 0.7790178571428571 1.0941439075630253 0.809655112044818 1.1018032212885156 0.8424807422969187 1.1171218487394958 0.8687412464985994 1.1269695378151259 0.8796831232492996 1.157606792717087 0.8742121848739496 1.1653645833333333 0.8718848476890756 1.1653645833333333 0.8052783613445378
1 1.010985644257703 0.7472864145658263 1.052564775910364 0.7429096638655461 1.0875787815126052 0.7429096638655461 1.1039915966386555 0.7647934173669467 1.091955532212885 0.7899597338935574 1.085390406162465 0.8370098039215685 1.1028974089635855 0.8742121848739496 1.122592787114846 0.89390756302521 1.1653645833333333 0.8958085317460318 1.1653645833333333 0.9923844537815126 1.1007090336134455 0.9945728291316526 1.070458391690009 0.9986979166666666 0.9912902661064426 0.9986979166666666 0.9245448179271708 0.9978553921568628 0.9059436274509803 0.9934786414565826 0.9004726890756302 0.9617471988795518 0.9190738795518207 0.9015668767507002 0.9551820728291318 0.854516806722689 0.9715948879551822 0.8238795518207284 0.9836309523809522 0.7866771708683472 0.9978553921568626 0.7680759803921569
