0 0.05282482132315636 0.0013020833333333333 0.06489118933677673 0.0013020833333333333 0.08643826842308044 0.0044579533860087395 0.1053997054696083 0.01160975048939387 0.1053997054696083 0.02829727530479431 0.08299073576927185 0.01876154790321986 0.06230553612112999 0.00922581801811854 0.04679163917899132 0.0013020833333333333
0 0.17176470160484314 0.0013020833333333333 0.16486963629722595 0.0013020833333333333 0.1640077531337738 0.0013020833333333333 0.17262659966945648 0.0013020833333333333 0.18038353323936462 0.0013020833333333333 0.18641671538352966 0.0013020833333333333 0.19331178069114685 0.0013020833333333333 0.1993449628353119 0.0013020833333333333 0.1891058087348938 0.0013020833333333333
0 0.13297995924949646 0.0013020833333333333 0.15452703833580017 0.0013020833333333333 0.17779788374900818 0.005649919311205546 0.20020684599876404 0.00922581801811854 0.21141134202480316 0.02591334531704585 0.21658262610435486 0.04498480260372162 0.20882567763328552 0.05213660001754761 0.20106874406337738 0.059288397431373596 0.20624002814292908 0.06882412731647491 0.21658262610435486 0.08431968092918396 0.22003017365932465 0.0998152494430542 0.2139969915151596 0.1021991769472758 0.19848309457302094 0.08074378967285156 0.19158802926540375 0.06405626237392426 0.18814049661159515 0.04975266754627228 0.17435035109519958 0.03783300518989563 0.15797457098960876 0.0354490727186203 0.13642749190330505 0.03783300518989563 0.12436112761497498 0.041408903896808624 0.11315664649009705 0.04617677132288615 0.09936651587486267 0.050944636265436806 0.0855763852596283 0.050944636265436806 0.07092437148094177 0.04379283388455709 0.06920060515403748 0.02829727530479431 0.08643826842308044 0.03306514024734497 0.10281404852867126 0.0354490727186203 0.11488041281700134 0.01876154790321986 0.11488041281700134 0.008033851782480875
0 0.4380866289138794 0.15822158257166544 0.43032968044281006 0.18802074591318765 0.42688214778900146 0.21305201450983682 0.42688214778900146 0.23331544796625772 0.424296498298645 0.2523868878682454 0.424296498298645 0.2786101698875427 0.4294677674770355 0.2929137547810872 0.43032968044281006 0.30960126717885333 0.42515838146209717 0.32867272694905597 0.42515838146209717 0.35012813409169513 0.4277440011501312 0.3644317388534546 0.4044731855392456 0.40376659234364826 0.3932687044143677 0.42760594685872394 0.38378795981407166 0.4490613142649333 0.3898211419582367 0.46098101139068604 0.40705883502960205 0.4252219994862874 0.41826331615448 0.39661478996276855 0.43377721309661865 0.37277547518412274 0.4536004960536957 0.33463255564371747 0.45704805850982666 0.32152096430460614 0.4553242623806 0.3131771882375081 0.44584357738494873 0.32271289825439453 0.43722474575042725 0.3405924240748088 0.43894851207733154 0.3191370169321696 0.43894851207733154 0.2869539260864258 0.44239601492881775 0.25000298023223877 0.44756731390953064 0.22258774439493814 0.4449816942214966 0.20232433080673218 0.4467054605484009 0.19159664710362753
0 0.4932471215724945 0.316753089427948 0.5242749452590942 0.2964896559715271 0.5363413095474243 0.2857619921366374 0.545822024345398 0.28456997871398926 0.5372031927108765 0.31198521455128986 0.5277224779129028 0.3572799364725749 0.5242749452590942 0.38707907994588214 0.5225511789321899 0.39899877707163495 0.505313515663147 0.39661478996276855 0.4829045534133911 0.38231122493743896 0.4734238088130951 0.3608558575312297 0.4760094881057739 0.33463255564371747
0 0.0009765625 0.0044579533860087395 0.00973066221922636 0.041408903896808624 0.016625728458166122 0.10815900564193726 0.04075845703482628 0.14749387900034586 0.04162034019827843 0.16656535863876343 0.02265891060233116 0.1725251873334249 0.014040077105164528 0.1844448447227478 0.0009765625 0.18325289090474448 0.0009765625 0.16656535863876343 0.004559362307190895 0.14153406023979187 0.0009765625 0.10935096939404805 0.0009765625 0.11292688051859538 0.0009765625 0.07835985720157623 0.0009765625 0.04379283388455709
0 0.0009765625 0.5074676672617594 0.00714501179754734 0.4955480496088664 0.013178194873034954 0.501507838567098 0.013178194873034954 0.5205792586008707 0.006283128634095192 0.5313069820404053 0.0009765625 0.526539166768392
0 0.0009765625 0.5861374537150065 0.0028355957474559546 0.5539543628692627 0.010592544451355934 0.5360748767852783 0.021797025576233864 0.5217712720235189 0.03989657387137413 0.526539166768392 0.04420598968863487 0.5491865475972494 0.06058176979422569 0.5563382307688395 0.07781942933797836 0.5539543628692627 0.09850463271141052 0.5491865475972494 0.1140185296535492 0.5408426920572916 0.12867054343223572 0.5444186528523763 0.1355656087398529 0.5575302839279175 0.1441844403743744 0.5754097700119019 0.1459082067012787 0.5897133350372314 0.12867054343223572 0.5980571111043295 0.10970911383628845 0.6052088737487793 0.09850463271141052 0.6111687421798706 0.083852618932724 0.6302402019500732 0.0804050862789154 0.6469277143478394 0.07264813780784607 0.661231279373169 0.058858003467321396 0.665999174118042 0.04937728866934776 0.6493116617202759 0.03817280754446983 0.6433517932891846 0.016625728458166122 0.6445437669754028 0.0009765625 0.6481196880340576 0.0009765625 0.6445437669754028 0.0009765625 0.6421598196029663 0.0009765625 0.6242803335189819 0.0009765625 0.6278562545776367 0.0009765625 0.6338160832722982 0.0028355957474559546 0.6338160832722982 0.014040077105164528 0.6230883598327637 0.00973066221922636 0.6123607158660889
0 0.0009765625 0.7482449213663737 0.0009765625 0.7375171184539795 0.01921137608587742 0.7291733423868815 0.00973066221922636 0.7577805519104004 0.02352079376578331 0.7887717088063558 0.03817280754446983 0.7887717088063558 0.04937728866934776 0.7708922227223715 0.05799612030386925 0.7577805519104004 0.06575307250022888 0.7542046705881754 0.08643826842308044 0.7637403806050619 0.09505710005760193 0.7720841566721598 0.09936651587486267 0.7887717088063558 0.09764274954795837 0.8030753135681152 0.08126696199178696 0.8149949709574381 0.06575307250022888 0.8066511948903402 0.05627235770225525 0.805459181467692 0.04420598968863487 0.817378838857015 0.031277742236852646 0.8257226149241129 0.016625728458166122 0.8376423517862955 0.0009765625 0.8352583249409994 0.0009765625 0.8245306809743246 0.0009765625 0.7959234714508057 0.0009765625 0.7780439853668213 0.0009765625 0.7697002092997233
0 0.2863951623439789 0.6445437669754028 0.29673779010772705 0.6469277143478394 0.30363285541534424 0.6588474114735922 0.31397542357444763 0.6564634641011556 0.3260417878627777 0.6552714506785074 0.33379876613616943 0.661231279373169 0.3243180215358734 0.6850706736246744 0.3243180215358734 0.706525961558024 0.32690367102622986 0.726789395014445 0.304494708776474 0.7315573692321777 0.2924283444881439 0.7148697376251221 0.2863951623439789 0.6981822649637858 0.284671425819397 0.6779188315073649 0.2838095426559448 0.661231279373169
0 0.13987503945827484 0.22854759295781454 0.1588364541530609 0.21066810687383017 0.1924498975276947 0.20113237698872885 0.21141134202480316 0.1963645021120707 0.1958974301815033 0.21781988938649496 0.1691790670156479 0.2273556391398112 0.15021762251853943 0.2368913491566976 0.1390131413936615 0.24046727021535239
0 0.2881189286708832 0.20590023199717203 0.2924283444881439 0.20113237698872885 0.30880415439605713 0.2237797180811564 0.32173240184783936 0.23450740178426108 0.33552253246307373 0.2392752766609192 0.34155571460723877 0.24642709891001383 0.33379876613616943 0.26073068380355835 0.32862746715545654 0.26311461130777997 0.3156992197036743 0.2535788615544637 0.30535659193992615 0.2368913491566976 0.2941521108150482 0.22139579057693481
0 0.5061753988265991 0.12484653790791829 0.5156561136245728 0.10815900564193726 0.5268605947494507 0.10935096939404805 0.5475457310676575 0.14391799767812094 0.5587502717971802 0.1606055200099945 0.5656453371047974 0.17848499615987143 0.5777117013931274 0.18563679854075113 0.592363715171814 0.19755645593007407 0.604430079460144 0.21543596188227335 0.615634560585022 0.2321234941482544 0.6182202100753784 0.2535788615544637 0.6096013784408569 0.26073068380355835 0.5975350141525269 0.23569937547047934 0.5863305330276489 0.21424400806427002 0.5725404024124146 0.20470825831095377 0.5492695569992065 0.1963645021120707 0.5406507253646851 0.19755645593007407 0.5277224779129028 0.17371714115142822 0.5259987115859985 0.15464568138122559 0.5156561136245728 0.1367661952972412
0 0.0009765625 0.18086894353230795 0.0009765625 0.19398057460784912 0.011023486033082008 0.2202038367589315 0.025675499811768532 0.24642709891001383 0.02653738297522068 0.25477083524068195 0.011023486033082008 0.2654985586802165 0.0009765625 0.2726503213246663 0.0009765625 0.27741819620132446 0.0009765625 0.21424400806427002
0 0.0009765625 0.2929137547810872 0.0041284202598035336 0.28456997871398926 0.019642317667603493 0.2857619921366374 0.023951735347509384 0.3107932408650716 0.017056670039892197 0.34893616040547687 0.019642317667603493 0.37515942255655926 0.02653738297522068 0.39899877707163495 0.008437836542725563 0.3882710138956706 0.0009765625 0.3715835412343343 0.0009765625 0.32509684562683105
0 0.302340030670166 0.5098515748977661 0.3057875335216522 0.48720423380533856 0.3213014602661133 0.4752845764160156 0.34371039271354675 0.46455685297648114 0.36180996894836426 0.46455685297648114 0.3747382164001465 0.4717086950937907 0.3893902003765106 0.47766852378845215 0.403180330991745 0.48839624722798664 0.4161085784435272 0.5122355222702026 0.41869425773620605 0.5372668107350668 0.4014565944671631 0.5599141915639242 0.40059471130371094 0.5861374537150065 0.406627893447876 0.6183205445607504 0.4161085784435272 0.6409679253896078 0.43076062202453613 0.6648072004318237 0.4230036437511444 0.67434295018514 0.406627893447876 0.6838786602020264 0.3928377628326416 0.6552714506785074 0.3747382164001465 0.6433517932891846 0.3514673411846161 0.6362000306447347 0.3307821452617645 0.6433517932891846 0.3195776641368866 0.6350080172220866 0.30837321281433105 0.6433517932891846 0.2945830523967743 0.6362000306447347 0.28337860107421875 0.6350080172220866 0.2807929217815399 0.6493116617202759 0.27820730209350586 0.6731509367624918 0.2790691554546356 0.6922224362691244 0.26700279116630554 0.6755348841349283 0.26355528831481934 0.657655398050944 0.2661409080028534 0.6350080172220866 0.2825167179107666 0.6218964258829752 0.2980305850505829 0.6087847948074341 0.31009697914123535 0.5992490450541178 0.32388707995414734 0.5849455197652181 0.3264727294445038 0.5599141915639242 0.31699204444885254 0.5420347054799398 0.2997543513774872 0.5384587446848551 0.29889246821403503 0.530115008354187
0 0.27131223678588867 0.0013020833333333333 0.2876879870891571 0.0013020833333333333 0.3057875335216522 0.0044579533860087395 0.3195776641368866 0.02114548037449519 0.3213014602661133 0.036641038954257965 0.32561084628105164 0.06524823109308879 0.32819652557373047 0.08431968092918396 0.3273346424102783 0.1033911406993866 0.3247489631175995 0.1272304654121399 0.3247489631175995 0.1331903040409088 0.31526827812194824 0.14868585268656412 0.3057875335216522 0.14987781643867493 0.29027366638183594 0.13438226779301962 0.2790691554546356 0.12246260046958923 0.2790691554546356 0.09027951955795288 0.27131223678588867 0.061672329902648926 0.26527905464172363 0.04498480260372162 0.2644171714782715 0.024721379081408184 0.2678646743297577 0.0044579533860087395
0 0.23683689534664154 0.10100720326105754 0.24200817942619324 0.07478396097819011 0.25838395953178406 0.061672329902648926 0.2661409080028534 0.07120804985364278 0.27217409014701843 0.10100720326105754 0.27648353576660156 0.12484653790791829 0.2859642207622528 0.14391799767812094 0.296306848526001 0.15345372756322226 0.3040637969970703 0.16179749369621277 0.2997543513774872 0.16775731245676676 0.28682610392570496 0.16418143113454184 0.27131223678588867 0.152261753877004 0.2592458426952362 0.14272603392601013 0.2506270110607147 0.13199833035469055 0.24545571208000183 0.11888669927914937
0 0.19201897084712982 0.25834675629933673 0.20494721829891205 0.2440431515375773 0.21701358258724213 0.23450740178426108 0.2359750121831894 0.22497169176737467 0.25838395953178406 0.22139579057693481 0.2678646743297577 0.22497169176737467 0.275621622800827 0.2118600606918335 0.2825167179107666 0.1927886207898458 0.2894117832183838 0.18325289090474448 0.2911355495452881 0.1725251873334249 0.2747597396373749 0.16894928614298502 0.26183152198791504 0.15702960888544717 0.25493642687797546 0.15345372756322226 0.24287007749080658 0.15345372756322226 0.2325274646282196 0.15822158257166544 0.22218486666679382 0.16179749369621277 0.22218486666679382 0.1796769698460897 0.22304674983024597 0.18921271959940592 0.2075328677892685 0.2166279157002767 0.19805215299129486 0.22973954677581787
0 0.14633916318416595 0.6373919645945231 0.1540960967540741 0.63262406984965 0.16702434420585632 0.6457357406616211 0.17822882533073425 0.6636152267456055 0.19460462033748627 0.6481196880340576 0.19546650350093842 0.6421598196029663 0.20322343707084656 0.6373919645945231 0.21873733401298523 0.6493116617202759 0.22563239932060242 0.6505035559336344 0.2325274646282196 0.6481196880340576 0.23338936269283295 0.6373919645945231 0.22046111524105072 0.6314321756362915 0.2023615539073944 0.6254723072052002 0.19719025492668152 0.6207044919331869 0.20667096972465515 0.6087847948074341 0.21873733401298523 0.6040169397989908 0.21528980135917664 0.5873293876647949 0.22304674983024597 0.5837534666061401 0.23166558146476746 0.5825614929199219 0.23942254483699799 0.5825614929199219 0.2523508071899414 0.5932892560958862 0.26355528831481934 0.6028250058492025 0.269588440656662 0.6171285311381022 0.2592458426952362 0.6350080172220866 0.26183152198791504 0.6648072004318237 0.2704503536224365 0.6910305023193359 0.27820730209350586 0.7029501597086588 0.28682610392570496 0.7208296457926432 0.26183152198791504 0.736325184504191 0.24890325963497162 0.7410929997762045 0.23338936269283295 0.7470528284708658 0.2273561805486679 0.7291733423868815 0.21011850237846375 0.7196376323699951 0.19546650350093842 0.726789395014445 0.19115708768367767 0.736325184504191 0.16960999369621277 0.7351332505544027 0.15495797991752625 0.7351332505544027 0.14461538195610046 0.7315573692321777 0.14289161562919617 0.7017581462860107 0.14375349879264832 0.6814947923024496 0.14978669583797455 0.6624232530593872
0 0.2747597396373749 0.7744681040445963 0.28854987025260925 0.7542046705881754 0.29372116923332214 0.743476947148641 0.30061623454093933 0.7410929997762045 0.3126825988292694 0.7422849337259928 0.32561084628105164 0.7351332505544027 0.33336779475212097 0.7303654352823893 0.342848539352417 0.736325184504191 0.34888172149658203 0.7470528284708658 0.342848539352417 0.766124407450358 0.3342297077178955 0.7863877614339193 0.3264727294445038 0.800691286722819 0.31871578097343445 0.8066511948903402 0.302340030670166 0.800691286722819 0.28510233759880066 0.7851958274841309
0 0.2807929217815399 1.0 0.2911355495452881 1.0 0.2997543513774872 1.0 0.3273346424102783 1.0 0.34198665618896484 0.9878300031026205 0.34715795516967773 0.9759103457132975 0.36008620262145996 0.9723344643910726 0.3609480857849121 0.9616068204243978 0.3678431510925293 0.9520710309346517 0.39369964599609375 0.9449192682902018 0.41179919242858887 0.9389593601226807 0.4049041271209717 0.9270397822062174 0.3980090618133545 0.909160296122233 0.3799095153808594 0.9186960061391195 0.36698126792907715 0.9258478482564291 0.3531911373138428 0.9353834788004557 0.34371039271354675 0.94611128171285 0.3342297077178955 0.9592227935791016 0.3195776641368866 0.973526398340861 0.30837321281433105 0.9842541217803955 0.2971687316894531 0.990213950475057
0 0.3695668876171112 0.9651826222737631 0.3911139667034149 0.9663746356964111 0.40921351313591003 0.9699505170186361 0.4195561408996582 0.9711424509684244 0.43076062202453613 0.9711424509684244 0.44368886947631836 0.9556469122568766 0.4462745189666748 0.9353834788004557 0.4281749427318573 0.9365754922231039 0.41869425773620605 0.9449192682902018 0.403180330991745 0.9484951496124268 0.3893902003765106 0.9496871630350748 0.3781857192516327 0.9556469122568766
0 0.0009765625 0.916312058766683 0.0009765625 0.8996245066324869 0.005852187052369118 0.9020084540049235 0.019642317667603493 0.9151201248168945 0.0161947850137949 0.9341915448506674 0.011023486033082008 0.9484951496124268 0.0032665375620126724 0.96041472752889 0.0009765625 0.9627987543741862 0.0009765625 0.94611128171285 0.0009765625 0.9341915448506674
0 0.42903682589530945 0.5086596806844076 0.4445507526397705 0.4860122601191203 0.4583408832550049 0.4788604974746704 0.47902607917785645 0.48124440511067706 0.49281617999076843 0.4693247477213542 0.49540185928344727 0.45859702428181964 0.48764491081237793 0.44190951188405353 0.4902305603027344 0.4264139731725057 0.5066063404083252 0.42402998606363934 0.5264296531677246 0.43356577555338544 0.5419435501098633 0.4383336305618286 0.5505623817443848 0.44071753819783527 0.5609049201011658 0.4264139731725057 0.5669381618499756 0.4144943157831828 0.5850377082824707 0.419262170791626 0.5945184230804443 0.4228380521138509 0.5919327735900879 0.44667736689249676 0.5824520587921143 0.4681327740351359 0.5755569934844971 0.48482028643290204 0.5617668628692627 0.4955480496088664 0.546252965927124 0.49912389119466144 0.5255677700042725 0.5062757333119711 0.5074682235717773 0.5205792586008707 0.5022969245910645 0.5277310609817505 0.48247361183166504 0.5313069820404053 0.4660978317260742 0.5336909294128418 0.4445507526397705 0.5348829030990601 0.43076062202453613 0.5348829030990601 0.429898738861084 0.5205792586008707
0 0.3945615291595459 0.7124858697255453 0.40404221415519714 0.699374278386434 0.41352295875549316 0.6934143702189127 0.429898738861084 0.6838786602020264 0.43851757049560547 0.6838786602020264 0.4462745189666748 0.7053340276082357 0.4479982554912567 0.7303654352823893 0.44368886947631836 0.7494368553161621 0.4247274398803711 0.7446688810984293 0.40921351313591003 0.7351332505544027 0.3997328281402588 0.7255974610646566
0 0.339400976896286 0.7911556561787924 0.3445722758769989 0.7744681040445963 0.3557767868041992 0.7565886179606119 0.3730144500732422 0.7577805519104004 0.3764619529247284 0.773276170094808 0.37387633323669434 0.800691286722819 0.35750052332878113 0.81380295753479 0.3411247730255127 0.81380295753479 0.33681532740592957 0.8090351422627767
0 0.49195432662963867 0.9937898317972819 0.5031588077545166 0.9782942136128744 0.5186727046966553 0.9699505170186361 0.5281534194946289 0.9759103457132975 0.5359103679656982 0.9806782404581705 0.5453910827636719 0.9818702538808187 0.5505623817443848 0.9794863065083822 0.5497004985809326 0.9985577265421549 0.5540099143981934 1.0 0.5479766726493835 1.0 0.5316009521484375 1.0 0.5178108215332031 1.0 0.5048825740814209 1.0 0.49540185928344727 1.0
0 0.5247058868408203 0.9616068204243978 0.5428054332733154 0.9687585830688477 0.5514242649078369 0.9675666491190592 0.5565955638885498 0.9568389256795248 0.569523811340332 0.9627987543741862 0.5755569934844971 0.9771022796630859 0.5824520587921143 0.9842541217803955 0.5945184230804443 0.9890219370524088 0.6014134883880615 0.9973657925923666 0.6117560863494873 1.0 0.6186511516571045 1.0 0.6341650485992432 1.0 0.639336347579956 1.0 0.6462314128875732 0.9639907677968343 0.6600215435028076 0.9186960061391195 0.6643310189247131 0.8924727439880371 0.6634690761566162 0.8805530865987142 0.6436457633972168 0.8877048492431641 0.616065502166748 0.8888967831929525 0.5841758251190186 0.879361073176066 0.5721094608306885 0.8710172971089681 0.563490629196167 0.8674414157867432 0.5531480312347412 0.8924727439880371 0.5471148490905762 0.9079683621724447 0.5428054332733154 0.9258478482564291 0.5350484251976013 0.9341915448506674
0 0.7444860935211182 0.9318076769510905 0.7548287510871887 0.9067762692769369 0.7617237567901611 0.8948566913604736 0.7712044715881348 0.9032003879547119 0.7737901210784912 0.9234638214111328 0.7729282379150391 0.9520710309346517 0.7737901210784912 0.9771022796630859 0.7763757705688477 1.0 0.7694807052612305 1.0 0.760861873626709 0.9973657925923666 0.7556906342506409 0.9782942136128744 0.7531049251556396 0.9663746356964111 0.7505192756652832 0.9544549783070883 0.7487955093383789 0.9449192682902018
0 0.784132719039917 0.9186960061391195 0.7953372001647949 0.9103522300720215 0.8074036240577698 0.9103522300720215 0.8220555782318115 0.9151201248168945 0.8323982357978821 0.9198879400889078 0.8410170078277588 0.9270397822062174 0.8255031108856201 0.9449192682902018 0.81343674659729 0.9473031361897787 0.7979228496551514 0.9389593601226807 0.7893040180206299 0.9329996109008789
0 0.7875802516937256 1.0 0.8099892139434814 1.0 0.8306744694709778 1.0 0.8461883664131165 1.0 0.8573928475379944 1.0 0.8634259700775146 1.0 0.8711829781532288 0.986638069152832 0.8849731087684631 0.986638069152832 0.900486946105957 0.9914058844248453 0.8901443481445312 1.0 0.8806636333465576 1.0 0.8729066848754883 1.0 0.859978437423706 1.0 0.8427407741546631 1.0 0.8220555782318115 1.0 0.8008188009262085 1.0 0.7755138874053955 1.0 0.7806852459907532 1.0
0 0.9237578511238098 0.9782942136128744 0.9349623322486877 0.9651826222737631 0.9427192211151123 0.9484951496124268 0.9513380527496338 0.9353834788004557 0.9608188271522522 0.9222718874613444 0.9728851914405823 0.9115441640218099 0.9832277297973633 0.9067762692769369 0.9909846782684326 0.9055843353271484 0.9978798031806946 0.9234638214111328 0.9935703277587891 0.9341915448506674 0.9746089577674866 0.9496871630350748 0.9659900665283203 0.9627987543741862 0.9625425934791565 0.9747184117635092 0.9737470746040344 0.9842541217803955 1.0 0.990213950475057 1.0 1.0 0.9909846782684326 1.0 0.9513380527496338 1.0 0.8961775898933411 1.0 0.8832493424415588 1.0 0.9039344787597656 1.0
0 0.877216100692749 0.7196376323699951 0.8927299976348877 0.6874545415242513 0.9013488292694092 0.6719590028127035 0.9082439541816711 0.6707669893900553 0.9142770767211914 0.7148697376251221 0.9168627262115479 0.7518207232157389 0.917724609375 0.7828118006388346 0.9142770767211914 0.7983073393503824 0.900486946105957 0.800691286722819 0.8875586986541748 0.7983073393503824 0.8729066848754883 0.7720841566721598 0.8763542175292969 0.7518207232157389 0.877216100692749 0.736325184504191
0 0.7936134934425354 0.7387091318766276 0.8065417408943176 0.7279814084370931 0.8168842792510986 0.7160617510477701 0.8263649940490723 0.7136778036753336 0.8280887603759766 0.7315573692321777 0.8349838256835938 0.7422849337259928 0.8427407741546631 0.7518207232157389 0.8418788909912109 0.7697002092997233 0.8358457088470459 0.7768519719441732 0.8177462220191956 0.7804278532663981 0.8091273307800293 0.773276170094808 0.7987847328186035 0.7649323145548502 0.7918896675109863 0.7553966045379639
0 0.7289722561836243 0.8030753135681152 0.737591028213501 0.773276170094808 0.7487955093383789 0.7685082753499349 0.7668951153755188 0.7756600379943848 0.7824089527130127 0.7804278532663981 0.790165901184082 0.7911556561787924 0.7953372001647949 0.8042672475179037 0.7979228496551514 0.8209547996520996 0.7970609664916992 0.8352583249409994 0.7867183685302734 0.8483699162801107 0.7763757705688477 0.8590977191925049 0.7574143409729004 0.8769772052764893 0.7479336261749268 0.8829370339711508 0.7367291450500488 0.8769772052764893 0.7289722561836243 0.8674414157867432 0.7255246639251709 0.8495619297027588 0.7246627807617188 0.838834285736084 0.7246627807617188 0.8209547996520996
0 0.6936349868774414 0.7685082753499349 0.7091488838195801 0.736325184504191 0.7255246639251709 0.7041420936584473 0.737591028213501 0.6528875033060709 0.7470717430114746 0.6373919645945231 0.760861873626709 0.63262406984965 0.7755138874053955 0.6433517932891846 0.7927516102790833 0.6397759119669596 0.8022322654724121 0.63262406984965 0.8211936950683594 0.6564634641011556 0.8272268772125244 0.67434295018514 0.8186081051826477 0.6838786602020264 0.8091273307800293 0.6898384888966879 0.8022322654724121 0.6981822649637858 0.7910277843475342 0.7172537644704183 0.7832708358764648 0.7208296457926432 0.7660331726074219 0.7172537644704183 0.7599999904632568 0.7196376323699951 0.7487955093383789 0.7387091318766276 0.7401766777038574 0.7482449213663737 0.7281103730201721 0.7601644992828369 0.7212152481079102 0.7780439853668213 0.7186295986175537 0.8149949709574381 0.7100107669830322 0.8292984962463379 0.6936349868774414 0.8316824436187744 0.6884636878967285 0.8292984962463379 0.6876018047332764 0.8102270762125651 0.6893255710601807 0.7935395240783691 0.6919112205505371 0.7816198666890463
0 0.7367291450500488 0.5229632059733073 0.7531049251556396 0.49793195724487305 0.7686188817024231 0.4836283524831136 0.7858564853668213 0.4800524314244588 0.7953372001647949 0.4788604974746704 0.8039560317993164 0.49793195724487305 0.8065417408943176 0.5181953112284342 0.8048179149627686 0.5408426920572916 0.7970609664916992 0.563490072886149 0.7961990833282471 0.5909053087234497 0.8005084991455078 0.6135526895523071 0.7936134934425354 0.6278562545776367 0.7867183685302734 0.6302402019500732 0.7720663547515869 0.629048228263855 0.7617237567901611 0.6242803335189819 0.7556906342506409 0.6099766890207926 0.7505192756652832 0.5992490450541178 0.7453479766845703 0.5909053087234497 0.743624210357666 0.5646820068359375 0.7384529113769531 0.5408426920572916
0 0.8125748634338379 0.46455685297648114 0.824641227722168 0.44071753819783527 0.8229174613952637 0.4228380521138509 0.8289506435394287 0.4049585660298665 0.8392932415008545 0.39065500100453693 0.8530833721160889 0.38707907994588214 0.8642878532409668 0.38946302731831867 0.8634259700775146 0.410918394724528 0.8634259700775146 0.4264139731725057 0.8660116195678711 0.4347577492396037 0.8711829781532288 0.4264139731725057 0.877216100692749 0.4121103684107463 0.884111225605011 0.4049585660298665 0.894453763961792 0.39899877707163495 0.9022107124328613 0.39899877707163495 0.9099677205085754 0.40734251340230304 0.9108296036720276 0.41568628946940106 0.9099677205085754 0.42760594685872394 0.9047963619232178 0.4514452616373698 0.8996250629425049 0.4681327740351359 0.8970394730567932 0.48124440511067706 0.8961775898933411 0.49078015486399335 0.8892824649810791 0.5074676672617594 0.877216100692749 0.5134274959564209 0.8591166138648987 0.5146194696426392 0.8375694751739502 0.49197208881378174 0.8211936950683594 0.4788604974746704
0 0.9151389598846436 0.38946302731831867 0.9272053241729736 0.37515942255655926 0.9384098052978516 0.36681564648946124 0.9435811042785645 0.3632398049036662 0.9573712348937988 0.35251204172770184 0.9685757160186768 0.34655221303304035 0.9797801971435547 0.32986470063527423 0.9909846782684326 0.337016503016154 0.9832277297973633 0.3572799364725749 0.9746089577674866 0.3703915278116862 0.9677138328552246 0.39065500100453693 0.958233118057251 0.4085344870885213 0.9504762291908264 0.4168782631556193 0.936686098575592 0.42402998606363934 0.9237578511238098 0.4264139731725057 0.917724609375 0.4085344870885213
0 0.2876879870891571 0.32152096430460614 0.29285928606987 0.2988736033439636 0.2945830523967743 0.2893378734588623 0.3057875335216522 0.3024495045344035 0.31009697914123535 0.3143691420555115 0.31009697914123535 0.333440621693929 0.2997543513774872 0.3537040551503499 0.2911355495452881 0.35608800252278644 0.2859642207622528 0.3537040551503499 0.28682610392570496 0.3405924240748088
0 0.3376772105693817 0.8245306809743246 0.3583624064922333 0.8233387470245361 0.3747382164001465 0.812610944112142 0.3807713985443115 0.7935395240783691 0.3833570182323456 0.7673163414001465 0.3833570182323456 0.7530127366383871 0.38680458068847656 0.7315573692321777 0.3945615291595459 0.736325184504191 0.41697046160697937 0.7518207232157389 0.43679380416870117 0.7577805519104004 0.4497220516204834 0.7506287892659506 0.4566171169281006 0.7244054476420084 0.46523594856262207 0.7172537644704183 0.47730231285095215 0.7089099884033203 0.4910924434661865 0.7101019223531088 0.4962637424468994 0.7244054476420084 0.49281617999076843 0.7482449213663737 0.4885067939758301 0.7625483671824137 0.48247361183166504 0.7685082753499349 0.46868348121643066 0.7804278532663981 0.4583408832550049 0.7923475901285807 0.4462745189666748 0.8090351422627767 0.4376556873321533 0.8364502588907877 0.4333462715148926 0.8471779823303223 0.4083516299724579 0.8531378110249838 0.39369964599609375 0.8495619297027588 0.38163328170776367 0.842410167058309 0.3609480857849121 0.842410167058309 0.342848539352417 0.8436021010080973 0.33853909373283386 0.8364502588907877
0 0.3592242896556854 0.8567137718200684 0.3730144500732422 0.8710172971089681 0.38508081436157227 0.8865129152933756 0.38852834701538086 0.8674414157867432 0.38421890139579773 0.8555218378702799 0.3747382164001465 0.8519458770751953
0 0.5841758251190186 0.7184456984202067 0.5902090072631836 0.6910305023193359 0.5996896624565125 0.6779188315073649 0.610032320022583 0.6671911875406901 0.6203749179840088 0.6624232530593872 0.6281318664550781 0.6671911875406901 0.6324412822723389 0.6969902515411377 0.639336347579956 0.7220215797424316 0.644507646560669 0.7446688810984293 0.6462314128875732 0.7625483671824137 0.6358888149261475 0.7816198666890463 0.6220986843109131 0.773276170094808 0.6057229042053223 0.7518207232157389 0.5953803062438965 0.7410929997762045 0.5893471240997314 0.7327493031819662
0 0.39197587966918945 0.0013020833333333333 0.38163328170776367 0.0013020833333333333 0.37732383608818054 0.0013020833333333333 0.3764619529247284 0.0013020833333333333 0.3730144500732422 0.0013020833333333333 0.3764619529247284 0.0032659871503710747 0.39197587966918945 0.019953514138857525 0.406627893447876 0.022337446610132854 0.4161085784435272 0.030681210259596508 0.4212798774242401 0.04856069882710775 0.4281749427318573 0.05809642871220907 0.4350700080394745 0.059288397431373596 0.4428269863128662 0.060480366150538124 0.4497220516204834 0.04498480260372162 0.4583408832550049 0.017569581667582195 0.4617883861064911 0.0013020833333333333 0.4626502990722656 0.0013020833333333333 0.45920276641845703 0.0013020833333333333 0.4548933207988739 0.0013020833333333333 0.4393794536590576 0.0013020833333333333 0.41869425773620605 0.0013020833333333333
0 0.5445291996002197 0.09504737456639607 0.5583193302154541 0.07955182592074077 0.5669381618499756 0.059288397431373596 0.5815901756286621 0.04379283388455709 0.5936565399169922 0.019953514138857525 0.6057229042053223 0.0013020833333333333 0.6126180291175842 0.0013020833333333333 0.6212368011474609 0.0013020833333333333 0.6315793991088867 0.0013020833333333333 0.6462314128875732 0.0013020833333333333 0.6531264781951904 0.0013020833333333333 0.6410601139068604 0.022337446610132854 0.633303165435791 0.04975266754627228 0.6324412822723389 0.08312772214412689 0.6324412822723389 0.09504737456639607 0.6143417358398438 0.08789558211962382 0.6074466705322266 0.1021991769472758 0.610032320022583 0.12127063671747844 0.610032320022583 0.13080636660257974 0.5936565399169922 0.13795816898345947 0.58072829246521 0.1391501228014628 0.5790045261383057 0.13080636660257974 0.5815901756286621 0.11888669927914937 0.573833167552948 0.12246260046958923 0.5600430965423584 0.12484653790791829 0.5505623817443848 0.11769474546114604 0.5445291996002197 0.10815900564193726
0 0.6117560863494873 0.10577507813771565 0.6212368011474609 0.12484653790791829 0.6384745240211487 0.12603849172592163 0.650540828704834 0.12484653790791829 0.644507646560669 0.11531080802281697 0.6341650485992432 0.10577507813771565 0.6255462765693665 0.0998152494430542 0.6186511516571045 0.0974313219388326
0 0.6591596603393555 0.11650277177492778 0.6712260246276855 0.10577507813771565 0.6884636878967285 0.09504737456639607 0.7005300521850586 0.08670361836751302 0.7022538185119629 0.0974313219388326 0.7005300521850586 0.11411883433659871 0.6876018047332764 0.1367661952972412 0.679844856262207 0.14510995149612427 0.667778491973877 0.14868585268656412 0.6608834266662598 0.14510995149612427 0.6548502445220947 0.13557424147923788
0 0.0009765625 0.8841288884480795 0.0009765625 0.8650575478871664 0.0009765625 0.8543299039204916 0.011885369196534157 0.8495619297027588 0.023089852184057236 0.8531378110249838 0.035156216472387314 0.8567137718200684 0.045498814433813095 0.8555218378702799 0.05497952923178673 0.842410167058309 0.05497952923178673 0.8245306809743246 0.06359836459159851 0.8149949709574381 0.07480283826589584 0.8221467336018881 0.08428356051445007 0.8233387470245361 0.09117862582206726 0.817378838857015 0.09807369112968445 0.8102270762125651 0.10669252276420593 0.7994993527730306 0.11444947123527527 0.7959234714508057 0.11875888705253601 0.800691286722819 0.11531135439872742 0.8245306809743246 0.11272570490837097 0.8507539431254069 0.11100193858146667 0.8686334292093912 0.10496875643730164 0.8829370339711508 0.08600731939077377 0.8853209018707275 0.07997414469718933 0.8936646779378256 0.07997414469718933 0.912736177444458 0.07221719622612 0.9282317956288656 0.06359836459159851 0.9329996109008789 0.05411764606833458 0.9437273343404134 0.051531996577978134 0.9580308596293131 0.04463693127036095 0.9675666491190592 0.035156216472387314 0.973526398340861 0.023951735347509384 0.9711424509684244 0.014471018686890602 0.9616068204243978 0.02050420083105564 0.9413433074951172 0.02739926613867283 0.9210798740386963 0.023951735347509384 0.9020084540049235 0.01274725329130888 0.8936646779378256
0 0.056703295558691025 0.9675666491190592 0.06015083193778992 0.9520710309346517 0.0704934298992157 0.9377674261728922 0.08169791102409363 0.9270397822062174 0.1006593406200409 0.9341915448506674 0.11186382919549942 0.9377674261728922 0.11186382919549942 0.9556469122568766 0.11272570490837097 0.9675666491190592 0.10496875643730164 0.9818702538808187 0.09462615847587585 0.9973657925923666 0.08169791102409363 1.0 0.06790778040885925 1.0 0.055841412395238876 1.0 0.046360697597265244 1.0 0.04463693127036095 1.0 0.050670113414525986 0.9878300031026205 0.055841412395238876 0.9854461352030436 0.061012715101242065 0.9782942136128744
0 0.15151044726371765 0.9568389256795248 0.15668174624443054 0.9377674261728922 0.16616247594356537 0.9318076769510905 0.175643190741539 0.9353834788004557 0.18943330645561218 0.9294236501057943 0.19632837176322937 0.9234638214111328 0.205809086561203 0.909160296122233 0.21011850237846375 0.8984325726826986 0.22218486666679382 0.9234638214111328 0.2325274646282196 0.9341915448506674 0.23856064677238464 0.9437273343404134 0.23856064677238464 0.9699505170186361 0.22821804881095886 0.986638069152832 0.21787546575069427 1.0 0.2092566192150116 1.0 0.18770954012870789 1.0 0.16960999369621277 0.9997497399648031 0.15840551257133484 0.9925978978474935
0 0.23338936269283295 0.9258478482564291 0.24200817942619324 0.9198879400889078 0.25148889422416687 0.90439240137736 0.25493642687797546 0.8948566913604736 0.26527905464172363 0.9270397822062174 0.275621622800827 0.9437273343404134 0.2859642207622528 0.9568389256795248 0.29544496536254883 0.9723344643910726 0.28337860107421875 0.9830621878306071 0.26527905464172363 0.9973657925923666 0.2540745437145233 1.0 0.24028442800045013 1.0 0.2308037132024765 1.0 0.2308037132024765 1.0 0.2308037132024765 0.9973657925923666 0.24545571208000183 0.9723344643910726 0.24804136157035828 0.9473031361897787 0.24287007749080658 0.9365754922231039
0 0.6522645950317383 0.1844448447227478 0.6626071929931641 0.17014125982920328 0.6807067394256592 0.16894928614298502 0.7057013511657715 0.16775731245676676 0.720353364944458 0.17848499615987143 0.7298341393470764 0.1999404033025106 0.7281103730201721 0.21424400806427002 0.7117345333099365 0.21424400806427002 0.6979444026947021 0.20828415950139365 0.6832923889160156 0.2094761530558268 0.6703641414642334 0.2094761530558268 0.6582977771759033 0.2070922056833903 0.6522645950317383 0.19874842961629233
0 0.7772376537322998 0.16894928614298502 0.7712044715881348 0.18563679854075113 0.767756998538971 0.20470825831095377 0.7643094062805176 0.21066810687383017 0.7712044715881348 0.2273556391398112 0.7884421348571777 0.2416592240333557 0.7979228496551514 0.25715476274490356 0.8099892139434814 0.25477083524068195 0.8082654476165771 0.2392752766609192 0.7970609664916992 0.22139579057693481 0.790165901184082 0.2035162846247355 0.7832708358764648 0.18921271959940592
0 0.8522214889526367 0.0013020833333333333 0.8349838256835938 0.0013020833333333333 0.8298125267028809 0.0013020833333333333 0.820331871509552 0.01160975048939387 0.8211936950683594 0.03306514024734497 0.8211936950683594 0.04975266754627228 0.8151605129241943 0.06882412731647491 0.81343674659729 0.07835985720157623 0.8315363526344299 0.0771678884824117 0.8461883664131165 0.06524823109308879 0.8548071384429932 0.060480366150538124 0.8608403205871582 0.04498480260372162 0.8634259700775146 0.0354490727186203 0.8660116195678711 0.010417784253756205 0.8746304512023926 0.0013020833333333333 0.8858349323272705 0.0013020833333333333 0.865149736404419 0.0013020833333333333
0 0.8617022037506104 0.07001609603563945 0.8625640869140625 0.05690445999304453 0.8754923343658447 0.04498480260372162 0.8849731087684631 0.04379283388455709 0.8961775898933411 0.06882412731647491 0.900486946105957 0.07359199225902557 0.9099677205085754 0.06763215859731038 0.9134151935577393 0.05332856376965841 0.9237578511238098 0.050944636265436806 0.9341004490852356 0.0545205275217692 0.9401335716247559 0.06763215859731038 0.9401335716247559 0.07478396097819011 0.9444429874420166 0.08193575342496236 0.9442948698997498 0.09849290053049724 0.9444429874420166 0.11650277177492778 0.9453048706054688 0.13438226779301962 0.9349623322486877 0.13795816898345947 0.917724609375 0.12961439291636148 0.9047963619232178 0.12127063671747844 0.8858349323272705 0.11411883433659871 0.8737685680389404 0.10100720326105754 0.8685972690582275 0.08789558211962382
0 0.9504762291908264 0.30960126717885333 0.958233118057251 0.29172178109486896 0.9711613655090332 0.2762262423833211 0.9935703277587891 0.2738422950108846 1.0 0.2786101698875427 1.0 0.2988736033439636 1.0 0.30389970541000366 1.0 0.3274807532628377 1.0 0.3441683053970337 1.0 0.35251204172770184 0.9987416863441467 0.35847191015879315 0.9909846782684326 0.3608558575312297 0.9944322109222412 0.34178435802459717 0.9935703277587891 0.32271289825439453 0.9823658466339111 0.3191370169321696 0.9728851914405823 0.32986470063527423 0.9625425934791565 0.3394004503885905 0.9504762291908264 0.33463255564371747 0.9461668133735657 0.3203289906183879
0 0.9142770767211914 0.45025328795115155 0.9211722016334534 0.4383336305618286 0.936686098575592 0.43594972292582196 0.9504762291908264 0.4264139731725057 0.9625425934791565 0.41330234209696454 0.9720233082771301 0.4085344870885213 0.9840896129608154 0.39542285601298016 0.9978798031806946 0.3787353038787842 1.0 0.3680076201756795 1.0 0.3644317388534546 1.0 0.3715835412343343 1.0 0.39303890864054364 0.9944322109222412 0.42045414447784424 0.9780564308166504 0.4490613142649333 0.9685757160186768 0.47766852378845215 0.9539237022399902 0.5134274959564209 0.9427192211151123 0.5420347054799398 0.9315147399902344 0.563490072886149 0.917724609375 0.5766017436981201 0.9082439541816711 0.5706418752670288 0.9056582450866699 0.5491865475972494 0.9039344787597656 0.5205792586008707 0.900486946105957 0.49912389119466144 0.9091058373451233 0.47766852378845215 0.9125533103942871 0.46455685297648114
0 0.9315147399902344 0.5932892560958862 0.940995454788208 0.5694499015808105 0.9547855854034424 0.5503784418106079 0.9651281833648682 0.5479944944381714 0.9685757160186768 0.5670660336812338 0.970299482345581 0.5849455197652181 0.9694375991821289 0.5992490450541178 0.9539237022399902 0.6171285311381022 0.94789057970047 0.6266642808914185 0.9332385659217834 0.6457357406616211 0.9220340847969055 0.6540795167287191 0.917724609375 0.6457357406616211 0.9211722016334534 0.6266642808914185 0.9272053241729736 0.6123607158660889
0 0.9858134388923645 0.6314321756362915 1.0 0.6207044919331869 1.0 0.6397759119669596 1.0 0.6653667291005453 1.0 0.6910305023193359 1.0 0.7041420936584473 1.0 0.6779188315073649 0.9952940940856934 0.6588474114735922 0.9892609715461731 0.6493116617202759
0 0.8341219425201416 0.8734013239542643 0.8565309643745422 0.8710172971089681 0.8754923343658447 0.8638655344645182 0.894453763961792 0.8614815870920817 0.9082439541816711 0.879361073176066 0.9160008430480957 0.8888967831929525 0.9280672073364258 0.8805530865987142 0.9461668133735657 0.8662494023640951 0.9651281833648682 0.8662494023640951 0.9754708409309387 0.8590977191925049 0.9746089577674866 0.838834285736084 0.9849515557289124 0.8328744570414225 1.0 0.8245306809743246 1.0 0.8281065622965494 1.0 0.8111270268758138 1.0 0.7673163414001465 1.0 0.7613564332326254 0.9987416863441467 0.7649323145548502 0.9840896129608154 0.766124407450358 0.9651281833648682 0.7553966045379639 0.9573712348937988 0.7613564332326254 0.9427192211151123 0.7768519719441732 0.9297909736633301 0.7768519719441732 0.9280672073364258 0.7935395240783691 0.9168627262115479 0.8078431288401285 0.9056582450866699 0.81380295753479 0.8901443481445312 0.81380295753479 0.8815255165100098 0.81380295753479 0.8685972690582275 0.8328744570414225 0.8530833721160889 0.8495619297027588 0.8410170078277588 0.8662494023640951
1 0.0009765625 0.0013020833333333333 0.0009765625 0.0013020833333333333 0.0009765625 0.008033851782480875 0.01016160286962986 0.02591334531704585 0.028261151164770126 0.0354490727186203 0.04894635081291199 0.04021693766117096 0.05756517872214317 0.039024971425533295 0.05928894877433777 0.027105309069156647 0.05497952923178673 0.017569581667582195 0.0420512817800045 0.006841885546843211 0.04118939861655235 0.0013020833333333333 0.03860374912619591 0.0013020833333333333 0.034294333308935165 0.0013020833333333333 0.01274725329130888 0.0013020833333333333 0.0009765625 0.0013020833333333333
1 0.017056670039892197 0.061672329902648926 0.029123034328222275 0.04736873507499695 0.055841412395238876 0.05809642871220907 0.08600731939077377 0.06286429365475972 0.10410687327384949 0.06644019484519958 0.12996336817741394 0.06405626237392426 0.15151044726371765 0.05332856376965841 0.16788622736930847 0.05213660001754761 0.1808144748210907 0.06524823109308879 0.20322343707084656 0.10458311438560486 0.21787546575069427 0.12007867296536763 0.2325274646282196 0.13080636660257974 0.2342512458562851 0.14749387900034586 0.21442793309688568 0.15464568138122559 0.2127041518688202 0.1796769698460897 0.19805215299129486 0.18802074591318765 0.1808144748210907 0.19517252842585245 0.1575436294078827 0.20232433080673218 0.14116784930229187 0.2118600606918335 0.1308252513408661 0.21901186307271323 0.11444947123527527 0.23093152046203613 0.1006593406200409 0.23093152046203613 0.08859297633171082 0.2070922056833903 0.07307907193899155 0.19398057460784912 0.05497952923178673 0.1796769698460897 0.04894635081291199 0.15702960888544717 0.034294333308935165 0.12246260046958923 0.023951735347509384 0.10577507813771565 0.018780434504151344 0.08670361836751302
1 0.00154277088586241 0.1927886207898458 0.023951735347509384 0.1868287722269694 0.0420512817800045 0.18206089735031128 0.061012715101242065 0.1963645021120707 0.07652661204338074 0.20828415950139365 0.09117862582206726 0.22497169176737467 0.095488041639328 0.2535788615544637 0.08773109316825867 0.2654985586802165 0.07480283826589584 0.26788246631622314 0.05497952923178673 0.27026641368865967 0.034294333308935165 0.2690744400024414 0.034294333308935165 0.25477083524068195 0.029984917491674423 0.2368913491566976 0.018780434504151344 0.2166279157002767 0.009299720637500286 0.20590023199717203
1 0.10238310694694519 0.25000298023223877 0.11444947123527527 0.2416592240333557 0.1273777186870575 0.2368913491566976 0.13427278399467468 0.2488110065460205 0.14461538195610046 0.25000298023223877 0.1523723304271698 0.25000298023223877 0.14116784930229187 0.2690744400024414 0.12823960185050964 0.27145838737487793 0.11617323756217957 0.2666904926300049 0.10669252276420593 0.2654985586802165 0.10152122378349304 0.2619226376215617
1 0.03343245014548302 0.2869539260864258 0.04894635081291199 0.28099411725997925 0.06618401408195496 0.2798021237055461 0.08255979418754578 0.2738422950108846 0.0972118079662323 0.27145838737487793 0.11272570490837097 0.2821860710779826 0.1222064197063446 0.2941057284673055 0.11272570490837097 0.32152096430460614 0.10496875643730164 0.3405924240748088 0.1006593406200409 0.36681564648946124 0.09979745745658875 0.39065500100453693 0.0972118079662323 0.4049585660298665 0.08514544367790222 0.40615049997965497 0.061874598264694214 0.41330234209696454 0.051531996577978134 0.40376659234364826 0.03257056698203087 0.3882710138956706 0.02653738297522068 0.3680076201756795 0.023951735347509384 0.34655221303304035 0.03257056698203087 0.3203289906183879 0.035156216472387314 0.30483341217041016
1 0.0009765625 0.40257465839385986 0.0032665375620126724 0.4252219994862874 0.028261151164770126 0.44429345925649005 0.04291316494345665 0.46098101139068604 0.03687998279929161 0.48124440511067706 0.02050420083105564 0.49078015486399335 0.0041284202598035336 0.4836283524831136 0.0009765625 0.4955480496088664 0.0009765625 0.4931640625 0.0009765625 0.4510018428166707 0.0009765625 0.4168782631556193
1 0.051531996577978134 0.4454854329427083 0.056703295558691025 0.4311818281809489 0.0687696635723114 0.42402998606363934 0.09204050898551941 0.42402998606363934 0.11444947123527527 0.43594972292582196 0.13254901766777039 0.4550211826960246 0.16099116206169128 0.4895881811777751 0.17305752635002136 0.5134274959564209 0.16874812543392181 0.5360748767852783 0.16443869471549988 0.5432266394297282 0.1489247977733612 0.5563382307688395 0.13341091573238373 0.5336909294128418 0.11617323756217957 0.5289230346679688 0.095488041639328 0.5289230346679688 0.0687696635723114 0.5336909294128418 0.056703295558691025 0.5360748767852783 0.046360697597265244 0.5193873246510824 0.03084680065512657 0.5098515748977661 0.019642317667603493 0.5026997725168864 0.03170868381857872 0.49435603618621826 0.046360697597265244 0.4836283524831136 0.05411764606833458 0.47290066878000897 0.05325576290488243 0.4597890377044678
1 0.11014005541801453 0.3632398049036662 0.12306831032037735 0.3107932408650716 0.13772031664848328 0.28456997871398926 0.16099116206169128 0.2821860710779826 0.175643190741539 0.29529768228530884 0.18684765696525574 0.31556111574172974 0.19805215299129486 0.32867272694905597 0.20667096972465515 0.3572799364725749 0.21011850237846375 0.37277547518412274 0.21442793309688568 0.3942308823267619 0.22821804881095886 0.40019071102142334 0.22477051615715027 0.4264139731725057 0.22046111524105072 0.4693247477213542 0.21615168452262878 0.48839624722798664 0.2023615539073944 0.48124440511067706 0.16530057787895203 0.4657488663991292 0.1472010314464569 0.45263723532358807 0.13341091573238373 0.4311818281809489 0.12134453654289246 0.4228380521138509 0.10496875643730164 0.40972646077473956 0.10927817225456238 0.3835031986236572
1 0.16443869471549988 0.24285117785135904 0.17650505900382996 0.2368913491566976 0.1859857738018036 0.23331544796625772 0.18340012431144714 0.2559628089269002 0.18943330645561218 0.26788246631622314 0.20494721829891205 0.2619226376215617 0.21959921717643738 0.2440431515375773 0.23511311411857605 0.2368913491566976 0.2506270110607147 0.23331544796625772 0.26527905464172363 0.23331544796625772 0.27820730209350586 0.2392752766609192 0.2825167179107666 0.26073068380355835 0.28337860107421875 0.28456997871398926 0.27993103861808777 0.31794506311416626 0.2790691554546356 0.34893616040547687 0.269588440656662 0.35966384410858154 0.2626933753490448 0.36919959386189777 0.2523508071899414 0.3858871062596639 0.2411462962627411 0.3846951325734456 0.22563239932060242 0.37515942255655926 0.21787546575069427 0.3537040551503499 0.2109804004430771 0.33224862813949585 0.20149968564510345 0.3143691420555115 0.19460462033748627 0.2988736033439636 0.18684765696525574 0.2893378734588623 0.17305752635002136 0.2786101698875427 0.16271494328975677 0.27503424882888794 0.1540960967540741 0.2738422950108846 0.15926741063594818 0.26311461130777997
1 0.23942254483699799 0.4121103684107463 0.24717949330806732 0.42998989423116046 0.25666019320487976 0.45263723532358807 0.26355528831481934 0.4693247477213542 0.24890325963497162 0.4824363787968953 0.2325274646282196 0.4895881811777751 0.23338936269283295 0.4657488663991292 0.23166558146476746 0.44667736689249676 0.2325274646282196 0.4287978808085124
1 0.18684765696525574 0.5003158251444498 0.20667096972465515 0.501507838567098 0.22390864789485931 0.5122355222702026 0.2411462962627411 0.5241552193959554 0.25321266055107117 0.5479944944381714 0.24373196065425873 0.5539543628692627 0.2308037132024765 0.5456105470657349 0.2092566192150116 0.5444186528523763 0.19891402125358582 0.5444186528523763 0.19115708768367767 0.5396507978439331 0.18340012431144714 0.5158114433288574
1 0.2359750121831894 0.5050837198893229 0.25321266055107117 0.49197208881378174 0.2661409080028534 0.4860122601191203 0.27993103861808777 0.48839624722798664 0.28337860107421875 0.5038917859395345 0.28854987025260925 0.5229632059733073 0.2971687316894531 0.5444186528523763 0.3040637969970703 0.5515704154968262 0.302340030670166 0.5789856115976969 0.2980305850505829 0.5885213613510132 0.2825167179107666 0.5742177168528239 0.27217409014701843 0.5622981389363607 0.26700279116630554 0.5456105470657349 0.2575220763683319 0.5336909294128418 0.24890325963497162 0.5253471533457438
1 0.0009765625 0.6552714506785074 0.0009765625 0.6791107654571533 0.0009765625 0.6969902515411377 0.0009765625 0.699374278386434 0.0009765625 0.6803027788798014 0.0009765625 0.6683831214904785
1 0.006714070215821266 0.6588474114735922 0.0009765625 0.6707669893900553 0.008437836542725563 0.6826866467793783 0.023951735347509384 0.6838786602020264 0.03774186596274376 0.6791107654571533 0.046360697597265244 0.6731509367624918 0.04463693127036095 0.6588474114735922 0.04291316494345665 0.6516955693562826 0.03257056698203087 0.6516955693562826 0.023089852184057236 0.6516955693562826 0.015332902781665325 0.6516955693562826
1 0.0009765625 0.7136778036753336 0.0009765625 0.7005661328633627 0.0009765625 0.6934143702189127 0.011023486033082008 0.6957983175913492 0.025675499811768532 0.699374278386434 0.02136608399450779 0.7172537644704183 0.009299720637500286 0.726789395014445 0.0009765625 0.7303654352823893 0.0009765625 0.7375171184539795
1 0.028261151164770126 0.7160617510477701 0.03774186596274376 0.6969902515411377 0.04722258076071739 0.6814947923024496 0.05842706188559532 0.6862626075744629 0.07135530561208725 0.7124858697255453 0.07911226153373718 0.7339412371317545 0.07997414469718933 0.7458608945210775 0.06359836459159851 0.7482449213663737 0.046360697597265244 0.7542046705881754 0.03774186596274376 0.7768519719441732 0.025675499811768532 0.7708922227223715 0.02050420083105564 0.7565886179606119 0.022227969020605087 0.7446688810984293
1 0.07135530561208725 0.6755348841349283 0.08859297633171082 0.6552714506785074 0.0972118079662323 0.6350080172220866 0.11444947123527527 0.6183205445607504 0.1308252513408661 0.6064008474349976 0.1489247977733612 0.6075928211212158 0.1575436294078827 0.6183205445607504 0.14806291460990906 0.6266642808914185 0.13944408297538757 0.6373919645945231 0.13599655032157898 0.6636152267456055 0.13427278399467468 0.6874545415242513 0.13427278399467468 0.7160617510477701 0.13427278399467468 0.7387091318766276 0.1256539523601532 0.7506287892659506 0.09634992480278015 0.7506287892659506 0.08342167735099792 0.7255974610646566 0.07566472887992859 0.7017581462860107 0.07307907193899155 0.6874545415242513
1 0.1842620074748993 0.0013020833333333333 0.19632837176322937 0.0013020833333333333 0.2075328677892685 0.0013020833333333333 0.22890757024288177 0.0013020833333333333 0.25148889422416687 0.0013020833333333333 0.2807929217815399 0.0013020833333333333 0.302340030670166 0.0013020833333333333 0.3230252265930176 0.0013020833333333333 0.32819652557373047 0.0013020833333333333 0.32216334342956543 0.005649919311205546 0.30320191383361816 0.0013020833333333333 0.2876879870891571 0.0013020833333333333 0.27131223678588867 0.0013020833333333333 0.26527905464172363 0.0013020833333333333 0.2592458426952362 0.005649919311205546 0.25838395953178406 0.031873174011707306 0.25838395953178406 0.04498480260372162 0.2506270110607147 0.05571249624093374 0.24028442800045013 0.061672329902648926 0.2342512458562851 0.0759759247303009 0.23166558146476746 0.09147148331006368 0.22132299840450287 0.07240001857280731 0.21873733401298523 0.05690445999304453 0.22477051615715027 0.03783300518989563 0.2127041518688202 0.005649919311205546 0.19719025492668152 0.0013020833333333333
1 0.29544496536254883 0.0013020833333333333 0.32992029190063477 0.0013020833333333333 0.34026288986206055 0.0013020833333333333 0.339400976896286 0.0013020833333333333 0.33336779475212097 0.0013020833333333333 0.3230252265930176 0.0013020833333333333 0.31182071566581726 0.0013020833333333333 0.30664941668510437 0.0013020833333333333
1 0.35060545802116394 0.0013020833333333333 0.366119384765625 0.0013020833333333333 0.366119384765625 0.0013020833333333333 0.3712906539440155 0.010417784253756205 0.39197587966918945 0.029489241540431976 0.4014565944671631 0.039024971425533295 0.4100753962993622 0.0545205275217692 0.4014565944671631 0.07835985720157623 0.39714714884757996 0.11769474546114604 0.39714714884757996 0.15822158257166544 0.3997328281402588 0.18921271959940592 0.3911139667034149 0.19398057460784912 0.3747382164001465 0.18325289090474448 0.356638640165329 0.16298945744832358 0.33853909373283386 0.15345372756322226 0.32561084628105164 0.15345372756322226 0.34026288986206055 0.11173490683237712 0.3342297077178955 0.059288397431373596 0.3290584087371826 0.03306514024734497 0.32819652557373047 0.01637761543194453 0.3342297077178955 0.0013020833333333333 0.34198665618896484 0.0013020833333333333 0.34715795516967773 0.0013020833333333333
1 0.47040724754333496 0.0013020833333333333 0.4867829978466034 0.0013020833333333333 0.5135014057159424 0.0013020833333333333 0.5350484251976013 0.0013020833333333333 0.5419435501098633 0.0013020833333333333 0.5445291996002197 0.017569581667582195 0.5583193302154541 0.034257106482982635 0.5643525123596191 0.03783300518989563 0.546252965927124 0.06524823109308879 0.540219783782959 0.08551164468129475 0.5324628353118896 0.10100720326105754 0.5195345878601074 0.10100720326105754 0.5040206909179688 0.10577507813771565 0.5014350414276123 0.12246260046958923 0.4962637424468994 0.1272304654121399 0.4816117286682129 0.12484653790791829 0.46782156825065613 0.10100720326105754 0.4514458179473877 0.0771678884824117 0.45230770111083984 0.060480366150538124 0.4660978317260742 0.036641038954257965 0.46782156825065613 0.0020740212251742682 0.46782156825065613 0.0013020833333333333
1 0.5410816669464111 0.0013020833333333333 0.5505623817443848 0.0013020833333333333 0.5505623817443848 0.012801716725031534 0.5626287460327148 0.02591334531704585 0.5721094608306885 0.029489241540431976 0.5867614150047302 0.019953514138857525 0.5953803062438965 0.0013020833333333333 0.6083085536956787 0.0013020833333333333 0.6186511516571045 0.0013020833333333333 0.5979659557342529 0.0013020833333333333 0.5755569934844971 0.0013020833333333333 0.5565955638885498 0.0013020833333333333
1 0.2980305850505829 0.1868287722269694 0.31871578097343445 0.1725251873334249 0.3376772105693817 0.17371714115142822 0.35750052332878113 0.18325289090474448 0.3747382164001465 0.20232433080673218 0.37560009956359863 0.22616366545359293 0.36180996894836426 0.2368913491566976 0.35060545802116394 0.23450740178426108 0.3307821452617645 0.2273556391398112 0.3161301612854004 0.21781988938649496 0.3040637969970703 0.20470825831095377
1 0.40921351313591003 0.08789558211962382 0.4264512062072754 0.07001609603563945 0.43851757049560547 0.07478396097819011 0.4600646197795868 0.10577507813771565 0.47557854652404785 0.13557424147923788 0.47730231285095215 0.15464568138122559 0.4635121822357178 0.16894928614298502 0.4548933207988739 0.1725251873334249 0.4419650733470917 0.14868585268656412 0.4281749427318573 0.1606055200099945 0.4264512062072754 0.18563679854075113 0.4212798774242401 0.19755645593007407 0.4109373092651367 0.19040467341740927 0.40576601028442383 0.17490911483764648 0.4014565944671631 0.14391799767812094 0.403180330991745 0.10458311438560486
1 0.45575523376464844 0.18325289090474448 0.466959685087204 0.17729304234186807 0.47557854652404785 0.16775731245676676 0.4833354949951172 0.14749387900034586 0.48419737815856934 0.1367661952972412 0.49712562561035156 0.13795816898345947 0.5083301067352295 0.14391799767812094 0.5203964710235596 0.17371714115142822 0.5281534194946289 0.19040467341740927 0.5316009521484375 0.21305201450983682 0.5221202373504639 0.22973954677581787 0.5195345878601074 0.2535788615544637 0.5143632888793945 0.27026641368865967 0.4979875087738037 0.26430658499399823 0.4833354949951172 0.2535788615544637 0.46782156825065613 0.2416592240333557 0.45575523376464844 0.22973954677581787 0.453169584274292 0.20470825831095377
1 0.5221202373504639 0.2666904926300049 0.5324628353118896 0.2321234941482544 0.5393579006195068 0.21543596188227335 0.5540099143981934 0.21066810687383017 0.569523811340332 0.2166279157002767 0.5824520587921143 0.22973954677581787 0.5936565399169922 0.25000298023223877 0.6022753715515137 0.2654985586802165 0.6134798526763916 0.2690744400024414 0.6195130348205566 0.2654985586802165 0.6255462765693665 0.25000298023223877 0.6324412822723389 0.25715476274490356 0.6350269317626953 0.28099411725997925 0.6367506980895996 0.30125753084818524 0.6358888149261475 0.32867272694905597 0.6341650485992432 0.34893616040547687 0.627269983291626 0.36919959386189777 0.6203749179840088 0.39542285601298016 0.616065502166748 0.4228380521138509 0.6031372547149658 0.419262170791626 0.5858995914459229 0.40734251340230304 0.5686619281768799 0.40972646077473956 0.5591812133789062 0.41568628946940106 0.5419435501098633 0.4180702368418376 0.5316009521484375 0.4168782631556193 0.5264296531677246 0.4085344870885213 0.5316009521484375 0.3763513962427775 0.5350484251976013 0.3429763714472453 0.5436673164367676 0.3191370169321696 0.5557336807250977 0.31198521455128986 0.5652143955230713 0.3024495045344035 0.5540099143981934 0.27145838737487793 0.5471148490905762 0.27026641368865967 0.5324628353118896 0.2786101698875427 0.5238440036773682 0.2893378734588623 0.5212583541870117 0.28337804476420086
1 0.6496789455413818 0.0013020833333333333 0.6702607274055481 0.0013020833333333333 0.6988062858581543 0.0013020833333333333 0.737591028213501 0.0013020833333333333 0.779823362827301 0.0013020833333333333 0.8056798577308655 0.0013020833333333333 0.836707592010498 0.0013020833333333333 0.8237793445587158 0.0013020833333333333 0.8142986297607422 0.0013020833333333333 0.8117129802703857 0.024721379081408184 0.8065417408943176 0.06405626237392426 0.8056798577308655 0.09027951955795288 0.7987847328186035 0.1033911406993866 0.790165901184082 0.12484653790791829 0.778099536895752 0.14272603392601013 0.7832708358764648 0.15702960888544717 0.7703425884246826 0.16418143113454184 0.7634475231170654 0.18206089735031128 0.7591381072998047 0.19755645593007407 0.7513811588287354 0.20828415950139365 0.7401766777038574 0.2070922056833903 0.7246627807617188 0.16418143113454184 0.7057013511657715 0.15941354632377625 0.6884636878967285 0.1606055200099945 0.6746735572814941 0.15822158257166544 0.6979444026947021 0.14034209648768106 0.7117345333099365 0.11411883433659871 0.7186295986175537 0.09147148331006368 0.7039775848388672 0.0771678884824117 0.6893255710601807 0.08193575342496236 0.6789829730987549 0.08908755580584209 0.6651928424835205 0.09385542074839275 0.6488170623779297 0.0974313219388326 0.6436457633972168 0.09027951955795288 0.6401982307434082 0.06644019484519958 0.6401982307434082 0.04617677132288615 0.6531264781951904 0.008033851782480875 0.6574358940124512 0.0013020833333333333 0.6582977771759033 0.0013020833333333333
1 0.8987631797790527 0.0013020833333333333 0.888420581817627 0.0013020833333333333 0.8815255165100098 0.0013020833333333333 0.8815255165100098 0.006841885546843211 0.8866968154907227 0.024721379081408184 0.8935918807983398 0.04021693766117096 0.900486946105957 0.060480366150538124 0.9091058373451233 0.04021693766117096 0.9297909736633301 0.039024971425533295 0.9470286965370178 0.061672329902648926 0.958233118057251 0.05571249624093374 0.9651281833648682 0.04021693766117096 0.9694375991821289 0.017569581667582195 0.9720233082771301 0.0013020833333333333 0.9711613655090332 0.0013020833333333333 0.9659900665283203 0.0013020833333333333 0.9556474685668945 0.0013020833333333333 0.9289290904998779 0.0013020833333333333 0.9142770767211914 0.0013020833333333333
1 0.9746089577674866 0.0013020833333333333 0.9797801971435547 0.0013020833333333333 0.9840896129608154 0.0013020833333333333 0.9789183139801025 0.015185649196306864 0.9728851914405823 0.03306514024734497 0.9728851914405823 0.04498480260372162 0.9763327240943909 0.06644019484519958 0.9789183139801025 0.08074378967285156 0.9797801971435547 0.09862327575683594 0.9797801971435547 0.11769474546114604 0.9840896129608154 0.12365456422170003 0.9927084445953369 0.12842243909835815 1.0 0.1272304654121399 1.0 0.11292688051859538 1.0 0.1021991769472758 1.0 0.08789558211962382 1.0 0.05567673842112223 1.0 0.0013020833333333333 1.0 0.0013020833333333333 1.0 0.0013020833333333333 0.9935703277587891 0.0013020833333333333
1 1.0 0.1331903040409088 1.0 0.11411883433659871 1.0 0.1050175130367279 1.0 0.14272603392601013 1.0 0.16298945744832358 1.0 0.15702960888544717 1.0 0.14630192518234253
1 0.9530618190765381 0.08074378967285156 0.9625425934791565 0.06524823109308879 0.9685757160186768 0.05571249624093374 0.9685757160186768 0.08431968092918396 0.9720233082771301 0.10577507813771565 0.9685757160186768 0.12007867296536763 0.9573712348937988 0.12365456422170003 0.9521999359130859 0.12127063671747844
1 0.7913881540298462 0.16551724076271057 0.7958090305328369 0.13739299774169922 0.8046507239341736 0.11415994167327881 0.8161450028419495 0.10070921977361043 0.8302918076515198 0.09337245424588521 0.842670202255249 0.08970407644907634 0.8541644811630249 0.09459525346755981 0.8647745251655579 0.10682318607966106 0.8700795769691467 0.1239422857761383 0.8665429353713989 0.1435069739818573 0.8700795769691467 0.16918561855951944 0.8736162781715393 0.1960870623588562 0.8771529197692871 0.21932013829549155 0.8780370950698853 0.24622158209482828 0.8700795769691467 0.271900216738383 0.8585852980613708 0.271900216738383 0.8479752540588379 0.2816825707753499 0.8320600986480713 0.29024213552474976 0.8214500546455383 0.28901930650075275 0.8126083016395569 0.27679139375686646 0.8179133534431458 0.2547811269760132 0.8090716600418091 0.21442894140879312 0.7958090305328369 0.19486425320307413 0.790503978729248 0.1850819190343221
1 0.8806896805763245 0.13005624214808145 0.9001414775848389 0.14106138547261557 0.907214879989624 0.17040840784708658 0.9063307046890259 0.2070922056833903 0.9089831709861755 0.23154805103937784 0.9027939438819885 0.2474443515141805 0.8877630233764648 0.26456348101298016 0.8798055052757263 0.271900216738383 0.8798055052757263 0.25967228412628174 0.8842263221740723 0.2303252617518107 0.8806896805763245 0.1960870623588562 0.8753846287727356 0.16674003998438516 0.8736162781715393 0.14472976326942444
1 0.9187090992927551 0.15328929821650186 0.9399292469024658 0.14595255255699158 0.9576127529144287 0.13494741916656494 0.9726436734199524 0.13005624214808145 0.988558828830719 0.14106138547261557 1.0 0.1483981410662333 1.0 0.16429445147514343 1.0 0.1960870623588562 0.9956321716308594 0.22176571687062582 0.9797170758247375 0.24255319436391196 0.9584969282150269 0.25967228412628174 0.9452342987060547 0.27434579531351727 0.9416975975036621 0.28290534019470215 0.9275508522987366 0.27312302589416504 0.9204774498939514 0.2547811269760132 0.9134040474891663 0.2070922056833903 0.9151723980903625 0.18019076188405356
1 1.0 0.17407679557800293 1.0 0.2009782393773397 1.0 0.2303252617518107 1.0 0.25233550866444904 1.0 0.27679139375686646 1.0 0.2853509585062663 1.0 0.274064580599467 1.0 0.21320617198944092 1.0 0.1850819190343221
1 0.8400176763534546 0.301247239112854 0.8718478679656982 0.28779653708140057 0.8877630233764648 0.2780141830444336 0.9036781191825867 0.2608950734138489 0.9116357564926147 0.2584494948387146 0.9213616251945496 0.2853509585062663 0.9275508522987366 0.2988016605377197 0.936392605304718 0.32570310433705646 0.9425817728042603 0.34159942468007404 0.930203378200531 0.3574957052866618 0.9169407486915588 0.369723637898763 0.9019098281860352 0.37950599193573 0.8877630233764648 0.3831743796666463 0.8753846287727356 0.37950599193573 0.8612378835678101 0.37828318277994794 0.8506277799606323 0.37583764394124347 0.8409018516540527 0.3709464470545451 0.8355968594551086 0.32937149206797284
1 0.562387228012085 0.15084371964136759 0.5703448057174683 0.14472976326942444 0.580954909324646 0.1483981410662333 0.5977542400360107 0.14595255255699158 0.6057117581367493 0.14228418469429016 0.6172060370445251 0.13739299774169922 0.6322369575500488 0.1337246298789978 0.6446154117584229 0.13983859618504843 0.6525729298591614 0.15084371964136759 0.6534571051597595 0.1618488629659017 0.6472678780555725 0.18385914961496988 0.6481521129608154 0.20586939652760824 0.6569938063621521 0.21932013829549155 0.6516887545585632 0.22910247246424356 0.6410786509513855 0.24133038520812988 0.62693190574646 0.2388848066329956 0.620742678642273 0.2303252617518107 0.6092483997344971 0.20953778425852457 0.6004067063331604 0.1911958853403727 0.5897966027259827 0.1850819190343221 0.580954909324646 0.1765223741531372 0.5703448057174683 0.17040840784708658
1 0.2767992913722992 0.22543408473332724 0.2865251898765564 0.2242112954457601 0.29890361428260803 0.243776003519694 0.3121662139892578 0.26456348101298016 0.32454463839530945 0.27679139375686646 0.34045976400375366 0.2682318290074666 0.34753313660621643 0.2547811269760132 0.354606568813324 0.2608950734138489 0.33869144320487976 0.28779653708140057 0.3369230628013611 0.3085840145746867 0.3254288136959076 0.3098067839940389 0.31481873989105225 0.30002444982528687 0.3042086660861969 0.2853509585062663 0.2944827675819397 0.2780141830444336 0.290061891078949 0.26578623056411743 0.2865251898765564 0.2474443515141805
1 0.351069837808609 0.3098067839940389 0.3687533140182495 0.31347519159317017 0.3943943381309509 0.31958913803100586 0.4138461649417877 0.330594261487325 0.4191512167453766 0.31592077016830444 0.4209195375442505 0.29635608196258545 0.415614515542984 0.2780141830444336 0.415614515542984 0.2498899300893148 0.41649869084358215 0.22910247246424356 0.4147303104400635 0.21442894140879312 0.4032360911369324 0.20831499497095743 0.3917418122291565 0.20831499497095743 0.3846684396266937 0.21687453985214233 0.3722900152206421 0.243776003519694 0.36344826221466064 0.2547811269760132 0.3590274155139923 0.25967228412628174 0.35195404291152954 0.28045976161956787 0.3493015170097351 0.2939104636510213
1 0.25823166966438293 0.39784789085388184 0.27237844467163086 0.3733920256296794 0.28917771577835083 0.36605528990427655 0.30509284138679504 0.36483248074849445 0.31658709049224854 0.3831743796666463 0.3333863914012909 0.4039618174235026 0.328081339597702 0.4174125591913859 0.3201237916946411 0.43942280610402423 0.321892112493515 0.4626559416453044 0.3077453672885895 0.46999263763427734 0.2944827675819397 0.47366102536519367 0.2803359627723694 0.47366102536519367 0.2706100642681122 0.4565419356028239 0.25823166966438293 0.4345316489537557 0.2591158151626587 0.42841772238413495 0.2573474645614624 0.4198581377665202
1 0.41207778453826904 0.5678160985310873 0.4253404140472412 0.5519198179244995 0.43948718905448914 0.5482513904571533 0.4660123586654663 0.5470286210378011 0.48811671137809753 0.5409146547317505 0.49607428908348083 0.5433602333068848 0.49430590867996216 0.5653704802195231 0.4854641854763031 0.5996087392171224 0.4775066375732422 0.6265101432800293 0.46689656376838684 0.6424064636230469 0.4500972628593445 0.6546343962351481 0.4403713345527649 0.6595255533854166 0.42799291014671326 0.6472976207733154 0.4209195375442505 0.6228417555491129 0.41030946373939514 0.604499896367391 0.40677276253700256 0.5910491943359375
1 0.44567638635635376 0.6729762554168701 0.46512821316719055 0.6607483625411987 0.4757382869720459 0.6668623288472494 0.48458001017570496 0.6888725757598877 0.4739699363708496 0.6974322001139323 0.46070733666419983 0.6998777389526367 0.4536339342594147 0.6876498063405355
1 0.5075685381889343 0.5384690761566162 0.5252519845962524 0.5201271772384644 0.5482404828071594 0.5091220140457153 0.568576455116272 0.5030080477396647 0.5827232599258423 0.5030080477396647 0.5977542400360107 0.5152360200881958 0.6189743876457214 0.5152360200881958 0.61013263463974 0.5433602333068848 0.6057117581367493 0.5665932893753052 0.6154376268386841 0.6069454352060953 0.6278160810470581 0.624064564704895 0.6313527822494507 0.6362925370534261 0.6198585033416748 0.6497431993484497 0.5968700647354126 0.6595255533854166 0.5800707340240479 0.6803130308787028 0.5738815069198608 0.7059916655222574 0.5783023834228516 0.7267792224884033 0.5712290406227112 0.7377843062082926 0.5579663515090942 0.7549034754435221 0.5500088334083557 0.759794553120931 0.5314411520957947 0.7549034754435221 0.516410231590271 0.7451210816701254 0.505800187587738 0.732893149058024 0.5022634863853455 0.6900953451792399 0.4898850619792938 0.6754218737284342 0.4792749583721161 0.6607483625411987 0.4757382869720459 0.6497431993484497 0.4890008568763733 0.6265101432800293 0.4969584345817566 0.5910491943359375 0.5049160122871399 0.5617021322250366
1 0.6490362882614136 0.2621179024378459 0.6649513840675354 0.2388848066329956 0.6835190057754517 0.22665687402089438 0.7020866274833679 0.22176571687062582 0.7162334322929382 0.22665687402089438 0.7250751852989197 0.2303252617518107 0.7224225997924805 0.26578623056411743 0.7277276515960693 0.301247239112854 0.726843535900116 0.33303987979888916 0.7233067750930786 0.3709464470545451 0.7188859581947327 0.3941795031229655 0.7144650816917419 0.40885305404663086 0.7029708027839661 0.41129859288533527 0.6844031810760498 0.40885305404663086 0.668488085269928 0.3954022725423177 0.6552255153656006 0.38928834597269696 0.6437312364578247 0.38195157051086426 0.6401944756507874 0.361164132754008 0.6446154117584229 0.32570310433705646 0.6419628858566284 0.30002444982528687 0.6419628858566284 0.28290534019470215
1 0.7392219305038452 0.2242112954457601 0.755137026309967 0.22665687402089438 0.7666313052177429 0.243776003519694 0.7834306359291077 0.26456348101298016 0.7984615564346313 0.2780141830444336 0.8126083016395569 0.29635608196258545 0.8249867558479309 0.3146979808807373 0.8276392817497253 0.33915384610493976 0.8311759233474731 0.36850082874298096 0.8311759233474731 0.38195157051086426 0.819681704044342 0.40518466631571454 0.8117241263389587 0.4174125591913859 0.7975773811340332 0.42474929491678876 0.7763572335243225 0.42719491322835285 0.761326253414154 0.4320860703786214 0.7445269823074341 0.4296404918034871 0.7303801774978638 0.4137442111968994 0.7286118268966675 0.38928834597269696 0.7321485877037048 0.35505016644795734 0.7365694046020508 0.30247002840042114 0.7339168787002563 0.26334065198898315 0.7339168787002563 0.24622158209482828
1 0.5862599611282349 0.4785521825154622 0.5959858298301697 0.4455368121465047 0.6030592918395996 0.42841772238413495 0.6180902123451233 0.42841772238413495 0.6295844316482544 0.42841772238413495 0.633121132850647 0.45165077845255536 0.62693190574646 0.47488383452097577 0.6216268539428711 0.4956713120142619 0.6154376268386841 0.5030080477396647 0.6065959334373474 0.5030080477396647 0.5968700647354126 0.4993396997451782 0.587144136428833 0.49444854259490967
1 0.10438550263643265 0.7610173225402832 0.1229531392455101 0.759794553120931 0.13886825740337372 0.7500122388203939 0.1521308571100235 0.7475666205088297 0.17335101962089539 0.7463438510894775 0.18572944402694702 0.7451210816701254 0.1892661452293396 0.7622401714324951 0.19368700683116913 0.7805821100870768 0.20164456963539124 0.7964783509572347 0.21225464344024658 0.8172658284505209 0.2202122062444687 0.8307165304819742 0.22374889254570007 0.8539496262868246 0.23082228004932404 0.8698459466298422 0.23347479104995728 0.8918561935424805 0.22551722824573517 0.9101980527242025 0.21579132974147797 0.8918561935424805 0.20252873003482819 0.8955246607462565 0.19545535743236542 0.9101980527242025 0.18572944402694702 0.9175348281860352 0.17511937022209167 0.9175348281860352 0.16097258031368256 0.9199803670247396 0.15301503241062164 0.9309856096903483 0.14770999550819397 0.9481046994527181 0.14682580530643463 0.9615553220113119 0.13709990680217743 0.9664465586344401 0.1229531392455101 0.9652237892150879 0.12030062079429626 0.9529958566029867 0.11676392704248428 0.9297628402709961 0.10261715948581696 0.9260943730672201 0.09200707077980042 0.9187575976053873 0.09023872762918472 0.8991929690043131 0.10261715948581696 0.8943018118540446 0.11764809489250183 0.8796283404032389 0.12206896394491196 0.838053305943807 0.1247214823961258 0.8123746713002523 0.12206896394491196 0.7879188855489095 0.10969053953886032 0.7854731877644857 0.10261715948581696 0.7818048795064291 0.10173297673463821 0.7744681040445963
1 0.0009765625 0.9737832546234131 0.00977895688265562 0.9750061829884847 0.021273208782076836 0.9798972606658936 0.03365163505077362 0.9872340361277262 0.03541998192667961 1.0 0.04337754100561142 1.0 0.027922192588448524 1.0 0.00977895688265562 1.0 0.0009765625 1.0 0.0009765625 1.0 0.0009765625 0.9847884972890218
1 0.10615384578704834 1.0 0.11676392704248428 0.9835656483968099 0.1309106945991516 0.9774516423543295 0.14328911900520325 0.9835656483968099 0.15124668180942535 0.9957935810089111 0.15920424461364746 1.0 0.15920424461364746 1.0 0.1344473958015442 1.0 0.114995576441288 1.0 0.10615384578704834 1.0
1 0.19368700683116913 0.7438983122507731 0.20429708063602448 0.7316703001658121 0.21755969524383545 0.7377843062082926 0.22463306784629822 0.7500122388203939 0.22905394434928894 0.7634629408518473 0.2281697541475296 0.7903644243876139 0.2264014184474945 0.8123746713002523 0.21579132974147797 0.8025922775268555 0.20783376693725586 0.7866959571838379 0.19987620413303375 0.7683540980021158 0.19457116723060608 0.7573489348093668
1 0.24054819345474243 0.7610173225402832 0.2555791437625885 0.7561262448628744 0.2697259187698364 0.7438983122507731 0.27945181727409363 0.7426754633585612 0.2706100642681122 0.7671313285827637 0.27237844467163086 0.7964783509572347 0.2847568690776825 0.8025922775268555 0.29890361428260803 0.8099290529886881 0.3121662139892578 0.8160430590311686 0.3201237916946411 0.8221569856007894 0.3298496901988983 0.8515040874481201 0.32896554470062256 0.8722914854685465 0.34399646520614624 0.8759598731994629 0.35195404291152954 0.8722914854685465 0.36344826221466064 0.8857422669728597 0.3802475929260254 0.8930789629618326 0.38908928632736206 0.8979701995849609 0.3705216348171234 0.9126437505086263 0.35549071431159973 0.9212032953898112 0.3369230628013611 0.9346539179484049 0.3263130187988281 0.944436232248942 0.3174712657928467 0.9627781709035238 0.3103978931903839 0.9676693280537924 0.2927144169807434 0.9578870137532552 0.2812201678752899 0.9346539179484049 0.2697259187698364 0.9114208221435547 0.2653050422668457 0.8930789629618326 0.2591158151626587 0.8832966486612955 0.25027409195899963 0.8869650363922119 0.2458532303571701 0.8906334241231283 0.24054819345474243 0.8747371037801107 0.2361273169517517 0.8515040874481201 0.23347479104995728 0.8294937610626221 0.2343589812517166 0.8050378163655599 0.2361273169517517 0.7830276489257812
1 0.3979310393333435 0.866177479426066 0.4147303104400635 0.8649547100067139 0.4306454360485077 0.8588407834370931 0.4465605616569519 0.8576180140177408 0.461591511964798 0.8686231772104899 0.47485411167144775 0.8808511098225912 0.4801591634750366 0.8906334241231283 0.4509814381599426 0.8955246607462565 0.43418213725090027 0.8930789629618326 0.4244562089443207 0.8906334241231283 0.40677276253700256 0.8979701995849609 0.39704686403274536 0.8943018118540446 0.39262598752975464 0.8832966486612955
1 0.5084527134895325 0.7683540980021158 0.5252519845962524 0.7695768674214681 0.5438196063041687 0.7744681040445963 0.5508930087089539 0.7805821100870768 0.5588505864143372 0.800146738688151 0.5615031123161316 0.8123746713002523 0.562387228012085 0.8319392999013265 0.5553138852119446 0.8429444630940756 0.5393987894058228 0.838053305943807 0.5234836339950562 0.8246026039123535 0.5155261158943176 0.8184886773427328 0.5084527134895325 0.8074835141499838 0.5066843628883362 0.7891416549682617
1 0.4598231613636017 0.8099290529886881 0.48104333877563477 0.7952555020650228 0.4916533827781677 0.7866959571838379 0.4987267851829529 0.8013695081075033 0.5004951357841492 0.8148202896118164 0.49607428908348083 0.8319392999013265 0.47662246227264404 0.8478356997172037 0.46512821316719055 0.8551723957061768 0.4545181393623352 0.8466128508249918 0.461591511964798 0.8356076876322428 0.46689656376838684 0.8294937610626221
1 0.4757382869720459 0.8612864017486572 0.49430590867996216 0.8453900814056396 0.5066843628883362 0.8343849976857504 0.5146418809890747 0.8343849976857504 0.5340937376022339 0.8466128508249918 0.5482404828071594 0.8551723957061768 0.5517772436141968 0.8625091711680094 0.541167140007019 0.8906334241231283 0.5367462038993835 0.9101980527242025 0.528788685798645 0.9114208221435547 0.5111051797866821 0.8943018118540446 0.499610960483551 0.8857422669728597 0.4872325360774994 0.8796283404032389
1 0.41030946373939514 0.9089752833048502 0.42622458934783936 0.9016385078430176 0.4483289122581482 0.9053069750467936 0.46866488456726074 0.9053069750467936 0.4890008568763733 0.9040841261545817 0.49784260988235474 0.8991929690043131 0.5199469327926636 0.9175348281860352 0.5252519845962524 0.9285399119059244 0.5146418809890747 0.9456590016682943 0.5004951357841492 0.9591098626454672 0.4934217631816864 0.9688921769460043 0.4801591634750366 0.9823428789774576 0.46689656376838684 0.9872340361277262 0.4509814381599426 0.9994619687398275 0.4403713345527649 1.0 0.4306454360485077 0.9909023443857828 0.4350663125514984 0.9786744912465414 0.44567638635635376 0.9701149463653564 0.45186561346054077 0.9542186260223389 0.4527497887611389 0.9346539179484049 0.44921308755874634 0.9260943730672201 0.4350663125514984 0.9236488342285156 0.42180371284484863 0.9260943730672201 0.41649869084358215 0.9260943730672201
1 0.35372236371040344 1.0 0.3590274155139923 1.0 0.3625641167163849 0.9823428789774576 0.3758266866207123 0.9750061829884847 0.3917418122291565 0.9762289524078369 0.4058886170387268 0.986011266708374 0.415614515542984 0.994570811589559 0.4288771152496338 1.0 0.42976126074790955 1.0 0.4244562089443207 1.0 0.4076569378376007 1.0 0.38113173842430115 1.0 0.3643324673175812 1.0
1 0.2714942693710327 1.0 0.27768346667289734 1.0 0.2927144169807434 1.0 0.3059769868850708 1.0 0.31658709049224854 1.0 0.32896554470062256 1.0 0.33869144320487976 1.0 0.34222811460494995 1.0 0.3360389173030853 1.0 0.3157029151916504 1.0 0.3105039894580841 1.0
1 0.43771880865097046 1.0 0.444792240858078 1.0 0.4527497887611389 1.0 0.46689656376838684 1.0 0.47485411167144775 0.9970163504282633 0.4836958646774292 1.0 0.48458001017570496 1.0 0.4934217631816864 1.0 0.48979663848876953 1.0 0.46866488456726074 1.0 0.4550839960575104 1.0
1 0.5606189370155334 1.0 0.5588505864143372 0.9970163504282633 0.5597347617149353 0.9811200300852457 0.5659239888191223 0.9798972606658936 0.5738815069198608 0.9909023443857828 0.5844916105270386 1.0 0.5959858298301697 1.0 0.6030592918395996 1.0 0.5951016545295715 1.0 0.5862599611282349 1.0 0.5712290406227112 1.0
1 0.5579663515090942 0.7695768674214681 0.568576455116272 0.7536806265513102 0.5765340328216553 0.7426754633585612 0.5800707340240479 0.7573489348093668 0.5774182677268982 0.7793592611948649 0.568576455116272 0.7842504183451334 0.562387228012085 0.7805821100870768
1 0.587144136428833 0.7487894694010416 0.6004067063331604 0.7683540980021158 0.6136693358421326 0.7842504183451334 0.6295844316482544 0.7903644243876139 0.6419628858566284 0.7854731877644857 0.6516887545585632 0.7707997957865397 0.6578779816627502 0.7769136428833008 0.6596463322639465 0.8087062835693359 0.6649513840675354 0.8319392999013265 0.6729089021682739 0.8539496262868246 0.6737931370735168 0.867400328318278 0.6605304479598999 0.8698459466298422 0.6401944756507874 0.8759598731994629 0.6216268539428711 0.878405491511027 0.6074801087379456 0.8710687160491943 0.5880283117294312 0.8686231772104899 0.574765682220459 0.8637320200602213 0.562387228012085 0.8527267773946127 0.5712290406227112 0.8368304570515951 0.5703448057174683 0.8111518224080404 0.5694606304168701 0.7977011998494467 0.5783023834228516 0.7866959571838379 0.5853757858276367 0.7769136428833008 0.587144136428833 0.7646857897440592
1 0.6401944756507874 0.4137442111968994 0.6508045792579651 0.4064074357350667 0.6605304479598999 0.40518466631571454 0.6782139539718628 0.4137442111968994 0.6923606991767883 0.4235265652338664 0.7056233882904053 0.4198581377665202 0.7171175479888916 0.4161897500356038 0.7286118268966675 0.42841772238413495 0.7374535799026489 0.4430912335713704 0.7383377552032471 0.458987553914388 0.7409902811050415 0.4785521825154622 0.742758572101593 0.4932257334391276 0.7365694046020508 0.5066765149434408 0.7303801774978638 0.5115676720937093 0.7144650816917419 0.4883345365524292 0.7020866274833679 0.4724382559458415 0.6835190057754517 0.4651014804840088 0.6658354997634888 0.46387871106465656 0.6463837027549744 0.46387871106465656 0.6419628858566284 0.4626559416453044 0.639310359954834 0.4345316489537557
1 0.15655171871185303 0.5665932893753052 0.16539345681667328 0.555588165918986 0.18484526872634888 0.555588165918986 0.1972236931324005 0.555588165918986 0.2166755050420761 0.555588165918986 0.2281697541475296 0.5580337842305502 0.24673740565776825 0.5653704802195231 0.2555791437625885 0.5617021322250366 0.267073392868042 0.5690389474232992 0.2785676419734955 0.5812668005625407 0.28387266397476196 0.5971631209055582 0.2785676419734955 0.6069454352060953 0.267073392868042 0.5861579577128092 0.2520424425601959 0.5812668005625407 0.2343589812517166 0.5739301045735677 0.22374889254570007 0.5739301045735677 0.2069496065378189 0.5824896097183228 0.20429708063602448 0.5983859300613403 0.19987620413303375 0.6069454352060953 0.19457116723060608 0.6155049800872803 0.1910344809293747 0.6301785310109457 0.1910344809293747 0.6362925370534261 0.18484526872634888 0.643629233042399 0.17777188122272491 0.6472976207733154 0.16716180741786957 0.6314013799031576 0.1618567705154419 0.6081682443618774 0.15478336811065674 0.584935188293457
1 0.31305041909217834 0.340376615524292 0.32100796699523926 0.3232575058937073 0.34399646520614624 0.3232575058937073 0.3687533140182495 0.32692591349283856 0.38555261492729187 0.3318170706431071 0.4032360911369324 0.3379310369491577 0.41030946373939514 0.3440450032552083 0.4173828363418579 0.36238686243693036 0.4147303104400635 0.37583764394124347 0.4014677107334137 0.3941795031229655 0.39351019263267517 0.40885305404663086 0.37936338782310486 0.40763020515441895 0.36167994141578674 0.400293509165446 0.3466489911079407 0.39784789085388184 0.33869144320487976 0.3929566939671834 0.3254288136959076 0.380728801091512 0.31658709049224854 0.369723637898763 0.31128203868865967 0.361164132754008
1 0.33073386549949646 0.45287354787190753 0.33427053689956665 0.4357544581095378 0.35018566250801086 0.41863536834716797 0.36167994141578674 0.41496698061625165 0.36963748931884766 0.42108094692230225 0.3749425411224365 0.43086326122283936 0.3749425411224365 0.4492051998774211 0.3784792125225067 0.46021032333374023 0.36167994141578674 0.45165077845255536 0.34576481580734253 0.45165077845255536
1 0.40058356523513794 0.46387871106465656 0.4050044119358063 0.4418684244155884 0.41826701164245605 0.41863536834716797 0.4306454360485077 0.40151627858479816 0.43771880865097046 0.3868427673975627 0.44213971495628357 0.37583764394124347 0.45186561346054077 0.35871851444244385 0.4624756872653961 0.35138173898061115 0.46512821316719055 0.36238686243693036 0.4757382869720459 0.38928834597269696 0.48458001017570496 0.40151627858479816 0.5066843628883362 0.41129859288533527 0.4854641854763031 0.4198581377665202 0.4801591634750366 0.42841772238413495 0.4801591634750366 0.4492051998774211 0.48458001017570496 0.46143309275309247 0.4757382869720459 0.47121548652648926 0.4598231613636017 0.4687698682149251 0.444792240858078 0.47488383452097577 0.438603013753891 0.4822205702463786 0.4226878881454468 0.4993396997451782 0.4147303104400635 0.49078015486399335 0.40677276253700256 0.4785521825154622
1 0.4430238604545593 0.2975788712501526 0.44744473695755005 0.2682318290074666 0.45540231466293335 0.25355833768844604 0.46512821316719055 0.25233550866444904 0.4836958646774292 0.2682318290074666 0.499610960483551 0.27679139375686646 0.511989414691925 0.2816825707753499 0.511989414691925 0.2939104636510213 0.5013793110847473 0.30247002840042114 0.48811671137809753 0.3061384359995524 0.4775066375732422 0.3146979808807373 0.47308576107025146 0.3232575058937073 0.4660123586654663 0.31347519159317017 0.4545181393623352 0.30369285742441815
1 0.6172060370445251 0.554365317026774 0.622511088848114 0.5286867618560791 0.633121132850647 0.5078992048899332 0.6322369575500488 0.49444854259490967 0.639310359954834 0.4822205702463786 0.6508045792579651 0.4761066436767578 0.6649513840675354 0.47488383452097577 0.6826348304748535 0.47732941309611004 0.6923606991767883 0.4822205702463786 0.7020866274833679 0.49078015486399335 0.7162334322929382 0.5091220140457153 0.7224225997924805 0.5201271772384644 0.7277276515960693 0.5409146547317505 0.7224225997924805 0.5751528739929199 0.7109283804893494 0.6069454352060953 0.7047391533851624 0.6203962167104086 0.6817506551742554 0.624064564704895 0.656109631061554 0.6191734075546265 0.6401944756507874 0.6167277495066324 0.6278160810470581 0.6032770872116089 0.6189743876457214 0.5861579577128092 0.6154376268386841 0.5714844465255737
1 0.8090716600418091 0.48344337940216064 0.8143766522407532 0.4858889977137248 0.8276392817497253 0.49078015486399335 0.836480975151062 0.4981168905893962 0.8479752540588379 0.5066765149434408 0.8577011227607727 0.5213499863942465 0.8674270510673523 0.5274639129638672 0.8780370950698853 0.5299094915390015 0.8780370950698853 0.555588165918986 0.8647745251655579 0.5800440311431885 0.8479752540588379 0.595940351486206 0.8276392817497253 0.6081682443618774 0.8143766522407532 0.6106138229370117 0.8099557757377625 0.5910491943359375 0.8099557757377625 0.5763756036758423 0.8099557757377625 0.5592564741770426 0.8170291781425476 0.5201271772384644 0.8152608275413513 0.5017852783203125
1 0.7436427474021912 0.4443140427271525 0.7595579028129578 0.4430912335713704 0.7692837715148926 0.44064561525980633 0.7860831022262573 0.4369772672653198 0.801114022731781 0.4345316489537557 0.8143766522407532 0.43086326122283936 0.8152608275413513 0.43942280610402423 0.8046507239341736 0.45776474475860596 0.7975773811340332 0.466324249903361 0.7798938751220703 0.4724382559458415 0.7657471299171448 0.4761066436767578 0.7542528510093689 0.4822205702463786 0.7471795082092285 0.4846661885579427 0.7471795082092285 0.47121548652648926 0.7454111576080322 0.46021032333374023
1 0.6348894238471985 0.6546343962351481 0.6410786509513855 0.6338468790054321 0.6552255153656006 0.6301785310109457 0.6790981292724609 0.6362925370534261 0.7003183364868164 0.6375153064727783 0.7118124961853027 0.6448520421981812 0.7259593605995178 0.6595255533854166 0.7215384840965271 0.6852041880289713 0.7144650816917419 0.6998777389526367 0.7020866274833679 0.73044753074646 0.6914765238761902 0.752457857131958 0.6799823641777039 0.7622401714324951 0.662298858165741 0.7622401714324951 0.6552255153656006 0.7585717837015787 0.6463837027549744 0.73044753074646 0.6401944756507874 0.6986549695332845 0.6357736587524414 0.6729762554168701
1 0.6676039099693298 0.7732452551523844 0.6799823641777039 0.7695768674214681 0.685287356376648 0.7732452551523844 0.6826348304748535 0.7964783509572347 0.6826348304748535 0.8221569856007894 0.6897082328796387 0.8392760753631592 0.7012025117874146 0.8404988447825114 0.7135809063911438 0.8356076876322428 0.7109283804893494 0.8515040874481201 0.7020866274833679 0.860063632329305 0.6923606991767883 0.860063632329305 0.685287356376648 0.8563951651255289 0.674677312374115 0.8429444630940756 0.668488085269928 0.8184886773427328 0.6649513840675354 0.7915871938069662
1 0.6720247268676758 0.8857422669728597 0.6844031810760498 0.8759598731994629 0.7003183364868164 0.8857422669728597 0.7126967310905457 0.9053069750467936 0.7259593605995178 0.9187575976053873 0.7365694046020508 0.9370995362599691 0.7409902811050415 0.955441395441691 0.7418744564056396 0.9737832546234131 0.7507162094116211 0.9921252727508545 0.7604420781135559 1.0 0.7701680064201355 1.0 0.7639787793159485 1.0 0.7374535799026489 1.0 0.7020866274833679 1.0 0.6605304479598999 1.0 0.639310359954834 1.0 0.6454995274543762 1.0 0.656109631061554 0.9713377157847086 0.662298858165741 0.9419906934102377 0.6702564358711243 0.916312058766683 0.6711405515670776 0.8979701995849609
1 0.7144650816917419 0.866177479426066 0.7303801774978638 0.8869650363922119 0.7454111576080322 0.8967474301656088 0.7462953329086304 0.9089752833048502 0.7401061058044434 0.916312058766683 0.7250751852989197 0.9016385078430176 0.7144650816917419 0.8869650363922119
1 0.7692837715148926 0.8808511098225912 0.7772414088249207 0.8698459466298422 0.7922723293304443 0.8539496262868246 0.8002298474311829 0.8502813180287679 0.8081874847412109 0.8625091711680094 0.8099557757377625 0.8857422669728597 0.7984615564346313 0.8955246607462565 0.7887356281280518 0.9004157384236654 0.7781255841255188 0.8967474301656088
1 0.8417860269546509 0.7292247613271078 0.8603537082672119 0.7280019124348959 0.8709637522697449 0.7121055920918783 0.882457971572876 0.6852041880289713 0.8939522504806519 0.6705307165781657 0.9045623540878296 0.6583027839660645 0.9089831709861755 0.6411836942036947 0.9160565733909607 0.6142822504043579 0.9231299161911011 0.5922719240188599 0.9178249835968018 0.5873807668685913 0.9098673462867737 0.5824896097183228 0.9001414775848389 0.554365317026774 0.8992573022842407 0.5274639129638672 0.8983731269836426 0.5140131711959839 0.8868789076805115 0.5299094915390015 0.8868789076805115 0.5470286210378011 0.8833421468734741 0.5690389474232992 0.8700795769691467 0.5861579577128092 0.8559328317642212 0.6069454352060953 0.8444385528564453 0.6167277495066324 0.8258708715438843 0.6228417555491129 0.8214500546455383 0.6338468790054321 0.8241025805473328 0.643629233042399 0.8329442739486694 0.6607483625411987 0.836480975151062 0.6754218737284342 0.8338285088539124 0.6876498063405355 0.8276392817497253 0.6925409634908041 0.8223342299461365 0.6986549695332845 0.8320600986480713 0.7084372838338217
1 0.9222458004951477 0.6717534859975179 0.9310875535011292 0.6754218737284342 0.9372767806053162 0.6900953451792399 0.9461184740066528 0.7072145144144694 0.9496551752090454 0.7194424470265707 0.9523077011108398 0.7438983122507731 0.9496551752090454 0.752457857131958 0.940813422203064 0.7659085591634115 0.924014151096344 0.7695768674214681 0.9231299161911011 0.7536806265513102 0.9231299161911011 0.7243336041768392 0.9231299161911011 0.6998777389526367 0.9222458004951477 0.6900953451792399
1 1.0 0.37950599193573 1.0 0.4100758234659831 0.9920954704284668 0.43820007642110187 0.9806011915206909 0.466324249903361 0.9744120240211487 0.49078015486399335 0.9806011915206909 0.5054536660512289 1.0 0.5164588292439779 1.0 0.5299094915390015 1.0 0.5372527837753296 1.0 0.4651014804840088 1.0 0.41252140204111737 1.0 0.3929566939671834
1 0.9611493945121765 0.5078992048899332 0.9788329005241394 0.5152360200881958 0.9965163469314575 0.5286867618560791 1.0 0.5421374638875326 1.0 0.555588165918986 1.0 0.5824896097183228 1.0 0.6008315086364746 0.9876746535301208 0.5947175025939941 0.9779487252235413 0.5837124188741049 0.9770645499229431 0.555588165918986 0.976180374622345 0.5396918455759684 0.9664544463157654 0.5348006884256998 0.953191876411438 0.5348006884256998 0.9558444023132324 0.5225727558135986
1 1.0 0.5506970087687174 1.0 0.5580337842305502 1.0 0.5727072556813558 1.0 0.5898263454437256 1.0 0.6081682443618774 1.0 0.6203962167104086 1.0 0.6387380361557007 1.0 0.6460748513539633 1.0 0.5983859300613403
1 0.9319717288017273 0.6607483625411987 0.947002649307251 0.6387380361557007 0.9629178047180176 0.6228417555491129 0.9735278487205505 0.6069454352060953 0.9859062433242798 0.6069454352060953 0.9912112951278687 0.6118365923563639 0.9814854264259338 0.624064564704895 0.9797170758247375 0.6424064636230469 0.9850221276283264 0.6656395196914673 1.0 0.6974322001139323 1.0 0.7084372838338217 1.0 0.7280019124348959 1.0 0.7451210816701254 0.9929796457290649 0.752457857131958 0.9726436734199524 0.7451210816701254 0.9611493945121765 0.7377843062082926 0.9540759921073914 0.7133284409840902 0.9505393505096436 0.6888725757598877 0.940813422203064 0.6717534859975179
1 1.0 0.7365615367889404 1.0 0.7194424470265707 1.0 0.7161134084065756 1.0 0.7487894694010416 1.0 0.7536806265513102
1 0.7648629546165466 0.7341159184773763 0.7781255841255188 0.7390071551005045 0.7860831022262573 0.7561262448628744 0.8002298474311829 0.778136412302653 0.8214500546455383 0.7915871938069662 0.8435543775558472 0.7842504183451334 0.848859429359436 0.7634629408518473 0.8470910787582397 0.7463438510894775 0.8506277799606323 0.7377843062082926 0.8638903498649597 0.7377843062082926 0.8683112263679504 0.7573489348093668 0.8700795769691467 0.7879188855489095 0.8771529197692871 0.8050378163655599 0.8727321028709412 0.8160430590311686 0.8577011227607727 0.8356076876322428 0.842670202255249 0.8527267773946127 0.8329442739486694 0.8637320200602213 0.8258708715438843 0.8747371037801107 0.8187975287437439 0.867400328318278 0.8099557757377625 0.8417216936747233 0.8055348992347717 0.8111518224080404 0.8002298474311829 0.7940327326456705 0.7896198034286499 0.7744681040445963 0.7719363570213318 0.7659085591634115 0.7586737275123596 0.7634629408518473 0.7409902811050415 0.7622401714324951 0.7542528510093689 0.7512350082397461
1 0.8223342299461365 0.8869650363922119 0.8497436046600342 0.8881878058115641 0.8577011227607727 0.8857422669728597 0.8833421468734741 0.8796283404032389 0.8939522504806519 0.878405491511027 0.9036781191825867 0.8967474301656088 0.9080989956855774 0.8991929690043131 0.9284349679946899 0.8979701995849609 0.9416975975036621 0.8979701995849609 0.9576127529144287 0.9004157384236654 0.9584969282150269 0.9065297444661459 0.934624195098877 0.9432135423024496 0.9204774498939514 0.9664465586344401 0.907214879989624 0.9762289524078369 0.8851105570793152 0.9725605646769205 0.8709637522697449 0.9664465586344401 0.8674270510673523 0.9578870137532552 0.8621219992637634 0.9358766873677572 0.8523960709571838 0.9175348281860352 0.8382493257522583 0.9101980527242025 0.8205658197402954 0.9028612772623698 0.813492476940155 0.8991929690043131
1 0.7816622257232666 0.9383223056793213 0.794924795627594 0.9493274688720703 0.8117241263389587 0.9529958566029867 0.8241025805473328 0.9517730077107748 0.8409018516540527 0.9407679239908854 0.8506277799606323 0.9370995362599691 0.855048656463623 0.964000940322876 0.8612378835678101 0.9786744912465414 0.8612378835678101 0.9933480421702067 0.8515118956565857 1.0 0.8391335010528564 1.0 0.8187975287437439 1.0 0.8019982576370239 1.0 0.790503978729248 0.9970163504282633 0.7834306359291077 0.9896795749664307 0.7790096998214722 0.9701149463653564 0.7781255841255188 0.9542186260223389
1 0.9735278487205505 0.8955246607462565 0.9726436734199524 0.8759598731994629 0.9832537770271301 0.860063632329305 0.9841379523277283 0.8453900814056396 1.0 0.8417216936747233 1.0 0.8392760753631592 1.0 0.859375794728597 1.0 0.9285399119059244 1.0 0.9786744912465414 1.0 1.0 1.0 1.0 1.0 1.0 0.9974005222320557 1.0 1.0 1.0 1.0 0.9896795749664307 0.9929796457290649 0.9750061829884847 0.9806011915206909 0.9762289524078369 0.9752961993217468 0.9701149463653564 0.9903271198272705 0.9529958566029867 1.0 0.9358766873677572 1.0 0.916312058766683 0.9965163469314575 0.8967474301656088 0.9850221276283264 0.8943018118540446
2 0.09064102917909622 0.1128767728805542 0.0990544855594635 0.1078900694847107 0.1042628213763237 0.11453900734583537 0.10386218130588531 0.120633860429128 0.09624999761581421 0.120633860429128 0.09344550967216492 0.11730940143267314
2 0.5946474075317383 0.3012632926305135 0.600657045841217 0.296830693880717 0.6050640940666199 0.3056959311167399 0.5998557806015015 0.3079122304916382 0.5978525876998901 0.3051418463389079
2 0.498416930437088 0.0013020833333333333 0.5068896412849426 0.0013020833333333333 0.5064437389373779 0.0013020833333333333 0.5028762817382812 0.0013020833333333333 0.4979709982872009 0.0013020833333333333 0.49752506613731384 0.0013020833333333333
2 0.7084503769874573 0.0013020833333333333 0.7187067866325378 0.0013020833333333333 0.7294090986251831 0.0013020833333333333 0.7311928272247314 0.00838729552924633 0.7276253700256348 0.017637990415096283 0.7182608246803284 0.020104840397834778 0.714247465133667 0.015787851065397263 0.7102341055870056 0.01023743487894535 0.7075585126876831 0.0022201663814485073
