1 0.0009765625 0.0013020833333333333 0.0009765625 0.020978520313898723 0.028250541538000107 0.05683923761049906 0.05218416452407837 0.11063031355539958 0.07168563455343246 0.15605388085047403 0.09739211946725845 0.21104031801223755 0.12575790286064148 0.2672221064567566 0.1603286862373352 0.3066689173380534 0.1807165890932083 0.3461156686147054 0.13550864160060883 0.37360890706380206 0.11068857461214066 0.39392995834350586 0.07789065688848495 0.40588351090749103 0.0477520152926445 0.42739999294281006 0.01849980466067791 0.43815819422403973 0.0009765625 0.43098604679107666 0.0009765625 0.4238138993581136 0.0009765625 0.3461156686147054 0.0009765625 0.221689244111379 0.0009765625 0.08194173872470856 0.0009765625 0.012611019114653269
1 0.0009765625 0.0013020833333333333 0.03711484745144844 0.04369030396143595 0.06370776146650314 0.046081021428108215 0.10536999255418777 0.07237888375918071 0.1337357759475708 0.10345817605654399 0.172738716006279 0.10943494240442912 0.2064230740070343 0.10943494240442912 0.2197195291519165 0.07476959625879924 0.20908236503601074 0.028150660296281178 0.2064230740070343 0.0013020833333333333 0.24808530509471893 0.0013020833333333333 0.2835425138473511 0.0013020833333333333 0.31634044647216797 0.0013020833333333333 0.319886177778244 0.0013020833333333333 0.2870882451534271 0.0013020833333333333 0.20977377891540527 0.0013020833333333333 0.11689358949661255 0.0013020833333333333 0.06902634352445602 0.0013020833333333333 0.02381838858127594 0.0013020833333333333 0.0009765625 0.0013020833333333333
1 0.13462220132350922 0.1201931635538737 0.1807165890932083 0.1273653209209442 0.2188331037759781 0.11541173855463664 0.2321295589208603 0.08672316869099934 0.22769741714000702 0.04369030396143595 0.2268109768629074 0.034127448995908104 0.2596088945865631 0.03890887896219889 0.2968389689922333 0.042494947711626686 0.3127947449684143 0.06042530635992686 0.3331826329231262 0.09030924240748088 0.3464790880680084 0.12258388598759969 0.3535705506801605 0.15246781706809998 0.35534340143203735 0.18115639686584473 0.3393876552581787 0.22897068659464517 0.3136811852455139 0.2791756788889567 0.2799968123435974 0.307864248752594 0.25074461102485657 0.34013891220092773 0.2055366486310959 0.34013891220092773 0.18160302937030792 0.29112927118937176 0.16298797726631165 0.24570568402608237 0.15412366390228271 0.2062588930130005 0.1479186713695526 0.17159352699915567 0.14260007441043854 0.14888175328572592
1 0.31634044647216797 0.0013020833333333333 0.3447062373161316 0.023369232813517254 0.37484487891197205 0.042494947711626686 0.422712117433548 0.048471733927726746 0.45462360978126526 0.03771352022886276 0.4750114977359772 0.05922995011011759 0.5033773183822632 0.09030924240748088 0.4696929454803467 0.1405142347017924 0.4528507590293884 0.18832854429880777 0.43512213230133057 0.22299389044443765 0.39877849817276 0.20267279942830405 0.3792770206928253 0.1751796007156372 0.36775341629981995 0.1429049571355184 0.3500248193740845 0.0915045936902364 0.32786405086517334 0.05803459386030833 0.31456759572029114 0.03293209274609884 0.3136811852455139 0.012611019114653269
1 0.46171504259109497 0.0013020833333333333 0.5007179975509644 0.02456458906332652 0.516673743724823 0.061620667576789856 0.5539038181304932 0.09030924240748088 0.5840424299240112 0.09509066740671794 0.6319097280502319 0.06281602382659912 0.666480541229248 0.018587805330753326 0.6762312054634094 0.0013020833333333333 0.66204833984375 0.0013020833333333333 0.6522976756095886 0.0013020833333333333 0.6088625192642212 0.0013020833333333333 0.5503581166267395 0.0013020833333333333 0.5184466242790222 0.0013020833333333333 0.48653510212898254 0.0013020833333333333 0.46703365445137024 0.0013020833333333333
1 0.5131280422210693 0.099872092405955 0.5645409822463989 0.11063031355539958 0.6062032580375671 0.10584888855616252 0.63722825050354 0.07596494754155476 0.6682533621788025 0.03771352022886276 0.6921870112419128 0.013806375364462534 0.7205528020858765 0.01619709034760793 0.7577828764915466 0.020978520313898723 0.7790572047233582 0.034127448995908104 0.792353630065918 0.061620667576789856 0.8029907941818237 0.12377924720446269 0.8127415776252747 0.18593780199686685 0.8100823163986206 0.22777531544367471 0.7870350480079651 0.2672221064567566 0.7506914138793945 0.3162317673365275 0.7099156379699707 0.36763211091359455 0.6762312054634094 0.425009290377299 0.6576161980628967 0.4536978403727214 0.6327961683273315 0.4536978403727214 0.5982254147529602 0.4285953442255656 0.5503581166267395 0.39034390449523926 0.5042637586593628 0.3544832070668538 0.4652608036994934 0.33655281861623126 0.4431000351905823 0.31025497118632 0.44044071435928345 0.27798032760620117 0.4368950128555298 0.2469010353088379 0.4590557813644409 0.2158217430114746 0.4785572588443756 0.1620306670665741 0.48830798268318176 0.13692817091941833 0.5051501393318176 0.11302102605501811
1 0.07877708226442337 0.425009290377299 0.09561926126480103 0.41066495577494305 0.11778002232313156 0.40707890192667645 0.1399407833814621 0.3963206609090169 0.15855583548545837 0.3819764455159505 0.16919299960136414 0.36285070578257245 0.1798301637172699 0.3568739096323649 0.18780803680419922 0.3556785583496094 0.1798301637172699 0.3831717570622762 0.16298797726631165 0.425009290377299 0.14969152212142944 0.45489319165547687 0.1399407833814621 0.4680420955022176 0.12132574617862701 0.46206533908843994 0.10448356717824936 0.4465256929397583 0.09118711203336716 0.43935354550679523
1 0.0009765625 0.4429396390914917 0.0009765625 0.44891639550526935 0.030023401603102684 0.4536978403727214 0.053957026451826096 0.44174424807230633 0.06813991814851761 0.4405488967895508 0.08852781355381012 0.4536978403727214 0.1142343059182167 0.4704328378041585 0.11866645514965057 0.48716787497202557 0.11068857461214066 0.5445450146993002 0.09473282843828201 0.5660613775253296 0.06636705249547958 0.5720381736755371 0.03622841835021973 0.5804057121276855 0.0025440554600208998 0.5947500069936117 0.0009765625 0.6019221544265747 0.0009765625 0.6090942621231079 0.0009765625 0.604259729385376 0.0009765625 0.5636707146962484 0.0009765625 0.503902792930603 0.0009765625 0.47760502497355145 0.0009765625 0.45847924550374347
1 0.20287735760211945 0.359264612197876 0.23833458125591278 0.3652414083480835 0.253403902053833 0.3544832070668538 0.28974753618240356 0.3245992660522461 0.3136811852455139 0.29471532503763836 0.3385012447834015 0.2755896250406901 0.35445696115493774 0.23375209172566733 0.3704127371311188 0.2002821167310079 0.3783906102180481 0.19071926673253378 0.3996649384498596 0.2217985192934672 0.4244849979877472 0.2385335365931193 0.4324628710746765 0.2743942340215047 0.43334928154945374 0.3174270987510681 0.4289171099662781 0.34970176219940186 0.40232419967651367 0.40468819936116535 0.3712991774082184 0.44772104422251385 0.33495548367500305 0.5254193147023519 0.3181133270263672 0.5875778992970785 0.30924901366233826 0.6126803557078043 0.2667003571987152 0.6246339082717896 0.23478884994983673 0.63778289159139 0.2188331037759781 0.63778289159139 0.19224019348621368 0.6198525428771973 0.1603286862373352 0.5947500069936117 0.12487147003412247 0.5708428621292114 0.11157500743865967 0.5672568082809448 0.1266443282365799 0.5254193147023519 0.1408272087574005 0.48716787497202557 0.15146438777446747 0.4728235403696696 0.1736251413822174 0.43457214037577313 0.1869215965270996 0.40110214551289874 0.19578590989112854 0.3819764455159505
1 0.0009765625 0.6246339082717896 0.0009765625 0.6150710582733154 0.030909832566976547 0.6055082082748413 0.06813991814851761 0.5911639531453451 0.08852781355381012 0.5863825082778931 0.11068857461214066 0.5851871172587076 0.15412366390228271 0.6090942621231079 0.1993316262960434 0.63778289159139 0.22149239480495453 0.6545178095499674 0.20996879041194916 0.7059181531270345 0.21085523068904877 0.7740535736083984 0.21528738737106323 0.8362120787302653 0.1789437234401703 0.8541425069173177 0.1479186713695526 0.8888078530629476 0.13107648491859436 0.9354268709818522 0.10625642538070679 0.9509665171305338 0.06370776146650314 0.9425989786783854 0.01584051363170147 0.9390128453572592 0.0009765625 0.9521617889404297 0.0009765625 0.9533571402231852 0.0009765625 0.8637053966522217 0.0009765625 0.7824210325876871 0.0009765625 0.7130903402964274 0.0009765625 0.6688621838887533 0.0009765625 0.6413689454396566
1 0.0009765625 0.9736782709757487 0.0009765625 0.9593338966369629 0.051297735422849655 0.9497710863749186 0.09916497766971588 0.961724599202474 0.12575790286064148 0.9665061632792155 0.147032231092453 0.9916085402170817 0.17539800703525543 1.0 0.18773242831230164 1.0 0.12487147003412247 1.0 0.04509272053837776 1.0 0.0009765625 1.0 0.0009765625 1.0 0.0009765625 1.0 0.0009765625 1.0 0.0009765625 0.9963900248209635
1 0.14171364903450012 0.9378174940745035 0.1665336936712265 0.8900032043457031 0.1931266188621521 0.861314614613851 0.22326524555683136 0.8505564530690511 0.24188029766082764 0.8529470761617025 0.27645108103752136 0.8744636376698812 0.332296222448349 0.9127150376637777 0.36863985657691956 0.9342314402262369 0.3801634609699249 0.9557478427886963 0.3925734758377075 1.0 0.39877849817276 1.0 0.3588891327381134 1.0 0.34284916520118713 1.0 0.2268109768629074 1.0 0.20110449194908142 1.0 0.18780803680419922 1.0 0.16210155189037323 0.9880224863688151 0.15412366390228271 0.9629200299580892 0.1479186713695526 0.9473803838094076
1 0.23035670816898346 0.6652761300404867 0.26138177514076233 0.6569085915883383 0.2994982898235321 0.6473457018534342 0.31634044647216797 0.6473457018534342 0.3305233418941498 0.6569085915883383 0.35445696115493774 0.6832063992818197 0.3845956325531006 0.7286299069722494 0.40675637125968933 0.7644906838734945 0.42714425921440125 0.7979606787363688 0.4360085725784302 0.8302353223164877 0.4377814531326294 0.8601193428039551 0.4165070950984955 0.887612501780192 0.38725489377975464 0.9270593325297037 0.3642077147960663 0.9186917940775553 0.2924068570137024 0.8720728556315104 0.24808530509471893 0.8397982915242513 0.2321295589208603 0.8278446992238363 0.22149239480495453 0.8158910274505615 0.21617381274700165 0.7525371710459391 0.2188331037759781 0.7274346351623535 0.2188331037759781 0.6927692890167236 0.22503811120986938 0.6796203454335531
1 0.45551005005836487 0.3544832070668538 0.48742154240608215 0.36404601732889813 0.5264244675636292 0.3855624993642171 0.5636546015739441 0.41186030705769855 0.5893610715866089 0.44174424807230633 0.626591145992279 0.46565139293670654 0.649638295173645 0.469237486521403 0.666480541229248 0.4967307249704997 0.6877548098564148 0.5564985275268555 0.706369936466217 0.6031175454457601 0.7090291976928711 0.6341967582702637 0.6930734515190125 0.6688621838887533 0.6558433771133423 0.7071135838826498 0.6203861236572266 0.7453649838765463 0.5698595643043518 0.7979606787363688 0.5299702286720276 0.814695676167806 0.4962858557701111 0.8182818094889323 0.46792006492614746 0.8206725915273031 0.4457593262195587 0.8254539171854655 0.4324628710746765 0.7907885710398356 0.4103021025657654 0.7453649838765463 0.38104987144470215 0.6963553428649902 0.35445696115493774 0.6616899967193604 0.3376148045063019 0.6365875005722046 0.3305233418941498 0.6162664095560709 0.32963690161705017 0.5863825082778931 0.3500248193740845 0.5254193147023519 0.3704127371311188 0.48119107882181805 0.3863684833049774 0.44772104422251385 0.40941566228866577 0.42142319679260254 0.4298035800457001 0.40110214551289874 0.4386678636074066 0.36643675963083905
1 0.4510779082775116 0.8517517248789469 0.5024908781051636 0.8409935633341471 0.531743049621582 0.8278446992238363 0.5893610715866089 0.7979606787363688 0.6079760789871216 0.7752489248911539 0.634568989276886 0.7501464684804281 0.663821280002594 0.7190671761830648 0.6992784142494202 0.6951599915822347 0.7329628467559814 0.6664714018503824 0.7551235556602478 0.6736435890197754 0.7905808091163635 0.7023321787516276 0.8154008388519287 0.7429742813110352 0.8269244432449341 0.7800303300221761 0.832243025302887 0.8158910274505615 0.8286973237991333 0.8362120787302653 0.8038772344589233 0.7883979479471842 0.7826029658317566 0.7680768171946207 0.7444864511489868 0.76568603515625 0.6939598917961121 0.7644906838734945 0.6248183250427246 0.8254539171854655 0.5929067730903625 0.8517517248789469 0.5769510269165039 0.8816357453664144 0.5867018103599548 0.9079335530598959 0.5946796536445618 0.9665061632792155 0.6097489595413208 1.0 0.6106353402137756 1.0 0.5639825463294983 1.0 0.48742154240608215 1.0 0.4448728859424591 1.0 0.42093926668167114 1.0 0.4129613935947418 1.0 0.4032106399536133 1.0 0.39523276686668396 0.9760688940684 0.3863684833049774 0.9509665171305338 0.39611920714378357 0.936622142791748 0.42005282640457153 0.9067382017771403 0.4360085725784302 0.8888078530629476
1 0.5973389148712158 0.8744636376698812 0.6354554295539856 0.8374074300130209 0.6602754592895508 0.8099142710367838 0.6850955486297607 0.7919839223225912 0.7134613394737244 0.7812256813049316 0.7409406304359436 0.777639627456665 0.7631014585494995 0.7788349787394205 0.795012891292572 0.8003513813018799 0.809195876121521 0.8326260248819987 0.8331294059753418 0.8768542607625326 0.8499716520309448 0.9079335530598959 0.8632681369781494 0.9222778479258219 0.8535173535346985 0.9629200299580892 0.834902286529541 1.0 0.8278108835220337 1.0 0.8127098679542542 1.0 0.7072563171386719 1.0 0.66204833984375 1.0 0.6398876309394836 1.0 0.6230453848838806 0.9999760786692301 0.61152184009552 0.961724599202474 0.6035439372062683 0.924668550491333 0.5982254147529602 0.8995660940806071 0.5982254147529602 0.8900032043457031
1 0.8721323609352112 0.924668550491333 0.9164539575576782 0.9497710863749186 0.9395011067390442 0.9677014350891113 0.9519110918045044 0.9999760786692301 0.95013827085495 1.0 0.9310445785522461 1.0 0.8845424056053162 1.0 0.8552902340888977 1.0 0.8313565850257874 1.0 0.8499716520309448 0.9916085402170817 0.8632681369781494 0.9653107325236002 0.8668138384819031 0.9473803838094076
1 0.6833226680755615 0.0013020833333333333 0.7001648545265198 0.0013020833333333333 0.7258713245391846 0.0013020833333333333 0.764874279499054 0.0013020833333333333 0.7941265106201172 0.0013020833333333333 0.8357887864112854 0.0013020833333333333 0.8552902340888977 0.0013020833333333333 0.8609574437141418 0.0013020833333333333 0.8012179732322693 0.0013020833333333333 0.7373949289321899 0.0013020833333333333 0.7099156379699707 0.0013020833333333333
1 0.8774510025978088 0.0013020833333333333 0.8570630550384521 0.0013020833333333333 0.8295837044715881 0.0013020833333333333 0.8233787417411804 0.0013020833333333333 0.8446530103683472 0.0013020833333333333 0.8756781220436096 0.015001734097798666 0.8969524502754211 0.025759947796662647 0.9262046217918396 0.03771352022886276 0.9483653903007507 0.040104235212008156 0.9847090840339661 0.049667095144589744 1.0 0.048471733927726746 1.0 0.052057807644208275 1.0 0.014450541387001673 1.0 0.0013020833333333333 1.0 0.0013020833333333333 0.9722990393638611 0.0013020833333333333 0.92531818151474 0.0013020833333333333 0.8969524502754211 0.0013020833333333333
1 0.8012179732322693 0.03890887896219889 0.8295837044715881 0.02217387656370799 0.8481987714767456 0.01978316158056259 0.8721323609352112 0.03054137776295344 0.8978388905525208 0.04488566517829895 0.8934067487716675 0.07835566997528076 0.8889746069908142 0.1142163872718811 0.8880881667137146 0.15724924206733704 0.8960660099983215 0.18952389558156332 0.8863152861595154 0.20984496672948202 0.8677002191543579 0.21940783659617105 0.8437666296958923 0.22538459300994873 0.8304701447486877 0.2241892417271932 0.8233787417411804 0.20267279942830405 0.8224923014640808 0.15963995456695557 0.8154008388519287 0.12258388598759969 0.809195876121521 0.08194173872470856 0.8065364956855774 0.06401138007640839
1 0.9040439128875732 0.06281602382659912 0.9448196887969971 0.06640209257602692 0.9625483155250549 0.06759744882583618 0.9838226437568665 0.07357423504193623 0.969639778137207 0.10106746355692546 0.9457061290740967 0.13812353213628134 0.9350689649581909 0.17876569430033365 0.9332960844039917 0.2062588930130005 0.9155675172805786 0.1978913942972819 0.9084760546684265 0.19071926673253378 0.8969524502754211 0.16800745328267416 0.8925203084945679 0.13214674592018127 0.8987252712249756 0.099872092405955 0.9004981517791748 0.0771603137254715
1 0.9918004870414734 0.08791852990786235 1.0 0.10465351740519206 1.0 0.1070576806863149 1.0 0.16800745328267416 1.0 0.21462639172871908 1.0 0.256463885307312 1.0 0.2935199737548828 1.0 0.2935199737548828 0.9918004870414734 0.2672221064567566 0.9740719199180603 0.26363605260849 0.9554569125175476 0.25048712889353436 0.9439333081245422 0.23136140902837118 0.940387487411499 0.19669604301452637 0.9465925693511963 0.1668121019999186 0.957229733467102 0.13931888341903687 0.9678668975830078 0.11899781227111816 0.982049822807312 0.09867674112319946
1 0.8260380029678345 0.2445103327433268 0.8552902340888977 0.23733818531036377 0.8872016668319702 0.22897068659464517 0.9013846516609192 0.2158217430114746 0.9137945771217346 0.21104031801223755 0.9262046217918396 0.22060316801071167 0.9368417859077454 0.2469010353088379 0.952797532081604 0.26602673530578613 0.9855955243110657 0.28993388017018634 1.0 0.31025497118632 1.0 0.3150363763173421 1.0 0.34013891220092773 1.0 0.371218204498291 1.0 0.40110214551289874 0.9909140467643738 0.44413499037424725 0.9838226437568665 0.4704328378041585 0.9802769422531128 0.5050982236862183 0.9838226437568665 0.5313960711161295 0.9607754349708557 0.5636707146962484 0.9315232634544373 0.5660613775253296 0.9049303531646729 0.5816010236740112 0.8978388905525208 0.618657112121582 0.8925203084945679 0.6318060557047526 0.8668138384819031 0.6222432454427084 0.8481987714767456 0.6198525428771973 0.8065364956855774 0.625829299290975 0.7746250629425049 0.6318060557047526 0.7577828764915466 0.6425642967224121 0.7320764064788818 0.6401735544204712 0.7267577648162842 0.6198525428771973 0.7081427574157715 0.5529124736785889 0.6780041456222534 0.48119107882181805 0.6673669815063477 0.45130713780721027 0.6904141902923584 0.4333767890930176 0.7099156379699707 0.39751609166463214 0.7311899662017822 0.36763211091359455 0.7498049736022949 0.3425296147664388 0.769306480884552 0.30905961990356445 0.784375786781311 0.29232460260391235 0.8012179732322693 0.2708081801732381 0.8162872791290283 0.25407318274180096
1 1.0 0.3915392557779948 1.0 0.4154464403788249 1.0 0.43457214037577313 0.9944598078727722 0.47521424293518066 0.9997783899307251 0.5194424788157145 0.9891412258148193 0.5493264198303223 0.9793904423713684 0.5600846608479818 0.9714125990867615 0.576819658279419 0.9368417859077454 0.5780149698257446 0.9164539575576782 0.5959453582763672 0.9111353158950806 0.6198525428771973 0.902271032333374 0.6437596082687378 0.8863152861595154 0.6473457018534342 0.8508580923080444 0.6449549992879232 0.8145143985748291 0.6461503505706787 0.7958993911743164 0.6485410928726196 0.771965742111206 0.6533224582672119 0.769306480884552 0.6664714018503824 0.779943585395813 0.6832063992818197 0.8136280179023743 0.7202625274658203 0.8278108835220337 0.7525371710459391 0.834902286529541 0.7824210325876871 0.8419937491416931 0.811109701792399 0.8419937491416931 0.8386028607686361 0.8455394506454468 0.8601193428039551 0.8570630550384521 0.8816357453664144 0.8721323609352112 0.894784688949585 0.8898610472679138 0.9163010915120443 0.9040439128875732 0.924668550491333 0.9279775619506836 0.9378174940745035 0.942160427570343 0.9509665171305338 0.9598889946937561 0.9700921376546224 0.9643211364746094 0.9975854555765787 0.9793904423713684 0.9963900248209635 0.9962326884269714 0.9808503786722819 1.0 0.9425989786783854 1.0 0.9425989786783854 1.0 0.9425989786783854 1.0 0.8720728556315104 1.0 0.8711404800415039 1.0 0.7178718249003092 1.0 0.6055082082748413 1.0 0.5074888865152994 1.0 0.44174424807230633
1 0.331169068813324 0.0013020833333333333 0.35935908555984497 0.0013020833333333333 0.4148297607898712 0.0013020833333333333 0.4466572105884552 0.00453720490137736 0.4539320468902588 0.02538382261991501 0.4093736410140991 0.03151518106460571 0.36481520533561707 0.019252464175224304
