0 0.03952041268348694 0.0013020833333333333 0.051826588809490204 0.004207540924350421 0.06852782517671585 0.03116392840941747 0.0667698010802269 0.05577628314495087 0.04655250906944275 0.07921662926673889 0.03864140063524246 0.09562486410140991 0.02369818277657032 0.07570057113965352 0.016666080802679062 0.06515242159366608 0.0009765625 0.06398041049639384 0.0009765625 0.07218451797962189 0.0009765625 0.0862487256526947 0.0009765625 0.11437712113062541 0.0009765625 0.11294391751289368 0.0009765625 0.06515242159366608 0.0009765625 0.00655157429476579 0.0009765625 0.0013020833333333333 0.0009765625 0.0013020833333333333 0.0009765625 0.0013020833333333333 0.005238915793597698 0.0013020833333333333
0 0.1836784929037094 0.011239642898241678 0.19422665238380432 0.0013020833333333333 0.20389577746391296 0.0013020833333333333 0.21883900463581085 0.004207540924350421 0.23290319740772247 0.00655157429476579 0.24433037638664246 0.0018635069330533345 0.257515549659729 0.0013020833333333333 0.26196202635765076 0.0013020833333333333 0.2988291382789612 0.0013020833333333333 0.31465139985084534 0.0013020833333333333 0.3084982931613922 0.0013020833333333333 0.29267606139183044 0.0030355236182610192 0.28212791681289673 0.015927709639072418 0.28124892711639404 0.033507963021596275 0.29179704189300537 0.04054006437460581 0.2988291382789612 0.04640014966328939 0.30322420597076416 0.06398041049639384 0.3076193034648895 0.07804460823535919 0.30322420597076416 0.10500099261601765 0.28124892711639404 0.10148494442303975 0.24872542917728424 0.10148494442303975 0.22499209642410278 0.09445283810297649 0.20741184055805206 0.07804460823535919 0.1915896087884903 0.06398041049639384 0.18104146420955658 0.04757217069466909 0.1836784929037094 0.033507963021596275
0 0.33662670850753784 0.0013020833333333333 0.3234415054321289 0.0013020833333333333 0.3076193034648895 0.010067624971270561 0.3084982931613922 0.03467997908592224 0.315530389547348 0.05226023495197296 0.3269575834274292 0.04640014966328939 0.34717485308647156 0.020615776379903156 0.3673921525478363 0.0013020833333333333 0.37706127762794495 0.0013020833333333333 0.36211806535720825 0.0013020833333333333
0 0.386730432510376 0.0013020833333333333 0.37354522943496704 0.0013020833333333333 0.35156992077827454 0.027647880216439564 0.35420694947242737 0.04640014966328939 0.3629970848560333 0.06632443269093831 0.38057735562324524 0.10031292835871379 0.3928835093975067 0.12844133377075195 0.3981575667858124 0.15070965886116028 0.40958476066589355 0.16242982943852743 0.43243908882141113 0.16828991969426474 0.4482613205909729 0.16594586769739786 0.45441439747810364 0.15656974911689758 0.45001932978630066 0.11672117312749226 0.44650328159332275 0.07687258720397949 0.45001932978630066 0.04054006437460581 0.45793047547340393 0.0018635069330533345 0.4658415615558624 0.0013020833333333333 0.4482613205909729 0.0013020833333333333 0.4262860119342804 0.0013020833333333333 0.40167364478111267 0.0013020833333333333
0 0.49836504459381104 0.0013020833333333333 0.49045392870903015 0.0013020833333333333 0.4825427830219269 0.008895608286062876 0.4851798415184021 0.0323359469572703 0.49484896659851074 0.03819603224595388 0.5124292373657227 0.03467997908592224 0.5264934301376343 0.02647586166858673 0.546710729598999 0.03116392840941747 0.5783551931381226 0.03819603224595388 0.590661346912384 0.029991914828618366 0.5976934432983398 0.012411658962567648 0.5915403962135315 0.0013020833333333333 0.5818712711334229 0.0013020833333333333 0.5774761438369751 0.0013020833333333333 0.5678070783615112 0.0013020833333333333 0.546710729598999 0.0013020833333333333 0.5194613337516785 0.0013020833333333333
0 0.6267008781433105 0.0013020833333333333 0.6328539848327637 0.0013020833333333333 0.6513132452964783 0.0013020833333333333 0.6662564277648926 0.00655157429476579 0.6776835918426514 0.0013020833333333333 0.6864737868309021 0.0013020833333333333 0.696969211101532 0.0013020833333333333 0.696969211101532 0.0013020833333333333 0.6539502739906311 0.0013020833333333333
0 0.5141872763633728 0.05694829920927683 0.5317675471305847 0.04522813359896342 0.5528638362884521 0.051088218887646995 0.5730811357498169 0.05577628314495087 0.5809922218322754 0.06046435236930847 0.5739601254463196 0.10031292835871379 0.5739601254463196 0.12375326951344807 0.5783551931381226 0.14133352041244507 0.5968144536018372 0.14133352041244507 0.6012095212936401 0.14133352041244507 0.5985724925994873 0.16594586769739786 0.5932984352111816 0.18118210633595785 0.5818712711334229 0.1917302409807841 0.5774761438369751 0.209310511747996 0.5563799142837524 0.2151705821355184 0.5370415449142456 0.21868664026260376 0.5212193727493286 0.2222026785214742 0.5001230835914612 0.22337470451990762 0.4913329482078552 0.2151705821355184 0.48342183232307434 0.19407429297765097 0.47551068663597107 0.17180595795313516 0.46847859025001526 0.1577417552471161 0.4711156487464905 0.1366454561551412 0.493090957403183 0.11086108287175496 0.502760112285614 0.07921662926673889
0 0.6196687817573547 0.033507963021596275 0.608241617679596 0.05226023495197296 0.6012095212936401 0.07921662926673889 0.6047255992889404 0.11906520525614421 0.6099996566772461 0.13781747221946716 0.6293379068374634 0.13781747221946716 0.6504342555999756 0.1272693077723185 0.6662564277648926 0.12492527564366658 0.6820786595344543 0.12492527564366658 0.6697725653648376 0.10500099261601765 0.6627404093742371 0.08038864533106486 0.6609823703765869 0.0628083844979604 0.6469181776046753 0.042884101470311485 0.6337330341339111 0.03585200011730194
0 0.6099996566772461 0.15070965886116028 0.631974995136261 0.14367756247520447 0.6557082533836365 0.13312939802805582 0.6776835918426514 0.13312939802805582 0.6917478442192078 0.13547343015670776 0.6970219016075134 0.15305368105570474 0.7005379796028137 0.16594586769739786 0.7022959589958191 0.17532201608022055 0.6873527765274048 0.18704217672348022 0.671530544757843 0.20110638936360678 0.6609823703765869 0.22454671065012613 0.6530712842941284 0.2538471619288127 0.6381280422210693 0.2573632001876831 0.6258218884468079 0.24447101354599 0.6214268207550049 0.2198586662610372 0.6161527037620544 0.1964183251063029 0.6012095212936401 0.18587015072504678 0.6047255992889404 0.17297796408335367
0 0.7436095476150513 0.0013020833333333333 0.7225133180618286 0.01827174425125122 0.7110861539840698 0.039368048310279846 0.7172392010688782 0.06163636843363444 0.7189971804618835 0.09562486410140991 0.7137231826782227 0.12140923738479614 0.7066910266876221 0.13430142402648926 0.7102071046829224 0.1636018455028534 0.7137231826782227 0.18704217672348022 0.7216342091560364 0.2034504016240438 0.7233923077583313 0.2210306723912557 0.7313033938407898 0.24329898754755655 0.7409725189208984 0.2702553868293762 0.7480046153068542 0.28783565759658813 0.752399742603302 0.31127599875132245 0.7629478573799133 0.3265121777852376 0.772616982460022 0.3265121777852376 0.7945923209190369 0.3229961395263672 0.8139306306838989 0.30307185649871826 0.8350268602371216 0.28314757347106934 0.8429380059242249 0.274943470954895 0.8429380059242249 0.24798705180486044 0.8350268602371216 0.2222026785214742 0.8288738131523132 0.2022784153620402 0.8165676593780518 0.18469814459482828 0.8060194849967957 0.1577417552471161 0.7989873290061951 0.14602158466974893 0.7884392738342285 0.12375326951344807 0.7840441465377808 0.1061730186144511 0.7840441465377808 0.0815606564283371 0.7945923209190369 0.06632443269093831 0.7937133312225342 0.04757217069466909 0.7866811752319336 0.028819896280765533 0.7664639353752136 0.01827174425125122 0.7541577219963074 0.00655157429476579
0 0.7734959721565247 0.00655157429476579 0.7866811752319336 0.0013020833333333333 0.80074542760849 0.0013020833333333333 0.8112935423851013 0.0013020833333333333 0.8086565136909485 0.00655157429476579 0.7945923209190369 0.01475569357474645 0.7822861075401306 0.01827174425125122
0 0.7945923209190369 0.024131829539934795 0.8095355033874512 0.01709972694516182 0.82096266746521 0.01475569357474645 0.8323898911476135 0.03585200011730194 0.8385429382324219 0.05226023495197296 0.8420590162277222 0.06866846978664398 0.8473330736160278 0.07218451797962189 0.8631553053855896 0.06749645868937175 0.8728244304656982 0.05812032024065653 0.8895256519317627 0.05577628314495087 0.8965578079223633 0.059292336304982506 0.9097430109977722 0.07452855507532756 0.9167750477790833 0.08859275778134663 0.9299602508544922 0.10265696048736572 0.9361133575439453 0.10851705074310303 0.9378713965415955 0.12258125344912212 0.9378713965415955 0.15070965886116028 0.9431454539299011 0.1788380742073059 0.9519355893135071 0.19993436336517334 0.9519355893135071 0.209310511747996 0.9554516077041626 0.22923477490743002 0.9563305974006653 0.2503311038017273 0.9563305974006653 0.26087923844655353 0.9361133575439453 0.2679113547007243 0.921170175075531 0.26908334096272785 0.9088639616966248 0.27845948934555054 0.9000738263130188 0.28900766372680664 0.8939207792282104 0.29721176624298096 0.88864666223526 0.30307185649871826 0.8657923340797424 0.29252370198567706 0.8578812479972839 0.28314757347106934 0.8745824694633484 0.22923477490743002 0.8745824694633484 0.2022784153620402 0.8640342950820923 0.1987623373667399 0.8455750346183777 0.19993436336517334 0.8376638889312744 0.1975903312365214 0.8183256387710571 0.16594586769739786 0.8095355033874512 0.14602158466974893 0.80074542760849 0.12492527564366658 0.7910763025283813 0.10500099261601765 0.7901972532272339 0.0862487256526947 0.7937133312225342 0.07687258720397949 0.80074542760849 0.06749645868937175 0.80074542760849 0.051088218887646995 0.7989873290061951 0.03585200011730194
0 0.8455750346183777 0.0013020833333333333 0.8526071310043335 0.0013020833333333333 0.8561232089996338 0.004207540924350421 0.8499701023101807 0.012411658962567648 0.8587602376937866 0.02530384560426076 0.8754614591598511 0.039368048310279846 0.8912836909294128 0.04991620282332102 0.9141380190849304 0.042884101470311485 0.9255651831626892 0.03116392840941747 0.9387503862380981 0.033507963021596275 0.9510565996170044 0.027647880216439564 0.9580886960029602 0.012411658962567648 0.965120792388916 0.0013020833333333333 0.9686227440834045 0.0013020833333333333 0.9686227440834045 0.0013020833333333333 0.8780984878540039 0.0013020833333333333 0.864913284778595 0.0013020833333333333 0.8482120633125305 0.0013020833333333333
0 0.8912836909294128 0.3171360492706299 0.8991948366165161 0.3358883062998454 0.9088639616966248 0.3487805128097534 0.9246861934661865 0.35581262906392414 0.9334763288497925 0.3546406030654907 0.9361133575439453 0.3487805128097534 0.9422664046287537 0.3323722680409749 0.9484195709228516 0.31127599875132245 0.9492985606193542 0.28783565759658813 0.9449034929275513 0.27728748321533203 0.9378713965415955 0.2761154770851135 0.9273232221603394 0.28431957960128784 0.9158960580825806 0.28900766372680664 0.9053479433059692 0.29721176624298096
0 0.7005379796028137 0.19055823485056558 0.6899898052215576 0.21868664026260376 0.6891108155250549 0.24329898754755655 0.6864737868309021 0.2714273929595947 0.6803206205368042 0.29838379224141437 0.6741675734519958 0.327684223651886 0.675925612449646 0.34760848681132 0.6829577088356018 0.3511245648066203 0.6917478442192078 0.34643646081288654 0.6996589303016663 0.32534019152323407 0.7093281149864197 0.28431957960128784 0.7128441333770752 0.2632232904434204 0.7128441333770752 0.23275085290273032 0.7146021723747253 0.21751461426417032 0.7128441333770752 0.2046224276224772
0 0.5212193727493286 0.23626689116160074 0.5036391019821167 0.2561911741892497 0.49748602509498596 0.2796315352121989 0.5053971409797668 0.3065878947575887 0.5159452557563782 0.3288562297821045 0.5264934301376343 0.34995253880818683 0.5379205942153931 0.3651887575785319 0.5528638362884521 0.36167271931966144 0.5634119510650635 0.345264474550883 0.5669280290603638 0.31948010126749676 0.5634119510650635 0.29369572798411053 0.5634119510650635 0.2643952965736389 0.5590168833732605 0.24212698141733804 0.5475897192955017 0.22806278864542642 0.5352835655212402 0.22806278864542642
0 0.0009765625 0.15305368105570474 0.005238915793597698 0.16828991969426474 0.01930311881005764 0.18235411246617636 0.025456206873059273 0.1917302409807841 0.013150029815733433 0.2046224276224772 0.0009765625 0.18938620885213217 0.0009765625 0.1788380742073059 0.0009765625 0.17180595795313516
0 0.0009765625 0.18704217672348022 0.0009765625 0.1964183251063029 0.0009765625 0.20696647961934408 0.006117928307503462 0.2139985958735148 0.005238915793597698 0.23626689116160074 0.014908055774867535 0.2550191481908162 0.010512991808354855 0.2643952965736389 0.0009765625 0.2585352063179016 0.0009765625 0.24329898754755655 0.0009765625 0.23626689116160074 0.0009765625 0.23157882690429688 0.0009765625 0.2163426081339518
0 0.043036460876464844 0.18235411246617636 0.06501177698373795 0.1741499900817871 0.0738019049167633 0.20696647961934408 0.08347104489803314 0.23157882690429688 0.0922611728310585 0.2643952965736389 0.10456734895706177 0.29252370198567706 0.11159945279359818 0.31479203701019287 0.11335747689008713 0.3347163200378418 0.10808339715003967 0.36167271931966144 0.1072043925523758 0.38159696261088055 0.10368833690881729 0.4120694398880005 0.09929327666759491 0.4296497106552124 0.09401919692754745 0.44605791568756104 0.07819696515798569 0.4319937229156494 0.056221649050712585 0.4062093496322632 0.03952041268348694 0.39331714312235516 0.03248830884695053 0.38042497634887695 0.03073028288781643 0.345264474550883 0.02369818277657032 0.31127599875132245 0.018424106761813164 0.29252370198567706 0.014908055774867535 0.2737714449564616 0.020182130858302116 0.2679113547007243 0.02633521892130375 0.2503311038017273 0.014908055774867535 0.23861092329025269 0.015787066891789436 0.22571873664855957 0.01930311881005764 0.2163426081339518 0.02369818277657032 0.2046224276224772 0.03248830884695053 0.1975903312365214
0 0.13181674480438232 0.09679687023162842 0.15291304886341095 0.08038864533106486 0.17049330472946167 0.08507670958836873 0.18631552159786224 0.09796889623006184 0.2170809805393219 0.1073450247446696 0.22938714921474457 0.10851705074310303 0.24345135688781738 0.11554914712905884 0.24872542917728424 0.1272693077723185 0.24872542917728424 0.1425055464108785 0.24960443377494812 0.15539773305257162 0.25224149227142334 0.16946192582448324 0.24872542917728424 0.17649404207865396 0.24345135688781738 0.18118210633595785 0.23466123640537262 0.18821420272191366 0.21971800923347473 0.18821420272191366 0.21092788875102997 0.1917302409807841 0.19950072467327118 0.19407429297765097 0.1915896087884903 0.16242982943852743 0.18192046880722046 0.14133352041244507 0.1731303334236145 0.12844133377075195 0.1617031842470169 0.12023721138636272 0.14851799607276917 0.1132051150004069 0.13884885609149933 0.1061730186144511
0 0.257515549659729 0.1260973016421 0.2724587619304657 0.11789317925771077 0.28916001319885254 0.12258125344912212 0.305861234664917 0.1272693077723185 0.31816741824150085 0.1425055464108785 0.32871559262275696 0.16946192582448324 0.3313526213169098 0.18704217672348022 0.3190464377403259 0.19290226697921753 0.31465139985084534 0.2104825178782145 0.3278365731239319 0.22571873664855957 0.32959461212158203 0.24329898754755655 0.3208044767379761 0.2702553868293762 0.30674025416374207 0.2503311038017273 0.2909180521965027 0.22923477490743002 0.2768538296222687 0.21751461426417032 0.2689427435398102 0.19993436336517334 0.26278963685035706 0.18469814459482828 0.2583945691585541 0.161257803440094 0.25575754046440125 0.14719361066818237
0 0.3392637372016907 0.1917302409807841 0.35508596897125244 0.19407429297765097 0.37969833612442017 0.209310511747996 0.38497239351272583 0.21751461426417032 0.3832143545150757 0.22806278864542642 0.36915016174316406 0.22806278864542642 0.3568439781665802 0.22454671065012613 0.34453779458999634 0.2222026785214742 0.33662670850753784 0.2222026785214742 0.3269575834274292 0.21165452400843301 0.32607853412628174 0.2022784153620402
0 0.41397982835769653 0.20696647961934408 0.42013290524482727 0.1964183251063029 0.43507611751556396 0.1917302409807841 0.45353537797927856 0.19407429297765097 0.46935760974884033 0.2151705821355184 0.4781477451324463 0.23040680090586343 0.49836504459381104 0.23861092329025269 0.4957279860973358 0.24915907780329385 0.4913329482078552 0.2702553868293762 0.49484896659851074 0.29135167598724365 0.502760112285614 0.3218241333961487 0.5133082270622253 0.3394043842951457 0.5247354507446289 0.3687048355738322 0.5300095081329346 0.38159696261088055 0.5124292373657227 0.38628506660461426 0.5001230835914612 0.37690889835357666 0.4895749092102051 0.3593286673227946 0.47287365794181824 0.3417483965555827 0.4596884846687317 0.330028235912323 0.4491403102874756 0.3206520875295003 0.4412292242050171 0.3007278045018514 0.430681049823761 0.26087923844655353 0.4183748960494995 0.24798705180486044 0.4113427698612213 0.226890762646993
0 0.20125874876976013 0.2046224276224772 0.22587110102176666 0.19993436336517334 0.23817728459835052 0.1975903312365214 0.24608838558197021 0.2163426081339518 0.2566365599632263 0.2222026785214742 0.26718470454216003 0.2163426081339518 0.2786118686199188 0.23157882690429688 0.2944341003894806 0.2503311038017273 0.3049822449684143 0.2632232904434204 0.31465139985084534 0.27728748321533203 0.31465139985084534 0.29369572798411053 0.31465139985084534 0.3101039528846741 0.2979501485824585 0.327684223651886 0.27333778142929077 0.3358883062998454 0.2583945691585541 0.34643646081288654 0.23993530869483948 0.3534685770670573 0.23378221690654755 0.3440924485524495 0.22323405742645264 0.34760848681132 0.22499209642410278 0.36636074384053546 0.2170809805393219 0.3710488478342692 0.20829084515571594 0.3593286673227946 0.20037972927093506 0.3511245648066203 0.1801624447107315 0.34995253880818683 0.1696142852306366 0.35698461532592773 0.14588095247745514 0.37573687235514325 0.13445377349853516 0.38628506660461426 0.1291797012090683 0.3593286673227946 0.1326957494020462 0.3370603720347087 0.144122913479805 0.330028235912323 0.1546710729598999 0.32534019152323407 0.16873528063297272 0.3159640431404114 0.18719454109668732 0.28900766372680664 0.19686368107795715 0.2515031099319458 0.19598466157913208 0.23275085290273032
0 0.12390562891960144 0.40503732363382977 0.13796982169151306 0.3944891691207886 0.1660982370376587 0.37690889835357666 0.18104146420955658 0.36753276983896893 0.19774270057678223 0.36401673158009845 0.2135649174451828 0.38042497634887695 0.2320241928100586 0.37808096408843994 0.24169333279132843 0.3687048355738322 0.25927358865737915 0.37690889835357666 0.26366865634918213 0.3898011048634847 0.26366865634918213 0.4155854781468709 0.26366865634918213 0.4366817871729533 0.25575754046440125 0.44957399368286133 0.25224149227142334 0.46012210845947266 0.25136247277259827 0.48825053373972577 0.24960443377494812 0.5011427402496338 0.23641924560070038 0.5093468427658081 0.22675010561943054 0.5093468427658081 0.21795998513698578 0.4987986882527669 0.20477479696273804 0.4976266622543335 0.19246861338615417 0.5070027510325114 0.1801624447107315 0.5175509452819824 0.17488837242126465 0.5234110355377197 0.16082414984703064 0.5304431120554606 0.15642909705638885 0.5327871640523275 0.15027600526809692 0.5351312160491943 0.13533280789852142 0.5433353185653687 0.12478464841842651 0.5585714975992838 0.10368833690881729 0.5421632925669352 0.08610808104276657 0.5257550875345866 0.08259203284978867 0.518722931543986 0.0922611728310585 0.4999707142512004 0.10808339715003967 0.46481021245320636 0.11599451303482056 0.4401978651682536 0.12038958072662354 0.4237896203994751
0 0.0009765625 0.44371386369069415 0.0009765625 0.4448858896891276 0.008754966780543327 0.45543400446573895 0.021940156817436218 0.45895012219746906 0.03688337281346321 0.4730143149693807 0.040399424731731415 0.4835624694824219 0.03688337281346321 0.5034867525100708 0.018424106761813164 0.5198949972788492 0.0026018775533884764 0.5433353185653687 0.0009765625 0.5562275250752767 0.0009765625 0.5632596015930176 0.0009765625 0.5304431120554606 0.0009765625 0.4952826102574666 0.0009765625 0.47184228897094727
0 0.0009765625 0.6980415980021158 0.0009765625 0.7015576362609863 0.0009765625 0.7097617785135905 0.007875953800976276 0.7191378275553385 0.013150029815733433 0.7308580080668131 0.004359903279691935 0.7414062023162842 0.0009765625 0.7449222405751547 0.0009765625 0.753126303354899 0.0009765625 0.7671906153361002 0.0009765625 0.7660185496012369 0.0009765625 0.7430871327718099
0 0.02633521892130375 0.6640530427296957 0.029851270839571953 0.6546769142150879 0.03952041268348694 0.6523329019546509 0.053584612905979156 0.6593650182088217 0.07204388082027435 0.667569080988566 0.08171302080154419 0.6781172752380371 0.08786610513925552 0.6910094420115153 0.08786610513925552 0.7039016087849935 0.0667698010802269 0.7156217892964681 0.05094757676124573 0.7355460325876871 0.04655250906944275 0.7449222405751547 0.04391547292470932 0.7589864730834961 0.049189552664756775 0.7882868448893229 0.060616716742515564 0.808211088180542 0.06940684467554092 0.8211033344268799 0.09401919692754745 0.814071257909139 0.10984142124652863 0.8152432441711426 0.12214760482311249 0.8351675669352213 0.12390562891960144 0.8574358622233073 0.12214760482311249 0.8738440672556559 0.1107204407453537 0.8761881192525228 0.09577722102403641 0.884392261505127 0.0887451246380806 0.8832202752431234 0.07555992901325226 0.8750160535176595 0.06325375288724899 0.8597798347473145 0.05973770469427109 0.836339553197225 0.05270560085773468 0.8152432441711426 0.04567349702119827 0.8058670361836752 0.036004360765218735 0.8070391019185384 0.021940156817436218 0.8070391019185384 0.007875953800976276 0.803523063659668 0.0009765625 0.7918029626210531 0.0009765625 0.7800827821095785 0.0009765625 0.7636744976043701 0.0009765625 0.7542983690897623 0.0069969408214092255 0.748438278834025 0.014908055774867535 0.743750254313151 0.02369818277657032 0.7343740463256836 0.02369818277657032 0.7273419698079427 0.031609296798706055 0.7121057510375977 0.028093246743083 0.6921814282735189
0 0.12478464841842651 0.5843559106191 0.14236490428447723 0.5702917575836182 0.16434021294116974 0.5562275250752767 0.17576737701892853 0.5573995113372803 0.1951056569814682 0.5609155893325806 0.21444393694400787 0.5527114868164062 0.23026616871356964 0.5480233828226725 0.2355402410030365 0.5644315878550211 0.22323405742645264 0.5925600528717041 0.20037972927093506 0.6113122701644897 0.16785626113414764 0.6300646066665649 0.1406068652868271 0.6523329019546509 0.12478464841842651 0.669913132985433 0.10105130076408386 0.6910094420115153 0.09489820897579193 0.6968695322672526 0.09401919692754745 0.6874934037526449 0.10632537305355072 0.6746012369791666 0.11863155663013458 0.6570209662119547 0.12742167711257935 0.6335806051890055 0.1291797012090683 0.612484335899353 0.12830069661140442 0.6007641553878784
0 0.2390562891960144 0.5925600528717041 0.2504834532737732 0.5749797821044922 0.2689427435398102 0.5773237943649292 0.28564396500587463 0.579667886098226 0.28828102350234985 0.5890439748764038 0.275974839925766 0.6019361813863119 0.2680637240409851 0.6113122701644897 0.2504834532737732 0.6089682579040527 0.24608838558197021 0.6042802333831787
0 0.32959461212158203 0.4905945857365926 0.3568439781665802 0.5081748167673746 0.37266623973846436 0.5234110355377197 0.38409337401390076 0.5398192405700684 0.4043106734752655 0.5433353185653687 0.41661685705184937 0.5562275250752767 0.41661685705184937 0.5773237943649292 0.40606871247291565 0.599592129389445 0.3972785770893097 0.6160003344217936 0.38409337401390076 0.6406127214431763 0.36915016174316406 0.6570209662119547 0.3533279597759247 0.6710851987202963 0.34014275670051575 0.6781172752380371 0.3225625157356262 0.6816333134969076 0.305861234664917 0.685149351755778 0.2909180521965027 0.6769452889760336 0.2874020040035248 0.6628810167312622 0.2909180521965027 0.6499888896942139 0.30674025416374207 0.6441287994384766 0.3269575834274292 0.6453007857004801 0.33574768900871277 0.632408618927002 0.32871559262275696 0.6253765424092611 0.3084982931613922 0.634752631187439 0.28916001319885254 0.637096643447876 0.28564396500587463 0.6242045164108276 0.28476494550704956 0.61482834815979 0.2830069363117218 0.6054522196451823 0.29619210958480835 0.5972481568654379 0.29619210958480835 0.582011858622233 0.2944341003894806 0.5538834730784098 0.30322420597076416 0.52692711353302 0.3128933310508728 0.5058307647705078 0.319925457239151 0.4976266622543335
0 0.3999156355857849 0.37808096408843994 0.41397982835769653 0.3405764102935791 0.43156009912490845 0.3370603720347087 0.45353537797927856 0.3394043842951457 0.46935760974884033 0.3534685770670573 0.4851798415184021 0.36636074384053546 0.4913329482078552 0.38511304060618085 0.5036391019821167 0.40503732363382977 0.5177032947540283 0.4062093496322632 0.5449526906013489 0.39331714312235516 0.5634119510650635 0.38862911860148114 0.5739601254463196 0.3944891691207886 0.5941774249076843 0.39683322111765545 0.6117576956748962 0.4003492593765259 0.6152737140655518 0.4202735424041748 0.6135156750679016 0.4308217366536458 0.6117576956748962 0.44136985143025714 0.6091206669807434 0.45191800594329834 0.6047255992889404 0.47887436548868817 0.6029675006866455 0.4987986882527669 0.592419445514679 0.5222390492757162 0.5695650577545166 0.5363032023111979 0.5519847869873047 0.5280991395314535 0.5352835655212402 0.5175509452819824 0.5220983624458313 0.5152069330215454 0.5168243050575256 0.5257550875345866 0.502760112285614 0.5363032023111979 0.4851798415184021 0.5398192405700684 0.4623255133628845 0.5386472543080648 0.45441439747810364 0.5386472543080648 0.4526563882827759 0.5058307647705078 0.45001932978630066 0.4870785077412923 0.43947118520736694 0.46246616045633954 0.4333181083202362 0.4401978651682536 0.4192539155483246 0.4296497106552124 0.4078267216682434 0.4073813756306966 0.40167364478111267 0.3898011048634847
0 0.43507611751556396 0.5609155893325806 0.45353537797927856 0.5527114868164062 0.4737526774406433 0.549195408821106 0.5045181512832642 0.546851396560669 0.5194613337516785 0.5480233828226725 0.5344045758247375 0.5573995113372803 0.5317675471305847 0.5761517683664957 0.5229774117469788 0.6031081676483154 0.5080341696739197 0.6136563618977865 0.48342183232307434 0.6277205149332682 0.4632045030593872 0.6464728116989136 0.43947118520736694 0.6570209662119547 0.4157378375530243 0.6558489004770914 0.40167364478111267 0.6464728116989136 0.3981575667858124 0.637096643447876 0.4069477319717407 0.6066242456436157 0.4227699339389801 0.5831838846206665
0 0.5968144536018372 0.3382323582967122 0.6056045889854431 0.327684223651886 0.618789792060852 0.330028235912323 0.6363700032234192 0.330028235912323 0.6548292636871338 0.3288562297821045 0.6680144667625427 0.3370603720347087 0.6724095940589905 0.35229655106862384 0.6811996698379517 0.36167271931966144 0.6961429119110107 0.36401673158009845 0.7075700163841248 0.37456488609313965 0.7172392010688782 0.38745709260304767 0.7066910266876221 0.4026932716369629 0.6952638626098633 0.4191015164057414 0.6820786595344543 0.4167575041453044 0.6706515550613403 0.4237896203994751 0.6618614196777344 0.4425418774286906 0.6565873026847839 0.45543400446573895 0.6477972269058228 0.46481021245320636 0.6372490525245667 0.4636381467183431 0.6302168965339661 0.45426201820373535 0.618789792060852 0.43902583916982013 0.6240638494491577 0.4237896203994751 0.6223058104515076 0.4097253878911336 0.6152737140655518 0.3898011048634847 0.6108786463737488 0.37339289983113605 0.6064836382865906 0.3628447453180949 0.6012095212936401 0.34995253880818683
0 0.8253577351570129 0.3394043842951457 0.8341478705406189 0.3218241333961487 0.844696044921875 0.31127599875132245 0.8666713833808899 0.31127599875132245 0.8807355761528015 0.31948010126749676 0.8947997689247131 0.3405764102935791 0.9044688940048218 0.35581262906392414 0.9202911257743835 0.3651887575785319 0.941387414932251 0.3628447453180949 0.9475405216217041 0.3487805128097534 0.9642417430877686 0.3487805128097534 0.980942964553833 0.3651887575785319 0.9879751205444336 0.37222083409627277 0.9818220138549805 0.3898011048634847 0.9721528887748718 0.40386533737182617 0.973910927772522 0.4249616463979085 0.9870961308479309 0.43785377343495685 0.9941281676292419 0.45191800594329834 0.9985232949256897 0.4800463914871216 0.9994022846221924 0.5105188687642416 0.9985232949256897 0.5327871640523275 0.9633627533912659 0.531615138053894 0.9475405216217041 0.52692711353302 0.9387503862380981 0.531615138053894 0.9229281544685364 0.5456794102986654 0.9088639616966248 0.5515395005544027 0.8912836909294128 0.5433353185653687 0.8552442193031311 0.5163789590199789 0.8587602376937866 0.5046587785085043 0.8737034201622009 0.4964546362559001 0.8710664510726929 0.4694982369740804 0.8631553053855896 0.4507459799448649 0.8543652296066284 0.43785377343495685 0.844696044921875 0.4214455684026082 0.8367848992347717 0.4062093496322632 0.8315108418464661 0.38628506660461426 0.8262367248535156 0.3687048355738322 0.8235996961593628 0.3546406030654907
0 0.5524243712425232 0.5585714975992838 0.5735206007957458 0.5538834730784098 0.5902218222618103 0.5573995113372803 0.6130762100219727 0.5433353185653687 0.6174712777137756 0.4987986882527669 0.6192293167114258 0.46481021245320636 0.6253823637962341 0.46832625071207684 0.6341724991798401 0.4905945857365926 0.647357702255249 0.5234110355377197 0.6561477780342102 0.5445073843002319 0.6666959524154663 0.5644315878550211 0.660542905330658 0.5913879871368408 0.6508737206459045 0.6183444261550903 0.6359305381774902 0.6464728116989136 0.623624324798584 0.6746012369791666 0.6121971607208252 0.685149351755778 0.6042860150337219 0.6828053792317709 0.5954959392547607 0.665225108464559 0.5831897854804993 0.6535049279530843 0.5700045824050903 0.6476448774337769 0.5533033609390259 0.6464728116989136 0.5374810695648193 0.6499888896942139 0.526932954788208 0.6453007857004801 0.526932954788208 0.6265485286712646 0.5339650511741638 0.6089682579040527 0.5418761968612671 0.5843559106191 0.5409971475601196 0.5691196918487549
0 0.9435849189758301 0.03819603224595388 0.9558911323547363 0.03585200011730194 0.9620442390441895 0.02530384560426076 0.9752294421195984 0.029991914828618366 0.9875355958938599 0.03819603224595388 1.0 0.042884101470311485 1.0 0.04405611753463745 1.0 0.05226023495197296 1.0 0.06632443269093831 1.0 0.09679687023162842 1.0 0.11789317925771077 1.0 0.13898948828379312 0.996325671672821 0.14719361066818237 0.9822614789009094 0.1260973016421 0.9752294421195984 0.109689066807429 0.9594072103500366 0.07921662926673889 0.9558911323547363 0.0628083844979604 0.9471010565757751 0.04991620282332102
0 1.0 0.0013020833333333333 1.0 0.0013020833333333333 1.0 0.0013020833333333333 1.0 0.0013020833333333333 1.0 0.0013020833333333333
0 0.9409478902816772 0.09562486410140991 0.9532541036605835 0.08742074171702068 0.9638022780418396 0.10148494442303975 0.9708343744277954 0.12140923738479614 0.980503499507904 0.13312939802805582 0.9901726245880127 0.14953764279683432 0.9769874215126038 0.16828991969426474 0.9638022780418396 0.17766602834065756 0.9550120830535889 0.17766602834065756 0.9471010565757751 0.1636018455028534 0.9471010565757751 0.13547343015670776 0.9444640278816223 0.11203308900197347
0 0.9523751139640808 0.27259941895802814 0.9681972861289978 0.26673932870229083 0.9866566061973572 0.26908334096272785 1.0 0.26908334096272785 1.0 0.2643952965736389 1.0 0.25970725218455 1.0 0.2585352063179016 1.0 0.2714273929595947 1.0 0.3218241333961487 1.0 0.36167271931966144 1.0 0.34643646081288654 0.9778664708137512 0.3417483965555827 0.9576491713523865 0.3358883062998454 0.9506170749664307 0.3323722680409749 0.9594072103500366 0.30424386262893677 0.9585282206535339 0.2854916254679362
0 0.21831867098808289 0.9169592062632242 0.23394891619682312 0.905737559000651 0.25078150629997253 0.9025313059488932 0.26701295375823975 0.8921111424763998 0.28444668650627136 0.8704692522684733 0.2988746464252472 0.8520334561665853 0.3096955716609955 0.8319946924845377 0.3277304768562317 0.8303916454315186 0.3349444568157196 0.8448196252187093 0.3253258466720581 0.8648583889007568 0.32472464442253113 0.8848971525828043 0.33013513684272766 0.9073406855265299 0.33855143189430237 0.9249747594197592 0.3433607518672943 0.9353949228922526 0.3277304768562317 0.9482196966807047 0.31149905920028687 0.963449239730835 0.3006781041622162 0.9706632296244303 0.2820420265197754 0.9818848768870035 0.2730245888233185 0.9594415028889974 0.2549896538257599 0.952227512995402 0.23815707862377167 0.942608912785848 0.22853845357894897 0.9394026597340902 0.22192564606666565 0.9353949228922526 0.21831867098808289 0.9273794492085775
0 0.3271293044090271 0.7710768381754557 0.3427595794200897 0.7646643320719401 0.3547828793525696 0.7590535481770834 0.36921077966690063 0.7438240845998129 0.3800317347049713 0.7285945415496826 0.3896503448486328 0.7277929782867432 0.3974654972553253 0.7462286949157715 0.40528061985969543 0.7510379950205485 0.42030972242355347 0.7406179110209147 0.4383446276187897 0.7197774251302084 0.4641946852207184 0.7061510880788168 0.4804261028766632 0.6997386614481608 0.4906458854675293 0.7021433512369791 0.4918482303619385 0.7221821943918864 0.4882412254810333 0.7542441685994467 0.4804261028766632 0.7903140385945638 0.4804261028766632 0.81195600827535 0.4738132953643799 0.8255822658538818 0.45878419280052185 0.8247807820638021 0.4371423125267029 0.8231776555379232 0.41970857977867126 0.8352009455362955 0.4070841372013092 0.8616522153218588 0.39626315236091614 0.8808894157409668 0.38544222712516785 0.8961187998453776 0.37822824716567993 0.9025313059488932 0.3710142970085144 0.9137531121571859 0.35959216952323914 0.9257763226826986 0.3523782193660736 0.9353949228922526 0.3445630967617035 0.9257763226826986 0.33133745193481445 0.893714189529419 0.3337421119213104 0.8608505725860596 0.35057470202445984 0.8319946924845377 0.33193865418434143 0.8015357653299967 0.32472464442253113 0.7831001281738281
0 0.5068773031234741 0.6861123243967692 0.514692485332489 0.6644704341888428 0.5225075483322144 0.6556533575057983 0.5327273607254028 0.6556533575057983 0.5423460006713867 0.6540502309799194 0.5555716156959534 0.6516455809275309 0.5681959986686707 0.65324866771698 0.5699995160102844 0.6628673076629639 0.5585774183273315 0.6780967712402344 0.5423460006713867 0.6933262348175049 0.5291203856468201 0.703746477762858 0.5140912532806396 0.7157697677612305 0.5062761306762695 0.7173728148142496 0.5068773031234741 0.7061510880788168 0.5080796480178833 0.6957309246063232
0 0.5778146386146545 0.6620657444000244 0.5892367959022522 0.6700812975565592 0.5952484011650085 0.6837076346079508 0.5916414260864258 0.6957309246063232 0.5844274759292603 0.6893184979756674 0.5802192687988281 0.6829060713450114 0.5784158110618591 0.673287550608317
0 0.44796323776245117 0.9145545959472656 0.4647958278656006 0.9001266161600748 0.4792237877845764 0.893714189529419 0.49605637788772583 0.8969205220540365 0.5110854506492615 0.9049359162648519 0.523108720779419 0.919363816579183 0.5333285331726074 0.9321887493133545 0.5465541481971741 0.9490213394165039 0.5573750734329224 0.9562352498372396 0.5627855658531189 0.9690601030985514 0.5567739605903625 0.9842896461486816 0.5609820485115051 1.0 0.5693984031677246 1.0 0.5718030333518982 1.0 0.5615832209587097 1.0 0.5195017457008362 1.0 0.4996633529663086 1.0 0.4906458854675293 1.0 0.4804261028766632 1.0 0.4690280556678772 1.0 0.44195160269737244 1.0 0.42992836236953735 1.0 0.4173039197921753 1.0 0.4161015450954437 1.0 0.43052950501441956 1.0 0.4443562626838684 0.9971144199371338 0.4533737301826477 0.9722663561503092 0.44916561245918274 0.942608912785848 0.44796323776245117 0.9273794492085775
0 0.5068773031234741 0.726189931233724 0.5195017457008362 0.7189758618672689 0.5339296460151672 0.7069527308146158 0.5459529757499695 0.6973340511322021 0.5555716156959534 0.6901200612386068 0.5639879107475281 0.6829060713450114 0.5718030333518982 0.6716844240824381 0.5760111808776855 0.6885169347127279 0.5778146386146545 0.7013417879740397 0.5669936537742615 0.7141666412353516 0.5567739605903625 0.7334038416544596 0.5453518033027649 0.7486333847045898 0.5369355082511902 0.7694737116495768 0.5249122381210327 0.7855047384897867 0.5140912532806396 0.7959249019622803 0.5002645254135132 0.7991310755411783 0.49305054545402527 0.7927187283833822 0.49425286054611206 0.7670691013336182 0.499062180519104 0.7470301787058512 0.5044726729393005 0.7350069681803385
0 0.6691915392875671 0.6043540239334106 0.6794112920761108 0.5931322574615479 0.6938393115997314 0.5891245603561401 0.7094695568084717 0.5963385105133057 0.7299090623855591 0.5931322574615479 0.7395277619361877 0.5819106101989746 0.756961464881897 0.5674826304117838 0.769585907459259 0.5570624669392904 0.7767998576164246 0.5634748935699463 0.7701870799064636 0.5875214338302612 0.7689847350120544 0.6051555871963501 0.7671812772750854 0.6235912640889486 0.7599673271179199 0.6388207674026489 0.7497475147247314 0.6516455809275309 0.7347184419631958 0.6556533575057983 0.7208916544914246 0.6548517942428589 0.7088683843612671 0.6556533575057983 0.6926369667053223 0.661264181137085 0.6842206120491028 0.661264181137085 0.6721973419189453 0.6492408911387125 0.6709950566291809 0.619583527247111
0 0.7924301624298096 0.5570624669392904 0.8026499152183533 0.5466423034667969 0.8146731853485107 0.5586655934651693 0.8369162678718567 0.5931322574615479 0.8483383655548096 0.6107664108276367 0.860361635684967 0.6139726638793945 0.8675755858421326 0.609964927037557 0.8820035457611084 0.6163772741953532 0.8958303332328796 0.6243928670883179 0.9024431705474854 0.6324083010355631 0.9078536033630371 0.6444315910339355 0.914466381072998 0.6524471441904703 0.9216803908348083 0.6556533575057983 0.934906005859375 0.6652719179789225 0.9439234137535095 0.6716844240824381 0.9415187835693359 0.6925247510274252 0.9343047738075256 0.7085557778676351 0.9240850210189819 0.7253883679707845 0.9054489731788635 0.7374116579691569 0.8856105208396912 0.7470301787058512 0.8639686703681946 0.7558472951253256 0.8447313904762268 0.7478317419687907 0.828499972820282 0.7550457318623861 0.8164766430854797 0.7702752749125162 0.8110662698745728 0.742220958073934 0.7966382503509521 0.7374116579691569 0.7822103500366211 0.7478317419687907 0.7665801048278809 0.7550457318623861 0.756961464881897 0.7598551114400228 0.7473428845405579 0.7630612850189209 0.7413312196731567 0.7622597217559814 0.7335160970687866 0.7486333847045898 0.7178857922554016 0.7494349479675293 0.7052613496780396 0.7430225213368734 0.7004520893096924 0.714968204498291 0.7094695568084717 0.6957309246063232 0.7383253574371338 0.6788983345031738 0.7599673271179199 0.6692797342936198 0.7792045474052429 0.6588595708211263 0.7972394824028015 0.6620657444000244 0.8038522601127625 0.661264181137085 0.8152743577957153 0.6476378440856934 0.8038522601127625 0.629202127456665 0.7912278175354004 0.6203850507736206 0.7846150398254395 0.6027509371439616 0.785216212272644 0.5899261236190796 0.7876208424568176 0.5762997468312582
0 0.9072524309158325 0.5610702037811279 0.9258884787559509 0.5506500403086344 0.9355071783065796 0.5410314400990804 0.9505362510681152 0.5386267900466919 0.9613572359085083 0.5394283533096313 0.9810968637466431 0.5477186838785807 0.9945456981658936 0.5566846132278442 1.0 0.5586770375569662 1.0 0.56266188621521 1.0 0.5786012808481852 1.0 0.5890429019927979 1.0 0.633393128712972 1.0 0.6582585970560709 1.0 0.6772265434265137 1.0 0.6772265434265137 0.9967872500419617 0.6851962407430013 0.9893155694007874 0.695158322652181 0.9825911521911621 0.7110978762308756 0.974372386932373 0.7180713017781576 0.967647910118103 0.727037270863851 0.9669007658958435 0.7399880091349283 0.9728780388832092 0.7559274832407633 0.9713837504386902 0.7738593419392904 0.9698894023895264 0.782825231552124 0.9810968637466431 0.8007571697235107 0.9781081676483154 0.8157002925872803 0.9601763486862183 0.8196852207183838 0.9467273950576782 0.8127117156982422 0.9347729086875916 0.7897987365722656 0.9295427799224854 0.764893372853597 0.9332785606384277 0.7409842809041342 0.9512103796005249 0.7041242917378744 0.9564405083656311 0.6861924330393473 0.9519575238227844 0.6672643820444742 0.9347729086875916 0.653317372004191 0.920576810836792 0.6383742094039917 0.9153466820716858 0.598525603612264 0.9101165533065796 0.5825861692428589
0 0.978855311870575 0.34947200616200763 1.0 0.35345685482025146 1.0 0.36341901620229083 1.0 0.37039252122243244 1.0 0.38884735107421875 1.0 0.49790795644124347 1.0 0.5586770375569662 1.0 0.5756126642227173 1.0 0.5576808452606201 1.0 0.5407451788584391 1.0 0.4949193000793457 1.0 0.46304043134053546 1.0 0.44809722900390625 0.9960400462150574 0.4361426830291748 0.9825911521911621 0.4172145525614421 0.9833382964134216 0.3962940772374471 0.993798553943634 0.3753735621770223 0.9893155694007874 0.36341901620229083
0 0.978855311870575 0.7310221989949545 0.9930513501167297 0.7091053326924642 1.0 0.7101016044616699 1.0 0.7419804732004801 1.0 0.782825231552124 1.0 0.7977684338887533 0.9893155694007874 0.7977684338887533 0.9803496599197388 0.7878062725067139 0.978855311870575 0.7658896446228027 0.978855311870575 0.7499502499898275
0 0.9340257048606873 0.9990037282307943 0.9400030374526978 0.9760907491048177 0.9571876525878906 0.9631400903066 0.974372386932373 0.9561665852864584 0.9908099174499512 0.9611476262410482 0.9997758269309998 0.9681212107340494 1.0 0.9721059799194336 1.0 0.9860529899597168 0.9908099174499512 0.9980075359344482 0.9900627732276917 1.0 0.9990286827087402 1.0 1.0 1.0 0.9512103796005249 1.0 0.9347729086875916 1.0 0.9317842125892639 1.0 0.9332785606384277 1.0
0 0.5492379069328308 0.7907950083414713 0.5671697854995728 0.7688782215118408 0.5873430967330933 0.7439729372660319 0.6045278310775757 0.7260409990946451 0.6232067942619324 0.7190674940745035 0.6478630900382996 0.7250448067982992 0.671772301197052 0.7340107758839926 0.6725194454193115 0.7499502499898275 0.6665421724319458 0.7668858369191488 0.6568290591239929 0.7917912006378174 0.6463688015937805 0.8137079874674479 0.6269425749778748 0.8196852207183838 0.6075164079666138 0.8266587257385254 0.5888374447822571 0.8286511898040771 0.573894202709198 0.8306434949239095 0.5567095279693604 0.835624615351359 0.5499850511550903 0.835624615351359 0.5477436184883118 0.8226737976074219 0.5492379069328308 0.8047420183817545
0 0.0009765625 0.7788403828938802 0.0009765625 0.780832846959432 0.0009765625 0.8047420183817545 0.012029288336634636 0.8186890284220377 0.027719665318727493 0.8206814130147299 0.04116855934262276 0.8206814130147299 0.04714584723114967 0.8276549975077311 0.05162880942225456 0.8406057357788086 0.05760609731078148 0.8645148277282715 0.06283622235059738 0.8794580300649008 0.07030782848596573 0.8894201914469401 0.05910041928291321 0.9073520501454672 0.04639868438243866 0.9183104832967123 0.026225343346595764 0.9222952524820963 0.0009765625 0.9332536061604818 0.0009765625 0.9412233034769694 0.0009765625 0.9427674611409506 0.0009765625 0.8665072123209635 0.0009765625 0.842000404993693
0 0.0009765625 0.9800756772359213 0.0009765625 0.9671249389648438 0.006799163296818733 0.9721059799194336 0.02547818422317505 0.9760907491048177 0.03668559715151787 0.9661286671956381 0.045651525259017944 0.9661286671956381 0.05461745336651802 0.9940226872762045 0.06283622235059738 1.0 0.07479079812765121 1.0 0.04042139649391174 1.0 0.0009765625 1.0 0.0009765625 1.0 0.0009765625 0.9920303026835123
0 0.052375972270965576 0.9292687575022379 0.06731918454170227 0.9043634732564291 0.07852659374475479 0.8924087683359782 0.09122833609580994 0.893405040105184 0.10393006354570389 0.8963936964670817 0.11364316195249557 0.9023710091908773 0.12036760151386261 0.9123331705729166 0.13381649553775787 0.9212990601857504 0.1457710713148117 0.9252839883168539 0.16445007920265198 0.9332536061604818 0.17192170023918152 0.9412233034769694 0.1659444123506546 0.965132474899292 0.16743873059749603 0.9860529899597168 0.17341603338718414 1.0 0.18238195776939392 1.0 0.19209504127502441 1.0 0.19284220039844513 1.0 0.14875970780849457 1.0 0.11887328326702118 1.0 0.08375672250986099 1.0 0.07479079812765121 1.0 0.06507770717144012 0.9910340309143066 0.05910041928291321 0.9711097081502279 0.05461745336651802 0.9591552416483561 0.052375972270965576 0.9422195752461752
0 0.5320531725883484 0.8615261713663737 0.5499850511550903 0.8485754330952963 0.5679169297218323 0.8425981203715006 0.5918260812759399 0.8425981203715006 0.6224596500396729 0.8376170794169108 0.6441273093223572 0.8286511898040771 0.6755080819129944 0.8206814130147299 0.6904512643814087 0.8117154439290365 0.6986700892448425 0.7937836647033691 0.7016586661338806 0.7668858369191488 0.712118923664093 0.7599123318990072 0.7225791811943054 0.7599123318990072 0.7307980060577393 0.761904795964559 0.7442468404769897 0.782825231552124 0.7524656057357788 0.814704179763794 0.7569486498832703 0.8386132717132568 0.7569486498832703 0.8575413227081299 0.744994044303894 0.8754731814066569 0.7375224232673645 0.8844391504923502 0.7180962562561035 0.8734807173411051 0.7024058699607849 0.8744769891103109 0.6889569759368896 0.8904164632161459 0.6762552261352539 0.9103407065073649 0.6672893166542053 0.9272762934366862 0.6530932188034058 0.9292687575022379 0.6359085440635681 0.9292687575022379 0.6202182173728943 0.9252839883168539 0.6022862792015076 0.9203027884165446 0.5880902409553528 0.9212990601857504 0.573894202709198 0.9322574933369955 0.5709055662155151 0.940227190653483 0.5626868009567261 0.9422195752461752 0.5440077781677246 0.9312612215677897 0.5365361571311951 0.9153217474619547 0.5313060283660889 0.8904164632161459
0 0.572399914264679 0.9561665852864584 0.5821129679679871 0.9392309188842773 0.5992977023124695 0.9342497984568278 0.6202182173728943 0.9392309188842773 0.6426329612731934 0.940227190653483 0.6613120436668396 0.9422195752461752 0.673266589641571 0.9362422625223795 0.6852211356163025 0.9581589698791504 0.6956813931465149 0.9641362826029459 0.6949342489242554 0.981071949005127 0.692692756652832 0.9940226872762045 0.692692756652832 1.0 0.6949342489242554 1.0 0.6807382106781006 1.0 0.6590704917907715 1.0 0.6441273093223572 1.0 0.6344142556190491 1.0 0.6247011423110962 1.0 0.6164823174476624 0.9860529899597168 0.6090107560157776 0.9740984439849854 0.5955618619918823 0.9671249389648438 0.5821129679679871 0.9631400903066
0 0.6097579598426819 1.0 0.61274653673172 1.0 0.6232067942619324 1.0 0.6351613998413086 1.0 0.6381500363349915 1.0 0.6202182173728943 1.0
0 0.6770023703575134 0.928272565205892 0.684473991394043 0.9083482424418131 0.7001643776893616 0.8844391504923502 0.718843400478363 0.8824466864267985 0.7352809309959412 0.8983861605326334 0.7420053482055664 0.9163180192311605 0.7405110597610474 0.9372385342915853 0.7322922945022583 0.9531779289245605 0.7151076197624207 0.9591552416483561 0.6919456124305725 0.9531779289245605 0.6837268471717834 0.948196808497111
0 0.718843400478363 0.9711097081502279 0.7293036580085754 0.9860529899597168 0.7210848331451416 1.0 0.7210848331451416 1.0 0.7233263850212097 1.0 0.738269567489624 1.0 0.7487298250198364 1.0 0.756201446056366 0.9880454540252686 0.7547070980072021 0.9770870208740234 0.7457411885261536 0.9740984439849854 0.7322922945022583 0.9740984439849854
0 0.7524656057357788 0.9093445142110189 0.7718918323516846 0.8894201914469401 0.7860878705978394 0.8874277273813883 0.8070083856582642 0.8953975041707357 0.8167214393615723 0.9073520501454672 0.8174686431884766 0.9262801806131998 0.8204572200775146 0.9501892725626627 0.8234459161758423 0.9711097081502279 0.8264345526695251 0.9800756772359213 0.8159742951393127 0.9930264949798584 0.8099969625473022 1.0 0.8077555298805237 1.0 0.8062611818313599 1.0 0.7905707955360413 1.0 0.7763747572898865 1.0 0.7689031362533569 1.0 0.7636730074882507 0.984060525894165 0.756201446056366 0.9571627775828043 0.7524656057357788 0.9432157675425211 0.7517185211181641 0.9193066755930582
0 0.7547070980072021 0.7708706855773926 0.7741332650184631 0.763897180557251 0.7913179993629456 0.7569236755371094 0.8025254011154175 0.7579199473063151 0.8040197491645813 0.7718669573465983 0.801778256893158 0.7888024648030599 0.7943066358566284 0.8107192516326904 0.7868350148200989 0.8196852207183838 0.7763747572898865 0.8196852207183838 0.7629258632659912 0.8087267875671387 0.7554543018341064 0.7947797775268555
0 0.783846378326416 0.8406057357788086 0.7995367050170898 0.8186890284220377 0.8077555298805237 0.7997609774271647 0.8189629316329956 0.7788403828938802 0.8256873488426208 0.7718669573465983 0.8406306505203247 0.763897180557251 0.8518379926681519 0.7748555342356364 0.8548266887664795 0.7907950083414713 0.8630453944206238 0.7997609774271647 0.8705170154571533 0.8047420183817545 0.8929318785667419 0.8057382106781006 0.9131051898002625 0.8077306747436523 0.9198296070098877 0.8226737976074219 0.9175881743431091 0.8366208076477051 0.9131051898002625 0.8396094640096029 0.8996562957763672 0.8246662616729736 0.8891960382461548 0.8246662616729736 0.875 0.8276549975077311 0.8667812347412109 0.8386132717132568 0.8608039617538452 0.8495716253916422 0.8570681214332581 0.8655110994974772 0.8495965600013733 0.8814504941304525 0.8406306505203247 0.8894201914469401 0.8256873488426208 0.893405040105184 0.8144800066947937 0.8834429581960043 0.801778256893158 0.8684996763865153 0.7920651435852051 0.8595337867736816
0 0.8279288411140442 0.9043634732564291 0.8383890986442566 0.8993822733561198 0.848849356174469 0.8944012324015299 0.8608039617538452 0.8914126555124918 0.8712642192840576 0.8973899682362875 0.8832187652587891 0.8973899682362875 0.8906903862953186 0.8953975041707357 0.8981620073318481 0.8963936964670817 0.8966676592826843 0.9222952524820963 0.8951733112335205 0.9382347265879313 0.894426167011261 0.9581589698791504 0.8959205150604248 0.9721059799194336 0.8914375305175781 0.984060525894165 0.8787357807159424 0.9880454540252686 0.8645397424697876 0.9850567181905111 0.8525851368904114 0.9800756772359213 0.8339061737060547 0.9760907491048177 0.830917477607727 0.9571627775828043 0.829423189163208 0.9372385342915853 0.829423189163208 0.9252839883168539
0 0.7166019082069397 0.34249850114186603 0.730050802230835 0.3225742181142171 0.7397639155387878 0.31061963240305585 0.749476969242096 0.31759313742319745 0.7532127499580383 0.3295477231343587 0.7412582635879517 0.344490925470988 0.7322922945022583 0.3644152084986369 0.7248206734657288 0.37338117758433026 0.7210848331451416 0.36341901620229083 0.7210848331451416 0.35246066252390545
0 1.0 0.9960152308146158 1.0 1.0 1.0 1.0 1.0 1.0 1.0 1.0 1.0 1.0
0 0.18014046549797058 0.947200616200765 0.20404960215091705 0.948196808497111 0.22422295808792114 0.9551703135172526 0.24514345824718475 0.9641362826029459 0.263822466135025 0.9750946362813314 0.27502986788749695 0.9930264949798584 0.272788405418396 1.0 0.2668111026287079 1.0 0.25485652685165405 1.0 0.2421548068523407 1.0 0.22347578406333923 1.0 0.20554393529891968 1.0 0.19881948828697205 1.0 0.17939330637454987 1.0 0.17266885936260223 0.9750946362813314 0.17715182900428772 0.9571627775828043
0 0.0009765625 0.2867105007171631 0.0009765625 0.2797369956970215 0.0009765625 0.2906953692436218 0.0009765625 0.31261205673217773 0.0009765625 0.3305439352989197 0.0009765625 0.3086272080739339
1 0.0009765625 0.13827457030614218 0.010534967295825481 0.15222156047821045 0.029961146414279938 0.16118748982747397 0.052375972270965576 0.15919506549835205 0.06806634366512299 0.15919506549835205 0.07105499505996704 0.14425185322761536 0.07703228294849396 0.13428970177968344 0.05611177533864975 0.13130106528600058 0.035938434302806854 0.13329347968101501 0.0009765625 0.13130106528600058
1 0.3489988148212433 0.2428770661354065 0.3766437768936157 0.26080890496571857 0.40279439091682434 0.2837218642234802 0.4154961109161377 0.29667264223098755 0.419979065656662 0.3156007130940755 0.4057829976081848 0.33353257179260254 0.400552898645401 0.35345685482025146 0.3788852393627167 0.35345685482025146 0.3392857313156128 0.3205817937850952 0.3243425190448761 0.3046423594156901 0.32658398151397705 0.2787408034006755 0.3333084285259247 0.2628013491630554 0.3385385572910309 0.25184301535288495
1 0.5806186199188232 0.22195657094319662 0.5978033542633057 0.2289300560951233 0.6097579598426819 0.2458657224973043 0.632172703742981 0.2637975613276164 0.6486102342605591 0.2767483592033386 0.6515989303588867 0.29468023777008057 0.6501045823097229 0.306634783744812 0.6463688015937805 0.3205817937850952 0.6232067942619324 0.31759313742319745 0.601539134979248 0.31759313742319745 0.5865959525108337 0.31958556175231934 0.5776300430297852 0.3165969252586365 0.5709055662155151 0.2956764300664266 0.5694112181663513 0.26877862215042114 0.5694112181663513 0.2458657224973043 0.573894202709198 0.23391111691792807
1 0.5611924529075623 0.3684000571568807 0.5783771872520447 0.36939628918965656 0.5925732254981995 0.3713887135187785 0.5978033542633057 0.3713887135187785 0.5940675735473633 0.35544927914937335 0.5888374447822571 0.34150230884552 0.5851016044616699 0.33154014746348065 0.5791243314743042 0.3345288038253784 0.572399914264679 0.34947200616200763
1 0.6538403630256653 0.4859533707300822 0.6628063917160034 0.4620441993077596 0.6740137338638306 0.4371388753255208 0.684473991394043 0.42618052164713544 0.6949342489242554 0.42518432935078937 0.7046473622322083 0.4241880575815837 0.7151076197624207 0.41920701662699383 0.7367752194404602 0.43315402666727704 0.7539599537849426 0.44311614831288654 0.7718918323516846 0.455070694287618 0.7875822186470032 0.4650328556696574 0.7980424761772156 0.47399882475535077 0.808502733707428 0.48894202709198 0.8099969625473022 0.5048814614613851 0.8010310530662537 0.5198246637980143 0.7905707955360413 0.5367603302001953 0.7771219611167908 0.5437338352203369 0.7614315748214722 0.5477186838785807 0.7442468404769897 0.56266188621521 0.738269567489624 0.5686391592025757 0.731545090675354 0.5756126642227173 0.7210848331451416 0.5786012808481852 0.712118923664093 0.579597552617391 0.6979228854179382 0.5676429271697998 0.6859683394432068 0.5517035722732544 0.6755080819129944 0.542737603187561 0.6657949686050415 0.5287905931472778 0.6575762629508972 0.5068738460540771
1 0.7524656057357788 0.34747958183288574 0.7674088478088379 0.3434947331746419 0.7793633937835693 0.33950988451639813 0.7943066358566284 0.33154014746348065 0.8062611818313599 0.3255628744761149 0.8099969625473022 0.3365212281545003 0.8055140376091003 0.35943416754404706 0.8055140376091003 0.37636979420979816 0.808502733707428 0.39031680425008136 0.8144800066947937 0.40526000658671063 0.8241930603981018 0.4142259359359741 0.8241930603981018 0.4231918652852376 0.808502733707428 0.4301653703053792 0.8010310530662537 0.43315402666727704 0.7928123474121094 0.44112372398376465 0.7905707955360413 0.45008965333302814 0.782352089881897 0.44809722900390625 0.7651673555374146 0.4371388753255208 0.749476969242096 0.42717671394348145 0.7278093099594116 0.416218360265096 0.7195905447006226 0.41123731931050617 0.7330394387245178 0.379358450571696 0.7412582635879517 0.36341901620229083
1 0.7950537800788879 0.455070694287618 0.8077555298805237 0.44012753168741864 0.8122385144233704 0.4361426830291748 0.8264345526695251 0.43315402666727704 0.8361476063728333 0.4371388753255208 0.8495965600013733 0.4441123803456624 0.8563210368156433 0.45407454172770184 0.8622982501983643 0.472006360689799 0.8660340905189514 0.4829647143681844 0.8481022119522095 0.5008965730667114 0.8331589698791504 0.5038851896921793 0.8189629316329956 0.4949193000793457 0.8092498779296875 0.4759912093480428
1 0.8077555298805237 0.5307830572128296 0.8182157874107361 0.5417413711547852 0.829423189163208 0.5546921888987223 0.8383890986442566 0.5706316232681274 0.8428720831871033 0.5786012808481852 0.8503437042236328 0.5945407152175903 0.8578152656555176 0.6005180676778158 0.8675283789634705 0.6005180676778158 0.88172447681427 0.6015142202377319 0.8951733112335205 0.6094839572906494 0.9026449918746948 0.614465077718099 0.9041392207145691 0.59952179590861 0.901150643825531 0.5805937051773071 0.8974148631095886 0.5636581182479858 0.8929318785667419 0.5517035722732544 0.8779886364936829 0.5447300672531128 0.8652869462966919 0.5357640981674194 0.8525851368904114 0.527794361114502 0.8436192274093628 0.5148435831069946 0.8324118256568909 0.5148435831069946 0.8264345526695251 0.5128511587778727 0.8144800066947937 0.5118549664815267
1 1.0 0.6931659380594889 1.0 0.7061167558034261 1.0 0.7210599581400553 1.0 0.7399880091349283 1.0 0.7499502499898275 1.0 0.764893372853597 1.0 0.7868101596832275 1.0 0.798764705657959 1.0 0.8226737976074219 1.0 0.8296473026275635 1.0 0.782825231552124 1.0 0.7550641695658366 1.0 0.7110978762308756
1 0.8712642192840576 0.7708706855773926 0.8884488940238953 0.764893372853597 0.9063807725906372 0.7589161396026611 0.9153466820716858 0.7678820292154948 0.9175881743431091 0.7798366546630859 0.9183353185653687 0.7947797775268555 0.9063807725906372 0.798764705657959 0.8936789631843567 0.7967722415924072 0.8839659094810486 0.7927873929341634 0.875 0.7868101596832275
1 0.0009765625 0.6035066843032837 0.009040646255016327 0.5875672101974487 0.016512252390384674 0.5766088962554932 0.029961146414279938 0.564654270807902 0.04714584723114967 0.5546921888987223 0.06134190037846565 0.5546921888987223 0.08076808601617813 0.5676429271697998 0.099447101354599 0.583582321802775 0.099447101354599 0.5925482908884684 0.0942169725894928 0.6174536943435669 0.0889868512749672 0.6274158159891764 0.08226240426301956 0.6353855927785238 0.0688135102391243 0.6423590977986654 0.058353256434202194 0.6413628260294596 0.035938434302806854 0.6373779773712158 0.024731021374464035 0.6373779773712158 0.010534967295825481 0.6353855927785238 0.0009765625 0.6264196236928304
1 0.21002690494060516 0.6304044723510742 0.19807232916355133 0.6553098360697428 0.1913478821516037 0.6712492307027181 0.19209504127502441 0.7001394430796305 0.19807232916355133 0.7220562299092611 0.20255528390407562 0.74696151415507 0.2062910944223404 0.7609085241953532 0.21450985968112946 0.7658896446228027 0.23468321561813354 0.7668858369191488 0.25635087490081787 0.763897180557251 0.272788405418396 0.7330145041147867 0.28474298119544983 0.7031280994415283 0.27129408717155457 0.6871887048085531 0.2585923373699188 0.6642757654190063 0.24887925386428833 0.6553098360697428 0.2376718372106552 0.6433552503585815 0.22795875370502472 0.633393128712972 0.21824565529823303 0.6284120877583822
1 0.25933951139450073 0.4789798657099406 0.27951285243034363 0.48894202709198 0.2937088906764984 0.5028890371322632 0.2974447011947632 0.5158398151397705 0.28549012541770935 0.5437338352203369 0.28549012541770935 0.5636581182479858 0.283248633146286 0.5696353912353516 0.26531678438186646 0.5686391592025757 0.2533622086048126 0.5676429271697998 0.24439628422260284 0.5666467348734537 0.24663777649402618 0.5487148761749268 0.2526150643825531 0.5347678661346436 0.25635087490081787 0.5248057047526041 0.2615810036659241 0.5098625421524048 0.2615810036659241 0.4949193000793457
1 0.15697847306728363 0.5487148761749268 0.16968020796775818 0.5487148761749268 0.18014046549797058 0.5467224915822347 0.19956664741039276 0.5447300672531128 0.21301554143428802 0.5397489865620931 0.21973998844623566 0.5367603302001953 0.22347578406333923 0.527794361114502 0.22048716247081757 0.5168360471725464 0.21525703370571136 0.5108586947123209 0.21002690494060516 0.507870078086853 0.19881948828697205 0.5148435831069946 0.1868649125099182 0.5248057047526041 0.1764046549797058 0.5307830572128296 0.1651972532272339 0.5357640981674194
1 0.11140167713165283 0.7509463628133138 0.12709204852581024 0.7230524222056071 0.150254026055336 0.7001394430796305 0.15996712446212769 0.7031280994415283 0.1853705793619156 0.7190674940745035 0.1913478821516037 0.7419804732004801 0.1868649125099182 0.7738593419392904 0.1764046549797058 0.798764705657959 0.16370293498039246 0.8236700693766276 0.15398983657360077 0.8286511898040771 0.13605797290802002 0.8157002925872803 0.12709204852581024 0.8097230593363444 0.11513747274875641 0.8007571697235107 0.11140167713165283 0.7888024648030599 0.11214883625507355 0.7728631496429443
1 0.13680514693260193 0.835624615351359 0.15249551832675934 0.8386132717132568 0.15921995043754578 0.8465830485026041 0.15921995043754578 0.8595337867736816 0.15473699569702148 0.8744769891103109 0.14651823043823242 0.8963936964670817 0.14352957904338837 0.9103407065073649 0.13605797290802002 0.9123331705729166 0.12634488940238953 0.8983861605326334 0.12111476063728333 0.893405040105184 0.130827859044075 0.8665072123209635 0.13605797290802002 0.8455867767333984
1 0.16445007920265198 0.8714883327484131 0.1853705793619156 0.870492140452067 0.2010609656572342 0.8864315350850424 0.21450985968112946 0.9033672014872233 0.2070382535457611 0.9183104832967123 0.20853258669376373 0.9372385342915853 0.19358935952186584 0.9342497984568278 0.17789898812770844 0.9272762934366862 0.1651972532272339 0.9212990601857504 0.15473699569702148 0.9143255551656088 0.15249551832675934 0.9063557783762614 0.1562313288450241 0.8914126555124918
1 0.1704273819923401 0.8366208076477051 0.1808876246213913 0.8097230593363444 0.1906007081270218 0.7947797775268555 0.2010609656572342 0.7838214238484701 0.2115212082862854 0.7738593419392904 0.21973998844623566 0.7738593419392904 0.23318888247013092 0.7778441905975342 0.2518679201602936 0.7748555342356364 0.2615810036659241 0.7748555342356364 0.27652421593666077 0.7768479983011881 0.28623729944229126 0.7937836647033691 0.29221460223197937 0.814704179763794 0.2929617464542389 0.8346284230550131 0.2884787619113922 0.8455867767333984 0.28025999665260315 0.8575413227081299 0.27054691314697266 0.8724845250447592 0.26008665561676025 0.8824466864267985 0.24589061737060547 0.8904164632161459 0.23318888247013092 0.893405040105184 0.2219814658164978 0.8944012324015299 0.21450985968112946 0.8884239991505941 0.2010609656572342 0.8744769891103109 0.1913478821516037 0.8635186354319254 0.18312910199165344 0.858537515004476 0.17789898812770844 0.8535564740498861
1 0.46480873227119446 0.8346284230550131 0.4722803235054016 0.833632230758667 0.4819934070110321 0.8296473026275635 0.4887178838253021 0.8137079874674479 0.4932008385658264 0.8077306747436523 0.5021668076515198 0.8097230593363444 0.5298117399215698 0.7927873929341634 0.5387776494026184 0.7798366546630859 0.5514793992042542 0.7549312909444174 0.5567095279693604 0.7499502499898275 0.5596981048583984 0.7629009882609049 0.5544679760932922 0.7738593419392904 0.5440077781677246 0.7848176956176758 0.5432605743408203 0.7927873929341634 0.5425134897232056 0.8157002925872803 0.5387776494026184 0.8346284230550131 0.5342946648597717 0.8455867767333984 0.5238344073295593 0.8675034840901693 0.5238344073295593 0.8854352633158366 0.5268230438232422 0.8973899682362875 0.5253287553787231 0.9093445142110189 0.5111327171325684 0.8973899682362875 0.4976837933063507 0.8834429581960043 0.48423489928245544 0.8854352633158366 0.4715331792831421 0.8864315350850424 0.47003886103630066 0.8665072123209635 0.46854451298713684 0.8555489381154379 0.46854451298713684 0.8445905049641927
1 0.907875120639801 0.8814504941304525 0.9198296070098877 0.8485754330952963 0.9340257048606873 0.8346284230550131 0.9504632949829102 0.8346284230550131 0.9691422581672668 0.85256028175354 0.978855311870575 0.8595337867736816 1.0 0.8714883327484131 1.0 0.8814504941304525 1.0 0.9063557783762614 1.0 0.9262801806131998 1.0 0.9422195752461752 1.0 0.9521816571553549 0.9997758269309998 0.9501892725626627 0.9751195311546326 0.9491930802663168 0.9504632949829102 0.9561665852864584 0.941497266292572 0.9641362826029459 0.9347729086875916 0.9721059799194336 0.9235654473304749 0.9770870208740234 0.9175881743431091 0.9681212107340494 0.9101165533065796 0.9571627775828043 0.9108636975288391 0.9312612215677897 0.9116109013557434 0.9232915242513021 0.9101165533065796 0.905359665552775
1 0.26008665561676025 0.36043035984039307 0.2839958071708679 0.35345685482025146 0.3034220039844513 0.3365212281545003 0.31687086820602417 0.3255628744761149 0.3288254737854004 0.3295477231343587 0.34227436780929565 0.34150230884552 0.3594590425491333 0.34947200616200763 0.37290793657302856 0.36242278416951496 0.3863568603992462 0.38334329922993976 0.39233413338661194 0.3962940772374471 0.3998057544231415 0.41322970390319824 0.39831140637397766 0.4381350676218669 0.39382845163345337 0.45307830969492596 0.3856096863746643 0.47499505678812665 0.3751494288444519 0.4929268757502238 0.3699193000793457 0.5018928050994873 0.36319488286972046 0.5028890371322632 0.3482516407966614 0.489938219388326 0.3325612545013428 0.48196856180826825 0.32583680748939514 0.48196856180826825 0.31164073944091797 0.48396094640096027 0.30641064047813416 0.48396094640096027 0.2884787619113922 0.472006360689799 0.2742827236652374 0.46403666337331134 0.26456964015960693 0.45706315835316974 0.2742827236652374 0.43215783437093097 0.27054691314697266 0.4062562386194865 0.26979973912239075 0.38732818762461346 0.26606395840644836 0.3723849455515544
1 0.4050358831882477 0.4231918652852376 0.42296773195266724 0.4371388753255208 0.43342798948287964 0.4590555826822917 0.4408995807170868 0.4829647143681844 0.4453825354576111 0.5118549664815267 0.4476240277290344 0.5327754815419515 0.4453825354576111 0.5447300672531128 0.4349222779273987 0.5497111082077026 0.42296773195266724 0.5536959966023763 0.4154961109161377 0.5397489865620931 0.4013000428676605 0.5337716738382975 0.3893454968929291 0.5317792097727457 0.37813806533813477 0.5198246637980143 0.3736551105976105 0.5138473510742188 0.3796323835849762 0.5028890371322632 0.3908398151397705 0.48097232977549237 0.39831140637397766 0.45407454172770184 0.40354153513908386 0.43415021896362305
1 0.03220263123512268 0.451085885365804 0.04714584723114967 0.4391313393910726 0.05611177533864975 0.43215783437093097 0.06507770717144012 0.4371388753255208 0.07479079812765121 0.45606692632039386 0.0889868512749672 0.46702531973520917 0.08002091944217682 0.49093445142110187 0.07553795725107193 0.5108586947123209 0.08076808601617813 0.5377565622329712 0.09346981346607208 0.5477186838785807 0.11140167713165283 0.5596732298533121 0.12783920764923096 0.564654270807902 0.11812612414360046 0.5766088962554932 0.10168858617544174 0.5706316232681274 0.08450388163328171 0.5606695016225179 0.07105499505996704 0.5497111082077026 0.056858938187360764 0.5457262198130289 0.04191572219133377 0.5457262198130289 0.02846682444214821 0.5457262198130289 0.018006574362516403 0.5407451788584391 0.03145546838641167 0.5258019765218099 0.04639868438243866 0.5128511587778727 0.04789300635457039 0.489938219388326 0.0434100404381752 0.472006360689799
1 0.39308127760887146 0.6553098360697428 0.4057829976081848 0.6652719179789225 0.4311864972114563 0.6682605743408203 0.4513598382472992 0.6652719179789225 0.47003886103630066 0.6523212194442749 0.48946502804756165 0.6383742094039917 0.5051553845405579 0.6304044723510742 0.5126270055770874 0.633393128712972 0.5081440210342407 0.6523212194442749 0.500672459602356 0.6712492307027181 0.4961894750595093 0.688184897104899 0.4722803235054016 0.695158322652181 0.44837117195129395 0.7071129480997721 0.4267035126686096 0.7190674940745035 0.4154961109161377 0.7320183118184408 0.40204721689224243 0.7320183118184408 0.39308127760887146 0.7190674940745035 0.3803795576095581 0.7150827248891195 0.37216079235076904 0.7021319071451823 0.37290793657302856 0.6842000484466553 0.38336819410324097 0.669256846110026
1 0.2884787619113922 0.7130902608235677 0.3041691482067108 0.7061167558034261 0.3243425190448761 0.7031280994415283 0.3340556025505066 0.7021319071451823 0.35796475410461426 0.7041242917378744 0.36767783761024475 0.7140864531199137 0.3699193000793457 0.7240486939748129 0.3594590425491333 0.7379956245422363 0.3482516407966614 0.7479577859242758 0.33629706501960754 0.7539350191752116 0.3198595345020294 0.7629009882609049 0.30641064047813416 0.7658896446228027 0.29221460223197937 0.7688782215118408 0.283248633146286 0.7708706855773926 0.2668111026287079 0.761904795964559 0.2735355794429779 0.7429767449696859 0.28025999665260315 0.7300259272257487
1 0.29146742820739746 0.781829039255778 0.3079049587249756 0.7768479983011881 0.31687086820602417 0.7748555342356364 0.3191123902797699 0.7947797775268555 0.33106693625450134 0.8107192516326904 0.337791383266449 0.8196852207183838 0.3176180422306061 0.8206814130147299 0.3026748299598694 0.8206814130147299 0.29595038294792175 0.8087267875671387 0.2929617464542389 0.7957760492960612
1 0.8159742951393127 1.0 0.8271816968917847 0.9990037282307943 0.8368948101997375 0.9910340309143066 0.8540794849395752 0.9980075359344482 0.8675283789634705 1.0 0.8772414922714233 1.0 0.8832187652587891 1.0 0.8652869462966919 1.0 0.8443664312362671 1.0 0.8189629316329956 1.0 0.8144800066947937 1.0
1 0.28623729944229126 0.990037759145101 0.30641064047813416 0.9800756772359213 0.33106693625450134 0.9770870208740234 0.3437686860561371 0.9860529899597168 0.35198745131492615 0.9940226872762045 0.3609533905982971 1.0 0.35273462533950806 1.0 0.3385385572910309 1.0 0.31687086820602417 1.0 0.29221460223197937 1.0 0.27951285243034363 1.0 0.27129408717155457 1.0 0.27951285243034363 1.0 0.283248633146286 1.0
1 0.34750449657440186 0.9551703135172526 0.3587118685245514 0.9392309188842773 0.3766437768936157 0.9222952524820963 0.39158695936203003 0.9003785451253256 0.4117603003978729 0.8754731814066569 0.4252091944217682 0.8495716253916422 0.437163770198822 0.8396094640096029 0.4468768835067749 0.8376170794169108 0.45957860350608826 0.8465830485026041 0.46032577753067017 0.8714883327484131 0.4565899670124054 0.8864315350850424 0.44388821721076965 0.9063557783762614 0.43791094422340393 0.9332536061604818 0.43791094422340393 0.9521816571553549 0.43940526247024536 0.9750946362813314 0.4252091944217682 0.9890416463216146 0.41325464844703674 1.0 0.4050358831882477 1.0 0.38336819410324097 1.0 0.37440225481987 1.0 0.3594590425491333 0.9950189590454102 0.35273462533950806 0.984060525894165 0.34750449657440186 0.9760907491048177
1 0.9930513501167297 0.16019126772880554 1.0 0.17911934852600098 1.0 0.19007770220438638 1.0 0.2090057929356893 1.0 0.2100019852320353 1.0 0.20003984371821085 0.9915571212768555 0.1880852778752645 0.9848326444625854 0.17911934852600098 0.9870741367340088 0.17114963134129843
1 1.0 0.13030484318733215 1.0 0.14126320679982504 1.0 0.15222156047821045 1.0 0.15421398480733237 1.0 0.17015341917673746 1.0 0.18011554082234701 1.0 0.18258949120839438 1.0 0.15620640913645426 1.0 0.1322972575823466
1 0.9654064774513245 0.19107393423716226 0.978855311870575 0.19107393423716226 0.9915571212768555 0.1990436315536499 1.0 0.21597927808761597 1.0 0.22594141960144043 1.0 0.23490734895070395 1.0 0.2468619147936503 1.0 0.250846803188324 1.0 0.250846803188324 0.993798553943634 0.2558278441429138 0.978855311870575 0.2568240761756897 0.9698894023895264 0.250846803188324 0.9698894023895264 0.23689979314804077 0.966153621673584 0.22195657094319662 0.966153621673584 0.20800956090291342
1 0.0009765625 0.3393690188725789 0.0009765625 0.3141201337178548 0.007159861735999584 0.2936805884043376 0.01888255588710308 0.35499926408131915 0.02519477717578411 0.3850574890772502 0.03691747039556503 0.4066993792851766 0.05134540796279907 0.418722669283549 0.03331048786640167 0.43555521965026855 0.02158779464662075 0.4403645594914754 0.0009765625 0.4331506093343099 0.0009765625 0.4319482644399007 0.0009765625 0.3862597942352295
1 0.0009765625 0.12775933742523193 0.0009765625 0.09649881720542908 0.0009765625 0.08207088708877563 0.0125703364610672 0.0784639020760854 0.03331048786640167 0.1061174472173055 0.059461113065481186 0.09048718214035034 0.0756925418972969 0.07124994198481242 0.08651348948478699 0.08086855709552765 0.0946291983127594 0.1061174472173055 0.07839777320623398 0.12054537733395894 0.03872096538543701 0.11934304237365723 0.008963353000581264 0.12054537733395894
1 0.050443656742572784 0.0013020833333333333 0.07208555936813354 0.021954504152139027 0.09823618829250336 0.01594286412000656 0.11807459592819214 0.0013020833333333333 0.12528856098651886 0.0013020833333333333 0.11446761339902878 0.0013020833333333333 0.09643269330263138 0.0013020833333333333 0.0675768256187439 0.0013020833333333333
1 0.08380825072526932 0.036382436752319336 0.11717284470796585 0.01594286412000656 0.12799379229545593 0.0013020833333333333 0.1397164911031723 0.0013020833333333333 0.16586712002754211 0.0013020833333333333 0.20103520154953003 0.0013020833333333333 0.23620329797267914 0.0013020833333333333 0.25153297185897827 0.0013020833333333333 0.24161376059055328 0.0013020833333333333 0.2226770967245102 0.0013020833333333333 0.20915091037750244 0.0013020833333333333 0.18841077387332916 0.0013020833333333333 0.1757863312959671 0.014740537852048874 0.17217934131622314 0.04479873180389404 0.1766880601644516 0.05922666688760122 0.15955489873886108 0.07124994198481242 0.14422520995140076 0.08086855709552765 0.130699023604393 0.09770115216573079 0.1216815710067749 0.10371278723080952 0.10545015335083008 0.10251046220461528 0.0946291983127594 0.07726158201694489 0.08831698447465897 0.05922666688760122
1 0.07479079812765121 0.17344778776168823 0.08380825072526932 0.21913625796635947 0.09913793206214905 0.2588130633036296 0.11536935716867447 0.2936805884043376 0.12979727983474731 0.3093108336130778 0.15324267745018005 0.30690616369247437 0.17398282885551453 0.2972875436147054 0.18300028145313263 0.26362236340840656 0.19021426141262054 0.22033856312433878 0.18841077387332916 0.19028037786483765 0.17308108508586884 0.1518058975537618 0.16226014494895935 0.13377098242441812 0.1496357023715973 0.12054537733395894 0.13250252604484558 0.1145337422688802 0.11176236718893051 0.11212908228238423 0.09733444452285767 0.11934304237365723 0.08380825072526932 0.13136633237202963
1 0.0009765625 0.5726205507914225 0.002651132643222809 0.5509787400563558 0.007159861735999584 0.5666089057922363 0.0009765625 0.5846439202626547 0.0009765625 0.5942624807357788 0.0009765625 0.5978695154190063
1 0.0009765625 0.6159044106801351 0.0009765625 0.6243206659952799 0.01798081025481224 0.6555812358856201 0.02068604715168476 0.6868417263031006 0.01978430338203907 0.708483616511027 0.0009765625 0.6928532918294271 0.0009765625 0.6856393814086914 0.0009765625 0.6363439559936523
1 0.3110481798648834 0.10972443222999573 0.31736040115356445 0.0664406269788742 0.33629706501960754 0.04840571681658427 0.3561354875564575 0.07966623703638713 0.3705633878707886 0.11333140730857849 0.38138437271118164 0.13497331738471985 0.38859832286834717 0.16503149271011353 0.4021244943141937 0.17945941289265951 0.3840896189212799 0.19268502791722616 0.35162675380706787 0.17344778776168823 0.3381005823612213 0.16743616263071695 0.3209673762321472 0.1265570123990377
1 0.6050173044204712 0.0013020833333333333 0.6266592144966125 0.0013020833333333333 0.6555150747299194 0.006324244042237599 0.6654342412948608 0.026763816674550373 0.662729024887085 0.038787091771761574 0.6284627318382263 0.020752176642417908 0.6104277968406677 0.026763816674550373
1 0.673550009727478 0.01954984913269679 0.7051110863685608 0.0013020833333333333 0.7339669466018677 0.0013020833333333333 0.7384757399559021 0.0013020833333333333 0.7222442626953125 0.00752657155195872 0.7024058699607849 0.038787091771761574 0.7060128450393677 0.08808253208796184 0.6942901611328125 0.10251046220461528 0.6780586838722229 0.09770115216573079 0.675353467464447 0.0664406269788742 0.6744517683982849 0.032775454223155975
