1 0.0009765625 0.0013020833333333333 0.018074508756399155 0.033167459070682526 0.044629473239183426 0.06837707757949829 0.0677579939365387 0.12119149168332417 0.08660344779491425 0.16579033931096396 0.11144518852233887 0.2197784185409546 0.13885676860809326 0.27494017283121747 0.17226462066173553 0.31367071469624835 0.1919666826725006 0.35240129629770917 0.14827950298786163 0.379395325978597 0.12429436296224594 0.399347464243571 0.09259973466396332 0.41108397642771405 0.06347493082284927 0.4322097698847453 0.03520674258470535 0.44277262687683105 0.0026554963551461697 0.4357306957244873 0.0009765625 0.42868876457214355 0.0009765625 0.35240129629770917 0.0009765625 0.23023398717244467 0.0009765625 0.09302379687627156 0.0009765625 0.02495188017686208
1 0.0009765625 0.0013020833333333333 0.053195592015981674 0.05546688040097555 0.07889394462108612 0.057814190785090126 0.11915469169616699 0.08363457520802815 0.1465662717819214 0.11414957046508789 0.18425719439983368 0.12001783649126689 0.21680843830108643 0.12001783649126689 0.2296576052904129 0.08598188559214275 0.219378262758255 0.040209377805391945 0.21680843830108643 0.008520727356274923 0.2570692002773285 0.0013020833333333333 0.2913336455821991 0.0013020833333333333 0.3230282962322235 0.0013020833333333333 0.326454758644104 0.0013020833333333333 0.2947601079940796 0.0013020833333333333 0.22004641592502594 0.0013020833333333333 0.13029064238071442 0.0013020833333333333 0.08403361588716507 0.0013020833333333333 0.0403464138507843 0.0013020833333333333 0.01721789687871933 0.0013020833333333333
1 0.1474228799343109 0.13058072328567505 0.1919666826725006 0.1376226544380188 0.22880099713802338 0.12588611245155334 0.24165017902851105 0.09771841764450073 0.23736712336540222 0.05546688040097555 0.2365105003118515 0.04607764879862467 0.2682051360607147 0.050772259632746376 0.30418282747268677 0.05429322520891825 0.3196018636226654 0.0718980332215627 0.3393039107322693 0.10123938322067261 0.35215309262275696 0.13292803366978964 0.35900598764419556 0.16226938366889954 0.3607192039489746 0.19043705860773721 0.34530019760131836 0.23738320668538412 0.32045847177505493 0.28667668501536053 0.287907212972641 0.31484436988830566 0.25963902473449707 0.34653302033742267 0.2159518301486969 0.34653302033742267 0.19282330572605133 0.2984132170677185 0.1748344600200653 0.2538143793741862 0.16626833379268646 0.21508379777272543 0.16027206182479858 0.1810478369394938 0.15513239800930023 0.15874841809272766
1 0.3230282962322235 0.013215341915686926 0.3504398763179779 0.03551476448774338 0.37956467270851135 0.05429322520891825 0.4258216917514801 0.06016149123509725 0.456659734249115 0.04959860940774282 0.47636178135871887 0.07072438299655914 0.5037733912467957 0.10123938322067261 0.4712221324443817 0.15053284168243408 0.45494651794433594 0.19747898976008096 0.43781426548957825 0.2315149704615275 0.4026931822299957 0.21156283219655356 0.38384774327278137 0.18456880251566568 0.37271177768707275 0.15288015206654867 0.35557952523231506 0.10241302847862244 0.33416423201560974 0.06955073277155559 0.32131507992744446 0.04490399360656738 0.32045847177505493 0.02495188017686208
1 0.4635125994682312 0.0013020833333333333 0.5012035369873047 0.036688417196273804 0.5166225433349609 0.07307168841362 0.5526002049446106 0.10123938322067261 0.581725001335144 0.10593399405479431 0.6279820799827576 0.07424534360567729 0.661389946937561 0.030820148686567943 0.6708126664161682 0.0120416892071565 0.657106876373291 0.0013020833333333333 0.6476841568946838 0.0013020833333333333 0.6057101488113403 0.0013020833333333333 0.5491738319396973 0.0013020833333333333 0.51833575963974 0.0013020833333333333 0.4874977469444275 0.0013020833333333333 0.46865227818489075 0.0013020833333333333
1 0.5131961107254028 0.11062860488891602 0.5628795623779297 0.12119149168332417 0.6031403541564941 0.11649688084920247 0.6331217288970947 0.08715554078420003 0.6631031632423401 0.04959860940774282 0.6862316727638245 0.026125535368919373 0.7136432528495789 0.02847284326950709 0.7496209740638733 0.033167459070682526 0.7701796293258667 0.04607764879862467 0.783028781414032 0.07307168841362 0.7933081388473511 0.13410168886184692 0.802730917930603 0.1951316793759664 0.8001610636711121 0.23620957136154175 0.7778891324996948 0.27494017283121747 0.7427680492401123 0.3230599562327067 0.7033638954162598 0.37352705001831055 0.6708126664161682 0.4298624595006307 0.652823805809021 0.45803014437357586 0.6288386583328247 0.45803014437357586 0.595430850982666 0.43338338534037274 0.5491738319396973 0.3958264986673991 0.5046299695968628 0.36061688264211017 0.4669390618801117 0.3430120547612508 0.44552379846572876 0.3171916604042053 0.4429539442062378 0.2855030298233032 0.4395275115966797 0.25498801469802856 0.4609427750110626 0.22447303930918375 0.47978824377059937 0.1716585954030355 0.48921096324920654 0.1470118761062622 0.5054866075515747 0.12353880206743877
1 0.09345634281635284 0.4298624595006307 0.10973196476697922 0.4157785971959432 0.13114725053310394 0.41225767135620117 0.15256255865097046 0.4016947348912557 0.17055140435695648 0.38761091232299805 0.18083074688911438 0.36883246898651123 0.19111007452011108 0.3629641930262248 0.1988195925951004 0.3617905378341675 0.19111007452011108 0.38878456751505536 0.1748344600200653 0.4298624595006307 0.16198527812957764 0.4592037995656331 0.15256255865097046 0.4721139669418335 0.13457369804382324 0.46624573071797687 0.11829808354377747 0.4509882132212321 0.10544890910387039 0.44394628206888836
1 0.0009765625 0.44746724764506024 0.01207822561264038 0.4533355236053467 0.046342696994543076 0.45803014437357586 0.06947121024131775 0.44629359245300293 0.08317700773477554 0.4451199372609456 0.10287906974554062 0.45803014437357586 0.12772081792354584 0.47446131706237793 0.13200387358665466 0.49089248975118 0.12429436296224594 0.5472277800242106 0.10887535661458969 0.5683535734812418 0.0814637839794159 0.5742218494415283 0.05233898013830185 0.5824374357859293 0.019787730649113655 0.5965212980906168 0.0009765625 0.6035632292429606 0.0009765625 0.6106051206588745 0.0009765625 0.6058584054311117 0.0009765625 0.5660063028335571 0.0009765625 0.5073235829671224 0.0009765625 0.4815032482147217 0.0009765625 0.462724765141805
1 0.21338199079036713 0.3653114636739095 0.24764646589756012 0.371179739634196 0.26220887899398804 0.36061688264211017 0.29732993245124817 0.3312755227088928 0.32045847177505493 0.3019341826438904 0.34444358944892883 0.28315573930740356 0.3598625957965851 0.24207782745361328 0.3752816319465637 0.2092155416806539 0.38299113512039185 0.1998263200124105 0.40354979038238525 0.23034127553304037 0.42753493785858154 0.24677244822184244 0.43524444103240967 0.28198206424713135 0.4361010491847992 0.3242335915565491 0.4318179786205292 0.35592226187388104 0.40611961483955383 0.40991032123565674 0.37613824009895325 0.45216186841328937 0.34101712703704834 0.5284493764241537 0.32474154233932495 0.5894793669382731 0.3161754012107849 0.6141260862350464 0.2750580310821533 0.6258626778920492 0.24422001838684082 0.6387728452682495 0.22880099713802338 0.6387728452682495 0.20310264825820923 0.6211680173873901 0.17226462066173553 0.5965212980906168 0.13800016045570374 0.5730482339859009 0.12515097856521606 0.569527268409729 0.1397133767604828 0.5284493764241537 0.15341916680335999 0.49089248975118 0.16369850933551788 0.4768086274464925 0.1851138025522232 0.43925170103708905 0.19796296954154968 0.40638939539591473 0.20652909576892853 0.38761091232299805
1 0.0009765625 0.6258626778920492 0.010365001857280731 0.6164733568827311 0.0471993088722229 0.6070841550827026 0.08317700773477554 0.5930002927780151 0.10287906974554062 0.5883057117462158 0.12429436296224594 0.5871320962905884 0.16626833379268646 0.6106051206588745 0.20995554327964783 0.6387728452682495 0.23137083649635315 0.6552039384841919 0.22023487091064453 0.7056710720062256 0.22109149396419525 0.7725693384806315 0.22537454962730408 0.833599328994751 0.19025346636772156 0.8512041568756104 0.16027206182479858 0.8852400779724121 0.1439964324235916 0.9310126304626465 0.12001130729913712 0.9462701479593912 0.07889394462108612 0.9380544821421305 0.03263691067695618 0.9345335960388184 0.0009765625 0.9474438031514486 0.0009765625 0.9486174583435059 0.0009765625 0.8605933984120687 0.0009765625 0.7807849248250326 0.0009765625 0.7127130031585693 0.0009765625 0.6692878405253092 0.0009765625 0.6422938108444214
1 0.0009765625 0.9685695171356201 0.013791448436677456 0.9544856548309326 0.06690137833356857 0.945096492767334 0.11315841227769852 0.9568329652150472 0.13885676860809326 0.9615276654561361 0.15941543877124786 0.9861743450164795 0.18682703375816345 1.0 0.19874651730060577 1.0 0.13800016045570374 1.0 0.0609050951898098 1.0 0.006081943400204182 1.0 0.0009765625 1.0 0.0009765625 1.0 0.0009765625 1.0 0.0009765625 0.990868886311849
1 0.1542757898569107 0.9333599408467611 0.1782609075307846 0.8864137331644694 0.20395925641059875 0.8582460880279541 0.2330840528011322 0.8476831912994385 0.2510729134082794 0.8500305016835531 0.2844807505607605 0.871156374613444 0.33844730257987976 0.908713181813558 0.3735683858394623 0.9298389752705892 0.3847043514251709 0.9509647687276205 0.39669689536094666 1.0 0.4026931822299957 1.0 0.3641456663608551 1.0 0.34864526987075806 1.0 0.2365105003118515 1.0 0.21166877448558807 1.0 0.1988195925951004 1.0 0.17397785186767578 0.9826533794403076 0.16626833379268646 0.9580066998799642 0.16027206182479858 0.9427491823832194
1 0.239936962723732 0.6657668749491373 0.2699183523654938 0.6575512886047363 0.30675268173217773 0.648162047068278 0.3230282962322235 0.648162047068278 0.3367340564727783 0.6575512886047363 0.3598625957965851 0.6833717028299967 0.3889874219894409 0.7279704411824545 0.41040268540382385 0.7631800969441732 0.4301047623157501 0.7960424423217773 0.4386708736419678 0.8277310530344645 0.4403841197490692 0.8570725123087565 0.41982540488243103 0.8840664227803549 0.3915572464466095 0.9227970441182455 0.36928534507751465 0.9145814577738444 0.29989978671073914 0.86880890528361 0.2570692002773285 0.8371203740437826 0.24165017902851105 0.8253838221232096 0.23137083649635315 0.813647190729777 0.2262311577796936 0.75144362449646 0.22880099713802338 0.7267968654632568 0.22880099713802338 0.6927609443664551 0.23479728400707245 0.6798507372538248
1 0.45751631259918213 0.36061688264211017 0.488354355096817 0.37000612417856854 0.5260452628135681 0.3911318778991699 0.5620229840278625 0.4169522523880005 0.586864709854126 0.44629359245300293 0.6228424310684204 0.46976669629414874 0.6451143026351929 0.4732876618703206 0.661389946937561 0.5002816915512085 0.6819486021995544 0.5589643716812134 0.6999374628067017 0.6047368844350179 0.7025073170661926 0.6352518796920776 0.6870883107185364 0.6692878405253092 0.6511105895042419 0.7068447271982828 0.6168460845947266 0.7444016138712565 0.5680192112922668 0.7960424423217773 0.5294716954231262 0.8124736150105795 0.49692049622535706 0.8159945011138916 0.4695088863372803 0.8183418909708658 0.44809362292289734 0.8230365117390951 0.43524444103240967 0.7890005111694336 0.41382914781570435 0.7444016138712565 0.3855609595775604 0.6962818304697672 0.3598625957965851 0.6622458696365356 0.3435869812965393 0.6375991503397623 0.3367340564727783 0.6176470518112183 0.3358774483203888 0.5883057117462158 0.35557952523231506 0.5284493764241537 0.3752816319465637 0.4850241740544637 0.39070063829421997 0.45216186841328937 0.41297250986099243 0.426341454188029 0.4326746165752411 0.40638939539591473 0.44124072790145874 0.37235339482625324
1 0.4532333016395569 0.8488567670186361 0.5029167532920837 0.8382940292358398 0.5311849117279053 0.8253838221232096 0.586864709854126 0.7960424423217773 0.6048535704612732 0.7737429936726888 0.6305518746376038 0.7490963141123453 0.6588201522827148 0.7185813585917155 0.6930845379829407 0.6951082547505697 0.725635826587677 0.6669405301411947 0.7470510601997375 0.6739824612935384 0.7813155651092529 0.7021501859029134 0.8053007125854492 0.742054303487142 0.8164366483688354 0.778437614440918 0.8215762972831726 0.813647190729777 0.8181498646736145 0.833599328994751 0.794164776802063 0.786653200785319 0.7736061215400696 0.7667010625203451 0.736771821975708 0.7643537521362305 0.6879448890686035 0.7631800969441732 0.6211292147636414 0.8230365117390951 0.5902911424636841 0.8488567670186361 0.5748721361160278 0.8781982262929281 0.5842949151992798 0.9040185610453287 0.5920043587684631 0.9615276654561361 0.6065667867660522 0.9990845521291097 0.6074233651161194 1.0 0.5623399019241333 1.0 0.488354355096817 1.0 0.4472370147705078 1.0 0.42410847544670105 1.0 0.4163989722728729 1.0 0.40697622299194336 1.0 0.39926671981811523 0.9709168275197347 0.39070063829421997 0.9462701479593912 0.40012332797050476 0.9321862856547037 0.4232518672943115 0.9028449058532715 0.4386708736419678 0.8852400779724121
1 0.5945742130279541 0.871156374613444 0.6314085125923157 0.8347729047139486 0.655393660068512 0.8077789942423502 0.6793788075447083 0.7901741663614908 0.7067903280258179 0.7796112696329752 0.7333453297615051 0.7760903040568033 0.7547606229782104 0.7772639592488607 0.785598635673523 0.798389752705892 0.7993044853210449 0.8300783634185791 0.8224329352378845 0.8735036055246989 0.8387085795402527 0.9040185610453287 0.8515577912330627 0.9181024233500162 0.8421350121498108 0.9580066998799642 0.8241461515426636 0.9979108969370524 0.8172932863235474 1.0 0.8027002811431885 1.0 0.7007941007614136 1.0 0.657106876373291 1.0 0.6356915831565857 1.0 0.6194159388542175 0.9943899313608805 0.6082800626754761 0.9568329652150472 0.6005704998970032 0.9204497337341309 0.595430850982666 0.8958030541737875 0.595430850982666 0.8864137331644694
1 0.860123872756958 0.9204497337341309 0.9029544591903687 0.945096492767334 0.9252263307571411 0.9627013206481934 0.9372189044952393 0.9943899313608805 0.9355056881904602 1.0 0.917054295539856 1.0 0.8721163868904114 1.0 0.8438482284545898 1.0 0.8207197189331055 1.0 0.8387085795402527 0.9861743450164795 0.8515577912330627 0.9603540102640787 0.8549842238426208 0.9427491823832194
1 0.6776655912399292 0.0013020833333333333 0.6939411759376526 0.0013020833333333333 0.718782901763916 0.0013020833333333333 0.7564738392829895 0.003826111244658629 0.784741997718811 0.0013020833333333333 0.8250027894973755 0.0013020833333333333 0.8438482284545898 0.0013020833333333333 0.8493248820304871 0.0013020833333333333 0.791594922542572 0.0013020833333333333 0.729918897151947 0.0013020833333333333 0.7033638954162598 0.0013020833333333333
1 0.8652635812759399 0.0013020833333333333 0.8455614447593689 0.0013020833333333333 0.8190065026283264 0.004999765194952488 0.8130102157592773 0.010868034015099207 0.8335688710212708 0.013215341915686926 0.8635503649711609 0.0272991880774498 0.8841089606285095 0.03786207238833109 0.9123771786689758 0.04959860940774282 0.9337924718856812 0.05194591482480367 0.9689135551452637 0.06133514642715454 0.9911854863166809 0.06016149123509725 1.0 0.0636824518442154 1.0 0.02675800273815791 1.0 0.0013020833333333333 1.0 0.0013020833333333333 0.9569209814071655 0.0013020833333333333 0.9115205407142639 0.0013020833333333333 0.8841089606285095 0.0013020833333333333
1 0.791594922542572 0.050772259632746376 0.8190065026283264 0.03434111177921295 0.8369953036308289 0.031993801395098366 0.860123872756958 0.04255668818950653 0.8849655985832214 0.05664053559303284 0.8806825280189514 0.08950283130009969 0.8763995170593262 0.12471245725949605 0.8755428791046143 0.16696399450302124 0.8832523822784424 0.19865264495213827 0.8738296031951904 0.2186047633488973 0.855840802192688 0.22799400488535562 0.8327122926712036 0.23386224110921225 0.8198630809783936 0.23268860578536987 0.8130102157592773 0.21156283219655356 0.8121536374092102 0.16931130488713583 0.8053007125854492 0.13292803366978964 0.7993044853210449 0.09302379687627156 0.7967345714569092 0.07541899383068085
1 0.8909618854522705 0.07424534360567729 0.930366039276123 0.0777662992477417 0.9474982619285583 0.078939954439799 0.9680569767951965 0.08480823040008545 0.9543511867523193 0.11180226008097331 0.931222677230835 0.14818552136421204 0.9209433197975159 0.18808976809183756 0.9192301034927368 0.21508379777272543 0.9020978808403015 0.20686821142832437 0.8952449560165405 0.1998263200124105 0.8841089606285095 0.17752687136332193 0.8798259496688843 0.1423172652721405 0.8858221769332886 0.11062860488891602 0.8875353932380676 0.08832918604214986
1 0.9757664203643799 0.09889207283655803 1.0 0.11532322565714519 1.0 0.11768372853597005 1.0 0.17752687136332193 1.0 0.22329938411712646 1.0 0.26437727610270184 1.0 0.30076054732004803 1.0 0.30076054732004803 0.9757664203643799 0.27494017283121747 0.9586341977119446 0.2714192072550456 0.9406453967094421 0.25850898027420044 0.9295094609260559 0.23973053693771362 0.926082968711853 0.20569457610448202 0.9320792555809021 0.17635321617126465 0.9423586130142212 0.1493591864903768 0.9526379704475403 0.12940707802772522 0.9663437604904175 0.10945495963096619
1 0.8155800700187683 0.2526407241821289 0.8438482284545898 0.24559879302978516 0.8746862411499023 0.23738320668538412 0.8883920907974243 0.22447303930918375 0.9003846049308777 0.2197784185409546 0.9123771786689758 0.229167640209198 0.9226565361022949 0.25498801469802856 0.9380754828453064 0.2737664779027303 0.9697701930999756 0.29723958174387616 1.0 0.3171916604042053 1.0 0.3218863010406494 1.0 0.34653302033742267 1.0 0.3770480553309123 0.9997515678405762 0.40638939539591473 0.9749098420143127 0.4486409028371175 0.9680569767951965 0.47446131706237793 0.9646305441856384 0.5084973176320394 0.9680569767951965 0.5343176523844401 0.9457850456237793 0.5660063028335571 0.9175168871879578 0.5683535734812418 0.8918185234069824 0.5836110909779867 0.8849655985832214 0.619994322458903 0.8798259496688843 0.6329046090443929 0.8549842238426208 0.6235152880350748 0.8369953036308289 0.6211680173873901 0.7967345714569092 0.6270362536112467 0.7658965587615967 0.6329046090443929 0.7496209740638733 0.6434674263000488 0.7247792482376099 0.6411201159159342 0.7196395397186279 0.6211680173873901 0.7016506791114807 0.5554434061050415 0.672525942325592 0.4850241740544637 0.662246584892273 0.45568283398946124 0.6845184564590454 0.43807804584503174 0.7033638954162598 0.40286842981974286 0.723922610282898 0.37352705001831055 0.7419114708900452 0.3488803704579671 0.7607569098472595 0.316018025080363 0.7753193378448486 0.29958685239156085 0.791594922542572 0.27846113840738934 0.8061573505401611 0.2620299458503723
1 1.0 0.39700015385945636 1.0 0.42047325770060223 0.9911854863166809 0.43925170103708905 0.9783363342285156 0.47915589809417725 0.9834759831428528 0.5225811004638672 0.9731966257095337 0.5519224405288696 0.9637738466262817 0.5624853372573853 0.9560644030570984 0.5789164702097574 0.9226565361022949 0.5800901651382446 0.9029544591903687 0.5976949532826742 0.8978147506713867 0.6211680173873901 0.8892486691474915 0.6446410814921061 0.8738296031951904 0.648162047068278 0.8395652174949646 0.6458147366841634 0.8044441342353821 0.6469883918762207 0.7864552736282349 0.6493357419967651 0.7633267641067505 0.6540303230285645 0.7607569098472595 0.6669405301411947 0.7710362076759338 0.6833717028299967 0.8035874962806702 0.7197549343109131 0.8172932863235474 0.75144362449646 0.8241461515426636 0.7807849248250326 0.8309990763664246 0.8089526494344076 0.8309990763664246 0.8359467188517252 0.8344255089759827 0.8570725123087565 0.8455614447593689 0.8781982262929281 0.860123872756958 0.8911083539326986 0.8772560954093933 0.9122341473897299 0.8909618854522705 0.9204497337341309 0.9140904545783997 0.9333599408467611 0.9277962446212769 0.9462701479593912 0.9449284076690674 0.965048631032308 0.9492114782333374 0.9920427004496256 0.9637738466262817 0.990868886311849 0.9800495505332947 0.9756115277608236 0.9954685568809509 0.9380544821421305 1.0 0.9380544821421305 1.0 0.9380544821421305 1.0 0.86880890528361 1.0 0.8678935368855795 1.0 0.7174076239267985 1.0 0.6070841550827026 1.0 0.5108445882797241 1.0 0.44629359245300293
1 0.3373580873012543 0.002576574683189392 0.3645998239517212 0.0013020833333333333 0.41820448637008667 0.0013020833333333333 0.4489612877368927 0.017024658620357513 0.4559914171695709 0.0374927744269371 0.4129319190979004 0.043512811263402305 0.36987239122390747 0.031472742557525635
